,lmp ($/MWh),profit ($/hr),net_power (MW),h_prod (kg/s),ng_price ($/million BTU),h2_price ($/kg),el_revenue ($/hr),el_cost ($/hr),ng_cost ($/hr),h2_revenue ($/hr),other_cost ($/hr),fixed_cost ($/hr),mode_power_only,mode_hydrogen_only,mode_hydrogen,mode_off,start_cost,stop_cost
0,21.01,20007.82352074731,-659.6383232550305,5.0,8.04,3.0,-13859.001171588192,13859.001171588192,3138.0483456800653,15.0,116.83198947648592,14308.219178082192,0,1,0,0,0,0
1,22.41,19084.32986819027,-659.6383232550305,5.0,8.04,3.0,-14782.494824145235,14782.494824145235,3138.0483456800653,15.0,116.83198947648592,14308.219178082192,0,1,0,0,0,0
2,20.6,20278.27523328187,-659.6383232550305,5.0,8.04,3.0,-13588.54945905363,13588.54945905363,3138.0483456800653,15.0,116.83198947648592,14308.219178082192,0,1,0,0,0,0
3,21.79,19493.30562860839,-659.6383232550305,5.0,8.04,3.0,-14373.519063727113,14373.519063727113,3138.0483456800653,15.0,116.83198947648592,14308.219178082192,0,1,0,0,0,0
4,21.54,19658.215209422146,-659.6383232550305,5.0,8.04,3.0,-14208.609482913356,14208.609482913356,3138.0483456800653,15.0,116.83198947648592,14308.219178082192,0,1,0,0,0,0
5,21.0,20014.419903979862,-659.6383232550305,5.0,8.04,3.0,-13852.404788355641,13852.404788355641,3138.0483456800653,15.0,116.83198947648592,14308.219178082192,0,1,0,0,0,0
6,22.46,19051.347952027518,-659.6383232550305,5.0,8.04,3.0,-14815.476740307986,14815.476740307986,3138.0483456800653,15.0,116.83198947648592,14308.219178082192,0,1,0,0,0,0
7,22.41,19084.32986819027,-659.6383232550305,5.0,8.04,3.0,-14782.494824145235,14782.494824145235,3138.0483456800653,15.0,116.83198947648592,14308.219178082192,0,1,0,0,0,0
8,23.06,18655.5649580745,-659.6383232550305,5.0,8.04,3.0,-15211.259734261002,15211.259734261002,3138.0483456800653,15.0,116.83198947648592,14308.219178082192,0,1,0,0,0,0
9,23.74,18207.010898261084,-659.6383232550305,5.0,8.04,3.0,-15659.813794074424,15659.813794074424,3138.0483456800653,15.0,116.83198947648592,14308.219178082192,0,1,0,0,0,0
10,24.07,17989.33025158692,-659.6383232550305,5.0,8.04,3.0,-15877.494440748585,15877.494440748585,3138.0483456800653,15.0,116.83198947648592,14308.219178082192,0,1,0,0,0,0
11,27.72,15581.650371706059,-659.6383232550305,5.0,8.04,3.0,-18285.174320629445,18285.174320629445,3138.0483456800653,15.0,116.83198947648592,14308.219178082192,0,1,0,0,0,0
12,28.74,14908.819281985929,-659.6383232550305,5.0,8.04,3.0,-18958.005410349575,18958.005410349575,3138.0483456800653,15.0,116.83198947648592,14308.219178082192,0,1,0,0,0,0
13,27.28,15871.891233938273,-659.6383232550305,5.0,8.04,3.0,-17994.933458397234,17994.933458397234,3138.0483456800653,15.0,116.83198947648592,14308.219178082192,0,1,0,0,0,0
14,27.02,16043.397197984581,-659.6383232550305,5.0,8.04,3.0,-17823.427494350923,17823.427494350923,3138.0483456800653,15.0,116.83198947648592,14308.219178082192,0,1,0,0,0,0
15,26.27,16538.125940425853,-659.6383232550305,5.0,8.04,3.0,-17328.69875190965,17328.69875190965,3138.0483456800653,15.0,116.83198947648592,14308.219178082192,0,1,0,0,0,0
16,26.45,16419.39104223995,-659.6383232550305,5.0,8.04,3.0,-17447.433650095558,17447.433650095558,3138.0483456800653,15.0,116.83198947648592,14308.219178082192,0,1,0,0,0,0
17,29.68,14288.7592581262,-659.6383232550305,5.0,8.04,3.0,-19578.065434209304,19578.065434209304,3138.0483456800653,15.0,116.83198947648592,14308.219178082192,0,1,0,0,0,0
18,32.21,12619.874300290969,-659.6383232550305,5.0,8.04,3.0,-21246.950392044535,21246.950392044535,3138.0483456800653,15.0,116.83198947648592,14308.219178082192,0,1,0,0,0,0
19,30.63,13662.10285103392,-659.6383232550305,5.0,8.04,3.0,-20204.721841301583,20204.721841301583,3138.0483456800653,15.0,116.83198947648592,14308.219178082192,0,1,0,0,0,0
20,29.59,14348.126707219151,-659.6383232550305,5.0,8.04,3.0,-19518.697985116352,19518.697985116352,3138.0483456800653,15.0,116.83198947648592,14308.219178082192,0,1,0,0,0,0
21,31.26,13246.530707383248,-659.6383232550305,5.0,8.04,3.0,-20620.293984952255,20620.293984952255,3138.0483456800653,15.0,116.83198947648592,14308.219178082192,0,1,0,0,0,0
22,30.19,13952.343713266135,-659.6383232550305,5.0,8.04,3.0,-19914.480979069373,19914.480979069373,3138.0483456800653,15.0,116.83198947648592,14308.219178082192,0,1,0,0,0,0
23,30.98,13431.22943789466,-659.6383232550305,5.0,8.04,3.0,-20435.595254440846,20435.595254440846,3138.0483456800653,15.0,116.83198947648592,14308.219178082192,0,1,0,0,0,0
24,28.04,15370.566108264447,-659.6383232550305,5.0,8.04,3.0,-18496.258584071056,18496.258584071056,3138.0483456800653,15.0,116.83198947648592,14308.219178082192,0,1,0,0,0,0
25,27.26,15885.08400040337,-659.6383232550305,5.0,8.04,3.0,-17981.740691932133,17981.740691932133,3138.0483456800653,15.0,116.83198947648592,14308.219178082192,0,1,0,0,0,0
26,26.73,16234.692311728537,-659.6383232550305,5.0,8.04,3.0,-17632.132380606967,17632.132380606967,3138.0483456800653,15.0,116.83198947648592,14308.219178082192,0,1,0,0,0,0
27,27.0,16056.589964449679,-659.6383232550305,5.0,8.04,3.0,-17810.234727885825,17810.234727885825,3138.0483456800653,15.0,116.83198947648592,14308.219178082192,0,1,0,0,0,0
28,27.67,15614.632287868808,-659.6383232550305,5.0,8.04,3.0,-18252.192404466696,18252.192404466696,3138.0483456800653,15.0,116.83198947648592,14308.219178082192,0,1,0,0,0,0
29,26.88,16135.746563240285,-659.6383232550305,5.0,8.04,3.0,-17731.078129095218,17731.078129095218,3138.0483456800653,15.0,116.83198947648592,14308.219178082192,0,1,0,0,0,0
30,28.24,15238.638443613443,-659.6383232550305,5.0,8.04,3.0,-18628.18624872206,18628.18624872206,3138.0483456800653,15.0,116.83198947648592,14308.219178082192,0,1,0,0,0,0
31,31.44,13127.795809197345,-659.6383232550305,5.0,8.04,3.0,-20739.02888313816,20739.02888313816,3138.0483456800653,15.0,116.83198947648592,14308.219178082192,0,1,0,0,0,0
32,40.68,7032.737702320865,-659.6383232550305,5.0,8.04,3.0,-26834.086990014643,26834.086990014643,3138.0483456800653,15.0,116.83198947648592,14308.219178082192,0,1,0,0,0,0
33,40.75,6986.563019693011,-659.6383232550305,5.0,8.04,3.0,-26880.261672642493,26880.261672642493,3138.0483456800653,15.0,116.83198947648592,14308.219178082192,0,1,0,0,0,0
34,39.84,7586.833893855088,-659.6383232550305,5.0,8.04,3.0,-26279.99079848042,26279.99079848042,3138.0483456800653,15.0,116.83198947648592,14308.219178082192,0,1,0,0,0,0
35,37.74,8972.074372690651,-659.6383232550305,5.0,8.04,3.0,-24894.750319644852,24894.750319644852,3138.0483456800653,15.0,116.83198947648592,14308.219178082192,0,1,0,0,0,0
36,36.86,9552.55609715508,-659.6383232550305,5.0,8.04,3.0,-24314.268595180423,24314.268595180423,3138.0483456800653,15.0,116.83198947648592,14308.219178082192,0,1,0,0,0,0
37,37.3,9262.31523492287,-659.6383232550305,5.0,8.04,3.0,-24604.509457412638,24604.509457412638,3138.0483456800653,15.0,116.83198947648592,14308.219178082192,0,1,0,0,0,0
38,35.11,10706.923162851384,-659.6383232550305,5.0,8.04,3.0,-23159.90152948412,23159.90152948412,3138.0483456800653,15.0,116.83198947648592,14308.219178082192,0,1,0,0,0,0
39,34.23,11287.404887315814,-659.6383232550305,5.0,8.04,3.0,-22579.419805019694,22579.419805019694,3138.0483456800653,15.0,116.83198947648592,14308.219178082192,0,1,0,0,0,0
40,56.54,-3429.1261045039205,-659.6383232550305,5.0,8.04,3.0,-37295.950796839425,37295.950796839425,3138.0483456800653,15.0,116.83198947648592,14308.219178082192,0,1,0,0,0,0
41,35.79,10258.36910303796,-659.6383232550305,5.0,8.04,3.0,-23608.45558929754,23608.45558929754,3138.0483456800653,15.0,116.83198947648592,14308.219178082192,0,1,0,0,0,0
42,33.9,11505.085533989972,-659.6383232550305,5.0,8.04,3.0,-22361.739158345532,22361.739158345532,3138.0483456800653,15.0,116.83198947648592,14308.219178082192,0,1,0,0,0,0
43,32.59,12369.211737454058,-659.6383232550305,5.0,8.04,3.0,-21497.612954881446,21497.612954881446,3138.0483456800653,15.0,116.83198947648592,14308.219178082192,0,1,0,0,0,0
44,33.76,11597.434899245676,-659.6383232550305,5.0,8.04,3.0,-22269.389793089827,22269.389793089827,3138.0483456800653,15.0,116.83198947648592,14308.219178082192,0,1,0,0,0,0
45,30.53,13728.066683359422,-659.6383232550305,5.0,8.04,3.0,-20138.75800897608,20138.75800897608,3138.0483456800653,15.0,116.83198947648592,14308.219178082192,0,1,0,0,0,0
46,26.4,16452.3729584027,-659.6383232550305,5.0,8.04,3.0,-17414.451733932805,17414.451733932805,3138.0483456800653,15.0,116.83198947648592,14308.219178082192,0,1,0,0,0,0
47,25.02,17362.673844494642,-659.6383232550305,5.0,8.04,3.0,-16504.15084784086,16504.15084784086,3138.0483456800653,15.0,116.83198947648592,14308.219178082192,0,1,0,0,0,0
48,22.33,19137.10093405067,-659.6383232550305,5.0,8.04,3.0,-14729.72375828483,14729.72375828483,3138.0483456800653,15.0,116.83198947648592,14308.219178082192,0,1,0,0,0,0
49,22.1,19288.817748399328,-659.6383232550305,5.0,8.04,3.0,-14578.006943936176,14578.006943936176,3138.0483456800653,15.0,116.83198947648592,14308.219178082192,0,1,0,0,0,0
50,22.97,18714.932407167456,-659.6383232550305,5.0,8.04,3.0,-15151.89228516805,15151.89228516805,3138.0483456800653,15.0,116.83198947648592,14308.219178082192,0,1,0,0,0,0
51,24.4,17771.64960491276,-659.6383232550305,5.0,8.04,3.0,-16095.175087422744,16095.175087422744,3138.0483456800653,15.0,116.83198947648592,14308.219178082192,0,1,0,0,0,0
52,24.77,17527.583425308396,-659.6383232550305,5.0,8.04,3.0,-16339.241267027106,16339.241267027106,3138.0483456800653,15.0,116.83198947648592,14308.219178082192,0,1,0,0,0,0
53,24.78,17520.987042075845,-659.6383232550305,5.0,8.04,3.0,-16345.837650259657,16345.837650259657,3138.0483456800653,15.0,116.83198947648592,14308.219178082192,0,1,0,0,0,0
54,27.07,16010.415281821828,-659.6383232550305,5.0,8.04,3.0,-17856.409410513676,17856.409410513676,3138.0483456800653,15.0,116.83198947648592,14308.219178082192,0,1,0,0,0,0
55,31.66,12982.67537808124,-659.6383232550305,5.0,8.04,3.0,-20884.149314254268,20884.149314254268,3138.0483456800653,15.0,116.83198947648592,14308.219178082192,0,1,0,0,0,0
56,35.51,10443.067833549372,-659.6383232550305,5.0,8.04,3.0,-23423.75685878613,23423.75685878613,3138.0483456800653,15.0,116.83198947648592,14308.219178082192,0,1,0,0,0,0
57,35.91,10179.21250424736,-659.6383232550305,5.0,8.04,3.0,-23687.612188088144,23687.612188088144,3138.0483456800653,15.0,116.83198947648592,14308.219178082192,0,1,0,0,0,0
58,36.48,9803.218659991991,-659.6383232550305,5.0,8.04,3.0,-24063.606032343512,24063.606032343512,3138.0483456800653,15.0,116.83198947648592,14308.219178082192,0,1,0,0,0,0
59,43.24,5344.0635947879855,-659.6383232550305,5.0,8.04,3.0,-28522.76109754752,28522.76109754752,3138.0483456800653,15.0,116.83198947648592,14308.219178082192,0,1,0,0,0,0
60,43.58,5119.786564881277,-659.6383232550305,5.0,8.04,3.0,-28747.038127454227,28747.038127454227,3138.0483456800653,15.0,116.83198947648592,14308.219178082192,0,1,0,0,0,0
61,94.98,19455.899081605916,650.0,0,8.04,3.0,61737.0,-61737.0,15071.972825128516,0,556.8949724310688,14308.219178082192,1,0,0,0,0,0
62,32.65,12329.633438058758,-659.6383232550305,5.0,8.04,3.0,-21537.191254276746,21537.191254276746,3138.0483456800653,15.0,116.83198947648592,14308.219178082192,0,1,0,0,0,0
63,37.86,8892.917773900048,-659.6383232550305,5.0,8.04,3.0,-24973.906918435456,24973.906918435456,3138.0483456800653,15.0,116.83198947648592,14308.219178082192,0,1,0,0,0,0
64,31.86,12850.747713430232,-659.6383232550305,5.0,8.04,3.0,-21016.076978905272,21016.076978905272,3138.0483456800653,15.0,116.83198947648592,14308.219178082192,0,1,0,0,0,0
65,38.72,8325.628815900724,-659.6383232550305,5.0,8.04,3.0,-25541.19587643478,25541.19587643478,3138.0483456800653,15.0,116.83198947648592,14308.219178082192,0,1,0,0,0,0
66,33.6,11702.977030966478,-659.6383232550305,5.0,8.04,3.0,-22163.847661369025,22163.847661369025,3138.0483456800653,15.0,116.83198947648592,14308.219178082192,0,1,0,0,0,0
67,29.15,14638.367569451366,-659.6383232550305,5.0,8.04,3.0,-19228.457122884138,19228.457122884138,3138.0483456800653,15.0,116.83198947648592,14308.219178082192,0,1,0,0,0,0
68,29.85,14176.620743172844,-659.6383232550305,5.0,8.04,3.0,-19690.20394916266,19690.20394916266,3138.0483456800653,15.0,116.83198947648592,14308.219178082192,0,1,0,0,0,0
69,29.96,14104.06052761479,-659.6383232550305,5.0,8.04,3.0,-19762.764164720717,19762.764164720717,3138.0483456800653,15.0,116.83198947648592,14308.219178082192,0,1,0,0,0,0
70,28.89,14809.873533497674,-659.6383232550305,5.0,8.04,3.0,-19056.951158837834,19056.951158837834,3138.0483456800653,15.0,116.83198947648592,14308.219178082192,0,1,0,0,0,0
71,24.73,17553.968958238598,-659.6383232550305,5.0,8.04,3.0,-16312.855734096906,16312.855734096906,3138.0483456800653,15.0,116.83198947648592,14308.219178082192,0,1,0,0,0,0
72,24.44,17745.264071982558,-659.6383232550305,5.0,8.04,3.0,-16121.560620352946,16121.560620352946,3138.0483456800653,15.0,116.83198947648592,14308.219178082192,0,1,0,0,0,0
73,23.45,18398.30601200504,-659.6383232550305,5.0,8.04,3.0,-15468.518680330466,15468.518680330466,3138.0483456800653,15.0,116.83198947648592,14308.219178082192,0,1,0,0,0,0
74,11.58,26228.21290904225,-659.6383232550305,5.0,8.04,3.0,-7638.611783293253,7638.611783293253,3138.0483456800653,15.0,116.83198947648592,14308.219178082192,0,1,0,0,0,0
75,15.22,23827.12941239394,-659.6383232550305,5.0,8.04,3.0,-10039.695279941565,10039.695279941565,3138.0483456800653,15.0,116.83198947648592,14308.219178082192,0,1,0,0,0,0
76,14.37,24387.821987160714,-659.6383232550305,5.0,8.04,3.0,-9479.002705174787,9479.002705174787,3138.0483456800653,15.0,116.83198947648592,14308.219178082192,0,1,0,0,0,0
77,24.7,17573.75810793625,-659.6383232550305,5.0,8.04,3.0,-16293.066584399254,16293.066584399254,3138.0483456800653,15.0,116.83198947648592,14308.219178082192,0,1,0,0,0,0
78,25.26,17204.360646913432,-659.6383232550305,5.0,8.04,3.0,-16662.46404542207,16662.46404542207,3138.0483456800653,15.0,116.83198947648592,14308.219178082192,0,1,0,0,0,0
79,34.07,11392.947019036616,-659.6383232550305,5.0,8.04,3.0,-22473.877673298888,22473.877673298888,3138.0483456800653,15.0,116.83198947648592,14308.219178082192,0,1,0,0,0,0
80,39.35,7910.056672250052,-659.6383232550305,5.0,8.04,3.0,-25956.768020085452,25956.768020085452,3138.0483456800653,15.0,116.83198947648592,14308.219178082192,0,1,0,0,0,0
81,35.38,10528.820815572522,-659.6383232550305,5.0,8.04,3.0,-23338.00387676298,23338.00387676298,3138.0483456800653,15.0,116.83198947648592,14308.219178082192,0,1,0,0,0,0
82,41.69,6366.502995833282,-659.6383232550305,5.0,8.04,3.0,-27500.321696502222,27500.321696502222,3138.0483456800653,15.0,116.83198947648592,14308.219178082192,0,1,0,0,0,0
83,88.82,15451.899081605901,650.0,0,8.04,3.0,57732.99999999999,-57732.99999999999,15071.972825128516,0,556.8949724310688,14308.219178082192,1,0,0,0,0,0
84,59.87,-3365.600918394087,650.0,0,8.04,3.0,38915.5,-38915.5,15071.972825128516,0,556.8949724310688,14308.219178082192,1,0,0,0,0,0
85,32.44,12468.157485942316,-659.6383232550305,5.0,8.04,3.0,-21398.667206393187,21398.667206393187,3138.0483456800653,15.0,116.83198947648592,14308.219178082192,0,1,0,0,0,0
86,27.42,15779.541868682565,-659.6383232550305,5.0,8.04,3.0,-18087.28282365294,18087.28282365294,3138.0483456800653,15.0,116.83198947648592,14308.219178082192,0,1,0,0,0,0
87,33.46,11795.326396222183,-659.6383232550305,5.0,8.04,3.0,-22071.49829611332,22071.49829611332,3138.0483456800653,15.0,116.83198947648592,14308.219178082192,0,1,0,0,0,0
88,32.23,12606.681533825875,-659.6383232550305,5.0,8.04,3.0,-21260.143158509632,21260.143158509632,3138.0483456800653,15.0,116.83198947648592,14308.219178082192,0,1,0,0,0,0
89,78.05,8451.399081605916,650.0,0,8.04,3.0,50732.5,-50732.5,15071.972825128516,0,556.8949724310688,14308.219178082192,1,0,0,0,0,0
90,46.54,3167.257128046386,-659.6383232550305,5.0,8.04,3.0,-30699.56756428912,30699.56756428912,3138.0483456800653,15.0,116.83198947648592,14308.219178082192,0,1,0,0,0,0
91,34.81,10904.81465982789,-659.6383232550305,5.0,8.04,3.0,-22962.010032507613,22962.010032507613,3138.0483456800653,15.0,116.83198947648592,14308.219178082192,0,1,0,0,0,0
92,26.44,16425.987425472496,-659.6383232550305,5.0,8.04,3.0,-17440.837266863007,17440.837266863007,3138.0483456800653,15.0,116.83198947648592,14308.219178082192,0,1,0,0,0,0
93,23.45,18398.30601200504,-659.6383232550305,5.0,8.04,3.0,-15468.518680330466,15468.518680330466,3138.0483456800653,15.0,116.83198947648592,14308.219178082192,0,1,0,0,0,0
94,18.73,21511.798897768786,-659.6383232550305,5.0,8.04,3.0,-12355.025794566722,12355.025794566722,3138.0483456800653,15.0,116.83198947648592,14308.219178082192,0,1,0,0,0,0
95,19.54,20977.49185593221,-659.6383232550305,5.0,8.04,3.0,-12889.332836403295,12889.332836403295,3138.0483456800653,15.0,116.83198947648592,14308.219178082192,0,1,0,0,0,0
96,18.57,21617.341029489588,-659.6383232550305,5.0,8.04,3.0,-12249.483662845916,12249.483662845916,3138.0483456800653,15.0,116.83198947648592,14308.219178082192,0,1,0,0,0,0
97,12.46,25647.731184577824,-659.6383232550305,5.0,8.04,3.0,-8219.093507757681,8219.093507757681,3138.0483456800653,15.0,116.83198947648592,14308.219178082192,0,1,0,0,0,0
98,15.18,23853.51494532414,-659.6383232550305,5.0,8.04,3.0,-10013.309747011363,10013.309747011363,3138.0483456800653,15.0,116.83198947648592,14308.219178082192,0,1,0,0,0,0
99,16.58,22930.0212927671,-659.6383232550305,5.0,8.04,3.0,-10936.803399568405,10936.803399568405,3138.0483456800653,15.0,116.83198947648592,14308.219178082192,0,1,0,0,0,0
100,19.87,20759.81120925805,-659.6383232550305,5.0,8.04,3.0,-13107.013483077457,13107.013483077457,3138.0483456800653,15.0,116.83198947648592,14308.219178082192,0,1,0,0,0,0
101,22.0,19354.781580724833,-659.6383232550305,5.0,8.04,3.0,-14512.043111610672,14512.043111610672,3138.0483456800653,15.0,116.83198947648592,14308.219178082192,0,1,0,0,0,0
102,26.72,16241.288694961091,-659.6383232550305,5.0,8.04,3.0,-17625.535997374416,17625.535997374416,3138.0483456800653,15.0,116.83198947648592,14308.219178082192,0,1,0,0,0,0
103,36.63,9704.272911503733,-659.6383232550305,5.0,8.04,3.0,-24162.55178083177,24162.55178083177,3138.0483456800653,15.0,116.83198947648592,14308.219178082192,0,1,0,0,0,0
104,40.95,6854.635355042006,-659.6383232550305,5.0,8.04,3.0,-27012.1893372935,27012.1893372935,3138.0483456800653,15.0,116.83198947648592,14308.219178082192,0,1,0,0,0,0
105,62.48,-1669.1009183940869,650.0,0,8.04,3.0,40612.0,-40612.0,15071.972825128516,0,556.8949724310688,14308.219178082192,1,0,0,0,0,0
106,42.88,5581.533391159795,-659.6383232550305,5.0,8.04,3.0,-28285.291301175712,28285.291301175712,3138.0483456800653,15.0,116.83198947648592,14308.219178082192,0,1,0,0,0,0
107,32.51,12421.982803314466,-659.6383232550305,5.0,8.04,3.0,-21444.84188902104,21444.84188902104,3138.0483456800653,15.0,116.83198947648592,14308.219178082192,0,1,0,0,0,0
108,31.08,13365.265605569155,-659.6383232550305,5.0,8.04,3.0,-20501.55908676635,20501.55908676635,3138.0483456800653,15.0,116.83198947648592,14308.219178082192,0,1,0,0,0,0
109,30.93,13464.21135405741,-659.6383232550305,5.0,8.04,3.0,-20402.613338278094,20402.613338278094,3138.0483456800653,15.0,116.83198947648592,14308.219178082192,0,1,0,0,0,0
110,25.26,17204.360646913432,-659.6383232550305,5.0,8.04,3.0,-16662.46404542207,16662.46404542207,3138.0483456800653,15.0,116.83198947648592,14308.219178082192,0,1,0,0,0,0
111,28.65,14968.18673107888,-659.6383232550305,5.0,8.04,3.0,-18898.637961256623,18898.637961256623,3138.0483456800653,15.0,116.83198947648592,14308.219178082192,0,1,0,0,0,0
112,29.07,14691.138635311767,-659.6383232550305,5.0,8.04,3.0,-19175.686057023737,19175.686057023737,3138.0483456800653,15.0,116.83198947648592,14308.219178082192,0,1,0,0,0,0
113,84.62,12721.899081605916,650.0,0,8.04,3.0,55003.0,-55003.0,15071.972825128516,0,556.8949724310688,14308.219178082192,1,0,0,0,0,0
114,70.67,3654.399081605913,650.0,0,8.04,3.0,45935.5,-45935.5,15071.972825128516,0,556.8949724310688,14308.219178082192,1,0,0,0,0,0
115,36.76,9618.519929480586,-659.6383232550305,5.0,8.04,3.0,-24248.30476285492,24248.30476285492,3138.0483456800653,15.0,116.83198947648592,14308.219178082192,0,1,0,0,0,0
116,32.66,12323.03705482621,-659.6383232550305,5.0,8.04,3.0,-21543.787637509293,21543.787637509293,3138.0483456800653,15.0,116.83198947648592,14308.219178082192,0,1,0,0,0,0
117,32.0,12758.398348174527,-659.6383232550305,5.0,8.04,3.0,-21108.426344160976,21108.426344160976,3138.0483456800653,15.0,116.83198947648592,14308.219178082192,0,1,0,0,0,0
118,30.73,13596.139018708418,-659.6383232550305,5.0,8.04,3.0,-20270.68567362709,20270.68567362709,3138.0483456800653,15.0,116.83198947648592,14308.219178082192,0,1,0,0,0,0
119,29.51,14400.897773079552,-659.6383232550305,5.0,8.04,3.0,-19465.92691925595,19465.92691925595,3138.0483456800653,15.0,116.83198947648592,14308.219178082192,0,1,0,0,0,0
120,24.54,17679.300239657055,-659.6383232550305,5.0,8.04,3.0,-16187.524452678448,16187.524452678448,3138.0483456800653,15.0,116.83198947648592,14308.219178082192,0,1,0,0,0,0
121,23.11,18622.58304191175,-659.6383232550305,5.0,8.04,3.0,-15244.241650423755,15244.241650423755,3138.0483456800653,15.0,116.83198947648592,14308.219178082192,0,1,0,0,0,0
122,26.25,16551.318706890954,-659.6383232550305,5.0,8.04,3.0,-17315.50598544455,17315.50598544455,3138.0483456800653,15.0,116.83198947648592,14308.219178082192,0,1,0,0,0,0
123,22.67,18912.82390414396,-659.6383232550305,5.0,8.04,3.0,-14954.000788191543,14954.000788191543,3138.0483456800653,15.0,116.83198947648592,14308.219178082192,0,1,0,0,0,0
124,24.92,17428.637676820144,-659.6383232550305,5.0,8.04,3.0,-16438.187015515363,16438.187015515363,3138.0483456800653,15.0,116.83198947648592,14308.219178082192,0,1,0,0,0,0
125,26.23,16564.511473356055,-659.6383232550305,5.0,8.04,3.0,-17302.313218979452,17302.313218979452,3138.0483456800653,15.0,116.83198947648592,14308.219178082192,0,1,0,0,0,0
126,28.67,14954.99396461378,-659.6383232550305,5.0,8.04,3.0,-18911.830727721725,18911.830727721725,3138.0483456800653,15.0,116.83198947648592,14308.219178082192,0,1,0,0,0,0
127,36.7,9658.098228875882,-659.6383232550305,5.0,8.04,3.0,-24208.72646345962,24208.72646345962,3138.0483456800653,15.0,116.83198947648592,14308.219178082192,0,1,0,0,0,0
128,38.48,8483.94201348193,-659.6383232550305,5.0,8.04,3.0,-25382.882678853573,25382.882678853573,3138.0483456800653,15.0,116.83198947648592,14308.219178082192,0,1,0,0,0,0
129,33.96,11465.507234594665,-659.6383232550305,5.0,8.04,3.0,-22401.317457740835,22401.317457740835,3138.0483456800653,15.0,116.83198947648592,14308.219178082192,0,1,0,0,0,0
130,45.16,4077.5580141383293,-659.6383232550305,5.0,8.04,3.0,-29789.266678197175,29789.266678197175,3138.0483456800653,15.0,116.83198947648592,14308.219178082192,0,1,0,0,0,0
131,43.76,5001.05166669537,-659.6383232550305,5.0,8.04,3.0,-28865.773025640134,28865.773025640134,3138.0483456800653,15.0,116.83198947648592,14308.219178082192,0,1,0,0,0,0
132,42.25,5997.105534810467,-659.6383232550305,5.0,8.04,3.0,-27869.71915752504,27869.71915752504,3138.0483456800653,15.0,116.83198947648592,14308.219178082192,0,1,0,0,0,0
133,41.92,6214.786181484626,-659.6383232550305,5.0,8.04,3.0,-27652.03851085088,27652.03851085088,3138.0483456800653,15.0,116.83198947648592,14308.219178082192,0,1,0,0,0,0
134,38.01,8793.972025411796,-659.6383232550305,5.0,8.04,3.0,-25072.852666923707,25072.852666923707,3138.0483456800653,15.0,116.83198947648592,14308.219178082192,0,1,0,0,0,0
135,34.25,11274.212120850709,-659.6383232550305,5.0,8.04,3.0,-22592.612571484795,22592.612571484795,3138.0483456800653,15.0,116.83198947648592,14308.219178082192,0,1,0,0,0,0
136,38.79,8279.454133272873,-659.6383232550305,5.0,8.04,3.0,-25587.370559062634,25587.370559062634,3138.0483456800653,15.0,116.83198947648592,14308.219178082192,0,1,0,0,0,0
137,47.1,2797.8596670235643,-659.6383232550305,5.0,8.04,3.0,-31068.96502531194,31068.96502531194,3138.0483456800653,15.0,116.83198947648592,14308.219178082192,0,1,0,0,0,0
138,177.63,73178.39908160592,650.0,0,8.04,3.0,115459.5,-115459.5,15071.972825128516,0,556.8949724310688,14308.219178082192,1,0,0,0,0,0
139,600.95,348336.39908160595,650.0,0,8.04,3.0,390617.50000000006,-390617.50000000006,15071.972825128516,0,556.8949724310688,14308.219178082192,1,0,0,0,0,0
140,63.4,-1071.1009183940869,650.0,0,8.04,3.0,41210.0,-41210.0,15071.972825128516,0,556.8949724310688,14308.219178082192,1,0,0,0,0,0
141,57.1,-3798.5235655267384,-659.6383232550305,5.0,8.04,3.0,-37665.34825786224,37665.34825786224,3138.0483456800653,15.0,116.83198947648592,14308.219178082192,0,1,0,0,0,0
142,61.38,-2384.100918394087,650.0,0,8.04,3.0,39897.0,-39897.0,15071.972825128516,0,556.8949724310688,14308.219178082192,1,0,0,0,0,0
143,201.84,88914.89908160592,650.0,0,8.04,3.0,131196.0,-131196.0,15071.972825128516,0,556.8949724310688,14308.219178082192,1,0,0,0,0,0
144,66.57,989.3990816059057,650.0,0,8.04,3.0,43270.49999999999,-43270.49999999999,15071.972825128516,0,556.8949724310688,14308.219178082192,1,0,0,0,0,0
145,73.84,5714.899081605917,650.0,0,8.04,3.0,47996.0,-47996.0,15071.972825128516,0,556.8949724310688,14308.219178082192,1,0,0,0,0,0
146,69.63,2978.399081605913,650.0,0,8.04,3.0,45259.5,-45259.5,15071.972825128516,0,556.8949724310688,14308.219178082192,1,0,0,0,0,0
147,76.92,7716.899081605917,650.0,0,8.04,3.0,49998.0,-49998.0,15071.972825128516,0,556.8949724310688,14308.219178082192,1,0,0,0,0,0
148,71.3,4063.899081605913,650.0,0,8.04,3.0,46345.0,-46345.0,15071.972825128516,0,556.8949724310688,14308.219178082192,1,0,0,0,0,0
149,49.84,990.4506613047856,-659.6383232550305,5.0,8.04,3.0,-32876.374031030726,32876.374031030726,3138.0483456800653,15.0,116.83198947648592,14308.219178082192,0,1,0,0,0,0
150,75.87,7034.399081605917,650.0,0,8.04,3.0,49315.5,-49315.5,15071.972825128516,0,556.8949724310688,14308.219178082192,1,0,0,0,0,0
151,95.59,19852.399081605916,650.0,0,8.04,3.0,62133.5,-62133.5,15071.972825128516,0,556.8949724310688,14308.219178082192,1,0,0,0,0,0
152,97.42,21041.899081605916,650.0,0,8.04,3.0,63323.0,-63323.0,15071.972825128516,0,556.8949724310688,14308.219178082192,1,0,0,0,0,0
153,62.86,-1422.1009183940869,650.0,0,8.04,3.0,40859.0,-40859.0,15071.972825128516,0,556.8949724310688,14308.219178082192,1,0,0,0,0,0
154,47.1,2797.8596670235643,-659.6383232550305,5.0,8.04,3.0,-31068.96502531194,31068.96502531194,3138.0483456800653,15.0,116.83198947648592,14308.219178082192,0,1,0,0,0,0
155,62.15,-1883.6009183940869,650.0,0,8.04,3.0,40397.5,-40397.5,15071.972825128516,0,556.8949724310688,14308.219178082192,1,0,0,0,0,0
156,44.93,4229.274828486981,-659.6383232550305,5.0,8.04,3.0,-29637.549863848522,29637.549863848522,3138.0483456800653,15.0,116.83198947648592,14308.219178082192,0,1,0,0,0,0
157,40.69,7026.141319088314,-659.6383232550305,5.0,8.04,3.0,-26840.68337324719,26840.68337324719,3138.0483456800653,15.0,116.83198947648592,14308.219178082192,0,1,0,0,0,0
158,44.24,4684.425271532953,-659.6383232550305,5.0,8.04,3.0,-29182.39942080255,29182.39942080255,3138.0483456800653,15.0,116.83198947648592,14308.219178082192,0,1,0,0,0,0
159,33.97,11458.910851362121,-659.6383232550305,5.0,8.04,3.0,-22407.913840973386,22407.913840973386,3138.0483456800653,15.0,116.83198947648592,14308.219178082192,0,1,0,0,0,0
160,35.59,10390.296767688964,-659.6383232550305,5.0,8.04,3.0,-23476.52792464654,23476.52792464654,3138.0483456800653,15.0,116.83198947648592,14308.219178082192,0,1,0,0,0,0
161,33.18,11980.025126733595,-659.6383232550305,5.0,8.04,3.0,-21886.799565601912,21886.799565601912,3138.0483456800653,15.0,116.83198947648592,14308.219178082192,0,1,0,0,0,0
162,35.34,10555.206348502721,-659.6383232550305,5.0,8.04,3.0,-23311.61834383278,23311.61834383278,3138.0483456800653,15.0,116.83198947648592,14308.219178082192,0,1,0,0,0,0
163,26.73,16234.692311728537,-659.6383232550305,5.0,8.04,3.0,-17632.132380606967,17632.132380606967,3138.0483456800653,15.0,116.83198947648592,14308.219178082192,0,1,0,0,0,0
164,26.6,16320.44529375169,-659.6383232550305,5.0,8.04,3.0,-17546.379398583813,17546.379398583813,3138.0483456800653,15.0,116.83198947648592,14308.219178082192,0,1,0,0,0,0
165,23.29,18503.848143725845,-659.6383232550305,5.0,8.04,3.0,-15362.97654860966,15362.97654860966,3138.0483456800653,15.0,116.83198947648592,14308.219178082192,0,1,0,0,0,0
166,22.81,18820.47453888826,-659.6383232550305,5.0,8.04,3.0,-15046.350153447245,15046.350153447245,3138.0483456800653,15.0,116.83198947648592,14308.219178082192,0,1,0,0,0,0
167,22.01,19348.185197492283,-659.6383232550305,5.0,8.04,3.0,-14518.639494843223,14518.639494843223,3138.0483456800653,15.0,116.83198947648592,14308.219178082192,0,1,0,0,0,0
168,55.17,-2525.4216016445275,-659.6383232550305,5.0,8.04,3.0,-36392.24629398003,36392.24629398003,3138.0483456800653,15.0,116.83198947648592,14308.219178082192,0,1,0,0,0,0
169,19.77,20825.77504158355,-659.6383232550305,5.0,8.04,3.0,-13041.049650751953,13041.049650751953,3138.0483456800653,15.0,116.83198947648592,14308.219178082192,0,1,0,0,0,0
170,22.95,18728.125173632554,-659.6383232550305,5.0,8.04,3.0,-15138.69951870295,15138.69951870295,3138.0483456800653,15.0,116.83198947648592,14308.219178082192,0,1,0,0,0,0
171,21.64,19592.251377096643,-659.6383232550305,5.0,8.04,3.0,-14274.57331523886,14274.57331523886,3138.0483456800653,15.0,116.83198947648592,14308.219178082192,0,1,0,0,0,0
172,20.76,20172.73310156107,-659.6383232550305,5.0,8.04,3.0,-13694.091590774435,13694.091590774435,3138.0483456800653,15.0,116.83198947648592,14308.219178082192,0,1,0,0,0,0
173,26.26,16544.7223236584,-659.6383232550305,5.0,8.04,3.0,-17322.102368677104,17322.102368677104,3138.0483456800653,15.0,116.83198947648592,14308.219178082192,0,1,0,0,0,0
174,27.24,15898.276766868476,-659.6383232550305,5.0,8.04,3.0,-17968.54792546703,17968.54792546703,3138.0483456800653,15.0,116.83198947648592,14308.219178082192,0,1,0,0,0,0
175,19.26,21162.190586443616,-659.6383232550305,5.0,8.04,3.0,-12704.634105891888,12704.634105891888,3138.0483456800653,15.0,116.83198947648592,14308.219178082192,0,1,0,0,0,0
176,24.51,17699.089389354704,-659.6383232550305,5.0,8.04,3.0,-16167.735302980798,16167.735302980798,3138.0483456800653,15.0,116.83198947648592,14308.219178082192,0,1,0,0,0,0
177,21.79,19493.30562860839,-659.6383232550305,5.0,8.04,3.0,-14373.519063727113,14373.519063727113,3138.0483456800653,15.0,116.83198947648592,14308.219178082192,0,1,0,0,0,0
178,22.78,18840.263688585906,-659.6383232550305,5.0,8.04,3.0,-15026.561003749595,15026.561003749595,3138.0483456800653,15.0,116.83198947648592,14308.219178082192,0,1,0,0,0,0
179,20.59,20284.871616514425,-659.6383232550305,5.0,8.04,3.0,-13581.953075821079,13581.953075821079,3138.0483456800653,15.0,116.83198947648592,14308.219178082192,0,1,0,0,0,0
180,23.04,18668.757724539602,-659.6383232550305,5.0,8.04,3.0,-15198.066967795903,15198.066967795903,3138.0483456800653,15.0,116.83198947648592,14308.219178082192,0,1,0,0,0,0
181,27.12,15977.433365659075,-659.6383232550305,5.0,8.04,3.0,-17889.39132667643,17889.39132667643,3138.0483456800653,15.0,116.83198947648592,14308.219178082192,0,1,0,0,0,0
182,31.47,13108.006659499693,-659.6383232550305,5.0,8.04,3.0,-20758.81803283581,20758.81803283581,3138.0483456800653,15.0,116.83198947648592,14308.219178082192,0,1,0,0,0,0
183,73.03,5188.399081605917,650.0,0,8.04,3.0,47469.5,-47469.5,15071.972825128516,0,556.8949724310688,14308.219178082192,1,0,0,0,0,0
184,27.81,15522.282922613107,-659.6383232550305,5.0,8.04,3.0,-18344.541769722397,18344.541769722397,3138.0483456800653,15.0,116.83198947648592,14308.219178082192,0,1,0,0,0,0
185,42.89,5574.937007927245,-659.6383232550305,5.0,8.04,3.0,-28291.88768440826,28291.88768440826,3138.0483456800653,15.0,116.83198947648592,14308.219178082192,0,1,0,0,0,0
186,39.99,7487.888145366833,-659.6383232550305,5.0,8.04,3.0,-26378.93654696867,26378.93654696867,3138.0483456800653,15.0,116.83198947648592,14308.219178082192,0,1,0,0,0,0
187,25.1,17309.902778634238,-659.6383232550305,5.0,8.04,3.0,-16556.921913701266,16556.921913701266,3138.0483456800653,15.0,116.83198947648592,14308.219178082192,0,1,0,0,0,0
188,25.46,17072.432982262428,-659.6383232550305,5.0,8.04,3.0,-16794.391710073076,16794.391710073076,3138.0483456800653,15.0,116.83198947648592,14308.219178082192,0,1,0,0,0,0
189,21.36,19776.950107608052,-659.6383232550305,5.0,8.04,3.0,-14089.874584727451,14089.874584727451,3138.0483456800653,15.0,116.83198947648592,14308.219178082192,0,1,0,0,0,0
190,21.16,19908.877772259057,-659.6383232550305,5.0,8.04,3.0,-13957.946920076445,13957.946920076445,3138.0483456800653,15.0,116.83198947648592,14308.219178082192,0,1,0,0,0,0
191,22.79,18833.66730535336,-659.6383232550305,5.0,8.04,3.0,-15033.157386982144,15033.157386982144,3138.0483456800653,15.0,116.83198947648592,14308.219178082192,0,1,0,0,0,0
192,22.74,18866.649221516112,-659.6383232550305,5.0,8.04,3.0,-15000.175470819393,15000.175470819393,3138.0483456800653,15.0,116.83198947648592,14308.219178082192,0,1,0,0,0,0
193,21.16,19908.877772259057,-659.6383232550305,5.0,8.04,3.0,-13957.946920076445,13957.946920076445,3138.0483456800653,15.0,116.83198947648592,14308.219178082192,0,1,0,0,0,0
194,22.37,19110.71540112047,-659.6383232550305,5.0,8.04,3.0,-14756.109291215032,14756.109291215032,3138.0483456800653,15.0,116.83198947648592,14308.219178082192,0,1,0,0,0,0
195,16.76,22811.28639458119,-659.6383232550305,5.0,8.04,3.0,-11055.538297754312,11055.538297754312,3138.0483456800653,15.0,116.83198947648592,14308.219178082192,0,1,0,0,0,0
196,17.14,22560.62383174428,-659.6383232550305,5.0,8.04,3.0,-11306.200860591223,11306.200860591223,3138.0483456800653,15.0,116.83198947648592,14308.219178082192,0,1,0,0,0,0
197,21.17,19902.28138902651,-659.6383232550305,5.0,8.04,3.0,-13964.543303308998,13964.543303308998,3138.0483456800653,15.0,116.83198947648592,14308.219178082192,0,1,0,0,0,0
198,25.06,17336.28831156444,-659.6383232550305,5.0,8.04,3.0,-16530.536380771064,16530.536380771064,3138.0483456800653,15.0,116.83198947648592,14308.219178082192,0,1,0,0,0,0
199,23.5,18365.324095842287,-659.6383232550305,5.0,8.04,3.0,-15501.500596493217,15501.500596493217,3138.0483456800653,15.0,116.83198947648592,14308.219178082192,0,1,0,0,0,0
200,23.81,18160.83621563323,-659.6383232550305,5.0,8.04,3.0,-15705.988476702276,15705.988476702276,3138.0483456800653,15.0,116.83198947648592,14308.219178082192,0,1,0,0,0,0
201,25.0,17375.86661095974,-659.6383232550305,5.0,8.04,3.0,-16490.958081375764,16490.958081375764,3138.0483456800653,15.0,116.83198947648592,14308.219178082192,0,1,0,0,0,0
202,25.48,17059.240215797327,-659.6383232550305,5.0,8.04,3.0,-16807.584476538177,16807.584476538177,3138.0483456800653,15.0,116.83198947648592,14308.219178082192,0,1,0,0,0,0
203,26.57,16340.234443449343,-659.6383232550305,5.0,8.04,3.0,-17526.59024888616,17526.59024888616,3138.0483456800653,15.0,116.83198947648592,14308.219178082192,0,1,0,0,0,0
204,29.54,14381.108623381904,-659.6383232550305,5.0,8.04,3.0,-19485.7160689536,19485.7160689536,3138.0483456800653,15.0,116.83198947648592,14308.219178082192,0,1,0,0,0,0
205,30.49,13754.452216289625,-659.6383232550305,5.0,8.04,3.0,-20112.37247604588,20112.37247604588,3138.0483456800653,15.0,116.83198947648592,14308.219178082192,0,1,0,0,0,0
206,29.95,14110.656910847341,-659.6383232550305,5.0,8.04,3.0,-19756.167781488162,19756.167781488162,3138.0483456800653,15.0,116.83198947648592,14308.219178082192,0,1,0,0,0,0
207,27.54,15700.385269891965,-659.6383232550305,5.0,8.04,3.0,-18166.43942244354,18166.43942244354,3138.0483456800653,15.0,116.83198947648592,14308.219178082192,0,1,0,0,0,0
208,26.45,16419.39104223995,-659.6383232550305,5.0,8.04,3.0,-17447.433650095558,17447.433650095558,3138.0483456800653,15.0,116.83198947648592,14308.219178082192,0,1,0,0,0,0
209,239.66,113497.89908160592,650.0,0,8.04,3.0,155779.0,-155779.0,15071.972825128516,0,556.8949724310688,14308.219178082192,1,0,0,0,0,0
210,50.62,475.9327691658623,-659.6383232550305,5.0,8.04,3.0,-33390.89192316964,33390.89192316964,3138.0483456800653,15.0,116.83198947648592,14308.219178082192,0,1,0,0,0,0
211,45.73,3701.564169882961,-659.6383232550305,5.0,8.04,3.0,-30165.260522452543,30165.260522452543,3138.0483456800653,15.0,116.83198947648592,14308.219178082192,0,1,0,0,0,0
212,42.72,5687.075522880601,-659.6383232550305,5.0,8.04,3.0,-28179.749169454903,28179.749169454903,3138.0483456800653,15.0,116.83198947648592,14308.219178082192,0,1,0,0,0,0
213,36.38,9869.18249231749,-659.6383232550305,5.0,8.04,3.0,-23997.64220001801,23997.64220001801,3138.0483456800653,15.0,116.83198947648592,14308.219178082192,0,1,0,0,0,0
214,32.37,12514.332168570167,-659.6383232550305,5.0,8.04,3.0,-21352.492523765337,21352.492523765337,3138.0483456800653,15.0,116.83198947648592,14308.219178082192,0,1,0,0,0,0
215,32.28,12573.699617663118,-659.6383232550305,5.0,8.04,3.0,-21293.125074672385,21293.125074672385,3138.0483456800653,15.0,116.83198947648592,14308.219178082192,0,1,0,0,0,0
216,29.39,14480.054371870156,-659.6383232550305,5.0,8.04,3.0,-19386.770320465348,19386.770320465348,3138.0483456800653,15.0,116.83198947648592,14308.219178082192,0,1,0,0,0,0
217,30.95,13451.018587592309,-659.6383232550305,5.0,8.04,3.0,-20415.806104743195,20415.806104743195,3138.0483456800653,15.0,116.83198947648592,14308.219178082192,0,1,0,0,0,0
218,31.33,13200.356024755398,-659.6383232550305,5.0,8.04,3.0,-20666.468667580106,20666.468667580106,3138.0483456800653,15.0,116.83198947648592,14308.219178082192,0,1,0,0,0,0
219,33.81,11564.452983082923,-659.6383232550305,5.0,8.04,3.0,-22302.371709252584,22302.371709252584,3138.0483456800653,15.0,116.83198947648592,14308.219178082192,0,1,0,0,0,0
220,36.21,9981.321007270846,-659.6383232550305,5.0,8.04,3.0,-23885.503685064654,23885.503685064654,3138.0483456800653,15.0,116.83198947648592,14308.219178082192,0,1,0,0,0,0
221,29.83,14189.813509637945,-659.6383232550305,5.0,8.04,3.0,-19677.01118269756,19677.01118269756,3138.0483456800653,15.0,116.83198947648592,14308.219178082192,0,1,0,0,0,0
222,37.41,9189.755019364813,-659.6383232550305,5.0,8.04,3.0,-24677.06967297069,24677.06967297069,3138.0483456800653,15.0,116.83198947648592,14308.219178082192,0,1,0,0,0,0
223,36.84,9565.748863620174,-659.6383232550305,5.0,8.04,3.0,-24301.075828715326,24301.075828715326,3138.0483456800653,15.0,116.83198947648592,14308.219178082192,0,1,0,0,0,0
224,80.62,10121.899081605916,650.0,0,8.04,3.0,52403.0,-52403.0,15071.972825128516,0,556.8949724310688,14308.219178082192,1,0,0,0,0,0
225,63.37,-1090.6009183940869,650.0,0,8.04,3.0,41190.5,-41190.5,15071.972825128516,0,556.8949724310688,14308.219178082192,1,0,0,0,0,0
226,51.83,-322.2296019727287,-659.6383232550305,5.0,8.04,3.0,-34189.05429430823,34189.05429430823,3138.0483456800653,15.0,116.83198947648592,14308.219178082192,0,1,0,0,0,0
227,40.69,7026.141319088314,-659.6383232550305,5.0,8.04,3.0,-26840.68337324719,26840.68337324719,3138.0483456800653,15.0,116.83198947648592,14308.219178082192,0,1,0,0,0,0
228,39.05,8107.948169226565,-659.6383232550305,5.0,8.04,3.0,-25758.87652310894,25758.87652310894,3138.0483456800653,15.0,116.83198947648592,14308.219178082192,0,1,0,0,0,0
229,41.66,6386.292145530937,-659.6383232550305,5.0,8.04,3.0,-27480.53254680457,27480.53254680457,3138.0483456800653,15.0,116.83198947648592,14308.219178082192,0,1,0,0,0,0
230,38.05,8767.586492481594,-659.6383232550305,5.0,8.04,3.0,-25099.23819985391,25099.23819985391,3138.0483456800653,15.0,116.83198947648592,14308.219178082192,0,1,0,0,0,0
231,35.32,10568.399114967826,-659.6383232550305,5.0,8.04,3.0,-23298.425577367678,23298.425577367678,3138.0483456800653,15.0,116.83198947648592,14308.219178082192,0,1,0,0,0,0
232,37.49,9136.983953504408,-659.6383232550305,5.0,8.04,3.0,-24729.840738831095,24729.840738831095,3138.0483456800653,15.0,116.83198947648592,14308.219178082192,0,1,0,0,0,0
233,40.34,7257.014732227573,-659.6383232550305,5.0,8.04,3.0,-26609.809960107934,26609.809960107934,3138.0483456800653,15.0,116.83198947648592,14308.219178082192,0,1,0,0,0,0
234,45.92,3576.2328884645035,-659.6383232550305,5.0,8.04,3.0,-30290.591803871,30290.591803871,3138.0483456800653,15.0,116.83198947648592,14308.219178082192,0,1,0,0,0,0
235,35.16,10673.941246688632,-659.6383232550305,5.0,8.04,3.0,-23192.883445646872,23192.883445646872,3138.0483456800653,15.0,116.83198947648592,14308.219178082192,0,1,0,0,0,0
236,37.08,9407.435666038971,-659.6383232550305,5.0,8.04,3.0,-24459.38902629653,24459.38902629653,3138.0483456800653,15.0,116.83198947648592,14308.219178082192,0,1,0,0,0,0
237,28.04,15370.566108264447,-659.6383232550305,5.0,8.04,3.0,-18496.258584071056,18496.258584071056,3138.0483456800653,15.0,116.83198947648592,14308.219178082192,0,1,0,0,0,0
238,24.13,17949.75195219162,-659.6383232550305,5.0,8.04,3.0,-15917.072740143885,15917.072740143885,3138.0483456800653,15.0,116.83198947648592,14308.219178082192,0,1,0,0,0,0
239,22.98,18708.336023934902,-659.6383232550305,5.0,8.04,3.0,-15158.488668400601,15158.488668400601,3138.0483456800653,15.0,116.83198947648592,14308.219178082192,0,1,0,0,0,0
240,25.78,16861.348718820816,-659.6383232550305,5.0,8.04,3.0,-17005.475973514687,17005.475973514687,3138.0483456800653,15.0,116.83198947648592,14308.219178082192,0,1,0,0,0,0
241,21.83,19466.92009567819,-659.6383232550305,5.0,8.04,3.0,-14399.904596657316,14399.904596657316,3138.0483456800653,15.0,116.83198947648592,14308.219178082192,0,1,0,0,0,0
242,26.82,16175.324862635585,-659.6383232550305,5.0,8.04,3.0,-17691.49982969992,17691.49982969992,3138.0483456800653,15.0,116.83198947648592,14308.219178082192,0,1,0,0,0,0
243,18.04,21966.949340814754,-659.6383232550305,5.0,8.04,3.0,-11899.87535152075,11899.87535152075,3138.0483456800653,15.0,116.83198947648592,14308.219178082192,0,1,0,0,0,0
244,19.71,20865.35334097885,-659.6383232550305,5.0,8.04,3.0,-13001.471351356651,13001.471351356651,3138.0483456800653,15.0,116.83198947648592,14308.219178082192,0,1,0,0,0,0
245,15.75,23477.52110106877,-659.6383232550305,5.0,8.04,3.0,-10389.303591266731,10389.303591266731,3138.0483456800653,15.0,116.83198947648592,14308.219178082192,0,1,0,0,0,0
246,17.67,22211.01552041911,-659.6383232550305,5.0,8.04,3.0,-11655.80917191639,11655.80917191639,3138.0483456800653,15.0,116.83198947648592,14308.219178082192,0,1,0,0,0,0
247,24.32,17824.420670773165,-659.6383232550305,5.0,8.04,3.0,-16042.404021562343,16042.404021562343,3138.0483456800653,15.0,116.83198947648592,14308.219178082192,0,1,0,0,0,0
248,24.38,17784.84237137786,-659.6383232550305,5.0,8.04,3.0,-16081.982320957643,16081.982320957643,3138.0483456800653,15.0,116.83198947648592,14308.219178082192,0,1,0,0,0,0
249,25.81,16841.55956912317,-659.6383232550305,5.0,8.04,3.0,-17025.265123212335,17025.265123212335,3138.0483456800653,15.0,116.83198947648592,14308.219178082192,0,1,0,0,0,0
250,25.08,17323.09554509934,-659.6383232550305,5.0,8.04,3.0,-16543.729147236165,16543.729147236165,3138.0483456800653,15.0,116.83198947648592,14308.219178082192,0,1,0,0,0,0
251,22.43,19071.13710172517,-659.6383232550305,5.0,8.04,3.0,-14795.687590610334,14795.687590610334,3138.0483456800653,15.0,116.83198947648592,14308.219178082192,0,1,0,0,0,0
252,21.28,19829.721173468453,-659.6383232550305,5.0,8.04,3.0,-14037.10351886705,14037.10351886705,3138.0483456800653,15.0,116.83198947648592,14308.219178082192,0,1,0,0,0,0
253,22.03,19334.99243102718,-659.6383232550305,5.0,8.04,3.0,-14531.832261308324,14531.832261308324,3138.0483456800653,15.0,116.83198947648592,14308.219178082192,0,1,0,0,0,0
254,24.76,17534.179808540946,-659.6383232550305,5.0,8.04,3.0,-16332.644883794557,16332.644883794557,3138.0483456800653,15.0,116.83198947648592,14308.219178082192,0,1,0,0,0,0
255,25.56,17006.469149936926,-659.6383232550305,5.0,8.04,3.0,-16860.355542398578,16860.355542398578,3138.0483456800653,15.0,116.83198947648592,14308.219178082192,0,1,0,0,0,0
256,26.63,16300.656144054043,-659.6383232550305,5.0,8.04,3.0,-17566.16854828146,17566.16854828146,3138.0483456800653,15.0,116.83198947648592,14308.219178082192,0,1,0,0,0,0
257,28.72,14922.01204845103,-659.6383232550305,5.0,8.04,3.0,-18944.812643884474,18944.812643884474,3138.0483456800653,15.0,116.83198947648592,14308.219178082192,0,1,0,0,0,0
258,28.94,14776.89161733492,-659.6383232550305,5.0,8.04,3.0,-19089.933075000583,19089.933075000583,3138.0483456800653,15.0,116.83198947648592,14308.219178082192,0,1,0,0,0,0
259,27.34,15832.31293454297,-659.6383232550305,5.0,8.04,3.0,-18034.511757792534,18034.511757792534,3138.0483456800653,15.0,116.83198947648592,14308.219178082192,0,1,0,0,0,0
260,24.98,17389.05937742484,-659.6383232550305,5.0,8.04,3.0,-16477.765314910663,16477.765314910663,3138.0483456800653,15.0,116.83198947648592,14308.219178082192,0,1,0,0,0,0
261,28.36,15159.48184482284,-659.6383232550305,5.0,8.04,3.0,-18707.342847512664,18707.342847512664,3138.0483456800653,15.0,116.83198947648592,14308.219178082192,0,1,0,0,0,0
262,26.87,16142.342946472832,-659.6383232550305,5.0,8.04,3.0,-17724.48174586267,17724.48174586267,3138.0483456800653,15.0,116.83198947648592,14308.219178082192,0,1,0,0,0,0
263,26.76,16214.903162030889,-659.6383232550305,5.0,8.04,3.0,-17651.92153030462,17651.92153030462,3138.0483456800653,15.0,116.83198947648592,14308.219178082192,0,1,0,0,0,0
264,25.56,17006.469149936926,-659.6383232550305,5.0,8.04,3.0,-16860.355542398578,16860.355542398578,3138.0483456800653,15.0,116.83198947648592,14308.219178082192,0,1,0,0,0,0
265,23.98,18048.69770067987,-659.6383232550305,5.0,8.04,3.0,-15818.126991655632,15818.126991655632,3138.0483456800653,15.0,116.83198947648592,14308.219178082192,0,1,0,0,0,0
266,24.6,17639.721940261752,-659.6383232550305,5.0,8.04,3.0,-16227.102752073752,16227.102752073752,3138.0483456800653,15.0,116.83198947648592,14308.219178082192,0,1,0,0,0,0
267,26.16,16610.686155983905,-659.6383232550305,5.0,8.04,3.0,-17256.1385363516,17256.1385363516,3138.0483456800653,15.0,116.83198947648592,14308.219178082192,0,1,0,0,0,0
268,23.9,18101.468766540274,-659.6383232550305,5.0,8.04,3.0,-15765.355925795227,15765.355925795227,3138.0483456800653,15.0,116.83198947648592,14308.219178082192,0,1,0,0,0,0
269,23.71,18226.800047958728,-659.6383232550305,5.0,8.04,3.0,-15640.024644376774,15640.024644376774,3138.0483456800653,15.0,116.83198947648592,14308.219178082192,0,1,0,0,0,0
270,22.43,19071.13710172517,-659.6383232550305,5.0,8.04,3.0,-14795.687590610334,14795.687590610334,3138.0483456800653,15.0,116.83198947648592,14308.219178082192,0,1,0,0,0,0
271,15.32,23761.165580068435,-659.6383232550305,5.0,8.04,3.0,-10105.659112267067,10105.659112267067,3138.0483456800653,15.0,116.83198947648592,14308.219178082192,0,1,0,0,0,0
272,24.83,17488.0051259131,-659.6383232550305,5.0,8.04,3.0,-16378.819566422406,16378.819566422406,3138.0483456800653,15.0,116.83198947648592,14308.219178082192,0,1,0,0,0,0
273,24.69,17580.3544911688,-659.6383232550305,5.0,8.04,3.0,-16286.470201166705,16286.470201166705,3138.0483456800653,15.0,116.83198947648592,14308.219178082192,0,1,0,0,0,0
274,34.41,11168.669989129907,-659.6383232550305,5.0,8.04,3.0,-22698.154703205597,22698.154703205597,3138.0483456800653,15.0,116.83198947648592,14308.219178082192,0,1,0,0,0,0
275,36.61,9717.465677968838,-659.6383232550305,5.0,8.04,3.0,-24149.359014366666,24149.359014366666,3138.0483456800653,15.0,116.83198947648592,14308.219178082192,0,1,0,0,0,0
276,36.45,9823.00780968964,-659.6383232550305,5.0,8.04,3.0,-24043.816882645864,24043.816882645864,3138.0483456800653,15.0,116.83198947648592,14308.219178082192,0,1,0,0,0,0
277,57.54,-4088.7644277589493,-659.6383232550305,5.0,8.04,3.0,-37955.58912009445,37955.58912009445,3138.0483456800653,15.0,116.83198947648592,14308.219178082192,0,1,0,0,0,0
278,31.11,13345.476455871507,-659.6383232550305,5.0,8.04,3.0,-20521.348236464,20521.348236464,3138.0483456800653,15.0,116.83198947648592,14308.219178082192,0,1,0,0,0,0
279,28.47,15086.921629264787,-659.6383232550305,5.0,8.04,3.0,-18779.903063070717,18779.903063070717,3138.0483456800653,15.0,116.83198947648592,14308.219178082192,0,1,0,0,0,0
280,28.17,15284.813126241294,-659.6383232550305,5.0,8.04,3.0,-18582.01156609421,18582.01156609421,3138.0483456800653,15.0,116.83198947648592,14308.219178082192,0,1,0,0,0,0
281,32.16,12652.856216453725,-659.6383232550305,5.0,8.04,3.0,-21213.96847588178,21213.96847588178,3138.0483456800653,15.0,116.83198947648592,14308.219178082192,0,1,0,0,0,0
282,36.91,9519.574180992327,-659.6383232550305,5.0,8.04,3.0,-24347.250511343173,24347.250511343173,3138.0483456800653,15.0,116.83198947648592,14308.219178082192,0,1,0,0,0,0
283,35.32,10568.399114967826,-659.6383232550305,5.0,8.04,3.0,-23298.425577367678,23298.425577367678,3138.0483456800653,15.0,116.83198947648592,14308.219178082192,0,1,0,0,0,0
284,38.54,8444.36371408663,-659.6383232550305,5.0,8.04,3.0,-25422.460978248877,25422.460978248877,3138.0483456800653,15.0,116.83198947648592,14308.219178082192,0,1,0,0,0,0
285,33.7,11637.013198640972,-659.6383232550305,5.0,8.04,3.0,-22229.81149369453,22229.81149369453,3138.0483456800653,15.0,116.83198947648592,14308.219178082192,0,1,0,0,0,0
286,32.0,12758.398348174527,-659.6383232550305,5.0,8.04,3.0,-21108.426344160976,21108.426344160976,3138.0483456800653,15.0,116.83198947648592,14308.219178082192,0,1,0,0,0,0
287,36.32,9908.760791712797,-659.6383232550305,5.0,8.04,3.0,-23958.06390062271,23958.06390062271,3138.0483456800653,15.0,116.83198947648592,14308.219178082192,0,1,0,0,0,0
288,31.82,12877.133246360434,-659.6383232550305,5.0,8.04,3.0,-20989.69144597507,20989.69144597507,3138.0483456800653,15.0,116.83198947648592,14308.219178082192,0,1,0,0,0,0
289,32.23,12606.681533825875,-659.6383232550305,5.0,8.04,3.0,-21260.143158509632,21260.143158509632,3138.0483456800653,15.0,116.83198947648592,14308.219178082192,0,1,0,0,0,0
290,27.03,16036.80081475203,-659.6383232550305,5.0,8.04,3.0,-17830.023877583477,17830.023877583477,3138.0483456800653,15.0,116.83198947648592,14308.219178082192,0,1,0,0,0,0
291,27.97,15416.740790892301,-659.6383232550305,5.0,8.04,3.0,-18450.083901443202,18450.083901443202,3138.0483456800653,15.0,116.83198947648592,14308.219178082192,0,1,0,0,0,0
292,27.72,15581.650371706059,-659.6383232550305,5.0,8.04,3.0,-18285.174320629445,18285.174320629445,3138.0483456800653,15.0,116.83198947648592,14308.219178082192,0,1,0,0,0,0
293,25.34,17151.58958105303,-659.6383232550305,5.0,8.04,3.0,-16715.235111282473,16715.235111282473,3138.0483456800653,15.0,116.83198947648592,14308.219178082192,0,1,0,0,0,0
294,26.55,16353.427209914444,-659.6383232550305,5.0,8.04,3.0,-17513.39748242106,17513.39748242106,3138.0483456800653,15.0,116.83198947648592,14308.219178082192,0,1,0,0,0,0
295,37.91,8859.935857737302,-659.6383232550305,5.0,8.04,3.0,-25006.888834598205,25006.888834598205,3138.0483456800653,15.0,116.83198947648592,14308.219178082192,0,1,0,0,0,0
296,45.14,4090.750780603427,-659.6383232550305,5.0,8.04,3.0,-29776.073911732077,29776.073911732077,3138.0483456800653,15.0,116.83198947648592,14308.219178082192,0,1,0,0,0,0
297,31.98,12771.591114639628,-659.6383232550305,5.0,8.04,3.0,-21095.233577695875,21095.233577695875,3138.0483456800653,15.0,116.83198947648592,14308.219178082192,0,1,0,0,0,0
298,37.3,9262.31523492287,-659.6383232550305,5.0,8.04,3.0,-24604.509457412638,24604.509457412638,3138.0483456800653,15.0,116.83198947648592,14308.219178082192,0,1,0,0,0,0
299,38.25,8635.65882783059,-659.6383232550305,5.0,8.04,3.0,-25231.165864504917,25231.165864504917,3138.0483456800653,15.0,116.83198947648592,14308.219178082192,0,1,0,0,0,0
300,35.49,10456.26060001447,-659.6383232550305,5.0,8.04,3.0,-23410.564092321034,23410.564092321034,3138.0483456800653,15.0,116.83198947648592,14308.219178082192,0,1,0,0,0,0
301,33.23,11947.043210570842,-659.6383232550305,5.0,8.04,3.0,-21919.78148176466,21919.78148176466,3138.0483456800653,15.0,116.83198947648592,14308.219178082192,0,1,0,0,0,0
302,33.06,12059.181725524195,-659.6383232550305,5.0,8.04,3.0,-21807.64296681131,21807.64296681131,3138.0483456800653,15.0,116.83198947648592,14308.219178082192,0,1,0,0,0,0
303,32.22,12613.277917058425,-659.6383232550305,5.0,8.04,3.0,-21253.546775277082,21253.546775277082,3138.0483456800653,15.0,116.83198947648592,14308.219178082192,0,1,0,0,0,0
304,32.48,12441.771953012118,-659.6383232550305,5.0,8.04,3.0,-21425.05273932339,21425.05273932339,3138.0483456800653,15.0,116.83198947648592,14308.219178082192,0,1,0,0,0,0
305,45.82,3642.1967207900057,-659.6383232550305,5.0,8.04,3.0,-30224.6279715455,30224.6279715455,3138.0483456800653,15.0,116.83198947648592,14308.219178082192,0,1,0,0,0,0
306,37.17,9348.068216946016,-659.6383232550305,5.0,8.04,3.0,-24518.756475389484,24518.756475389484,3138.0483456800653,15.0,116.83198947648592,14308.219178082192,0,1,0,0,0,0
307,35.14,10687.134013153733,-659.6383232550305,5.0,8.04,3.0,-23179.69067918177,23179.69067918177,3138.0483456800653,15.0,116.83198947648592,14308.219178082192,0,1,0,0,0,0
308,35.54,10423.27868385172,-659.6383232550305,5.0,8.04,3.0,-23443.546008483783,23443.546008483783,3138.0483456800653,15.0,116.83198947648592,14308.219178082192,0,1,0,0,0,0
309,35.97,10139.63420485206,-659.6383232550305,5.0,8.04,3.0,-23727.190487483447,23727.190487483447,3138.0483456800653,15.0,116.83198947648592,14308.219178082192,0,1,0,0,0,0
310,38.32,8589.484145202732,-659.6383232550305,5.0,8.04,3.0,-25277.340547132768,25277.340547132768,3138.0483456800653,15.0,116.83198947648592,14308.219178082192,0,1,0,0,0,0
311,244.19,116442.39908160592,650.0,0,8.04,3.0,158723.5,-158723.5,15071.972825128516,0,556.8949724310688,14308.219178082192,1,0,0,0,0,0
312,38.69,8345.417965598375,-659.6383232550305,5.0,8.04,3.0,-25521.40672673713,25521.40672673713,3138.0483456800653,15.0,116.83198947648592,14308.219178082192,0,1,0,0,0,0
313,35.7,10317.736552130911,-659.6383232550305,5.0,8.04,3.0,-23549.088140204592,23549.088140204592,3138.0483456800653,15.0,116.83198947648592,14308.219178082192,0,1,0,0,0,0
314,34.54,11082.91700710675,-659.6383232550305,5.0,8.04,3.0,-22783.907685228754,22783.907685228754,3138.0483456800653,15.0,116.83198947648592,14308.219178082192,0,1,0,0,0,0
315,35.29,10588.188264665478,-659.6383232550305,5.0,8.04,3.0,-23278.636427670026,23278.636427670026,3138.0483456800653,15.0,116.83198947648592,14308.219178082192,0,1,0,0,0,0
316,34.54,11082.91700710675,-659.6383232550305,5.0,8.04,3.0,-22783.907685228754,22783.907685228754,3138.0483456800653,15.0,116.83198947648592,14308.219178082192,0,1,0,0,0,0
317,36.2,9987.917390503397,-659.6383232550305,5.0,8.04,3.0,-23878.907301832107,23878.907301832107,3138.0483456800653,15.0,116.83198947648592,14308.219178082192,0,1,0,0,0,0
318,40.9,6887.6172712047555,-659.6383232550305,5.0,8.04,3.0,-26979.207421130748,26979.207421130748,3138.0483456800653,15.0,116.83198947648592,14308.219178082192,0,1,0,0,0,0
319,41.88,6241.171714414824,-659.6383232550305,5.0,8.04,3.0,-27625.65297792068,27625.65297792068,3138.0483456800653,15.0,116.83198947648592,14308.219178082192,0,1,0,0,0,0
320,77.61,8165.399081605917,650.0,0,8.04,3.0,50446.5,-50446.5,15071.972825128516,0,556.8949724310688,14308.219178082192,1,0,0,0,0,0
321,41.2,6689.725774228242,-659.6383232550305,5.0,8.04,3.0,-27177.09891810726,27177.09891810726,3138.0483456800653,15.0,116.83198947648592,14308.219178082192,0,1,0,0,0,0
322,42.24,6003.701918043011,-659.6383232550305,5.0,8.04,3.0,-27863.12277429249,27863.12277429249,3138.0483456800653,15.0,116.83198947648592,14308.219178082192,0,1,0,0,0,0
323,38.06,8760.99010924904,-659.6383232550305,5.0,8.04,3.0,-25105.834583086464,25105.834583086464,3138.0483456800653,15.0,116.83198947648592,14308.219178082192,0,1,0,0,0,0
324,33.37,11854.693845315138,-659.6383232550305,5.0,8.04,3.0,-22012.130847020366,22012.130847020366,3138.0483456800653,15.0,116.83198947648592,14308.219178082192,0,1,0,0,0,0
325,36.48,9803.218659991991,-659.6383232550305,5.0,8.04,3.0,-24063.606032343512,24063.606032343512,3138.0483456800653,15.0,116.83198947648592,14308.219178082192,0,1,0,0,0,0
326,37.1,9394.24289957387,-659.6383232550305,5.0,8.04,3.0,-24472.581792761634,24472.581792761634,3138.0483456800653,15.0,116.83198947648592,14308.219178082192,0,1,0,0,0,0
327,31.58,13035.44644394164,-659.6383232550305,5.0,8.04,3.0,-20831.378248393863,20831.378248393863,3138.0483456800653,15.0,116.83198947648592,14308.219178082192,0,1,0,0,0,0
328,32.33,12540.717701500369,-659.6383232550305,5.0,8.04,3.0,-21326.106990835135,21326.106990835135,3138.0483456800653,15.0,116.83198947648592,14308.219178082192,0,1,0,0,0,0
329,33.55,11735.958947129235,-659.6383232550305,5.0,8.04,3.0,-22130.865745206273,22130.865745206273,3138.0483456800653,15.0,116.83198947648592,14308.219178082192,0,1,0,0,0,0
330,35.26,10607.97741436313,-659.6383232550305,5.0,8.04,3.0,-23258.847277972374,23258.847277972374,3138.0483456800653,15.0,116.83198947648592,14308.219178082192,0,1,0,0,0,0
331,34.17,11326.98318671111,-659.6383232550305,5.0,8.04,3.0,-22539.841505624394,22539.841505624394,3138.0483456800653,15.0,116.83198947648592,14308.219178082192,0,1,0,0,0,0
332,35.35,10548.609965270174,-659.6383232550305,5.0,8.04,3.0,-23318.21472706533,23318.21472706533,3138.0483456800653,15.0,116.83198947648592,14308.219178082192,0,1,0,0,0,0
333,35.78,10264.96548627051,-659.6383232550305,5.0,8.04,3.0,-23601.859206064993,23601.859206064993,3138.0483456800653,15.0,116.83198947648592,14308.219178082192,0,1,0,0,0,0
334,35.29,10588.188264665478,-659.6383232550305,5.0,8.04,3.0,-23278.636427670026,23278.636427670026,3138.0483456800653,15.0,116.83198947648592,14308.219178082192,0,1,0,0,0,0
335,26.6,16320.44529375169,-659.6383232550305,5.0,8.04,3.0,-17546.379398583813,17546.379398583813,3138.0483456800653,15.0,116.83198947648592,14308.219178082192,0,1,0,0,0,0
336,13.17,25179.38797506675,-659.6383232550305,5.0,8.04,3.0,-8687.436717268753,8687.436717268753,3138.0483456800653,15.0,116.83198947648592,14308.219178082192,0,1,0,0,0,0
337,26.22,16571.107856588606,-659.6383232550305,5.0,8.04,3.0,-17295.716835746898,17295.716835746898,3138.0483456800653,15.0,116.83198947648592,14308.219178082192,0,1,0,0,0,0
338,44.49,4519.515690719196,-659.6383232550305,5.0,8.04,3.0,-29347.309001616308,29347.309001616308,3138.0483456800653,15.0,116.83198947648592,14308.219178082192,0,1,0,0,0,0
339,59.55,-3573.600918394087,650.0,0,8.04,3.0,38707.5,-38707.5,15071.972825128516,0,556.8949724310688,14308.219178082192,1,0,0,0,0,0
340,65.43,248.3990816059203,650.0,0,8.04,3.0,42529.50000000001,-42529.50000000001,15071.972825128516,0,556.8949724310688,14308.219178082192,1,0,0,0,0,0
341,56.9,-3666.595900875727,-659.6383232550305,5.0,8.04,3.0,-37533.42059321124,37533.42059321124,3138.0483456800653,15.0,116.83198947648592,14308.219178082192,0,1,0,0,0,0
342,39.27,7962.827738110453,-659.6383232550305,5.0,8.04,3.0,-25903.99695422505,25903.99695422505,3138.0483456800653,15.0,116.83198947648592,14308.219178082192,0,1,0,0,0,0
343,33.16,11993.217893198693,-659.6383232550305,5.0,8.04,3.0,-21873.60679913681,21873.60679913681,3138.0483456800653,15.0,116.83198947648592,14308.219178082192,0,1,0,0,0,0
344,30.8,13549.964336080564,-659.6383232550305,5.0,8.04,3.0,-20316.86035625494,20316.86035625494,3138.0483456800653,15.0,116.83198947648592,14308.219178082192,0,1,0,0,0,0
345,35.13,10693.73039638628,-659.6383232550305,5.0,8.04,3.0,-23173.094295949224,23173.094295949224,3138.0483456800653,15.0,116.83198947648592,14308.219178082192,0,1,0,0,0,0
346,43.78,4987.858900230269,-659.6383232550305,5.0,8.04,3.0,-28878.965792105235,28878.965792105235,3138.0483456800653,15.0,116.83198947648592,14308.219178082192,0,1,0,0,0,0
347,37.72,8985.267139155756,-659.6383232550305,5.0,8.04,3.0,-24881.55755317975,24881.55755317975,3138.0483456800653,15.0,116.83198947648592,14308.219178082192,0,1,0,0,0,0
348,35.18,10660.74848022353,-659.6383232550305,5.0,8.04,3.0,-23206.076212111973,23206.076212111973,3138.0483456800653,15.0,116.83198947648592,14308.219178082192,0,1,0,0,0,0
349,33.81,11564.452983082923,-659.6383232550305,5.0,8.04,3.0,-22302.371709252584,22302.371709252584,3138.0483456800653,15.0,116.83198947648592,14308.219178082192,0,1,0,0,0,0
350,31.07,13371.861988801706,-659.6383232550305,5.0,8.04,3.0,-20494.962703533798,20494.962703533798,3138.0483456800653,15.0,116.83198947648592,14308.219178082192,0,1,0,0,0,0
351,26.28,16531.529557193302,-659.6383232550305,5.0,8.04,3.0,-17335.2951351422,17335.2951351422,3138.0483456800653,15.0,116.83198947648592,14308.219178082192,0,1,0,0,0,0
352,31.12,13338.880072638953,-659.6383232550305,5.0,8.04,3.0,-20527.94461969655,20527.94461969655,3138.0483456800653,15.0,116.83198947648592,14308.219178082192,0,1,0,0,0,0
353,167.09,66327.39908160592,650.0,0,8.04,3.0,108608.5,-108608.5,15071.972825128516,0,556.8949724310688,14308.219178082192,1,0,0,0,0,0
354,213.67,96604.39908160592,650.0,0,8.04,3.0,138885.5,-138885.5,15071.972825128516,0,556.8949724310688,14308.219178082192,1,0,0,0,0,0
355,30.66,13642.313701336268,-659.6383232550305,5.0,8.04,3.0,-20224.510990999235,20224.510990999235,3138.0483456800653,15.0,116.83198947648592,14308.219178082192,0,1,0,0,0,0
356,30.77,13569.753485778212,-659.6383232550305,5.0,8.04,3.0,-20297.071206557288,20297.071206557288,3138.0483456800653,15.0,116.83198947648592,14308.219178082192,0,1,0,0,0,0
357,28.13,15311.198659171496,-659.6383232550305,5.0,8.04,3.0,-18555.626033164008,18555.626033164008,3138.0483456800653,15.0,116.83198947648592,14308.219178082192,0,1,0,0,0,0
358,19.77,20825.77504158355,-659.6383232550305,5.0,8.04,3.0,-13041.049650751953,13041.049650751953,3138.0483456800653,15.0,116.83198947648592,14308.219178082192,0,1,0,0,0,0
359,23.15,18596.197508981546,-659.6383232550305,5.0,8.04,3.0,-15270.627183353956,15270.627183353956,3138.0483456800653,15.0,116.83198947648592,14308.219178082192,0,1,0,0,0,0
360,19.47,21023.66653856006,-659.6383232550305,5.0,8.04,3.0,-12843.158153775443,12843.158153775443,3138.0483456800653,15.0,116.83198947648592,14308.219178082192,0,1,0,0,0,0
361,17.12,22573.81659820938,-659.6383232550305,5.0,8.04,3.0,-11293.008094126122,11293.008094126122,3138.0483456800653,15.0,116.83198947648592,14308.219178082192,0,1,0,0,0,0
362,15.04,23945.864310579847,-659.6383232550305,5.0,8.04,3.0,-9920.960381755658,9920.960381755658,3138.0483456800653,15.0,116.83198947648592,14308.219178082192,0,1,0,0,0,0
363,12.65,25522.399903159367,-659.6383232550305,5.0,8.04,3.0,-8344.424789176137,8344.424789176137,3138.0483456800653,15.0,116.83198947648592,14308.219178082192,0,1,0,0,0,0
364,15.33,23754.569196835888,-659.6383232550305,5.0,8.04,3.0,-10112.255495499618,10112.255495499618,3138.0483456800653,15.0,116.83198947648592,14308.219178082192,0,1,0,0,0,0
365,15.69,23517.099400464074,-659.6383232550305,5.0,8.04,3.0,-10349.725291871428,10349.725291871428,3138.0483456800653,15.0,116.83198947648592,14308.219178082192,0,1,0,0,0,0
366,17.66,22217.611903651665,-659.6383232550305,5.0,8.04,3.0,-11649.212788683839,11649.212788683839,3138.0483456800653,15.0,116.83198947648592,14308.219178082192,0,1,0,0,0,0
367,29.82,14196.409892870495,-659.6383232550305,5.0,8.04,3.0,-19670.41479946501,19670.41479946501,3138.0483456800653,15.0,116.83198947648592,14308.219178082192,0,1,0,0,0,0
368,24.73,17553.968958238598,-659.6383232550305,5.0,8.04,3.0,-16312.855734096906,16312.855734096906,3138.0483456800653,15.0,116.83198947648592,14308.219178082192,0,1,0,0,0,0
369,24.09,17976.13748512182,-659.6383232550305,5.0,8.04,3.0,-15890.687207213685,15890.687207213685,3138.0483456800653,15.0,116.83198947648592,14308.219178082192,0,1,0,0,0,0
370,31.85,12857.344096662779,-659.6383232550305,5.0,8.04,3.0,-21009.48059567272,21009.48059567272,3138.0483456800653,15.0,116.83198947648592,14308.219178082192,0,1,0,0,0,0
371,34.85,10878.429126897692,-659.6383232550305,5.0,8.04,3.0,-22988.395565437815,22988.395565437815,3138.0483456800653,15.0,116.83198947648592,14308.219178082192,0,1,0,0,0,0
372,59.76,-3437.100918394087,650.0,0,8.04,3.0,38844.0,-38844.0,15071.972825128516,0,556.8949724310688,14308.219178082192,1,0,0,0,0,0
373,50.34,660.631499677264,-659.6383232550305,5.0,8.04,3.0,-33206.19319265824,33206.19319265824,3138.0483456800653,15.0,116.83198947648592,14308.219178082192,0,1,0,0,0,0
374,36.28,9935.146324642996,-659.6383232550305,5.0,8.04,3.0,-23931.678367692508,23931.678367692508,3138.0483456800653,15.0,116.83198947648592,14308.219178082192,0,1,0,0,0,0
375,41.25,6656.743858065496,-659.6383232550305,5.0,8.04,3.0,-27210.080834270007,27210.080834270007,3138.0483456800653,15.0,116.83198947648592,14308.219178082192,0,1,0,0,0,0
376,122.84,37564.89908160592,650.0,0,8.04,3.0,79846.0,-79846.0,15071.972825128516,0,556.8949724310688,14308.219178082192,1,0,0,0,0,0
377,66.49,937.399081605913,650.0,0,8.04,3.0,43218.5,-43218.5,15071.972825128516,0,556.8949724310688,14308.219178082192,1,0,0,0,0,0
378,53.73,-1575.5424161572805,-659.6383232550305,5.0,8.04,3.0,-35442.367108492785,35442.367108492785,3138.0483456800653,15.0,116.83198947648592,14308.219178082192,0,1,0,0,0,0
379,36.99,9466.803115131923,-659.6383232550305,5.0,8.04,3.0,-24400.02157720358,24400.02157720358,3138.0483456800653,15.0,116.83198947648592,14308.219178082192,0,1,0,0,0,0
380,26.88,16135.746563240285,-659.6383232550305,5.0,8.04,3.0,-17731.078129095218,17731.078129095218,3138.0483456800653,15.0,116.83198947648592,14308.219178082192,0,1,0,0,0,0
381,56.15,-3171.867158434455,-659.6383232550305,5.0,8.04,3.0,-37038.69185076996,37038.69185076996,3138.0483456800653,15.0,116.83198947648592,14308.219178082192,0,1,0,0,0,0
382,55.32,-2624.367350132786,-659.6383232550305,5.0,8.04,3.0,-36491.19204246829,36491.19204246829,3138.0483456800653,15.0,116.83198947648592,14308.219178082192,0,1,0,0,0,0
383,51.51,-111.14533853111746,-659.6383232550305,5.0,8.04,3.0,-33977.97003086662,33977.97003086662,3138.0483456800653,15.0,116.83198947648592,14308.219178082192,0,1,0,0,0,0
384,32.72,12283.458755430904,-659.6383232550305,5.0,8.04,3.0,-21583.365936904596,21583.365936904596,3138.0483456800653,15.0,116.83198947648592,14308.219178082192,0,1,0,0,0,0
385,30.3,13879.783497708078,-659.6383232550305,5.0,8.04,3.0,-19987.041194627425,19987.041194627425,3138.0483456800653,15.0,116.83198947648592,14308.219178082192,0,1,0,0,0,0
386,31.92,12811.169414034928,-659.6383232550305,5.0,8.04,3.0,-21055.655278300575,21055.655278300575,3138.0483456800653,15.0,116.83198947648592,14308.219178082192,0,1,0,0,0,0
387,30.48,13761.048599522175,-659.6383232550305,5.0,8.04,3.0,-20105.776092813332,20105.776092813332,3138.0483456800653,15.0,116.83198947648592,14308.219178082192,0,1,0,0,0,0
388,31.92,12811.169414034928,-659.6383232550305,5.0,8.04,3.0,-21055.655278300575,21055.655278300575,3138.0483456800653,15.0,116.83198947648592,14308.219178082192,0,1,0,0,0,0
389,31.73,12936.500695453386,-659.6383232550305,5.0,8.04,3.0,-20930.323996882118,20930.323996882118,3138.0483456800653,15.0,116.83198947648592,14308.219178082192,0,1,0,0,0,0
390,33.09,12039.39257582654,-659.6383232550305,5.0,8.04,3.0,-21827.43211650896,21827.43211650896,3138.0483456800653,15.0,116.83198947648592,14308.219178082192,0,1,0,0,0,0
391,29.03,14717.52416824197,-659.6383232550305,5.0,8.04,3.0,-19149.300524093538,19149.300524093538,3138.0483456800653,15.0,116.83198947648592,14308.219178082192,0,1,0,0,0,0
392,41.44,6531.412576647039,-659.6383232550305,5.0,8.04,3.0,-27335.41211568846,27335.41211568846,3138.0483456800653,15.0,116.83198947648592,14308.219178082192,0,1,0,0,0,0
393,41.43,6538.008959879589,-659.6383232550305,5.0,8.04,3.0,-27328.815732455914,27328.815732455914,3138.0483456800653,15.0,116.83198947648592,14308.219178082192,0,1,0,0,0,0
394,60.26,-3112.100918394087,650.0,0,8.04,3.0,39169.0,-39169.0,15071.972825128516,0,556.8949724310688,14308.219178082192,1,0,0,0,0,0
395,81.97,10999.399081605916,650.0,0,8.04,3.0,53280.5,-53280.5,15071.972825128516,0,556.8949724310688,14308.219178082192,1,0,0,0,0,0
396,85.04,12994.899081605916,650.0,0,8.04,3.0,55276.00000000001,-55276.00000000001,15071.972825128516,0,556.8949724310688,14308.219178082192,1,0,0,0,0,0
397,65.26,137.899081605913,650.0,0,8.04,3.0,42419.0,-42419.0,15071.972825128516,0,556.8949724310688,14308.219178082192,1,0,0,0,0,0
398,48.11,2131.6249605359885,-659.6383232550305,5.0,8.04,3.0,-31735.19973179952,31735.19973179952,3138.0483456800653,15.0,116.83198947648592,14308.219178082192,0,1,0,0,0,0
399,46.21,3384.937774720544,-659.6383232550305,5.0,8.04,3.0,-30481.88691761496,30481.88691761496,3138.0483456800653,15.0,116.83198947648592,14308.219178082192,0,1,0,0,0,0
400,51.34,0.9931764222351092,-659.6383232550305,5.0,8.04,3.0,-33865.83151591327,33865.83151591327,3138.0483456800653,15.0,116.83198947648592,14308.219178082192,0,1,0,0,0,0
401,78.03,8438.399081605916,650.0,0,8.04,3.0,50719.5,-50719.5,15071.972825128516,0,556.8949724310688,14308.219178082192,1,0,0,0,0,0
402,45.66,3747.738852510815,-659.6383232550305,5.0,8.04,3.0,-30119.085839824693,30119.085839824693,3138.0483456800653,15.0,116.83198947648592,14308.219178082192,0,1,0,0,0,0
403,36.87,9545.95971392253,-659.6383232550305,5.0,8.04,3.0,-24320.864978412974,24320.864978412974,3138.0483456800653,15.0,116.83198947648592,14308.219178082192,0,1,0,0,0,0
404,33.95,11472.103617827215,-659.6383232550305,5.0,8.04,3.0,-22394.72107450829,22394.72107450829,3138.0483456800653,15.0,116.83198947648592,14308.219178082192,0,1,0,0,0,0
405,32.11,12685.838132616474,-659.6383232550305,5.0,8.04,3.0,-21180.98655971903,21180.98655971903,3138.0483456800653,15.0,116.83198947648592,14308.219178082192,0,1,0,0,0,0
406,27.25,15891.680383635921,-659.6383232550305,5.0,8.04,3.0,-17975.144308699582,17975.144308699582,3138.0483456800653,15.0,116.83198947648592,14308.219178082192,0,1,0,0,0,0
407,7.71,28781.013220039218,-659.6383232550305,5.0,8.04,3.0,-5085.8114722962855,5085.8114722962855,3138.0483456800653,15.0,116.83198947648592,14308.219178082192,0,1,0,0,0,0
408,19.58,20951.106323002008,-659.6383232550305,5.0,8.04,3.0,-12915.718369333496,12915.718369333496,3138.0483456800653,15.0,116.83198947648592,14308.219178082192,0,1,0,0,0,0
409,17.79,22131.85892162851,-659.6383232550305,5.0,8.04,3.0,-11734.965770706993,11734.965770706993,3138.0483456800653,15.0,116.83198947648592,14308.219178082192,0,1,0,0,0,0
410,3.45,31591.07247710565,-659.6383232550305,5.0,8.04,3.0,-2275.752215229855,2275.752215229855,3138.0483456800653,15.0,116.83198947648592,14308.219178082192,0,1,0,0,0,0
411,13.3,25093.634993043597,-659.6383232550305,5.0,8.04,3.0,-8773.189699291906,8773.189699291906,3138.0483456800653,15.0,116.83198947648592,14308.219178082192,0,1,0,0,0,0
412,11.57,26234.8092922748,-659.6383232550305,5.0,8.04,3.0,-7632.0154000607035,7632.0154000607035,3138.0483456800653,15.0,116.83198947648592,14308.219178082192,0,1,0,0,0,0
413,8.99,27936.67616627278,-659.6383232550305,5.0,8.04,3.0,-5930.148526062724,5930.148526062724,3138.0483456800653,15.0,116.83198947648592,14308.219178082192,0,1,0,0,0,0
414,22.09,19295.41413163188,-659.6383232550305,5.0,8.04,3.0,-14571.410560703624,14571.410560703624,3138.0483456800653,15.0,116.83198947648592,14308.219178082192,0,1,0,0,0,0
415,12.93,25337.70117264796,-659.6383232550305,5.0,8.04,3.0,-8529.123519687544,8529.123519687544,3138.0483456800653,15.0,116.83198947648592,14308.219178082192,0,1,0,0,0,0
416,27.39,15799.331018380217,-659.6383232550305,5.0,8.04,3.0,-18067.493673955287,18067.493673955287,3138.0483456800653,15.0,116.83198947648592,14308.219178082192,0,1,0,0,0,0
417,19.81,20799.389508653352,-659.6383232550305,5.0,8.04,3.0,-13067.435183682153,13067.435183682153,3138.0483456800653,15.0,116.83198947648592,14308.219178082192,0,1,0,0,0,0
418,20.23,20522.341412886235,-659.6383232550305,5.0,8.04,3.0,-13344.483279449267,13344.483279449267,3138.0483456800653,15.0,116.83198947648592,14308.219178082192,0,1,0,0,0,0
419,19.05,21300.714634327174,-659.6383232550305,5.0,8.04,3.0,-12566.110058008331,12566.110058008331,3138.0483456800653,15.0,116.83198947648592,14308.219178082192,0,1,0,0,0,0
420,21.7,19552.673077701344,-659.6383232550305,5.0,8.04,3.0,-14314.151614634162,14314.151614634162,3138.0483456800653,15.0,116.83198947648592,14308.219178082192,0,1,0,0,0,0
421,21.01,20007.82352074731,-659.6383232550305,5.0,8.04,3.0,-13859.001171588192,13859.001171588192,3138.0483456800653,15.0,116.83198947648592,14308.219178082192,0,1,0,0,0,0
422,20.35,20443.18481409563,-659.6383232550305,5.0,8.04,3.0,-13423.639878239872,13423.639878239872,3138.0483456800653,15.0,116.83198947648592,14308.219178082192,0,1,0,0,0,0
423,20.61,20271.678850049328,-659.6383232550305,5.0,8.04,3.0,-13595.145842286178,13595.145842286178,3138.0483456800653,15.0,116.83198947648592,14308.219178082192,0,1,0,0,0,0
424,18.73,21511.798897768786,-659.6383232550305,5.0,8.04,3.0,-12355.025794566722,12355.025794566722,3138.0483456800653,15.0,116.83198947648592,14308.219178082192,0,1,0,0,0,0
425,20.68,20225.504167421474,-659.6383232550305,5.0,8.04,3.0,-13641.32052491403,13641.32052491403,3138.0483456800653,15.0,116.83198947648592,14308.219178082192,0,1,0,0,0,0
426,18.18,21874.59997555905,-659.6383232550305,5.0,8.04,3.0,-11992.224716776454,11992.224716776454,3138.0483456800653,15.0,116.83198947648592,14308.219178082192,0,1,0,0,0,0
427,20.38,20423.395664397984,-659.6383232550305,5.0,8.04,3.0,-13443.429027937522,13443.429027937522,3138.0483456800653,15.0,116.83198947648592,14308.219178082192,0,1,0,0,0,0
428,21.63,19598.847760329194,-659.6383232550305,5.0,8.04,3.0,-14267.97693200631,14267.97693200631,3138.0483456800653,15.0,116.83198947648592,14308.219178082192,0,1,0,0,0,0
429,23.16,18589.601125748995,-659.6383232550305,5.0,8.04,3.0,-15277.223566586506,15277.223566586506,3138.0483456800653,15.0,116.83198947648592,14308.219178082192,0,1,0,0,0,0
430,24.44,17745.264071982558,-659.6383232550305,5.0,8.04,3.0,-16121.560620352946,16121.560620352946,3138.0483456800653,15.0,116.83198947648592,14308.219178082192,0,1,0,0,0,0
431,13.54,24935.32179546239,-659.6383232550305,5.0,8.04,3.0,-8931.502896873113,8931.502896873113,3138.0483456800653,15.0,116.83198947648592,14308.219178082192,0,1,0,0,0,0
432,19.62,20924.720790071806,-659.6383232550305,5.0,8.04,3.0,-12942.1039022637,12942.1039022637,3138.0483456800653,15.0,116.83198947648592,14308.219178082192,0,1,0,0,0,0
433,9.78,27415.561890901306,-659.6383232550305,5.0,8.04,3.0,-6451.262801434198,6451.262801434198,3138.0483456800653,15.0,116.83198947648592,14308.219178082192,0,1,0,0,0,0
434,7.05,29216.374513387538,-659.6383232550305,5.0,8.04,3.0,-4650.450178947965,4650.450178947965,3138.0483456800653,15.0,116.83198947648592,14308.219178082192,0,1,0,0,0,0
435,51.17,113.13169137559495,-659.6383232550305,5.0,8.04,3.0,-33753.69300095991,33753.69300095991,3138.0483456800653,15.0,116.83198947648592,14308.219178082192,0,1,0,0,0,0
436,112.02,30531.899081605916,650.0,0,8.04,3.0,72813.0,-72813.0,15071.972825128516,0,556.8949724310688,14308.219178082192,1,0,0,0,0,0
437,81.22,10511.899081605916,650.0,0,8.04,3.0,52793.0,-52793.0,15071.972825128516,0,556.8949724310688,14308.219178082192,1,0,0,0,0,0
438,97.23,20918.399081605916,650.0,0,8.04,3.0,63199.5,-63199.5,15071.972825128516,0,556.8949724310688,14308.219178082192,1,0,0,0,0,0
439,95.94,20079.899081605916,650.0,0,8.04,3.0,62361.0,-62361.0,15071.972825128516,0,556.8949724310688,14308.219178082192,1,0,0,0,0,0
440,90.23,16368.399081605916,650.0,0,8.04,3.0,58649.5,-58649.5,15071.972825128516,0,556.8949724310688,14308.219178082192,1,0,0,0,0,0
441,83.69,12117.399081605916,650.0,0,8.04,3.0,54398.5,-54398.5,15071.972825128516,0,556.8949724310688,14308.219178082192,1,0,0,0,0,0
442,61.67,-2195.600918394087,650.0,0,8.04,3.0,40085.5,-40085.5,15071.972825128516,0,556.8949724310688,14308.219178082192,1,0,0,0,0,0
443,49.53,1194.9385415138427,-659.6383232550305,5.0,8.04,3.0,-32671.88615082166,32671.88615082166,3138.0483456800653,15.0,116.83198947648592,14308.219178082192,0,1,0,0,0,0
444,63.53,-986.600918394087,650.0,0,8.04,3.0,41294.5,-41294.5,15071.972825128516,0,556.8949724310688,14308.219178082192,1,0,0,0,0,0
445,72.33,4733.399081605913,650.0,0,8.04,3.0,47014.5,-47014.5,15071.972825128516,0,556.8949724310688,14308.219178082192,1,0,0,0,0,0
446,80.9,10303.899081605916,650.0,0,8.04,3.0,52585.00000000001,-52585.00000000001,15071.972825128516,0,556.8949724310688,14308.219178082192,1,0,0,0,0,0
447,53.08,-1146.7775060415147,-659.6383232550305,5.0,8.04,3.0,-35013.60219837702,35013.60219837702,3138.0483456800653,15.0,116.83198947648592,14308.219178082192,0,1,0,0,0,0
448,75.58,6845.899081605917,650.0,0,8.04,3.0,49127.0,-49127.0,15071.972825128516,0,556.8949724310688,14308.219178082192,1,0,0,0,0,0
449,96.84,20664.899081605916,650.0,0,8.04,3.0,62946.0,-62946.0,15071.972825128516,0,556.8949724310688,14308.219178082192,1,0,0,0,0,0
450,103.41,24935.399081605916,650.0,0,8.04,3.0,67216.5,-67216.5,15071.972825128516,0,556.8949724310688,14308.219178082192,1,0,0,0,0,0
451,39.81,7606.62304355274,-659.6383232550305,5.0,8.04,3.0,-26260.201648782768,26260.201648782768,3138.0483456800653,15.0,116.83198947648592,14308.219178082192,0,1,0,0,0,0
452,37.46,9156.773103202064,-659.6383232550305,5.0,8.04,3.0,-24710.051589133443,24710.051589133443,3138.0483456800653,15.0,116.83198947648592,14308.219178082192,0,1,0,0,0,0
453,37.13,9374.453749876222,-659.6383232550305,5.0,8.04,3.0,-24492.370942459285,24492.370942459285,3138.0483456800653,15.0,116.83198947648592,14308.219178082192,0,1,0,0,0,0
454,37.3,9262.31523492287,-659.6383232550305,5.0,8.04,3.0,-24604.509457412638,24604.509457412638,3138.0483456800653,15.0,116.83198947648592,14308.219178082192,0,1,0,0,0,0
455,35.88,10199.001653945004,-659.6383232550305,5.0,8.04,3.0,-23667.823038390496,23667.823038390496,3138.0483456800653,15.0,116.83198947648592,14308.219178082192,0,1,0,0,0,0
456,31.55,13055.235593639289,-659.6383232550305,5.0,8.04,3.0,-20811.589098696215,20811.589098696215,3138.0483456800653,15.0,116.83198947648592,14308.219178082192,0,1,0,0,0,0
457,25.33,17158.18596428558,-659.6383232550305,5.0,8.04,3.0,-16708.638728049922,16708.638728049922,3138.0483456800653,15.0,116.83198947648592,14308.219178082192,0,1,0,0,0,0
458,25.07,17329.69192833189,-659.6383232550305,5.0,8.04,3.0,-16537.132764003614,16537.132764003614,3138.0483456800653,15.0,116.83198947648592,14308.219178082192,0,1,0,0,0,0
459,26.49,16393.005509309747,-659.6383232550305,5.0,8.04,3.0,-17473.819183025757,17473.819183025757,3138.0483456800653,15.0,116.83198947648592,14308.219178082192,0,1,0,0,0,0
460,28.69,14941.801198148678,-659.6383232550305,5.0,8.04,3.0,-18925.023494186826,18925.023494186826,3138.0483456800653,15.0,116.83198947648592,14308.219178082192,0,1,0,0,0,0
461,32.0,12758.398348174527,-659.6383232550305,5.0,8.04,3.0,-21108.426344160976,21108.426344160976,3138.0483456800653,15.0,116.83198947648592,14308.219178082192,0,1,0,0,0,0
462,36.55,9757.043977364141,-659.6383232550305,5.0,8.04,3.0,-24109.780714971363,24109.780714971363,3138.0483456800653,15.0,116.83198947648592,14308.219178082192,0,1,0,0,0,0
463,44.92,4235.871211719532,-659.6383232550305,5.0,8.04,3.0,-29630.95348061597,29630.95348061597,3138.0483456800653,15.0,116.83198947648592,14308.219178082192,0,1,0,0,0,0
464,54.27,-1931.7471107150045,-659.6383232550305,5.0,8.04,3.0,-35798.57180305051,35798.57180305051,3138.0483456800653,15.0,116.83198947648592,14308.219178082192,0,1,0,0,0,0
465,49.33,1326.8662061648506,-659.6383232550305,5.0,8.04,3.0,-32539.958486170653,32539.958486170653,3138.0483456800653,15.0,116.83198947648592,14308.219178082192,0,1,0,0,0,0
466,51.74,-262.8621528797735,-659.6383232550305,5.0,8.04,3.0,-34129.68684521528,34129.68684521528,3138.0483456800653,15.0,116.83198947648592,14308.219178082192,0,1,0,0,0,0
467,52.45,-731.2053623908428,-659.6383232550305,5.0,8.04,3.0,-34598.030054726354,34598.030054726354,3138.0483456800653,15.0,116.83198947648592,14308.219178082192,0,1,0,0,0,0
468,48.91,1603.914301931964,-659.6383232550305,5.0,8.04,3.0,-32262.91039040354,32262.91039040354,3138.0483456800653,15.0,116.83198947648592,14308.219178082192,0,1,0,0,0,0
469,48.64,1782.0166492108224,-659.6383232550305,5.0,8.04,3.0,-32084.808043124685,32084.808043124685,3138.0483456800653,15.0,116.83198947648592,14308.219178082192,0,1,0,0,0,0
470,45.21,4044.576097975573,-659.6383232550305,5.0,8.04,3.0,-29822.24859435993,29822.24859435993,3138.0483456800653,15.0,116.83198947648592,14308.219178082192,0,1,0,0,0,0
471,45.93,3569.636505231953,-659.6383232550305,5.0,8.04,3.0,-30297.18818710355,30297.18818710355,3138.0483456800653,15.0,116.83198947648592,14308.219178082192,0,1,0,0,0,0
472,52.22,-579.4885480421867,-659.6383232550305,5.0,8.04,3.0,-34446.31324037769,34446.31324037769,3138.0483456800653,15.0,116.83198947648592,14308.219178082192,0,1,0,0,0,0
473,50.13,799.1555475608261,-659.6383232550305,5.0,8.04,3.0,-33067.66914477468,33067.66914477468,3138.0483456800653,15.0,116.83198947648592,14308.219178082192,0,1,0,0,0,0
474,51.94,-394.7898175307778,-659.6383232550305,5.0,8.04,3.0,-34261.61450986628,34261.61450986628,3138.0483456800653,15.0,116.83198947648592,14308.219178082192,0,1,0,0,0,0
475,49.03,1524.757703141357,-659.6383232550305,5.0,8.04,3.0,-32342.066989194147,32342.066989194147,3138.0483456800653,15.0,116.83198947648592,14308.219178082192,0,1,0,0,0,0
476,39.89,7553.851977692335,-659.6383232550305,5.0,8.04,3.0,-26312.97271464317,26312.97271464317,3138.0483456800653,15.0,116.83198947648592,14308.219178082192,0,1,0,0,0,0
477,38.56,8431.170947621526,-659.6383232550305,5.0,8.04,3.0,-25435.653744713978,25435.653744713978,3138.0483456800653,15.0,116.83198947648592,14308.219178082192,0,1,0,0,0,0
478,40.09,7421.924313041331,-659.6383232550305,5.0,8.04,3.0,-26444.900379294177,26444.900379294177,3138.0483456800653,15.0,116.83198947648592,14308.219178082192,0,1,0,0,0,0
479,34.33,11221.441054990308,-659.6383232550305,5.0,8.04,3.0,-22645.383637345196,22645.383637345196,3138.0483456800653,15.0,116.83198947648592,14308.219178082192,0,1,0,0,0,0
480,38.67,8358.610732063473,-659.6383232550305,5.0,8.04,3.0,-25508.21396027203,25508.21396027203,3138.0483456800653,15.0,116.83198947648592,14308.219178082192,0,1,0,0,0,0
481,39.3,7943.038588412808,-659.6383232550305,5.0,8.04,3.0,-25923.7861039227,25923.7861039227,3138.0483456800653,15.0,116.83198947648592,14308.219178082192,0,1,0,0,0,0
482,35.06,10739.905079014134,-659.6383232550305,5.0,8.04,3.0,-23126.91961332137,23126.91961332137,3138.0483456800653,15.0,116.83198947648592,14308.219178082192,0,1,0,0,0,0
483,29.26,14565.80735389331,-659.6383232550305,5.0,8.04,3.0,-19301.017338442194,19301.017338442194,3138.0483456800653,15.0,116.83198947648592,14308.219178082192,0,1,0,0,0,0
484,24.14,17943.155568959068,-659.6383232550305,5.0,8.04,3.0,-15923.669123376438,15923.669123376438,3138.0483456800653,15.0,116.83198947648592,14308.219178082192,0,1,0,0,0,0
485,27.69,15601.439521403707,-659.6383232550305,5.0,8.04,3.0,-18265.385170931797,18265.385170931797,3138.0483456800653,15.0,116.83198947648592,14308.219178082192,0,1,0,0,0,0
486,28.11,15324.391425636597,-659.6383232550305,5.0,8.04,3.0,-18542.433266698907,18542.433266698907,3138.0483456800653,15.0,116.83198947648592,14308.219178082192,0,1,0,0,0,0
487,22.64,18932.61305384161,-659.6383232550305,5.0,8.04,3.0,-14934.21163849389,14934.21163849389,3138.0483456800653,15.0,116.83198947648592,14308.219178082192,0,1,0,0,0,0
488,29.18,14618.578419753714,-659.6383232550305,5.0,8.04,3.0,-19248.24627258179,19248.24627258179,3138.0483456800653,15.0,116.83198947648592,14308.219178082192,0,1,0,0,0,0
489,24.57,17659.511089959407,-659.6383232550305,5.0,8.04,3.0,-16207.3136023761,16207.3136023761,3138.0483456800653,15.0,116.83198947648592,14308.219178082192,0,1,0,0,0,0
490,19.94,20713.636526630195,-659.6383232550305,5.0,8.04,3.0,-13153.188165705309,13153.188165705309,3138.0483456800653,15.0,116.83198947648592,14308.219178082192,0,1,0,0,0,0
491,23.91,18094.872383307724,-659.6383232550305,5.0,8.04,3.0,-15771.95230902778,15771.95230902778,3138.0483456800653,15.0,116.83198947648592,14308.219178082192,0,1,0,0,0,0
492,21.19,19889.08862256141,-659.6383232550305,5.0,8.04,3.0,-13977.736069774097,13977.736069774097,3138.0483456800653,15.0,116.83198947648592,14308.219178082192,0,1,0,0,0,0
493,20.2,20542.130562583887,-659.6383232550305,5.0,8.04,3.0,-13324.694129751615,13324.694129751615,3138.0483456800653,15.0,116.83198947648592,14308.219178082192,0,1,0,0,0,0
494,20.37,20429.99204763053,-659.6383232550305,5.0,8.04,3.0,-13436.832644704973,13436.832644704973,3138.0483456800653,15.0,116.83198947648592,14308.219178082192,0,1,0,0,0,0
495,15.02,23959.05707704495,-659.6383232550305,5.0,8.04,3.0,-9907.767615290559,9907.767615290559,3138.0483456800653,15.0,116.83198947648592,14308.219178082192,0,1,0,0,0,0
496,18.45,21696.49762828019,-659.6383232550305,5.0,8.04,3.0,-12170.327064055313,12170.327064055313,3138.0483456800653,15.0,116.83198947648592,14308.219178082192,0,1,0,0,0,0
497,18.3,21795.443376768446,-659.6383232550305,5.0,8.04,3.0,-12071.38131556706,12071.38131556706,3138.0483456800653,15.0,116.83198947648592,14308.219178082192,0,1,0,0,0,0
498,17.89,22065.895089303005,-659.6383232550305,5.0,8.04,3.0,-11800.929603032497,11800.929603032497,3138.0483456800653,15.0,116.83198947648592,14308.219178082192,0,1,0,0,0,0
499,20.09,20614.690778141943,-659.6383232550305,5.0,8.04,3.0,-13252.133914193562,13252.133914193562,3138.0483456800653,15.0,116.83198947648592,14308.219178082192,0,1,0,0,0,0
500,19.03,21313.90740079227,-659.6383232550305,5.0,8.04,3.0,-12552.917291543232,12552.917291543232,3138.0483456800653,15.0,116.83198947648592,14308.219178082192,0,1,0,0,0,0
501,23.36,18457.67346109799,-659.6383232550305,5.0,8.04,3.0,-15409.151231237513,15409.151231237513,3138.0483456800653,15.0,116.83198947648592,14308.219178082192,0,1,0,0,0,0
502,16.54,22956.406825697297,-659.6383232550305,5.0,8.04,3.0,-10910.417866638205,10910.417866638205,3138.0483456800653,15.0,116.83198947648592,14308.219178082192,0,1,0,0,0,0
503,8.31,28385.230226086198,-659.6383232550305,5.0,8.04,3.0,-5481.594466249304,5481.594466249304,3138.0483456800653,15.0,116.83198947648592,14308.219178082192,0,1,0,0,0,0
504,6.63,29493.42260915465,-659.6383232550305,5.0,8.04,3.0,-4373.402083180852,4373.402083180852,3138.0483456800653,15.0,116.83198947648592,14308.219178082192,0,1,0,0,0,0
505,8.9,27996.043615365732,-659.6383232550305,5.0,8.04,3.0,-5870.781076969772,5870.781076969772,3138.0483456800653,15.0,116.83198947648592,14308.219178082192,0,1,0,0,0,0
506,7.89,28662.278321853315,-659.6383232550305,5.0,8.04,3.0,-5204.5463704821905,5204.5463704821905,3138.0483456800653,15.0,116.83198947648592,14308.219178082192,0,1,0,0,0,0
507,10.89,26683.36335208822,-659.6383232550305,5.0,8.04,3.0,-7183.461340247282,7183.461340247282,3138.0483456800653,15.0,116.83198947648592,14308.219178082192,0,1,0,0,0,0
508,15.03,23952.460693812394,-659.6383232550305,5.0,8.04,3.0,-9914.363998523108,9914.363998523108,3138.0483456800653,15.0,116.83198947648592,14308.219178082192,0,1,0,0,0,0
509,21.47,19704.38989205,-659.6383232550305,5.0,8.04,3.0,-14162.434800285504,14162.434800285504,3138.0483456800653,15.0,116.83198947648592,14308.219178082192,0,1,0,0,0,0
510,21.63,19598.847760329194,-659.6383232550305,5.0,8.04,3.0,-14267.97693200631,14267.97693200631,3138.0483456800653,15.0,116.83198947648592,14308.219178082192,0,1,0,0,0,0
511,23.22,18550.0228263537,-659.6383232550305,5.0,8.04,3.0,-15316.801865981808,15316.801865981808,3138.0483456800653,15.0,116.83198947648592,14308.219178082192,0,1,0,0,0,0
512,15.72,23497.310250766423,-659.6383232550305,5.0,8.04,3.0,-10369.51444156908,10369.51444156908,3138.0483456800653,15.0,116.83198947648592,14308.219178082192,0,1,0,0,0,0
513,19.6,20937.913556536907,-659.6383232550305,5.0,8.04,3.0,-12928.911135798598,12928.911135798598,3138.0483456800653,15.0,116.83198947648592,14308.219178082192,0,1,0,0,0,0
514,21.18,19895.68500579396,-659.6383232550305,5.0,8.04,3.0,-13971.139686541546,13971.139686541546,3138.0483456800653,15.0,116.83198947648592,14308.219178082192,0,1,0,0,0,0
515,21.65,19585.654993864096,-659.6383232550305,5.0,8.04,3.0,-14281.169698471409,14281.169698471409,3138.0483456800653,15.0,116.83198947648592,14308.219178082192,0,1,0,0,0,0
516,23.47,18385.11324553994,-659.6383232550305,5.0,8.04,3.0,-15481.711446795565,15481.711446795565,3138.0483456800653,15.0,116.83198947648592,14308.219178082192,0,1,0,0,0,0
517,23.76,18193.81813179598,-659.6383232550305,5.0,8.04,3.0,-15673.006560539527,15673.006560539527,3138.0483456800653,15.0,116.83198947648592,14308.219178082192,0,1,0,0,0,0
518,26.7,16254.481461426189,-659.6383232550305,5.0,8.04,3.0,-17612.343230909315,17612.343230909315,3138.0483456800653,15.0,116.83198947648592,14308.219178082192,0,1,0,0,0,0
519,24.03,18015.71578451712,-659.6383232550305,5.0,8.04,3.0,-15851.108907818383,15851.108907818383,3138.0483456800653,15.0,116.83198947648592,14308.219178082192,0,1,0,0,0,0
520,23.5,18365.324095842287,-659.6383232550305,5.0,8.04,3.0,-15501.500596493217,15501.500596493217,3138.0483456800653,15.0,116.83198947648592,14308.219178082192,0,1,0,0,0,0
521,23.43,18411.498778470137,-659.6383232550305,5.0,8.04,3.0,-15455.325913865365,15455.325913865365,3138.0483456800653,15.0,116.83198947648592,14308.219178082192,0,1,0,0,0,0
522,25.29,17184.571497215784,-659.6383232550305,5.0,8.04,3.0,-16682.25319511972,16682.25319511972,3138.0483456800653,15.0,116.83198947648592,14308.219178082192,0,1,0,0,0,0
523,19.96,20700.443760165093,-659.6383232550305,5.0,8.04,3.0,-13166.38093217041,13166.38093217041,3138.0483456800653,15.0,116.83198947648592,14308.219178082192,0,1,0,0,0,0
524,22.59,18965.594970004364,-659.6383232550305,5.0,8.04,3.0,-14901.22972233114,14901.22972233114,3138.0483456800653,15.0,116.83198947648592,14308.219178082192,0,1,0,0,0,0
525,21.26,19842.913939933555,-659.6383232550305,5.0,8.04,3.0,-14023.91075240195,14023.91075240195,3138.0483456800653,15.0,116.83198947648592,14308.219178082192,0,1,0,0,0,0
526,24.47,17725.474922284906,-659.6383232550305,5.0,8.04,3.0,-16141.349770050596,16141.349770050596,3138.0483456800653,15.0,116.83198947648592,14308.219178082192,0,1,0,0,0,0
527,23.93,18081.679616842623,-659.6383232550305,5.0,8.04,3.0,-15785.14507549288,15785.14507549288,3138.0483456800653,15.0,116.83198947648592,14308.219178082192,0,1,0,0,0,0
528,23.15,18596.197508981546,-659.6383232550305,5.0,8.04,3.0,-15270.627183353956,15270.627183353956,3138.0483456800653,15.0,116.83198947648592,14308.219178082192,0,1,0,0,0,0
529,15.67,23530.292166929175,-659.6383232550305,5.0,8.04,3.0,-10336.532525406328,10336.532525406328,3138.0483456800653,15.0,116.83198947648592,14308.219178082192,0,1,0,0,0,0
530,16.29,23121.316406511058,-659.6383232550305,5.0,8.04,3.0,-10745.508285824446,10745.508285824446,3138.0483456800653,15.0,116.83198947648592,14308.219178082192,0,1,0,0,0,0
531,17.03,22633.184047302333,-659.6383232550305,5.0,8.04,3.0,-11233.64064503317,11233.64064503317,3138.0483456800653,15.0,116.83198947648592,14308.219178082192,0,1,0,0,0,0
532,14.72,24156.94857402145,-659.6383232550305,5.0,8.04,3.0,-9709.87611831405,9709.87611831405,3138.0483456800653,15.0,116.83198947648592,14308.219178082192,0,1,0,0,0,0
533,21.32,19803.33564053825,-659.6383232550305,5.0,8.04,3.0,-14063.48905179725,14063.48905179725,3138.0483456800653,15.0,116.83198947648592,14308.219178082192,0,1,0,0,0,0
534,22.24,19196.468383143627,-659.6383232550305,5.0,8.04,3.0,-14670.356309191877,14670.356309191877,3138.0483456800653,15.0,116.83198947648592,14308.219178082192,0,1,0,0,0,0
535,26.19,16590.897006286254,-659.6383232550305,5.0,8.04,3.0,-17275.92768604925,17275.92768604925,3138.0483456800653,15.0,116.83198947648592,14308.219178082192,0,1,0,0,0,0
536,26.99,16063.186347682233,-659.6383232550305,5.0,8.04,3.0,-17803.63834465327,17803.63834465327,3138.0483456800653,15.0,116.83198947648592,14308.219178082192,0,1,0,0,0,0
537,30.53,13728.066683359422,-659.6383232550305,5.0,8.04,3.0,-20138.75800897608,20138.75800897608,3138.0483456800653,15.0,116.83198947648592,14308.219178082192,0,1,0,0,0,0
538,34.65,11010.356791548696,-659.6383232550305,5.0,8.04,3.0,-22856.467900786807,22856.467900786807,3138.0483456800653,15.0,116.83198947648592,14308.219178082192,0,1,0,0,0,0
539,34.18,11320.386803478563,-659.6383232550305,5.0,8.04,3.0,-22546.437888856944,22546.437888856944,3138.0483456800653,15.0,116.83198947648592,14308.219178082192,0,1,0,0,0,0
540,27.13,15970.836982426525,-659.6383232550305,5.0,8.04,3.0,-17895.987709908975,17895.987709908975,3138.0483456800653,15.0,116.83198947648592,14308.219178082192,0,1,0,0,0,0
541,23.13,18609.390275446647,-659.6383232550305,5.0,8.04,3.0,-15257.434416888855,15257.434416888855,3138.0483456800653,15.0,116.83198947648592,14308.219178082192,0,1,0,0,0,0
542,24.22,17890.384503098667,-659.6383232550305,5.0,8.04,3.0,-15976.440189236839,15976.440189236839,3138.0483456800653,15.0,116.83198947648592,14308.219178082192,0,1,0,0,0,0
543,29.92,14130.44606054499,-659.6383232550305,5.0,8.04,3.0,-19736.378631790514,19736.378631790514,3138.0483456800653,15.0,116.83198947648592,14308.219178082192,0,1,0,0,0,0
544,29.32,14526.22905449801,-659.6383232550305,5.0,8.04,3.0,-19340.595637837494,19340.595637837494,3138.0483456800653,15.0,116.83198947648592,14308.219178082192,0,1,0,0,0,0
545,26.79,16195.114012333237,-659.6383232550305,5.0,8.04,3.0,-17671.710680002267,17671.710680002267,3138.0483456800653,15.0,116.83198947648592,14308.219178082192,0,1,0,0,0,0
546,27.25,15891.680383635921,-659.6383232550305,5.0,8.04,3.0,-17975.144308699582,17975.144308699582,3138.0483456800653,15.0,116.83198947648592,14308.219178082192,0,1,0,0,0,0
547,28.67,14954.99396461378,-659.6383232550305,5.0,8.04,3.0,-18911.830727721725,18911.830727721725,3138.0483456800653,15.0,116.83198947648592,14308.219178082192,0,1,0,0,0,0
548,30.79,13556.560719313115,-659.6383232550305,5.0,8.04,3.0,-20310.26397302239,20310.26397302239,3138.0483456800653,15.0,116.83198947648592,14308.219178082192,0,1,0,0,0,0
549,24.37,17791.43875461041,-659.6383232550305,5.0,8.04,3.0,-16075.385937725094,16075.385937725094,3138.0483456800653,15.0,116.83198947648592,14308.219178082192,0,1,0,0,0,0
550,26.75,16221.49954526344,-659.6383232550305,5.0,8.04,3.0,-17645.325147072068,17645.325147072068,3138.0483456800653,15.0,116.83198947648592,14308.219178082192,0,1,0,0,0,0
551,21.08,19961.648838119465,-659.6383232550305,5.0,8.04,3.0,-13905.175854216042,13905.175854216042,3138.0483456800653,15.0,116.83198947648592,14308.219178082192,0,1,0,0,0,0
552,20.86,20106.769269235567,-659.6383232550305,5.0,8.04,3.0,-13760.055423099937,13760.055423099937,3138.0483456800653,15.0,116.83198947648592,14308.219178082192,0,1,0,0,0,0
553,17.52,22309.96126890737,-659.6383232550305,5.0,8.04,3.0,-11556.863423428134,11556.863423428134,3138.0483456800653,15.0,116.83198947648592,14308.219178082192,0,1,0,0,0,0
554,19.01,21327.100167257373,-659.6383232550305,5.0,8.04,3.0,-12539.72452507813,12539.72452507813,3138.0483456800653,15.0,116.83198947648592,14308.219178082192,0,1,0,0,0,0
555,21.33,19796.739257305704,-659.6383232550305,5.0,8.04,3.0,-14070.0854350298,14070.0854350298,3138.0483456800653,15.0,116.83198947648592,14308.219178082192,0,1,0,0,0,0
556,17.89,22065.895089303005,-659.6383232550305,5.0,8.04,3.0,-11800.929603032497,11800.929603032497,3138.0483456800653,15.0,116.83198947648592,14308.219178082192,0,1,0,0,0,0
557,24.41,17765.05322168021,-659.6383232550305,5.0,8.04,3.0,-16101.771470655294,16101.771470655294,3138.0483456800653,15.0,116.83198947648592,14308.219178082192,0,1,0,0,0,0
558,26.96,16082.97549737988,-659.6383232550305,5.0,8.04,3.0,-17783.849194955623,17783.849194955623,3138.0483456800653,15.0,116.83198947648592,14308.219178082192,0,1,0,0,0,0
559,25.76,16874.541485285918,-659.6383232550305,5.0,8.04,3.0,-16992.283207049586,16992.283207049586,3138.0483456800653,15.0,116.83198947648592,14308.219178082192,0,1,0,0,0,0
560,24.27,17857.402586935914,-659.6383232550305,5.0,8.04,3.0,-16009.42210539959,16009.42210539959,3138.0483456800653,15.0,116.83198947648592,14308.219178082192,0,1,0,0,0,0
561,22.63,18939.20943707416,-659.6383232550305,5.0,8.04,3.0,-14927.61525526134,14927.61525526134,3138.0483456800653,15.0,116.83198947648592,14308.219178082192,0,1,0,0,0,0
562,22.38,19104.11901788792,-659.6383232550305,5.0,8.04,3.0,-14762.705674447583,14762.705674447583,3138.0483456800653,15.0,116.83198947648592,14308.219178082192,0,1,0,0,0,0
563,25.86,16808.577652960415,-659.6383232550305,5.0,8.04,3.0,-17058.24703937509,17058.24703937509,3138.0483456800653,15.0,116.83198947648592,14308.219178082192,0,1,0,0,0,0
564,25.02,17362.673844494642,-659.6383232550305,5.0,8.04,3.0,-16504.15084784086,16504.15084784086,3138.0483456800653,15.0,116.83198947648592,14308.219178082192,0,1,0,0,0,0
565,27.2,15924.662299798674,-659.6383232550305,5.0,8.04,3.0,-17942.16239253683,17942.16239253683,3138.0483456800653,15.0,116.83198947648592,14308.219178082192,0,1,0,0,0,0
566,25.58,16993.276383471824,-659.6383232550305,5.0,8.04,3.0,-16873.54830886368,16873.54830886368,3138.0483456800653,15.0,116.83198947648592,14308.219178082192,0,1,0,0,0,0
567,23.5,18365.324095842287,-659.6383232550305,5.0,8.04,3.0,-15501.500596493217,15501.500596493217,3138.0483456800653,15.0,116.83198947648592,14308.219178082192,0,1,0,0,0,0
568,25.3,17177.97511398323,-659.6383232550305,5.0,8.04,3.0,-16688.849578352274,16688.849578352274,3138.0483456800653,15.0,116.83198947648592,14308.219178082192,0,1,0,0,0,0
569,55.48,-2729.909481853588,-659.6383232550305,5.0,8.04,3.0,-36596.73417418909,36596.73417418909,3138.0483456800653,15.0,116.83198947648592,14308.219178082192,0,1,0,0,0,0
570,35.62,10370.50761799132,-659.6383232550305,5.0,8.04,3.0,-23496.317074344184,23496.317074344184,3138.0483456800653,15.0,116.83198947648592,14308.219178082192,0,1,0,0,0,0
571,34.17,11326.98318671111,-659.6383232550305,5.0,8.04,3.0,-22539.841505624394,22539.841505624394,3138.0483456800653,15.0,116.83198947648592,14308.219178082192,0,1,0,0,0,0
572,33.43,11815.11554591983,-659.6383232550305,5.0,8.04,3.0,-22051.70914641567,22051.70914641567,3138.0483456800653,15.0,116.83198947648592,14308.219178082192,0,1,0,0,0,0
573,32.25,12593.48876736077,-659.6383232550305,5.0,8.04,3.0,-21273.335924974734,21273.335924974734,3138.0483456800653,15.0,116.83198947648592,14308.219178082192,0,1,0,0,0,0
574,33.05,12065.778108756745,-659.6383232550305,5.0,8.04,3.0,-21801.046583578758,21801.046583578758,3138.0483456800653,15.0,116.83198947648592,14308.219178082192,0,1,0,0,0,0
575,30.2,13945.747330033584,-659.6383232550305,5.0,8.04,3.0,-19921.07736230192,19921.07736230192,3138.0483456800653,15.0,116.83198947648592,14308.219178082192,0,1,0,0,0,0
576,28.0,15396.95164119465,-659.6383232550305,5.0,8.04,3.0,-18469.873051140854,18469.873051140854,3138.0483456800653,15.0,116.83198947648592,14308.219178082192,0,1,0,0,0,0
577,28.19,15271.620359776192,-659.6383232550305,5.0,8.04,3.0,-18595.20433255931,18595.20433255931,3138.0483456800653,15.0,116.83198947648592,14308.219178082192,0,1,0,0,0,0
578,28.21,15258.427593311091,-659.6383232550305,5.0,8.04,3.0,-18608.397099024412,18608.397099024412,3138.0483456800653,15.0,116.83198947648592,14308.219178082192,0,1,0,0,0,0
579,29.9,14143.638827010094,-659.6383232550305,5.0,8.04,3.0,-19723.185865325413,19723.185865325413,3138.0483456800653,15.0,116.83198947648592,14308.219178082192,0,1,0,0,0,0
580,35.12,10700.326779618834,-659.6383232550305,5.0,8.04,3.0,-23166.49791271667,23166.49791271667,3138.0483456800653,15.0,116.83198947648592,14308.219178082192,0,1,0,0,0,0
581,45.12,4103.943547068528,-659.6383232550305,5.0,8.04,3.0,-29762.881145266976,29762.881145266976,3138.0483456800653,15.0,116.83198947648592,14308.219178082192,0,1,0,0,0,0
582,39.36,7903.460289017501,-659.6383232550305,5.0,8.04,3.0,-25963.364403318,25963.364403318,3138.0483456800653,15.0,116.83198947648592,14308.219178082192,0,1,0,0,0,0
583,137.94,47379.89908160592,650.0,0,8.04,3.0,89661.0,-89661.0,15071.972825128516,0,556.8949724310688,14308.219178082192,1,0,0,0,0,0
584,64.44,-395.100918394087,650.0,0,8.04,3.0,41886.0,-41886.0,15071.972825128516,0,556.8949724310688,14308.219178082192,1,0,0,0,0,0
585,48.4,1940.329846792029,-659.6383232550305,5.0,8.04,3.0,-31926.494845543475,31926.494845543475,3138.0483456800653,15.0,116.83198947648592,14308.219178082192,0,1,0,0,0,0
586,51.66,-210.09108701936887,-659.6383232550305,5.0,8.04,3.0,-34076.91577935487,34076.91577935487,3138.0483456800653,15.0,116.83198947648592,14308.219178082192,0,1,0,0,0,0
587,53.33,-1311.687086855272,-659.6383232550305,5.0,8.04,3.0,-35178.511779190776,35178.511779190776,3138.0483456800653,15.0,116.83198947648592,14308.219178082192,0,1,0,0,0,0
588,45.82,3642.1967207900057,-659.6383232550305,5.0,8.04,3.0,-30224.6279715455,30224.6279715455,3138.0483456800653,15.0,116.83198947648592,14308.219178082192,0,1,0,0,0,0
589,41.36,6584.18364250744,-659.6383232550305,5.0,8.04,3.0,-27282.64104982806,27282.64104982806,3138.0483456800653,15.0,116.83198947648592,14308.219178082192,0,1,0,0,0,0
590,39.16,8035.387953668513,-659.6383232550305,5.0,8.04,3.0,-25831.43673866699,25831.43673866699,3138.0483456800653,15.0,116.83198947648592,14308.219178082192,0,1,0,0,0,0
591,39.3,7943.038588412808,-659.6383232550305,5.0,8.04,3.0,-25923.7861039227,25923.7861039227,3138.0483456800653,15.0,116.83198947648592,14308.219178082192,0,1,0,0,0,0
592,40.82,6940.3883370651565,-659.6383232550305,5.0,8.04,3.0,-26926.436355270347,26926.436355270347,3138.0483456800653,15.0,116.83198947648592,14308.219178082192,0,1,0,0,0,0
593,53.12,-1173.163038971717,-659.6383232550305,5.0,8.04,3.0,-35039.98773130722,35039.98773130722,3138.0483456800653,15.0,116.83198947648592,14308.219178082192,0,1,0,0,0,0
594,57.28,-3917.2584637126415,-659.6383232550305,5.0,8.04,3.0,-37784.083156048146,37784.083156048146,3138.0483456800653,15.0,116.83198947648592,14308.219178082192,0,1,0,0,0,0
595,43.14,5410.027427113488,-659.6383232550305,5.0,8.04,3.0,-28456.797265222016,28456.797265222016,3138.0483456800653,15.0,116.83198947648592,14308.219178082192,0,1,0,0,0,0
596,39.57,7764.936241133946,-659.6383232550305,5.0,8.04,3.0,-26101.888451201557,26101.888451201557,3138.0483456800653,15.0,116.83198947648592,14308.219178082192,0,1,0,0,0,0
597,36.61,9717.465677968838,-659.6383232550305,5.0,8.04,3.0,-24149.359014366666,24149.359014366666,3138.0483456800653,15.0,116.83198947648592,14308.219178082192,0,1,0,0,0,0
598,36.39,9862.586109084943,-659.6383232550305,5.0,8.04,3.0,-24004.23858325056,24004.23858325056,3138.0483456800653,15.0,116.83198947648592,14308.219178082192,0,1,0,0,0,0
599,38.9,8206.893917714817,-659.6383232550305,5.0,8.04,3.0,-25659.930774620687,25659.930774620687,3138.0483456800653,15.0,116.83198947648592,14308.219178082192,0,1,0,0,0,0
600,39.48,7824.303690226901,-659.6383232550305,5.0,8.04,3.0,-26042.521002108602,26042.521002108602,3138.0483456800653,15.0,116.83198947648592,14308.219178082192,0,1,0,0,0,0
601,32.0,12758.398348174527,-659.6383232550305,5.0,8.04,3.0,-21108.426344160976,21108.426344160976,3138.0483456800653,15.0,116.83198947648592,14308.219178082192,0,1,0,0,0,0
602,32.87,12184.513006942652,-659.6383232550305,5.0,8.04,3.0,-21682.31168539285,21682.31168539285,3138.0483456800653,15.0,116.83198947648592,14308.219178082192,0,1,0,0,0,0
603,30.46,13774.241365987273,-659.6383232550305,5.0,8.04,3.0,-20092.58332634823,20092.58332634823,3138.0483456800653,15.0,116.83198947648592,14308.219178082192,0,1,0,0,0,0
604,32.51,12421.982803314466,-659.6383232550305,5.0,8.04,3.0,-21444.84188902104,21444.84188902104,3138.0483456800653,15.0,116.83198947648592,14308.219178082192,0,1,0,0,0,0
605,31.86,12850.747713430232,-659.6383232550305,5.0,8.04,3.0,-21016.076978905272,21016.076978905272,3138.0483456800653,15.0,116.83198947648592,14308.219178082192,0,1,0,0,0,0
606,26.16,16610.686155983905,-659.6383232550305,5.0,8.04,3.0,-17256.1385363516,17256.1385363516,3138.0483456800653,15.0,116.83198947648592,14308.219178082192,0,1,0,0,0,0
607,12.56,25581.76735225232,-659.6383232550305,5.0,8.04,3.0,-8285.057340083184,8285.057340083184,3138.0483456800653,15.0,116.83198947648592,14308.219178082192,0,1,0,0,0,0
608,15.85,23411.557268743272,-659.6383232550305,5.0,8.04,3.0,-10455.267423592233,10455.267423592233,3138.0483456800653,15.0,116.83198947648592,14308.219178082192,0,1,0,0,0,0
609,4.99,30575.229459292903,-659.6383232550305,5.0,8.04,3.0,-3291.5952330426026,3291.5952330426026,3138.0483456800653,15.0,116.83198947648592,14308.219178082192,0,1,0,0,0,0
610,16.04,23286.225987324815,-659.6383232550305,5.0,8.04,3.0,-10580.598705010689,10580.598705010689,3138.0483456800653,15.0,116.83198947648592,14308.219178082192,0,1,0,0,0,0
611,31.38,13167.374108592645,-659.6383232550305,5.0,8.04,3.0,-20699.450583742855,20699.450583742855,3138.0483456800653,15.0,116.83198947648592,14308.219178082192,0,1,0,0,0,0
612,24.28,17850.806203703363,-659.6383232550305,5.0,8.04,3.0,-16016.018488632142,16016.018488632142,3138.0483456800653,15.0,116.83198947648592,14308.219178082192,0,1,0,0,0,0
613,23.73,18213.607281493627,-659.6383232550305,5.0,8.04,3.0,-15653.217410841875,15653.217410841875,3138.0483456800653,15.0,116.83198947648592,14308.219178082192,0,1,0,0,0,0
614,22.76,18853.456455051008,-659.6383232550305,5.0,8.04,3.0,-15013.368237284496,15013.368237284496,3138.0483456800653,15.0,116.83198947648592,14308.219178082192,0,1,0,0,0,0
615,22.93,18741.317940097655,-659.6383232550305,5.0,8.04,3.0,-15125.50675223785,15125.50675223785,3138.0483456800653,15.0,116.83198947648592,14308.219178082192,0,1,0,0,0,0
616,22.44,19064.54071849262,-659.6383232550305,5.0,8.04,3.0,-14802.283973842885,14802.283973842885,3138.0483456800653,15.0,116.83198947648592,14308.219178082192,0,1,0,0,0,0
617,23.07,18648.96857484195,-659.6383232550305,5.0,8.04,3.0,-15217.856117493555,15217.856117493555,3138.0483456800653,15.0,116.83198947648592,14308.219178082192,0,1,0,0,0,0
618,24.11,17962.94471865672,-659.6383232550305,5.0,8.04,3.0,-15903.879973678786,15903.879973678786,3138.0483456800653,15.0,116.83198947648592,14308.219178082192,0,1,0,0,0,0
619,22.64,18932.61305384161,-659.6383232550305,5.0,8.04,3.0,-14934.21163849389,14934.21163849389,3138.0483456800653,15.0,116.83198947648592,14308.219178082192,0,1,0,0,0,0
620,23.08,18642.3721916094,-659.6383232550305,5.0,8.04,3.0,-15224.452500726104,15224.452500726104,3138.0483456800653,15.0,116.83198947648592,14308.219178082192,0,1,0,0,0,0
621,23.57,18319.149413214436,-659.6383232550305,5.0,8.04,3.0,-15547.67527912107,15547.67527912107,3138.0483456800653,15.0,116.83198947648592,14308.219178082192,0,1,0,0,0,0
622,24.75,17540.776191773497,-659.6383232550305,5.0,8.04,3.0,-16326.048500562005,16326.048500562005,3138.0483456800653,15.0,116.83198947648592,14308.219178082192,0,1,0,0,0,0
623,21.11,19941.85968842181,-659.6383232550305,5.0,8.04,3.0,-13924.965003913694,13924.965003913694,3138.0483456800653,15.0,116.83198947648592,14308.219178082192,0,1,0,0,0,0
624,19.35,21102.823137350664,-659.6383232550305,5.0,8.04,3.0,-12764.001554984841,12764.001554984841,3138.0483456800653,15.0,116.83198947648592,14308.219178082192,0,1,0,0,0,0
625,19.06,21294.118251094624,-659.6383232550305,5.0,8.04,3.0,-12572.70644124088,12572.70644124088,3138.0483456800653,15.0,116.83198947648592,14308.219178082192,0,1,0,0,0,0
626,24.09,17976.13748512182,-659.6383232550305,5.0,8.04,3.0,-15890.687207213685,15890.687207213685,3138.0483456800653,15.0,116.83198947648592,14308.219178082192,0,1,0,0,0,0
627,21.89,19427.341796282886,-659.6383232550305,5.0,8.04,3.0,-14439.482896052617,14439.482896052617,3138.0483456800653,15.0,116.83198947648592,14308.219178082192,0,1,0,0,0,0
628,21.87,19440.534562747987,-659.6383232550305,5.0,8.04,3.0,-14426.290129587518,14426.290129587518,3138.0483456800653,15.0,116.83198947648592,14308.219178082192,0,1,0,0,0,0
629,26.22,16571.107856588606,-659.6383232550305,5.0,8.04,3.0,-17295.716835746898,17295.716835746898,3138.0483456800653,15.0,116.83198947648592,14308.219178082192,0,1,0,0,0,0
630,29.48,14420.686922777204,-659.6383232550305,5.0,8.04,3.0,-19446.1377695583,19446.1377695583,3138.0483456800653,15.0,116.83198947648592,14308.219178082192,0,1,0,0,0,0
631,27.33,15838.90931777552,-659.6383232550305,5.0,8.04,3.0,-18027.915374559983,18027.915374559983,3138.0483456800653,15.0,116.83198947648592,14308.219178082192,0,1,0,0,0,0
632,33.1,12032.796192593996,-659.6383232550305,5.0,8.04,3.0,-21834.02849974151,21834.02849974151,3138.0483456800653,15.0,116.83198947648592,14308.219178082192,0,1,0,0,0,0
633,32.09,12699.030899081572,-659.6383232550305,5.0,8.04,3.0,-21167.79379325393,21167.79379325393,3138.0483456800653,15.0,116.83198947648592,14308.219178082192,0,1,0,0,0,0
634,64.19,-557.600918394087,650.0,0,8.04,3.0,41723.5,-41723.5,15071.972825128516,0,556.8949724310688,14308.219178082192,1,0,0,0,0,0
635,36.23,9968.128240805752,-659.6383232550305,5.0,8.04,3.0,-23898.696451529755,23898.696451529755,3138.0483456800653,15.0,116.83198947648592,14308.219178082192,0,1,0,0,0,0
636,29.96,14104.06052761479,-659.6383232550305,5.0,8.04,3.0,-19762.764164720717,19762.764164720717,3138.0483456800653,15.0,116.83198947648592,14308.219178082192,0,1,0,0,0,0
637,26.08,16663.45722184431,-659.6383232550305,5.0,8.04,3.0,-17203.367470491194,17203.367470491194,3138.0483456800653,15.0,116.83198947648592,14308.219178082192,0,1,0,0,0,0
638,27.52,15713.578036357063,-659.6383232550305,5.0,8.04,3.0,-18153.24665597844,18153.24665597844,3138.0483456800653,15.0,116.83198947648592,14308.219178082192,0,1,0,0,0,0
639,27.23,15904.873150101022,-659.6383232550305,5.0,8.04,3.0,-17961.95154223448,17961.95154223448,3138.0483456800653,15.0,116.83198947648592,14308.219178082192,0,1,0,0,0,0
640,37.44,9169.965869667161,-659.6383232550305,5.0,8.04,3.0,-24696.858822668342,24696.858822668342,3138.0483456800653,15.0,116.83198947648592,14308.219178082192,0,1,0,0,0,0
641,33.79,11577.645749548024,-659.6383232550305,5.0,8.04,3.0,-22289.17894278748,22289.17894278748,3138.0483456800653,15.0,116.83198947648592,14308.219178082192,0,1,0,0,0,0
642,41.48,6505.02704371684,-659.6383232550305,5.0,8.04,3.0,-27361.797648618664,27361.797648618664,3138.0483456800653,15.0,116.83198947648592,14308.219178082192,0,1,0,0,0,0
643,37.4,9196.351402597364,-659.6383232550305,5.0,8.04,3.0,-24670.47328973814,24670.47328973814,3138.0483456800653,15.0,116.83198947648592,14308.219178082192,0,1,0,0,0,0
644,36.68,9671.290995340987,-659.6383232550305,5.0,8.04,3.0,-24195.53369699452,24195.53369699452,3138.0483456800653,15.0,116.83198947648592,14308.219178082192,0,1,0,0,0,0
645,40.32,7270.207498692671,-659.6383232550305,5.0,8.04,3.0,-26596.61719364283,26596.61719364283,3138.0483456800653,15.0,116.83198947648592,14308.219178082192,0,1,0,0,0,0
646,30.89,13490.596886987609,-659.6383232550305,5.0,8.04,3.0,-20376.22780534789,20376.22780534789,3138.0483456800653,15.0,116.83198947648592,14308.219178082192,0,1,0,0,0,0
647,28.29,15205.65652745069,-659.6383232550305,5.0,8.04,3.0,-18661.168164884813,18661.168164884813,3138.0483456800653,15.0,116.83198947648592,14308.219178082192,0,1,0,0,0,0
648,30.94,13457.61497082486,-659.6383232550305,5.0,8.04,3.0,-20409.209721510644,20409.209721510644,3138.0483456800653,15.0,116.83198947648592,14308.219178082192,0,1,0,0,0,0
649,30.47,13767.644982754722,-659.6383232550305,5.0,8.04,3.0,-20099.179709580778,20099.179709580778,3138.0483456800653,15.0,116.83198947648592,14308.219178082192,0,1,0,0,0,0
650,30.92,13470.80773728996,-659.6383232550305,5.0,8.04,3.0,-20396.016955045543,20396.016955045543,3138.0483456800653,15.0,116.83198947648592,14308.219178082192,0,1,0,0,0,0
651,30.53,13728.066683359422,-659.6383232550305,5.0,8.04,3.0,-20138.75800897608,20138.75800897608,3138.0483456800653,15.0,116.83198947648592,14308.219178082192,0,1,0,0,0,0
652,28.92,14790.084383800018,-659.6383232550305,5.0,8.04,3.0,-19076.740308535485,19076.740308535485,3138.0483456800653,15.0,116.83198947648592,14308.219178082192,0,1,0,0,0,0
653,28.88,14816.469916730224,-659.6383232550305,5.0,8.04,3.0,-19050.35477560528,19050.35477560528,3138.0483456800653,15.0,116.83198947648592,14308.219178082192,0,1,0,0,0,0
654,30.01,14071.078611452038,-659.6383232550305,5.0,8.04,3.0,-19795.746080883466,19795.746080883466,3138.0483456800653,15.0,116.83198947648592,14308.219178082192,0,1,0,0,0,0
655,34.2,11307.194037013458,-659.6383232550305,5.0,8.04,3.0,-22559.630655322046,22559.630655322046,3138.0483456800653,15.0,116.83198947648592,14308.219178082192,0,1,0,0,0,0
656,38.6,8404.785414691327,-659.6383232550305,5.0,8.04,3.0,-25462.03927764418,25462.03927764418,3138.0483456800653,15.0,116.83198947648592,14308.219178082192,0,1,0,0,0,0
657,46.59,3134.2752118836293,-659.6383232550305,5.0,8.04,3.0,-30732.549480451875,30732.549480451875,3138.0483456800653,15.0,116.83198947648592,14308.219178082192,0,1,0,0,0,0
658,44.86,4275.449511114835,-659.6383232550305,5.0,8.04,3.0,-29591.37518122067,29591.37518122067,3138.0483456800653,15.0,116.83198947648592,14308.219178082192,0,1,0,0,0,0
659,40.44,7191.050899902071,-659.6383232550305,5.0,8.04,3.0,-26675.773792433432,26675.773792433432,3138.0483456800653,15.0,116.83198947648592,14308.219178082192,0,1,0,0,0,0
660,46.48,3206.8354274416893,-659.6383232550305,5.0,8.04,3.0,-30659.989264893815,30659.989264893815,3138.0483456800653,15.0,116.83198947648592,14308.219178082192,0,1,0,0,0,0
661,41.55,6458.85236108899,-659.6383232550305,5.0,8.04,3.0,-27407.972331246518,27407.972331246518,3138.0483456800653,15.0,116.83198947648592,14308.219178082192,0,1,0,0,0,0
662,39.84,7586.833893855088,-659.6383232550305,5.0,8.04,3.0,-26279.99079848042,26279.99079848042,3138.0483456800653,15.0,116.83198947648592,14308.219178082192,0,1,0,0,0,0
663,41.15,6722.707690390998,-659.6383232550305,5.0,8.04,3.0,-27144.117001944505,27144.117001944505,3138.0483456800653,15.0,116.83198947648592,14308.219178082192,0,1,0,0,0,0
664,41.93,6208.189798252075,-659.6383232550305,5.0,8.04,3.0,-27658.63489408343,27658.63489408343,3138.0483456800653,15.0,116.83198947648592,14308.219178082192,0,1,0,0,0,0
665,46.05,3490.4799064413496,-659.6383232550305,5.0,8.04,3.0,-30376.344785894154,30376.344785894154,3138.0483456800653,15.0,116.83198947648592,14308.219178082192,0,1,0,0,0,0
666,48.8,1676.4745174900204,-659.6383232550305,5.0,8.04,3.0,-32190.350174845487,32190.350174845487,3138.0483456800653,15.0,116.83198947648592,14308.219178082192,0,1,0,0,0,0
667,33.85,11538.067450152721,-659.6383232550305,5.0,8.04,3.0,-22328.757242182783,22328.757242182783,3138.0483456800653,15.0,116.83198947648592,14308.219178082192,0,1,0,0,0,0
668,24.06,17995.926634819472,-659.6383232550305,5.0,8.04,3.0,-15870.898057516033,15870.898057516033,3138.0483456800653,15.0,116.83198947648592,14308.219178082192,0,1,0,0,0,0
669,22.89,18767.703473027854,-659.6383232550305,5.0,8.04,3.0,-15099.121219307648,15099.121219307648,3138.0483456800653,15.0,116.83198947648592,14308.219178082192,0,1,0,0,0,0
670,21.64,19592.251377096643,-659.6383232550305,5.0,8.04,3.0,-14274.57331523886,14274.57331523886,3138.0483456800653,15.0,116.83198947648592,14308.219178082192,0,1,0,0,0,0
671,22.38,19104.11901788792,-659.6383232550305,5.0,8.04,3.0,-14762.705674447583,14762.705674447583,3138.0483456800653,15.0,116.83198947648592,14308.219178082192,0,1,0,0,0,0
672,28.55,15034.150563404382,-659.6383232550305,5.0,8.04,3.0,-18832.67412893112,18832.67412893112,3138.0483456800653,15.0,116.83198947648592,14308.219178082192,0,1,0,0,0,0
673,28.65,14968.18673107888,-659.6383232550305,5.0,8.04,3.0,-18898.637961256623,18898.637961256623,3138.0483456800653,15.0,116.83198947648592,14308.219178082192,0,1,0,0,0,0
674,25.69,16920.716167913768,-659.6383232550305,5.0,8.04,3.0,-16946.108524421736,16946.108524421736,3138.0483456800653,15.0,116.83198947648592,14308.219178082192,0,1,0,0,0,0
675,22.8,18827.07092212081,-659.6383232550305,5.0,8.04,3.0,-15039.753770214696,15039.753770214696,3138.0483456800653,15.0,116.83198947648592,14308.219178082192,0,1,0,0,0,0
676,33.93,11485.29638429232,-659.6383232550305,5.0,8.04,3.0,-22381.528308043184,22381.528308043184,3138.0483456800653,15.0,116.83198947648592,14308.219178082192,0,1,0,0,0,0
677,30.93,13464.21135405741,-659.6383232550305,5.0,8.04,3.0,-20402.613338278094,20402.613338278094,3138.0483456800653,15.0,116.83198947648592,14308.219178082192,0,1,0,0,0,0
678,40.21,7342.767714250727,-659.6383232550305,5.0,8.04,3.0,-26524.056978084776,26524.056978084776,3138.0483456800653,15.0,116.83198947648592,14308.219178082192,0,1,0,0,0,0
679,47.14,2771.4741340933692,-659.6383232550305,5.0,8.04,3.0,-31095.35055824214,31095.35055824214,3138.0483456800653,15.0,116.83198947648592,14308.219178082192,0,1,0,0,0,0
680,89.83,16108.399081605916,650.0,0,8.04,3.0,58389.5,-58389.5,15071.972825128516,0,556.8949724310688,14308.219178082192,1,0,0,0,0,0
681,41.66,6386.292145530937,-659.6383232550305,5.0,8.04,3.0,-27480.53254680457,27480.53254680457,3138.0483456800653,15.0,116.83198947648592,14308.219178082192,0,1,0,0,0,0
682,35.62,10370.50761799132,-659.6383232550305,5.0,8.04,3.0,-23496.317074344184,23496.317074344184,3138.0483456800653,15.0,116.83198947648592,14308.219178082192,0,1,0,0,0,0
683,59.28,-3749.100918394087,650.0,0,8.04,3.0,38532.0,-38532.0,15071.972825128516,0,556.8949724310688,14308.219178082192,1,0,0,0,0,0
684,45.9,3589.4256549296047,-659.6383232550305,5.0,8.04,3.0,-30277.3990374059,30277.3990374059,3138.0483456800653,15.0,116.83198947648592,14308.219178082192,0,1,0,0,0,0
685,31.08,13365.265605569155,-659.6383232550305,5.0,8.04,3.0,-20501.55908676635,20501.55908676635,3138.0483456800653,15.0,116.83198947648592,14308.219178082192,0,1,0,0,0,0
686,29.12,14658.156719149014,-659.6383232550305,5.0,8.04,3.0,-19208.66797318649,19208.66797318649,3138.0483456800653,15.0,116.83198947648592,14308.219178082192,0,1,0,0,0,0
687,29.16,14631.771186218815,-659.6383232550305,5.0,8.04,3.0,-19235.05350611669,19235.05350611669,3138.0483456800653,15.0,116.83198947648592,14308.219178082192,0,1,0,0,0,0
688,22.23,19203.064766376177,-659.6383232550305,5.0,8.04,3.0,-14663.759925959328,14663.759925959328,3138.0483456800653,15.0,116.83198947648592,14308.219178082192,0,1,0,0,0,0
689,24.65,17606.740024099003,-659.6383232550305,5.0,8.04,3.0,-16260.0846682365,16260.0846682365,3138.0483456800653,15.0,116.83198947648592,14308.219178082192,0,1,0,0,0,0
690,39.53,7791.321774064145,-659.6383232550305,5.0,8.04,3.0,-26075.502918271355,26075.502918271355,3138.0483456800653,15.0,116.83198947648592,14308.219178082192,0,1,0,0,0,0
691,42.69,5706.864672578256,-659.6383232550305,5.0,8.04,3.0,-28159.96001975725,28159.96001975725,3138.0483456800653,15.0,116.83198947648592,14308.219178082192,0,1,0,0,0,0
692,26.46,16412.794659007395,-659.6383232550305,5.0,8.04,3.0,-17454.03003332811,17454.03003332811,3138.0483456800653,15.0,116.83198947648592,14308.219178082192,0,1,0,0,0,0
693,21.88,19433.938179515437,-659.6383232550305,5.0,8.04,3.0,-14432.886512820067,14432.886512820067,3138.0483456800653,15.0,116.83198947648592,14308.219178082192,0,1,0,0,0,0
694,24.43,17751.86045521511,-659.6383232550305,5.0,8.04,3.0,-16114.964237120395,16114.964237120395,3138.0483456800653,15.0,116.83198947648592,14308.219178082192,0,1,0,0,0,0
695,19.54,20977.49185593221,-659.6383232550305,5.0,8.04,3.0,-12889.332836403295,12889.332836403295,3138.0483456800653,15.0,116.83198947648592,14308.219178082192,0,1,0,0,0,0
696,20.04,20647.672694304696,-659.6383232550305,5.0,8.04,3.0,-13219.151998030811,13219.151998030811,3138.0483456800653,15.0,116.83198947648592,14308.219178082192,0,1,0,0,0,0
697,25.37,17131.80043135538,-659.6383232550305,5.0,8.04,3.0,-16735.024260980124,16735.024260980124,3138.0483456800653,15.0,116.83198947648592,14308.219178082192,0,1,0,0,0,0
698,24.97,17395.655760657395,-659.6383232550305,5.0,8.04,3.0,-16471.168931678112,16471.168931678112,3138.0483456800653,15.0,116.83198947648592,14308.219178082192,0,1,0,0,0,0
699,24.88,17455.023209750347,-659.6383232550305,5.0,8.04,3.0,-16411.801482585157,16411.801482585157,3138.0483456800653,15.0,116.83198947648592,14308.219178082192,0,1,0,0,0,0
700,20.83,20126.558418933222,-659.6383232550305,5.0,8.04,3.0,-13740.266273402285,13740.266273402285,3138.0483456800653,15.0,116.83198947648592,14308.219178082192,0,1,0,0,0,0
701,26.77,16208.306778798338,-659.6383232550305,5.0,8.04,3.0,-17658.517913537165,17658.517913537165,3138.0483456800653,15.0,116.83198947648592,14308.219178082192,0,1,0,0,0,0
702,24.78,17520.987042075845,-659.6383232550305,5.0,8.04,3.0,-16345.837650259657,16345.837650259657,3138.0483456800653,15.0,116.83198947648592,14308.219178082192,0,1,0,0,0,0
703,28.73,14915.415665218476,-659.6383232550305,5.0,8.04,3.0,-18951.409027117028,18951.409027117028,3138.0483456800653,15.0,116.83198947648592,14308.219178082192,0,1,0,0,0,0
704,33.82,11557.856599850373,-659.6383232550305,5.0,8.04,3.0,-22308.96809248513,22308.96809248513,3138.0483456800653,15.0,116.83198947648592,14308.219178082192,0,1,0,0,0,0
705,41.33,6603.972792205095,-659.6383232550305,5.0,8.04,3.0,-27262.85190013041,27262.85190013041,3138.0483456800653,15.0,116.83198947648592,14308.219178082192,0,1,0,0,0,0
706,43.28,5317.678061857783,-659.6383232550305,5.0,8.04,3.0,-28549.14663047772,28549.14663047772,3138.0483456800653,15.0,116.83198947648592,14308.219178082192,0,1,0,0,0,0
707,46.43,3239.817343604435,-659.6383232550305,5.0,8.04,3.0,-30627.007348731066,30627.007348731066,3138.0483456800653,15.0,116.83198947648592,14308.219178082192,0,1,0,0,0,0
708,46.6,3127.6788286510787,-659.6383232550305,5.0,8.04,3.0,-30739.14586368442,30739.14586368442,3138.0483456800653,15.0,116.83198947648592,14308.219178082192,0,1,0,0,0,0
709,41.42,6544.60534311214,-659.6383232550305,5.0,8.04,3.0,-27322.219349223364,27322.219349223364,3138.0483456800653,15.0,116.83198947648592,14308.219178082192,0,1,0,0,0,0
710,38.7,8338.821582365821,-659.6383232550305,5.0,8.04,3.0,-25528.003109969683,25528.003109969683,3138.0483456800653,15.0,116.83198947648592,14308.219178082192,0,1,0,0,0,0
711,36.31,9915.357174945344,-659.6383232550305,5.0,8.04,3.0,-23951.46751739016,23951.46751739016,3138.0483456800653,15.0,116.83198947648592,14308.219178082192,0,1,0,0,0,0
712,33.86,11531.47106692017,-659.6383232550305,5.0,8.04,3.0,-22335.353625415333,22335.353625415333,3138.0483456800653,15.0,116.83198947648592,14308.219178082192,0,1,0,0,0,0
713,39.45,7844.092839924546,-659.6383232550305,5.0,8.04,3.0,-26022.731852410954,26022.731852410954,3138.0483456800653,15.0,116.83198947648592,14308.219178082192,0,1,0,0,0,0
714,74.44,6104.899081605917,650.0,0,8.04,3.0,48386.0,-48386.0,15071.972825128516,0,556.8949724310688,14308.219178082192,1,0,0,0,0,0
715,49.52,1201.5349247463932,-659.6383232550305,5.0,8.04,3.0,-32665.289767589114,32665.289767589114,3138.0483456800653,15.0,116.83198947648592,14308.219178082192,0,1,0,0,0,0
716,35.17,10667.344863456077,-659.6383232550305,5.0,8.04,3.0,-23199.479828879423,23199.479828879423,3138.0483456800653,15.0,116.83198947648592,14308.219178082192,0,1,0,0,0,0
717,29.52,14394.301389847002,-659.6383232550305,5.0,8.04,3.0,-19472.523302488502,19472.523302488502,3138.0483456800653,15.0,116.83198947648592,14308.219178082192,0,1,0,0,0,0
718,24.96,17402.252143889942,-659.6383232550305,5.0,8.04,3.0,-16464.57254844556,16464.57254844556,3138.0483456800653,15.0,116.83198947648592,14308.219178082192,0,1,0,0,0,0
719,21.32,19803.33564053825,-659.6383232550305,5.0,8.04,3.0,-14063.48905179725,14063.48905179725,3138.0483456800653,15.0,116.83198947648592,14308.219178082192,0,1,0,0,0,0
720,24.75,17540.776191773497,-659.6383232550305,5.0,8.04,3.0,-16326.048500562005,16326.048500562005,3138.0483456800653,15.0,116.83198947648592,14308.219178082192,0,1,0,0,0,0
721,17.64,22230.804670116766,-659.6383232550305,5.0,8.04,3.0,-11636.02002221874,11636.02002221874,3138.0483456800653,15.0,116.83198947648592,14308.219178082192,0,1,0,0,0,0
722,19.76,20832.371424816098,-659.6383232550305,5.0,8.04,3.0,-13034.453267519404,13034.453267519404,3138.0483456800653,15.0,116.83198947648592,14308.219178082192,0,1,0,0,0,0
723,21.92,19407.552646585234,-659.6383232550305,5.0,8.04,3.0,-14459.27204575027,14459.27204575027,3138.0483456800653,15.0,116.83198947648592,14308.219178082192,0,1,0,0,0,0
724,26.44,16425.987425472496,-659.6383232550305,5.0,8.04,3.0,-17440.837266863007,17440.837266863007,3138.0483456800653,15.0,116.83198947648592,14308.219178082192,0,1,0,0,0,0
725,25.24,17217.553413378537,-659.6383232550305,5.0,8.04,3.0,-16649.27127895697,16649.27127895697,3138.0483456800653,15.0,116.83198947648592,14308.219178082192,0,1,0,0,0,0
726,27.34,15832.31293454297,-659.6383232550305,5.0,8.04,3.0,-18034.511757792534,18034.511757792534,3138.0483456800653,15.0,116.83198947648592,14308.219178082192,0,1,0,0,0,0
727,385.25,208131.39908160592,650.0,0,8.04,3.0,250412.5,-250412.5,15071.972825128516,0,556.8949724310688,14308.219178082192,1,0,0,0,0,0
728,38.63,8384.996264993675,-659.6383232550305,5.0,8.04,3.0,-25481.828427341832,25481.828427341832,3138.0483456800653,15.0,116.83198947648592,14308.219178082192,0,1,0,0,0,0
729,22.99,18701.739640702355,-659.6383232550305,5.0,8.04,3.0,-15165.08505163315,15165.08505163315,3138.0483456800653,15.0,116.83198947648592,14308.219178082192,0,1,0,0,0,0
730,26.99,16063.186347682233,-659.6383232550305,5.0,8.04,3.0,-17803.63834465327,17803.63834465327,3138.0483456800653,15.0,116.83198947648592,14308.219178082192,0,1,0,0,0,0
731,40.28,7296.593031622873,-659.6383232550305,5.0,8.04,3.0,-26570.23166071263,26570.23166071263,3138.0483456800653,15.0,116.83198947648592,14308.219178082192,0,1,0,0,0,0
732,41.42,6544.60534311214,-659.6383232550305,5.0,8.04,3.0,-27322.219349223364,27322.219349223364,3138.0483456800653,15.0,116.83198947648592,14308.219178082192,0,1,0,0,0,0
733,33.78,11584.242132780571,-659.6383232550305,5.0,8.04,3.0,-22282.582559554932,22282.582559554932,3138.0483456800653,15.0,116.83198947648592,14308.219178082192,0,1,0,0,0,0
734,30.79,13556.560719313115,-659.6383232550305,5.0,8.04,3.0,-20310.26397302239,20310.26397302239,3138.0483456800653,15.0,116.83198947648592,14308.219178082192,0,1,0,0,0,0
735,29.08,14684.542252079216,-659.6383232550305,5.0,8.04,3.0,-19182.282440256287,19182.282440256287,3138.0483456800653,15.0,116.83198947648592,14308.219178082192,0,1,0,0,0,0
736,18.49,21670.112095349992,-659.6383232550305,5.0,8.04,3.0,-12196.712596985513,12196.712596985513,3138.0483456800653,15.0,116.83198947648592,14308.219178082192,0,1,0,0,0,0
737,22.74,18866.649221516112,-659.6383232550305,5.0,8.04,3.0,-15000.175470819393,15000.175470819393,3138.0483456800653,15.0,116.83198947648592,14308.219178082192,0,1,0,0,0,0
738,32.77,12250.476839268154,-659.6383232550305,5.0,8.04,3.0,-21616.347853067353,21616.347853067353,3138.0483456800653,15.0,116.83198947648592,14308.219178082192,0,1,0,0,0,0
739,25.57,16999.872766704375,-659.6383232550305,5.0,8.04,3.0,-16866.95192563113,16866.95192563113,3138.0483456800653,15.0,116.83198947648592,14308.219178082192,0,1,0,0,0,0
740,23.07,18648.96857484195,-659.6383232550305,5.0,8.04,3.0,-15217.856117493555,15217.856117493555,3138.0483456800653,15.0,116.83198947648592,14308.219178082192,0,1,0,0,0,0
741,23.1,18629.1794251443,-659.6383232550305,5.0,8.04,3.0,-15237.645267191207,15237.645267191207,3138.0483456800653,15.0,116.83198947648592,14308.219178082192,0,1,0,0,0,0
742,19.53,20984.088239164757,-659.6383232550305,5.0,8.04,3.0,-12882.736453170746,12882.736453170746,3138.0483456800653,15.0,116.83198947648592,14308.219178082192,0,1,0,0,0,0
743,14.49,24308.66538837011,-659.6383232550305,5.0,8.04,3.0,-9558.159303965393,9558.159303965393,3138.0483456800653,15.0,116.83198947648592,14308.219178082192,0,1,0,0,0,0
744,13.69,24836.376046974136,-659.6383232550305,5.0,8.04,3.0,-9030.448645361368,9030.448645361368,3138.0483456800653,15.0,116.83198947648592,14308.219178082192,0,1,0,0,0,0
745,9.74,27441.94742383151,-659.6383232550305,5.0,8.04,3.0,-6424.877268503998,6424.877268503998,3138.0483456800653,15.0,116.83198947648592,14308.219178082192,0,1,0,0,0,0
746,20.66,20238.696933886575,-659.6383232550305,5.0,8.04,3.0,-13628.12775844893,13628.12775844893,3138.0483456800653,15.0,116.83198947648592,14308.219178082192,0,1,0,0,0,0
747,28.6,15001.16864724163,-659.6383232550305,5.0,8.04,3.0,-18865.656045093874,18865.656045093874,3138.0483456800653,15.0,116.83198947648592,14308.219178082192,0,1,0,0,0,0
748,28.42,15119.903545427536,-659.6383232550305,5.0,8.04,3.0,-18746.921146907967,18746.921146907967,3138.0483456800653,15.0,116.83198947648592,14308.219178082192,0,1,0,0,0,0
749,22.69,18899.631137678858,-659.6383232550305,5.0,8.04,3.0,-14967.193554656644,14967.193554656644,3138.0483456800653,15.0,116.83198947648592,14308.219178082192,0,1,0,0,0,0
750,34.14,11346.772336408765,-659.6383232550305,5.0,8.04,3.0,-22520.052355926742,22520.052355926742,3138.0483456800653,15.0,116.83198947648592,14308.219178082192,0,1,0,0,0,0
751,27.07,16010.415281821828,-659.6383232550305,5.0,8.04,3.0,-17856.409410513676,17856.409410513676,3138.0483456800653,15.0,116.83198947648592,14308.219178082192,0,1,0,0,0,0
752,24.69,17580.3544911688,-659.6383232550305,5.0,8.04,3.0,-16286.470201166705,16286.470201166705,3138.0483456800653,15.0,116.83198947648592,14308.219178082192,0,1,0,0,0,0
753,25.73,16894.33063498357,-659.6383232550305,5.0,8.04,3.0,-16972.494057351934,16972.494057351934,3138.0483456800653,15.0,116.83198947648592,14308.219178082192,0,1,0,0,0,0
754,24.13,17949.75195219162,-659.6383232550305,5.0,8.04,3.0,-15917.072740143885,15917.072740143885,3138.0483456800653,15.0,116.83198947648592,14308.219178082192,0,1,0,0,0,0
755,19.67,20891.738873909053,-659.6383232550305,5.0,8.04,3.0,-12975.08581842645,12975.08581842645,3138.0483456800653,15.0,116.83198947648592,14308.219178082192,0,1,0,0,0,0
756,17.59,22263.786586279515,-659.6383232550305,5.0,8.04,3.0,-11603.038106055987,11603.038106055987,3138.0483456800653,15.0,116.83198947648592,14308.219178082192,0,1,0,0,0,0
757,17.68,22204.419137186567,-659.6383232550305,5.0,8.04,3.0,-11662.40555514894,11662.40555514894,3138.0483456800653,15.0,116.83198947648592,14308.219178082192,0,1,0,0,0,0
758,13.32,25080.442226578496,-659.6383232550305,5.0,8.04,3.0,-8786.382465757006,8786.382465757006,3138.0483456800653,15.0,116.83198947648592,14308.219178082192,0,1,0,0,0,0
759,13.23,25139.80967567145,-659.6383232550305,5.0,8.04,3.0,-8727.015016664054,8727.015016664054,3138.0483456800653,15.0,116.83198947648592,14308.219178082192,0,1,0,0,0,0
760,16.69,22857.461077209045,-659.6383232550305,5.0,8.04,3.0,-11009.36361512646,11009.36361512646,3138.0483456800653,15.0,116.83198947648592,14308.219178082192,0,1,0,0,0,0
761,21.29,19823.124790235903,-659.6383232550305,5.0,8.04,3.0,-14043.699902099599,14043.699902099599,3138.0483456800653,15.0,116.83198947648592,14308.219178082192,0,1,0,0,0,0
762,31.59,13028.85006070909,-659.6383232550305,5.0,8.04,3.0,-20837.974631626414,20837.974631626414,3138.0483456800653,15.0,116.83198947648592,14308.219178082192,0,1,0,0,0,0
763,30.63,13662.10285103392,-659.6383232550305,5.0,8.04,3.0,-20204.721841301583,20204.721841301583,3138.0483456800653,15.0,116.83198947648592,14308.219178082192,0,1,0,0,0,0
764,27.73,15575.053988473508,-659.6383232550305,5.0,8.04,3.0,-18291.770703861996,18291.770703861996,3138.0483456800653,15.0,116.83198947648592,14308.219178082192,0,1,0,0,0,0
765,23.11,18622.58304191175,-659.6383232550305,5.0,8.04,3.0,-15244.241650423755,15244.241650423755,3138.0483456800653,15.0,116.83198947648592,14308.219178082192,0,1,0,0,0,0
766,18.25,21828.4252929312,-659.6383232550305,5.0,8.04,3.0,-12038.399399404307,12038.399399404307,3138.0483456800653,15.0,116.83198947648592,14308.219178082192,0,1,0,0,0,0
767,20.78,20159.540335095968,-659.6383232550305,5.0,8.04,3.0,-13707.284357239534,13707.284357239534,3138.0483456800653,15.0,116.83198947648592,14308.219178082192,0,1,0,0,0,0
768,21.12,19935.263305189255,-659.6383232550305,5.0,8.04,3.0,-13931.561387146245,13931.561387146245,3138.0483456800653,15.0,116.83198947648592,14308.219178082192,0,1,0,0,0,0
769,27.21,15918.065916566124,-659.6383232550305,5.0,8.04,3.0,-17948.75877576938,17948.75877576938,3138.0483456800653,15.0,116.83198947648592,14308.219178082192,0,1,0,0,0,0
770,25.46,17072.432982262428,-659.6383232550305,5.0,8.04,3.0,-16794.391710073076,16794.391710073076,3138.0483456800653,15.0,116.83198947648592,14308.219178082192,0,1,0,0,0,0
771,22.02,19341.588814259732,-659.6383232550305,5.0,8.04,3.0,-14525.235878075771,14525.235878075771,3138.0483456800653,15.0,116.83198947648592,14308.219178082192,0,1,0,0,0,0
772,21.74,19526.28754477114,-659.6383232550305,5.0,8.04,3.0,-14340.537147564362,14340.537147564362,3138.0483456800653,15.0,116.83198947648592,14308.219178082192,0,1,0,0,0,0
773,24.98,17389.05937742484,-659.6383232550305,5.0,8.04,3.0,-16477.765314910663,16477.765314910663,3138.0483456800653,15.0,116.83198947648592,14308.219178082192,0,1,0,0,0,0
774,31.76,12916.711545755734,-659.6383232550305,5.0,8.04,3.0,-20950.11314657977,20950.11314657977,3138.0483456800653,15.0,116.83198947648592,14308.219178082192,0,1,0,0,0,0
775,42.13,6076.262133601067,-659.6383232550305,5.0,8.04,3.0,-27790.562558734437,27790.562558734437,3138.0483456800653,15.0,116.83198947648592,14308.219178082192,0,1,0,0,0,0
776,41.97,6181.804265321873,-659.6383232550305,5.0,8.04,3.0,-27685.02042701363,27685.02042701363,3138.0483456800653,15.0,116.83198947648592,14308.219178082192,0,1,0,0,0,0
777,46.36,3285.9920262322926,-659.6383232550305,5.0,8.04,3.0,-30580.832666103215,30580.832666103215,3138.0483456800653,15.0,116.83198947648592,14308.219178082192,0,1,0,0,0,0
778,45.27,4004.9977985802693,-659.6383232550305,5.0,8.04,3.0,-29861.826893755235,29861.826893755235,3138.0483456800653,15.0,116.83198947648592,14308.219178082192,0,1,0,0,0,0
779,38.04,8774.182875714141,-659.6383232550305,5.0,8.04,3.0,-25092.64181662136,25092.64181662136,3138.0483456800653,15.0,116.83198947648592,14308.219178082192,0,1,0,0,0,0
780,34.8,10911.411043060445,-659.6383232550305,5.0,8.04,3.0,-22955.41364927506,22955.41364927506,3138.0483456800653,15.0,116.83198947648592,14308.219178082192,0,1,0,0,0,0
781,36.4,9855.989725852392,-659.6383232550305,5.0,8.04,3.0,-24010.83496648311,24010.83496648311,3138.0483456800653,15.0,116.83198947648592,14308.219178082192,0,1,0,0,0,0
782,24.5,17705.685772587254,-659.6383232550305,5.0,8.04,3.0,-16161.138919748248,16161.138919748248,3138.0483456800653,15.0,116.83198947648592,14308.219178082192,0,1,0,0,0,0
783,32.99,12105.356408152045,-659.6383232550305,5.0,8.04,3.0,-21761.46828418346,21761.46828418346,3138.0483456800653,15.0,116.83198947648592,14308.219178082192,0,1,0,0,0,0
784,31.81,12883.729629592985,-659.6383232550305,5.0,8.04,3.0,-20983.09506274252,20983.09506274252,3138.0483456800653,15.0,116.83198947648592,14308.219178082192,0,1,0,0,0,0
785,38.79,8279.454133272873,-659.6383232550305,5.0,8.04,3.0,-25587.370559062634,25587.370559062634,3138.0483456800653,15.0,116.83198947648592,14308.219178082192,0,1,0,0,0,0
786,47.62,2454.8477389309523,-659.6383232550305,5.0,8.04,3.0,-31411.97695340455,31411.97695340455,3138.0483456800653,15.0,116.83198947648592,14308.219178082192,0,1,0,0,0,0
787,46.51,3187.046277744034,-659.6383232550305,5.0,8.04,3.0,-30679.778414591467,30679.778414591467,3138.0483456800653,15.0,116.83198947648592,14308.219178082192,0,1,0,0,0,0
788,44.71,4374.39525960309,-659.6383232550305,5.0,8.04,3.0,-29492.429432732413,29492.429432732413,3138.0483456800653,15.0,116.83198947648592,14308.219178082192,0,1,0,0,0,0
789,45.15,4084.15439737088,-659.6383232550305,5.0,8.04,3.0,-29782.670294964628,29782.670294964628,3138.0483456800653,15.0,116.83198947648592,14308.219178082192,0,1,0,0,0,0
790,47.93,2250.3598587218953,-659.6383232550305,5.0,8.04,3.0,-31616.464833613612,31616.464833613612,3138.0483456800653,15.0,116.83198947648592,14308.219178082192,0,1,0,0,0,0
791,41.12,6742.496840088654,-659.6383232550305,5.0,8.04,3.0,-27124.327852246854,27124.327852246854,3138.0483456800653,15.0,116.83198947648592,14308.219178082192,0,1,0,0,0,0
792,28.85,14836.259066427872,-659.6383232550305,5.0,8.04,3.0,-19030.56562590763,19030.56562590763,3138.0483456800653,15.0,116.83198947648592,14308.219178082192,0,1,0,0,0,0
793,35.57,10403.489534154069,-659.6383232550305,5.0,8.04,3.0,-23463.335158181435,23463.335158181435,3138.0483456800653,15.0,116.83198947648592,14308.219178082192,0,1,0,0,0,0
794,32.51,12421.982803314466,-659.6383232550305,5.0,8.04,3.0,-21444.84188902104,21444.84188902104,3138.0483456800653,15.0,116.83198947648592,14308.219178082192,0,1,0,0,0,0
795,31.99,12764.994731407078,-659.6383232550305,5.0,8.04,3.0,-21101.829960928426,21101.829960928426,3138.0483456800653,15.0,116.83198947648592,14308.219178082192,0,1,0,0,0,0
796,36.41,9849.393342619845,-659.6383232550305,5.0,8.04,3.0,-24017.431349715658,24017.431349715658,3138.0483456800653,15.0,116.83198947648592,14308.219178082192,0,1,0,0,0,0
797,40.13,7395.538780111128,-659.6383232550305,5.0,8.04,3.0,-26471.285912224375,26471.285912224375,3138.0483456800653,15.0,116.83198947648592,14308.219178082192,0,1,0,0,0,0
798,37.59,9071.020121178906,-659.6383232550305,5.0,8.04,3.0,-24795.8045711566,24795.8045711566,3138.0483456800653,15.0,116.83198947648592,14308.219178082192,0,1,0,0,0,0
799,41.41,6551.201726344694,-659.6383232550305,5.0,8.04,3.0,-27315.622965990813,27315.622965990813,3138.0483456800653,15.0,116.83198947648592,14308.219178082192,0,1,0,0,0,0
800,44.32,4631.654205672552,-659.6383232550305,5.0,8.04,3.0,-29235.17048666295,29235.17048666295,3138.0483456800653,15.0,116.83198947648592,14308.219178082192,0,1,0,0,0,0
801,40.45,7184.454516669517,-659.6383232550305,5.0,8.04,3.0,-26682.370175665987,26682.370175665987,3138.0483456800653,15.0,116.83198947648592,14308.219178082192,0,1,0,0,0,0
802,45.89,3596.0220381621516,-659.6383232550305,5.0,8.04,3.0,-30270.80265417335,30270.80265417335,3138.0483456800653,15.0,116.83198947648592,14308.219178082192,0,1,0,0,0,0
803,49.55,1181.7457750487451,-659.6383232550305,5.0,8.04,3.0,-32685.07891728676,32685.07891728676,3138.0483456800653,15.0,116.83198947648592,14308.219178082192,0,1,0,0,0,0
804,51.54,-130.9344882287692,-659.6383232550305,5.0,8.04,3.0,-33997.75918056427,33997.75918056427,3138.0483456800653,15.0,116.83198947648592,14308.219178082192,0,1,0,0,0,0
805,51.23,73.55339198029876,-659.6383232550305,5.0,8.04,3.0,-33793.27130035521,33793.27130035521,3138.0483456800653,15.0,116.83198947648592,14308.219178082192,0,1,0,0,0,0
806,45.18,4064.3652476732245,-659.6383232550305,5.0,8.04,3.0,-29802.45944466228,29802.45944466228,3138.0483456800653,15.0,116.83198947648592,14308.219178082192,0,1,0,0,0,0
807,44.43,4559.093990114499,-659.6383232550305,5.0,8.04,3.0,-29307.730702221004,29307.730702221004,3138.0483456800653,15.0,116.83198947648592,14308.219178082192,0,1,0,0,0,0
808,45.01,4176.50376262658,-659.6383232550305,5.0,8.04,3.0,-29690.320929708923,29690.320929708923,3138.0483456800653,15.0,116.83198947648592,14308.219178082192,0,1,0,0,0,0
809,50.0,884.9085295839764,-659.6383232550305,5.0,8.04,3.0,-32981.91616275153,32981.91616275153,3138.0483456800653,15.0,116.83198947648592,14308.219178082192,0,1,0,0,0,0
810,73.6,5558.899081605902,650.0,0,8.04,3.0,47839.99999999999,-47839.99999999999,15071.972825128516,0,556.8949724310688,14308.219178082192,1,0,0,0,0,0
811,51.53,-124.33810499621862,-659.6383232550305,5.0,8.04,3.0,-33991.16279733172,33991.16279733172,3138.0483456800653,15.0,116.83198947648592,14308.219178082192,0,1,0,0,0,0
812,45.66,3747.738852510815,-659.6383232550305,5.0,8.04,3.0,-30119.085839824693,30119.085839824693,3138.0483456800653,15.0,116.83198947648592,14308.219178082192,0,1,0,0,0,0
813,38.99,8147.526468621862,-659.6383232550305,5.0,8.04,3.0,-25719.298223713642,25719.298223713642,3138.0483456800653,15.0,116.83198947648592,14308.219178082192,0,1,0,0,0,0
814,40.32,7270.207498692671,-659.6383232550305,5.0,8.04,3.0,-26596.61719364283,26596.61719364283,3138.0483456800653,15.0,116.83198947648592,14308.219178082192,0,1,0,0,0,0
815,40.87,6907.406420902411,-659.6383232550305,5.0,8.04,3.0,-26959.418271433096,26959.418271433096,3138.0483456800653,15.0,116.83198947648592,14308.219178082192,0,1,0,0,0,0
816,35.26,10607.97741436313,-659.6383232550305,5.0,8.04,3.0,-23258.847277972374,23258.847277972374,3138.0483456800653,15.0,116.83198947648592,14308.219178082192,0,1,0,0,0,0
817,32.66,12323.03705482621,-659.6383232550305,5.0,8.04,3.0,-21543.787637509293,21543.787637509293,3138.0483456800653,15.0,116.83198947648592,14308.219178082192,0,1,0,0,0,0
818,31.59,13028.85006070909,-659.6383232550305,5.0,8.04,3.0,-20837.974631626414,20837.974631626414,3138.0483456800653,15.0,116.83198947648592,14308.219178082192,0,1,0,0,0,0
819,29.73,14255.777341963447,-659.6383232550305,5.0,8.04,3.0,-19611.047350372057,19611.047350372057,3138.0483456800653,15.0,116.83198947648592,14308.219178082192,0,1,0,0,0,0
820,28.44,15106.710778962435,-659.6383232550305,5.0,8.04,3.0,-18760.11391337307,18760.11391337307,3138.0483456800653,15.0,116.83198947648592,14308.219178082192,0,1,0,0,0,0
821,27.91,15456.319090287601,-659.6383232550305,5.0,8.04,3.0,-18410.505602047902,18410.505602047902,3138.0483456800653,15.0,116.83198947648592,14308.219178082192,0,1,0,0,0,0
822,33.68,11650.205965106077,-659.6383232550305,5.0,8.04,3.0,-22216.618727229426,22216.618727229426,3138.0483456800653,15.0,116.83198947648592,14308.219178082192,0,1,0,0,0,0
823,34.72,10964.182108920846,-659.6383232550305,5.0,8.04,3.0,-22902.642583414658,22902.642583414658,3138.0483456800653,15.0,116.83198947648592,14308.219178082192,0,1,0,0,0,0
824,3.39,31630.650776500952,-659.6383232550305,5.0,8.04,3.0,-2236.1739158345536,2236.1739158345536,3138.0483456800653,15.0,116.83198947648592,14308.219178082192,0,1,0,0,0,0
825,32.82,12217.494923105402,-659.6383232550305,5.0,8.04,3.0,-21649.329769230102,21649.329769230102,3138.0483456800653,15.0,116.83198947648592,14308.219178082192,0,1,0,0,0,0
826,25.43,17092.22213196008,-659.6383232550305,5.0,8.04,3.0,-16774.602560375424,16774.602560375424,3138.0483456800653,15.0,116.83198947648592,14308.219178082192,0,1,0,0,0,0
827,11.14,26518.453771274464,-659.6383232550305,5.0,8.04,3.0,-7348.3709210610405,7348.3709210610405,3138.0483456800653,15.0,116.83198947648592,14308.219178082192,0,1,0,0,0,0
828,7.23,29097.63961520163,-659.6383232550305,5.0,8.04,3.0,-4769.185077133871,4769.185077133871,3138.0483456800653,15.0,116.83198947648592,14308.219178082192,0,1,0,0,0,0
829,4.31,31023.78351910632,-659.6383232550305,5.0,8.04,3.0,-2843.0411732291814,2843.0411732291814,3138.0483456800653,15.0,116.83198947648592,14308.219178082192,0,1,0,0,0,0
830,3.25,31723.000141756653,-659.6383232550305,5.0,8.04,3.0,-2143.824550578849,2143.824550578849,3138.0483456800653,15.0,116.83198947648592,14308.219178082192,0,1,0,0,0,0
831,2.96,31914.295255500612,-659.6383232550305,5.0,8.04,3.0,-1952.5294368348902,1952.5294368348902,3138.0483456800653,15.0,116.83198947648592,14308.219178082192,0,1,0,0,0,0
832,-4.6,36901.160979308646,-659.6383232550305,5.0,8.04,3.0,3034.33628697314,-3034.33628697314,3138.0483456800653,15.0,116.83198947648592,14308.219178082192,0,1,0,0,0,0
833,9.05,27897.097866877477,-659.6383232550305,5.0,8.04,3.0,-5969.726825458027,5969.726825458027,3138.0483456800653,15.0,116.83198947648592,14308.219178082192,0,1,0,0,0,0
834,15.15,23873.30409502179,-659.6383232550305,5.0,8.04,3.0,-9993.520597313713,9993.520597313713,3138.0483456800653,15.0,116.83198947648592,14308.219178082192,0,1,0,0,0,0
835,22.58,18972.191353236914,-659.6383232550305,5.0,8.04,3.0,-14894.633339098587,14894.633339098587,3138.0483456800653,15.0,116.83198947648592,14308.219178082192,0,1,0,0,0,0
836,21.68,19565.865844166445,-659.6383232550305,5.0,8.04,3.0,-14300.95884816906,14300.95884816906,3138.0483456800653,15.0,116.83198947648592,14308.219178082192,0,1,0,0,0,0
837,25.28,17191.16788044833,-659.6383232550305,5.0,8.04,3.0,-16675.656811887173,16675.656811887173,3138.0483456800653,15.0,116.83198947648592,14308.219178082192,0,1,0,0,0,0
838,40.29,7289.996648390326,-659.6383232550305,5.0,8.04,3.0,-26576.828043945177,26576.828043945177,3138.0483456800653,15.0,116.83198947648592,14308.219178082192,0,1,0,0,0,0
839,43.93,4888.913151742014,-659.6383232550305,5.0,8.04,3.0,-28977.91154059349,28977.91154059349,3138.0483456800653,15.0,116.83198947648592,14308.219178082192,0,1,0,0,0,0
840,46.19,3398.130541185649,-659.6383232550305,5.0,8.04,3.0,-30468.69415114986,30468.69415114986,3138.0483456800653,15.0,116.83198947648592,14308.219178082192,0,1,0,0,0,0
841,42.1,6096.051283298719,-659.6383232550305,5.0,8.04,3.0,-27770.773409036785,27770.773409036785,3138.0483456800653,15.0,116.83198947648592,14308.219178082192,0,1,0,0,0,0
842,34.32,11228.037438222858,-659.6383232550305,5.0,8.04,3.0,-22638.78725411265,22638.78725411265,3138.0483456800653,15.0,116.83198947648592,14308.219178082192,0,1,0,0,0,0
843,14.92,24025.020909370447,-659.6383232550305,5.0,8.04,3.0,-9841.803782965055,9841.803782965055,3138.0483456800653,15.0,116.83198947648592,14308.219178082192,0,1,0,0,0,0
844,16.94,22692.55149639529,-659.6383232550305,5.0,8.04,3.0,-11174.273195940217,11174.273195940217,3138.0483456800653,15.0,116.83198947648592,14308.219178082192,0,1,0,0,0,0
845,7.06,29209.778130154988,-659.6383232550305,5.0,8.04,3.0,-4657.046562180515,4657.046562180515,3138.0483456800653,15.0,116.83198947648592,14308.219178082192,0,1,0,0,0,0
846,12.91,25350.89393911306,-659.6383232550305,5.0,8.04,3.0,-8515.930753222445,8515.930753222445,3138.0483456800653,15.0,116.83198947648592,14308.219178082192,0,1,0,0,0,0
847,-19.4,46663.808163483096,-659.6383232550305,5.0,8.04,3.0,12796.98347114759,-12796.98347114759,3138.0483456800653,15.0,116.83198947648592,14308.219178082192,0,1,0,0,0,0
848,-15.85,44322.092115927735,-659.6383232550305,5.0,8.04,3.0,10455.267423592233,-10455.267423592233,3138.0483456800653,15.0,116.83198947648592,14308.219178082192,0,1,0,0,0,0
849,-8.66,39579.292571724065,-659.6383232550305,5.0,8.04,3.0,5712.467879388564,-5712.467879388564,3138.0483456800653,15.0,116.83198947648592,14308.219178082192,0,1,0,0,0,0
850,-8.26,39315.43724242206,-659.6383232550305,5.0,8.04,3.0,5448.612550086552,-5448.612550086552,3138.0483456800653,15.0,116.83198947648592,14308.219178082192,0,1,0,0,0,0
851,-14.08,43154.53228376633,-659.6383232550305,5.0,8.04,3.0,9287.70759143083,-9287.70759143083,3138.0483456800653,15.0,116.83198947648592,14308.219178082192,0,1,0,0,0,0
852,-10.0,40463.207924885806,-659.6383232550305,5.0,8.04,3.0,6596.383232550305,-6596.383232550305,3138.0483456800653,15.0,116.83198947648592,14308.219178082192,0,1,0,0,0,0
853,-9.9,40397.24409256031,-659.6383232550305,5.0,8.04,3.0,6530.419400224802,-6530.419400224802,3138.0483456800653,15.0,116.83198947648592,14308.219178082192,0,1,0,0,0,0
854,0.4,33602.969363033495,-659.6383232550305,5.0,8.04,3.0,-263.8553293020122,263.8553293020122,3138.0483456800653,15.0,116.83198947648592,14308.219178082192,0,1,0,0,0,0
855,14.57,24255.89432250971,-659.6383232550305,5.0,8.04,3.0,-9610.930369825795,9610.930369825795,3138.0483456800653,15.0,116.83198947648592,14308.219178082192,0,1,0,0,0,0
856,14.47,24321.858154835212,-659.6383232550305,5.0,8.04,3.0,-9544.966537500291,9544.966537500291,3138.0483456800653,15.0,116.83198947648592,14308.219178082192,0,1,0,0,0,0
857,35.63,10363.911234758769,-659.6383232550305,5.0,8.04,3.0,-23502.91345757674,23502.91345757674,3138.0483456800653,15.0,116.83198947648592,14308.219178082192,0,1,0,0,0,0
858,40.46,7177.85813343697,-659.6383232550305,5.0,8.04,3.0,-26688.966558898534,26688.966558898534,3138.0483456800653,15.0,116.83198947648592,14308.219178082192,0,1,0,0,0,0
859,40.5,7151.472600506768,-659.6383232550305,5.0,8.04,3.0,-26715.352091828736,26715.352091828736,3138.0483456800653,15.0,116.83198947648592,14308.219178082192,0,1,0,0,0,0
860,40.64,7059.123235251063,-659.6383232550305,5.0,8.04,3.0,-26807.70145708444,26807.70145708444,3138.0483456800653,15.0,116.83198947648592,14308.219178082192,0,1,0,0,0,0
861,42.09,6102.647666531269,-659.6383232550305,5.0,8.04,3.0,-27764.177025804238,27764.177025804238,3138.0483456800653,15.0,116.83198947648592,14308.219178082192,0,1,0,0,0,0
862,45.84,3629.0039543249045,-659.6383232550305,5.0,8.04,3.0,-30237.8207380106,30237.8207380106,3138.0483456800653,15.0,116.83198947648592,14308.219178082192,0,1,0,0,0,0
863,43.74,5014.244433160471,-659.6383232550305,5.0,8.04,3.0,-28852.580259175036,28852.580259175036,3138.0483456800653,15.0,116.83198947648592,14308.219178082192,0,1,0,0,0,0
864,44.64,4420.569942230941,-659.6383232550305,5.0,8.04,3.0,-29446.254750104563,29446.254750104563,3138.0483456800653,15.0,116.83198947648592,14308.219178082192,0,1,0,0,0,0
865,40.88,6900.810037669857,-659.6383232550305,5.0,8.04,3.0,-26966.01465466565,26966.01465466565,3138.0483456800653,15.0,116.83198947648592,14308.219178082192,0,1,0,0,0,0
866,39.61,7738.550708203744,-659.6383232550305,5.0,8.04,3.0,-26128.27398413176,26128.27398413176,3138.0483456800653,15.0,116.83198947648592,14308.219178082192,0,1,0,0,0,0
867,37.23,9308.48991755072,-659.6383232550305,5.0,8.04,3.0,-24558.334774784784,24558.334774784784,3138.0483456800653,15.0,116.83198947648592,14308.219178082192,0,1,0,0,0,0
868,34.88,10858.639977200037,-659.6383232550305,5.0,8.04,3.0,-23008.184715135467,23008.184715135467,3138.0483456800653,15.0,116.83198947648592,14308.219178082192,0,1,0,0,0,0
869,30.23,13925.958180335929,-659.6383232550305,5.0,8.04,3.0,-19940.86651199957,19940.86651199957,3138.0483456800653,15.0,116.83198947648592,14308.219178082192,0,1,0,0,0,0
870,31.21,13279.512623546001,-659.6383232550305,5.0,8.04,3.0,-20587.312068789503,20587.312068789503,3138.0483456800653,15.0,116.83198947648592,14308.219178082192,0,1,0,0,0,0
871,31.29,13226.7415576856,-659.6383232550305,5.0,8.04,3.0,-20640.083134649904,20640.083134649904,3138.0483456800653,15.0,116.83198947648592,14308.219178082192,0,1,0,0,0,0
872,34.44,11148.880839432255,-659.6383232550305,5.0,8.04,3.0,-22717.94385290325,22717.94385290325,3138.0483456800653,15.0,116.83198947648592,14308.219178082192,0,1,0,0,0,0
873,42.52,5819.003187531605,-659.6383232550305,5.0,8.04,3.0,-28047.8215048039,28047.8215048039,3138.0483456800653,15.0,116.83198947648592,14308.219178082192,0,1,0,0,0,0
874,49.24,1386.2336552578022,-659.6383232550305,5.0,8.04,3.0,-32480.591037077706,32480.591037077706,3138.0483456800653,15.0,116.83198947648592,14308.219178082192,0,1,0,0,0,0
875,50.32,673.8242661423724,-659.6383232550305,5.0,8.04,3.0,-33193.00042619314,33193.00042619314,3138.0483456800653,15.0,116.83198947648592,14308.219178082192,0,1,0,0,0,0
876,35.44,10489.242516177223,-659.6383232550305,5.0,8.04,3.0,-23377.58217615828,23377.58217615828,3138.0483456800653,15.0,116.83198947648592,14308.219178082192,0,1,0,0,0,0
877,25.67,16933.90893437887,-659.6383232550305,5.0,8.04,3.0,-16932.915757956634,16932.915757956634,3138.0483456800653,15.0,116.83198947648592,14308.219178082192,0,1,0,0,0,0
878,25.57,16999.872766704375,-659.6383232550305,5.0,8.04,3.0,-16866.95192563113,16866.95192563113,3138.0483456800653,15.0,116.83198947648592,14308.219178082192,0,1,0,0,0,0
879,18.63,21577.762730094284,-659.6383232550305,5.0,8.04,3.0,-12289.061962241218,12289.061962241218,3138.0483456800653,15.0,116.83198947648592,14308.219178082192,0,1,0,0,0,0
880,16.72,22837.671927511394,-659.6383232550305,5.0,8.04,3.0,-11029.15276482411,11029.15276482411,3138.0483456800653,15.0,116.83198947648592,14308.219178082192,0,1,0,0,0,0
881,35.08,10726.712312549033,-659.6383232550305,5.0,8.04,3.0,-23140.112379786467,23140.112379786467,3138.0483456800653,15.0,116.83198947648592,14308.219178082192,0,1,0,0,0,0
882,80.05,9751.399081605916,650.0,0,8.04,3.0,52032.5,-52032.5,15071.972825128516,0,556.8949724310688,14308.219178082192,1,0,0,0,0,0
883,53.7,-1555.753266459636,-659.6383232550305,5.0,8.04,3.0,-35422.57795879514,35422.57795879514,3138.0483456800653,15.0,116.83198947648592,14308.219178082192,0,1,0,0,0,0
884,50.94,264.848505724251,-659.6383232550305,5.0,8.04,3.0,-33601.97618661125,33601.97618661125,3138.0483456800653,15.0,116.83198947648592,14308.219178082192,0,1,0,0,0,0
885,49.86,977.2578948396845,-659.6383232550305,5.0,8.04,3.0,-32889.56679749582,32889.56679749582,3138.0483456800653,15.0,116.83198947648592,14308.219178082192,0,1,0,0,0,0
886,45.28,3998.4014153477224,-659.6383232550305,5.0,8.04,3.0,-29868.42327698778,29868.42327698778,3138.0483456800653,15.0,116.83198947648592,14308.219178082192,0,1,0,0,0,0
887,38.41,8530.116696109788,-659.6383232550305,5.0,8.04,3.0,-25336.70799622572,25336.70799622572,3138.0483456800653,15.0,116.83198947648592,14308.219178082192,0,1,0,0,0,0
888,34.88,10858.639977200037,-659.6383232550305,5.0,8.04,3.0,-23008.184715135467,23008.184715135467,3138.0483456800653,15.0,116.83198947648592,14308.219178082192,0,1,0,0,0,0
889,34.7,10977.374875385944,-659.6383232550305,5.0,8.04,3.0,-22889.44981694956,22889.44981694956,3138.0483456800653,15.0,116.83198947648592,14308.219178082192,0,1,0,0,0,0
890,39.56,7771.532624366497,-659.6383232550305,5.0,8.04,3.0,-26095.292067969007,26095.292067969007,3138.0483456800653,15.0,116.83198947648592,14308.219178082192,0,1,0,0,0,0
891,38.9,8206.893917714817,-659.6383232550305,5.0,8.04,3.0,-25659.930774620687,25659.930774620687,3138.0483456800653,15.0,116.83198947648592,14308.219178082192,0,1,0,0,0,0
892,39.86,7573.641127389987,-659.6383232550305,5.0,8.04,3.0,-26293.183564945517,26293.183564945517,3138.0483456800653,15.0,116.83198947648592,14308.219178082192,0,1,0,0,0,0
893,43.25,5337.467211555435,-659.6383232550305,5.0,8.04,3.0,-28529.35748078007,28529.35748078007,3138.0483456800653,15.0,116.83198947648592,14308.219178082192,0,1,0,0,0,0
894,62.02,-1968.1009183940869,650.0,0,8.04,3.0,40313.0,-40313.0,15071.972825128516,0,556.8949724310688,14308.219178082192,1,0,0,0,0,0
895,45.47,3873.070133929265,-659.6383232550305,5.0,8.04,3.0,-29993.754558406235,29993.754558406235,3138.0483456800653,15.0,116.83198947648592,14308.219178082192,0,1,0,0,0,0
896,56.8,-3600.6320685502283,-659.6383232550305,5.0,8.04,3.0,-37467.45676088573,37467.45676088573,3138.0483456800653,15.0,116.83198947648592,14308.219178082192,0,1,0,0,0,0
897,50.74,396.77617037525533,-659.6383232550305,5.0,8.04,3.0,-33470.04852196025,33470.04852196025,3138.0483456800653,15.0,116.83198947648592,14308.219178082192,0,1,0,0,0,0
898,49.84,990.4506613047856,-659.6383232550305,5.0,8.04,3.0,-32876.374031030726,32876.374031030726,3138.0483456800653,15.0,116.83198947648592,14308.219178082192,0,1,0,0,0,0
899,47.24,2705.5103017678634,-659.6383232550305,5.0,8.04,3.0,-31161.314390567644,31161.314390567644,3138.0483456800653,15.0,116.83198947648592,14308.219178082192,0,1,0,0,0,0
900,45.19,4057.7688644406776,-659.6383232550305,5.0,8.04,3.0,-29809.055827894827,29809.055827894827,3138.0483456800653,15.0,116.83198947648592,14308.219178082192,0,1,0,0,0,0
901,45.08,4130.32907999873,-659.6383232550305,5.0,8.04,3.0,-29736.495612336774,29736.495612336774,3138.0483456800653,15.0,116.83198947648592,14308.219178082192,0,1,0,0,0,0
902,43.62,5093.401031951074,-659.6383232550305,5.0,8.04,3.0,-28773.42366038443,28773.42366038443,3138.0483456800653,15.0,116.83198947648592,14308.219178082192,0,1,0,0,0,0
903,37.0,9460.206731899372,-659.6383232550305,5.0,8.04,3.0,-24406.617960436128,24406.617960436128,3138.0483456800653,15.0,116.83198947648592,14308.219178082192,0,1,0,0,0,0
904,37.5,9130.387570271858,-659.6383232550305,5.0,8.04,3.0,-24736.437122063646,24736.437122063646,3138.0483456800653,15.0,116.83198947648592,14308.219178082192,0,1,0,0,0,0
905,42.24,6003.701918043011,-659.6383232550305,5.0,8.04,3.0,-27863.12277429249,27863.12277429249,3138.0483456800653,15.0,116.83198947648592,14308.219178082192,0,1,0,0,0,0
906,55.82,-2954.1865117603006,-659.6383232550305,5.0,8.04,3.0,-36821.011204095805,36821.011204095805,3138.0483456800653,15.0,116.83198947648592,14308.219178082192,0,1,0,0,0,0
907,38.76,8299.243282970525,-659.6383232550305,5.0,8.04,3.0,-25567.581409364982,25567.581409364982,3138.0483456800653,15.0,116.83198947648592,14308.219178082192,0,1,0,0,0,0
908,23.76,18193.81813179598,-659.6383232550305,5.0,8.04,3.0,-15673.006560539527,15673.006560539527,3138.0483456800653,15.0,116.83198947648592,14308.219178082192,0,1,0,0,0,0
909,2.16,32442.005914104637,-659.6383232550305,5.0,8.04,3.0,-1424.818778230866,1424.818778230866,3138.0483456800653,15.0,116.83198947648592,14308.219178082192,0,1,0,0,0,0
910,9.88,27349.5980585758,-659.6383232550305,5.0,8.04,3.0,-6517.226633759702,6517.226633759702,3138.0483456800653,15.0,116.83198947648592,14308.219178082192,0,1,0,0,0,0
911,7.71,28781.013220039218,-659.6383232550305,5.0,8.04,3.0,-5085.8114722962855,5085.8114722962855,3138.0483456800653,15.0,116.83198947648592,14308.219178082192,0,1,0,0,0,0
912,20.01,20667.46184400234,-659.6383232550305,5.0,8.04,3.0,-13199.362848333161,13199.362848333161,3138.0483456800653,15.0,116.83198947648592,14308.219178082192,0,1,0,0,0,0
913,16.15,23213.665771766762,-659.6383232550305,5.0,8.04,3.0,-10653.158920568741,10653.158920568741,3138.0483456800653,15.0,116.83198947648592,14308.219178082192,0,1,0,0,0,0
914,11.3,26412.91163955366,-659.6383232550305,5.0,8.04,3.0,-7453.913052781845,7453.913052781845,3138.0483456800653,15.0,116.83198947648592,14308.219178082192,0,1,0,0,0,0
915,19.25,21168.78696967617,-659.6383232550305,5.0,8.04,3.0,-12698.037722659337,12698.037722659337,3138.0483456800653,15.0,116.83198947648592,14308.219178082192,0,1,0,0,0,0
916,19.58,20951.106323002008,-659.6383232550305,5.0,8.04,3.0,-12915.718369333496,12915.718369333496,3138.0483456800653,15.0,116.83198947648592,14308.219178082192,0,1,0,0,0,0
917,25.13,17290.113628936586,-659.6383232550305,5.0,8.04,3.0,-16576.711063398918,16576.711063398918,3138.0483456800653,15.0,116.83198947648592,14308.219178082192,0,1,0,0,0,0
918,34.93,10825.658061037291,-659.6383232550305,5.0,8.04,3.0,-23041.166631298216,23041.166631298216,3138.0483456800653,15.0,116.83198947648592,14308.219178082192,0,1,0,0,0,0
919,37.8,8932.496073295355,-659.6383232550305,5.0,8.04,3.0,-24934.328619040152,24934.328619040152,3138.0483456800653,15.0,116.83198947648592,14308.219178082192,0,1,0,0,0,0
920,46.04,3497.0762896739,-659.6383232550305,5.0,8.04,3.0,-30369.748402661604,30369.748402661604,3138.0483456800653,15.0,116.83198947648592,14308.219178082192,0,1,0,0,0,0
921,27.49,15733.367186054718,-659.6383232550305,5.0,8.04,3.0,-18133.45750628079,18133.45750628079,3138.0483456800653,15.0,116.83198947648592,14308.219178082192,0,1,0,0,0,0
922,24.84,17481.408742680545,-659.6383232550305,5.0,8.04,3.0,-16385.41594965496,16385.41594965496,3138.0483456800653,15.0,116.83198947648592,14308.219178082192,0,1,0,0,0,0
923,48.64,1782.0166492108224,-659.6383232550305,5.0,8.04,3.0,-32084.808043124685,32084.808043124685,3138.0483456800653,15.0,116.83198947648592,14308.219178082192,0,1,0,0,0,0
924,22.88,18774.299856260404,-659.6383232550305,5.0,8.04,3.0,-15092.524836075097,15092.524836075097,3138.0483456800653,15.0,116.83198947648592,14308.219178082192,0,1,0,0,0,0
925,11.64,26188.63460964695,-659.6383232550305,5.0,8.04,3.0,-7678.190082688556,7678.190082688556,3138.0483456800653,15.0,116.83198947648592,14308.219178082192,0,1,0,0,0,0
926,-1.93,35139.926656217714,-659.6383232550305,5.0,8.04,3.0,1273.1019638822088,-1273.1019638822088,3138.0483456800653,15.0,116.83198947648592,14308.219178082192,0,1,0,0,0,0
927,2.64,32125.379518942224,-659.6383232550305,5.0,8.04,3.0,-1741.4451733932806,1741.4451733932806,3138.0483456800653,15.0,116.83198947648592,14308.219178082192,0,1,0,0,0,0
928,12.58,25568.57458578722,-659.6383232550305,5.0,8.04,3.0,-8298.250106548285,8298.250106548285,3138.0483456800653,15.0,116.83198947648592,14308.219178082192,0,1,0,0,0,0
929,15.96,23338.997053185216,-659.6383232550305,5.0,8.04,3.0,-10527.827639150288,10527.827639150288,3138.0483456800653,15.0,116.83198947648592,14308.219178082192,0,1,0,0,0,0
930,50.52,541.8966014913608,-659.6383232550305,5.0,8.04,3.0,-33324.92809084414,33324.92809084414,3138.0483456800653,15.0,116.83198947648592,14308.219178082192,0,1,0,0,0,0
931,18.04,21966.949340814754,-659.6383232550305,5.0,8.04,3.0,-11899.87535152075,11899.87535152075,3138.0483456800653,15.0,116.83198947648592,14308.219178082192,0,1,0,0,0,0
932,14.38,24381.225603928164,-659.6383232550305,5.0,8.04,3.0,-9485.59908840734,9485.59908840734,3138.0483456800653,15.0,116.83198947648592,14308.219178082192,0,1,0,0,0,0
933,14.19,24506.55688534662,-659.6383232550305,5.0,8.04,3.0,-9360.267806988883,9360.267806988883,3138.0483456800653,15.0,116.83198947648592,14308.219178082192,0,1,0,0,0,0
934,16.43,23028.967041255353,-659.6383232550305,5.0,8.04,3.0,-10837.85765108015,10837.85765108015,3138.0483456800653,15.0,116.83198947648592,14308.219178082192,0,1,0,0,0,0
935,11.99,25957.761196507687,-659.6383232550305,5.0,8.04,3.0,-7909.063495827816,7909.063495827816,3138.0483456800653,15.0,116.83198947648592,14308.219178082192,0,1,0,0,0,0
936,10.33,27052.76081311104,-659.6383232550305,5.0,8.04,3.0,-6814.063879224465,6814.063879224465,3138.0483456800653,15.0,116.83198947648592,14308.219178082192,0,1,0,0,0,0
937,7.16,29143.814297829485,-659.6383232550305,5.0,8.04,3.0,-4723.010394506018,4723.010394506018,3138.0483456800653,15.0,116.83198947648592,14308.219178082192,0,1,0,0,0,0
938,12.51,25614.74926841507,-659.6383232550305,5.0,8.04,3.0,-8252.07542392043,8252.07542392043,3138.0483456800653,15.0,116.83198947648592,14308.219178082192,0,1,0,0,0,0
939,7.82,28708.453004481165,-659.6383232550305,5.0,8.04,3.0,-5158.371687854339,5158.371687854339,3138.0483456800653,15.0,116.83198947648592,14308.219178082192,0,1,0,0,0,0
940,8.28,28405.01937578385,-659.6383232550305,5.0,8.04,3.0,-5461.805316551652,5461.805316551652,3138.0483456800653,15.0,116.83198947648592,14308.219178082192,0,1,0,0,0,0
941,8.19,28464.386824876805,-659.6383232550305,5.0,8.04,3.0,-5402.4378674587,5402.4378674587,3138.0483456800653,15.0,116.83198947648592,14308.219178082192,0,1,0,0,0,0
942,17.0,22652.973196999985,-659.6383232550305,5.0,8.04,3.0,-11213.851495335519,11213.851495335519,3138.0483456800653,15.0,116.83198947648592,14308.219178082192,0,1,0,0,0,0
943,15.38,23721.587280673135,-659.6383232550305,5.0,8.04,3.0,-10145.23741166237,10145.23741166237,3138.0483456800653,15.0,116.83198947648592,14308.219178082192,0,1,0,0,0,0
944,20.62,20265.082466816773,-659.6383232550305,5.0,8.04,3.0,-13601.74222551873,13601.74222551873,3138.0483456800653,15.0,116.83198947648592,14308.219178082192,0,1,0,0,0,0
945,10.1,27204.477627459695,-659.6383232550305,5.0,8.04,3.0,-6662.3470648758075,6662.3470648758075,3138.0483456800653,15.0,116.83198947648592,14308.219178082192,0,1,0,0,0,0
946,8.53,28240.109794970092,-659.6383232550305,5.0,8.04,3.0,-5626.71489736541,5626.71489736541,3138.0483456800653,15.0,116.83198947648592,14308.219178082192,0,1,0,0,0,0
947,13.1,25225.562657694605,-659.6383232550305,5.0,8.04,3.0,-8641.2620346409,8641.2620346409,3138.0483456800653,15.0,116.83198947648592,14308.219178082192,0,1,0,0,0,0
948,7.85,28688.663854783514,-659.6383232550305,5.0,8.04,3.0,-5178.160837551989,5178.160837551989,3138.0483456800653,15.0,116.83198947648592,14308.219178082192,0,1,0,0,0,0
949,10.86,26703.152501785873,-659.6383232550305,5.0,8.04,3.0,-7163.672190549631,7163.672190549631,3138.0483456800653,15.0,116.83198947648592,14308.219178082192,0,1,0,0,0,0
950,13.05,25258.544573857354,-659.6383232550305,5.0,8.04,3.0,-8608.28011847815,8608.28011847815,3138.0483456800653,15.0,116.83198947648592,14308.219178082192,0,1,0,0,0,0
951,12.29,25759.86969953118,-659.6383232550305,5.0,8.04,3.0,-8106.954992804324,8106.954992804324,3138.0483456800653,15.0,116.83198947648592,14308.219178082192,0,1,0,0,0,0
952,13.19,25166.195208601654,-659.6383232550305,5.0,8.04,3.0,-8700.629483733852,8700.629483733852,3138.0483456800653,15.0,116.83198947648592,14308.219178082192,0,1,0,0,0,0
953,13.83,24744.02668171843,-659.6383232550305,5.0,8.04,3.0,-9122.798010617073,9122.798010617073,3138.0483456800653,15.0,116.83198947648592,14308.219178082192,0,1,0,0,0,0
954,21.35,19783.546490840603,-659.6383232550305,5.0,8.04,3.0,-14083.278201494903,14083.278201494903,3138.0483456800653,15.0,116.83198947648592,14308.219178082192,0,1,0,0,0,0
955,28.88,14816.469916730224,-659.6383232550305,5.0,8.04,3.0,-19050.35477560528,19050.35477560528,3138.0483456800653,15.0,116.83198947648592,14308.219178082192,0,1,0,0,0,0
956,30.97,13437.825821127208,-659.6383232550305,5.0,8.04,3.0,-20428.998871208296,20428.998871208296,3138.0483456800653,15.0,116.83198947648592,14308.219178082192,0,1,0,0,0,0
957,32.35,12527.524935035268,-659.6383232550305,5.0,8.04,3.0,-21339.29975730024,21339.29975730024,3138.0483456800653,15.0,116.83198947648592,14308.219178082192,0,1,0,0,0,0
958,35.09,10720.115929316478,-659.6383232550305,5.0,8.04,3.0,-23146.70876301902,23146.70876301902,3138.0483456800653,15.0,116.83198947648592,14308.219178082192,0,1,0,0,0,0
959,32.77,12250.476839268154,-659.6383232550305,5.0,8.04,3.0,-21616.347853067353,21616.347853067353,3138.0483456800653,15.0,116.83198947648592,14308.219178082192,0,1,0,0,0,0
960,30.04,14051.28946175439,-659.6383232550305,5.0,8.04,3.0,-19815.535230581118,19815.535230581118,3138.0483456800653,15.0,116.83198947648592,14308.219178082192,0,1,0,0,0,0
961,29.51,14400.897773079552,-659.6383232550305,5.0,8.04,3.0,-19465.92691925595,19465.92691925595,3138.0483456800653,15.0,116.83198947648592,14308.219178082192,0,1,0,0,0,0
962,31.1,13352.072839104057,-659.6383232550305,5.0,8.04,3.0,-20514.75185323145,20514.75185323145,3138.0483456800653,15.0,116.83198947648592,14308.219178082192,0,1,0,0,0,0
963,32.32,12547.31408473292,-659.6383232550305,5.0,8.04,3.0,-21319.510607602588,21319.510607602588,3138.0483456800653,15.0,116.83198947648592,14308.219178082192,0,1,0,0,0,0
964,32.35,12527.524935035268,-659.6383232550305,5.0,8.04,3.0,-21339.29975730024,21339.29975730024,3138.0483456800653,15.0,116.83198947648592,14308.219178082192,0,1,0,0,0,0
965,35.53,10429.875067084267,-659.6383232550305,5.0,8.04,3.0,-23436.949625251236,23436.949625251236,3138.0483456800653,15.0,116.83198947648592,14308.219178082192,0,1,0,0,0,0
966,40.59,7092.105151413813,-659.6383232550305,5.0,8.04,3.0,-26774.71954092169,26774.71954092169,3138.0483456800653,15.0,116.83198947648592,14308.219178082192,0,1,0,0,0,0
967,48.5,1874.3660144665232,-659.6383232550305,5.0,8.04,3.0,-31992.45867786898,31992.45867786898,3138.0483456800653,15.0,116.83198947648592,14308.219178082192,0,1,0,0,0,0
968,36.21,9981.321007270846,-659.6383232550305,5.0,8.04,3.0,-23885.503685064654,23885.503685064654,3138.0483456800653,15.0,116.83198947648592,14308.219178082192,0,1,0,0,0,0
969,27.56,15687.192503426864,-659.6383232550305,5.0,8.04,3.0,-18179.63218890864,18179.63218890864,3138.0483456800653,15.0,116.83198947648592,14308.219178082192,0,1,0,0,0,0
970,26.43,16432.583808705047,-659.6383232550305,5.0,8.04,3.0,-17434.240883630457,17434.240883630457,3138.0483456800653,15.0,116.83198947648592,14308.219178082192,0,1,0,0,0,0
971,25.31,17171.378730750683,-659.6383232550305,5.0,8.04,3.0,-16695.44596158482,16695.44596158482,3138.0483456800653,15.0,116.83198947648592,14308.219178082192,0,1,0,0,0,0
972,12.7,25489.417986996617,-659.6383232550305,5.0,8.04,3.0,-8377.406705338886,8377.406705338886,3138.0483456800653,15.0,116.83198947648592,14308.219178082192,0,1,0,0,0,0
973,16.04,23286.225987324815,-659.6383232550305,5.0,8.04,3.0,-10580.598705010689,10580.598705010689,3138.0483456800653,15.0,116.83198947648592,14308.219178082192,0,1,0,0,0,0
974,32.13,12672.64536615137,-659.6383232550305,5.0,8.04,3.0,-21194.17932618413,21194.17932618413,3138.0483456800653,15.0,116.83198947648592,14308.219178082192,0,1,0,0,0,0
975,29.65,14308.548407823851,-659.6383232550305,5.0,8.04,3.0,-19558.276284511652,19558.276284511652,3138.0483456800653,15.0,116.83198947648592,14308.219178082192,0,1,0,0,0,0
976,47.49,2540.6007209541062,-659.6383232550305,5.0,8.04,3.0,-31326.2239713814,31326.2239713814,3138.0483456800653,15.0,116.83198947648592,14308.219178082192,0,1,0,0,0,0
977,52.3,-632.2596139025914,-659.6383232550305,5.0,8.04,3.0,-34499.084306238095,34499.084306238095,3138.0483456800653,15.0,116.83198947648592,14308.219178082192,0,1,0,0,0,0
978,60.93,-2676.600918394087,650.0,0,8.04,3.0,39604.5,-39604.5,15071.972825128516,0,556.8949724310688,14308.219178082192,1,0,0,0,0,0
979,56.24,-3231.2346075274104,-659.6383232550305,5.0,8.04,3.0,-37098.059299862914,37098.059299862914,3138.0483456800653,15.0,116.83198947648592,14308.219178082192,0,1,0,0,0,0
980,47.1,2797.8596670235643,-659.6383232550305,5.0,8.04,3.0,-31068.96502531194,31068.96502531194,3138.0483456800653,15.0,116.83198947648592,14308.219178082192,0,1,0,0,0,0
981,38.71,8332.225199133274,-659.6383232550305,5.0,8.04,3.0,-25534.599493202233,25534.599493202233,3138.0483456800653,15.0,116.83198947648592,14308.219178082192,0,1,0,0,0,0
982,22.56,18985.384119702016,-659.6383232550305,5.0,8.04,3.0,-14881.440572633488,14881.440572633488,3138.0483456800653,15.0,116.83198947648592,14308.219178082192,0,1,0,0,0,0
983,25.0,17375.86661095974,-659.6383232550305,5.0,8.04,3.0,-16490.958081375764,16490.958081375764,3138.0483456800653,15.0,116.83198947648592,14308.219178082192,0,1,0,0,0,0
984,19.13,21247.94356846677,-659.6383232550305,5.0,8.04,3.0,-12618.881123868732,12618.881123868732,3138.0483456800653,15.0,116.83198947648592,14308.219178082192,0,1,0,0,0,0
985,16.69,22857.461077209045,-659.6383232550305,5.0,8.04,3.0,-11009.36361512646,11009.36361512646,3138.0483456800653,15.0,116.83198947648592,14308.219178082192,0,1,0,0,0,0
986,18.71,21524.991664233883,-659.6383232550305,5.0,8.04,3.0,-12341.83302810162,12341.83302810162,3138.0483456800653,15.0,116.83198947648592,14308.219178082192,0,1,0,0,0,0
987,16.25,23147.701939441256,-659.6383232550305,5.0,8.04,3.0,-10719.122752894245,10719.122752894245,3138.0483456800653,15.0,116.83198947648592,14308.219178082192,0,1,0,0,0,0
988,12.73,25469.628837298966,-659.6383232550305,5.0,8.04,3.0,-8397.195855036538,8397.195855036538,3138.0483456800653,15.0,116.83198947648592,14308.219178082192,0,1,0,0,0,0
989,23.01,18688.546874237254,-659.6383232550305,5.0,8.04,3.0,-15178.277818098253,15178.277818098253,3138.0483456800653,15.0,116.83198947648592,14308.219178082192,0,1,0,0,0,0
990,27.24,15898.276766868476,-659.6383232550305,5.0,8.04,3.0,-17968.54792546703,17968.54792546703,3138.0483456800653,15.0,116.83198947648592,14308.219178082192,0,1,0,0,0,0
991,30.78,13563.157102545665,-659.6383232550305,5.0,8.04,3.0,-20303.66758978984,20303.66758978984,3138.0483456800653,15.0,116.83198947648592,14308.219178082192,0,1,0,0,0,0
992,31.19,13292.705390011102,-659.6383232550305,5.0,8.04,3.0,-20574.1193023244,20574.1193023244,3138.0483456800653,15.0,116.83198947648592,14308.219178082192,0,1,0,0,0,0
993,27.35,15825.71655131042,-659.6383232550305,5.0,8.04,3.0,-18041.108141025084,18041.108141025084,3138.0483456800653,15.0,116.83198947648592,14308.219178082192,0,1,0,0,0,0
994,24.25,17870.59535340101,-659.6383232550305,5.0,8.04,3.0,-15996.22933893449,15996.22933893449,3138.0483456800653,15.0,116.83198947648592,14308.219178082192,0,1,0,0,0,0
995,28.81,14862.644599358075,-659.6383232550305,5.0,8.04,3.0,-19004.18009297743,19004.18009297743,3138.0483456800653,15.0,116.83198947648592,14308.219178082192,0,1,0,0,0,0
996,29.75,14242.584575498346,-659.6383232550305,5.0,8.04,3.0,-19624.240116837158,19624.240116837158,3138.0483456800653,15.0,116.83198947648592,14308.219178082192,0,1,0,0,0,0
997,34.38,11188.459138827551,-659.6383232550305,5.0,8.04,3.0,-22678.365553507952,22678.365553507952,3138.0483456800653,15.0,116.83198947648592,14308.219178082192,0,1,0,0,0,0
998,32.89,12171.320240477551,-659.6383232550305,5.0,8.04,3.0,-21695.504451857953,21695.504451857953,3138.0483456800653,15.0,116.83198947648592,14308.219178082192,0,1,0,0,0,0
999,32.63,12342.826204523855,-659.6383232550305,5.0,8.04,3.0,-21523.99848781165,21523.99848781165,3138.0483456800653,15.0,116.83198947648592,14308.219178082192,0,1,0,0,0,0
1000,33.34,11874.482995012782,-659.6383232550305,5.0,8.04,3.0,-21992.34169732272,21992.34169732272,3138.0483456800653,15.0,116.83198947648592,14308.219178082192,0,1,0,0,0,0
1001,36.58,9737.254827666493,-659.6383232550305,5.0,8.04,3.0,-24129.569864669014,24129.569864669014,3138.0483456800653,15.0,116.83198947648592,14308.219178082192,0,1,0,0,0,0
1002,53.1,-1159.9702725066159,-659.6383232550305,5.0,8.04,3.0,-35026.79496484212,35026.79496484212,3138.0483456800653,15.0,116.83198947648592,14308.219178082192,0,1,0,0,0,0
1003,65.48,280.899081605913,650.0,0,8.04,3.0,42562.0,-42562.0,15071.972825128516,0,556.8949724310688,14308.219178082192,1,0,0,0,0,0
1004,58.59,-4197.600918394087,650.0,0,8.04,3.0,38083.5,-38083.5,15071.972825128516,0,556.8949724310688,14308.219178082192,1,0,0,0,0,0
1005,69.06,2607.899081605913,650.0,0,8.04,3.0,44889.0,-44889.0,15071.972825128516,0,556.8949724310688,14308.219178082192,1,0,0,0,0,0
1006,65.83,508.399081605913,650.0,0,8.04,3.0,42789.5,-42789.5,15071.972825128516,0,556.8949724310688,14308.219178082192,1,0,0,0,0,0
1007,79.84,9614.899081605916,650.0,0,8.04,3.0,51896.0,-51896.0,15071.972825128516,0,556.8949724310688,14308.219178082192,1,0,0,0,0,0
1008,65.06,7.899081605913011,650.0,0,8.04,3.0,42289.0,-42289.0,15071.972825128516,0,556.8949724310688,14308.219178082192,1,0,0,0,0,0
1009,47.44,2573.582637116859,-659.6383232550305,5.0,8.04,3.0,-31293.242055218645,31293.242055218645,3138.0483456800653,15.0,116.83198947648592,14308.219178082192,0,1,0,0,0,0
1010,46.72,3048.522229860479,-659.6383232550305,5.0,8.04,3.0,-30818.302462475025,30818.302462475025,3138.0483456800653,15.0,116.83198947648592,14308.219178082192,0,1,0,0,0,0
1011,32.19,12633.067066756073,-659.6383232550305,5.0,8.04,3.0,-21233.75762557943,21233.75762557943,3138.0483456800653,15.0,116.83198947648592,14308.219178082192,0,1,0,0,0,0
1012,31.97,12778.187497872183,-659.6383232550305,5.0,8.04,3.0,-21088.637194463325,21088.637194463325,3138.0483456800653,15.0,116.83198947648592,14308.219178082192,0,1,0,0,0,0
1013,34.58,11056.53147417655,-659.6383232550305,5.0,8.04,3.0,-22810.293218158953,22810.293218158953,3138.0483456800653,15.0,116.83198947648592,14308.219178082192,0,1,0,0,0,0
1014,39.85,7580.237510622537,-659.6383232550305,5.0,8.04,3.0,-26286.587181712966,26286.587181712966,3138.0483456800653,15.0,116.83198947648592,14308.219178082192,0,1,0,0,0,0
1015,42.23,6010.298301275565,-659.6383232550305,5.0,8.04,3.0,-27856.526391059935,27856.526391059935,3138.0483456800653,15.0,116.83198947648592,14308.219178082192,0,1,0,0,0,0
1016,46.12,3444.305223813499,-659.6383232550305,5.0,8.04,3.0,-30422.519468522005,30422.519468522005,3138.0483456800653,15.0,116.83198947648592,14308.219178082192,0,1,0,0,0,0
1017,44.09,4783.371020021208,-659.6383232550305,5.0,8.04,3.0,-29083.4536723143,29083.4536723143,3138.0483456800653,15.0,116.83198947648592,14308.219178082192,0,1,0,0,0,0
1018,48.58,1821.5949486061222,-659.6383232550305,5.0,8.04,3.0,-32045.229743729382,32045.229743729382,3138.0483456800653,15.0,116.83198947648592,14308.219178082192,0,1,0,0,0,0
1019,68.26,2087.899081605913,650.0,0,8.04,3.0,44369.0,-44369.0,15071.972825128516,0,556.8949724310688,14308.219178082192,1,0,0,0,0,0
1020,41.86,6254.364480879925,-659.6383232550305,5.0,8.04,3.0,-27612.46021145558,27612.46021145558,3138.0483456800653,15.0,116.83198947648592,14308.219178082192,0,1,0,0,0,0
1021,40.47,7171.2617502044195,-659.6383232550305,5.0,8.04,3.0,-26695.562942131084,26695.562942131084,3138.0483456800653,15.0,116.83198947648592,14308.219178082192,0,1,0,0,0,0
1022,38.58,8417.978181156424,-659.6383232550305,5.0,8.04,3.0,-25448.846511179076,25448.846511179076,3138.0483456800653,15.0,116.83198947648592,14308.219178082192,0,1,0,0,0,0
1023,36.37,9875.778875550044,-659.6383232550305,5.0,8.04,3.0,-23991.04581678546,23991.04581678546,3138.0483456800653,15.0,116.83198947648592,14308.219178082192,0,1,0,0,0,0
1024,35.54,10423.27868385172,-659.6383232550305,5.0,8.04,3.0,-23443.546008483783,23443.546008483783,3138.0483456800653,15.0,116.83198947648592,14308.219178082192,0,1,0,0,0,0
1025,37.34,9235.929701992663,-659.6383232550305,5.0,8.04,3.0,-24630.89499034284,24630.89499034284,3138.0483456800653,15.0,116.83198947648592,14308.219178082192,0,1,0,0,0,0
1026,44.51,4506.322924254095,-659.6383232550305,5.0,8.04,3.0,-29360.501768081405,29360.501768081405,3138.0483456800653,15.0,116.83198947648592,14308.219178082192,0,1,0,0,0,0
1027,48.66,1768.8238827457212,-659.6383232550305,5.0,8.04,3.0,-32098.000809589783,32098.000809589783,3138.0483456800653,15.0,116.83198947648592,14308.219178082192,0,1,0,0,0,0
1028,67.63,1678.3990816059131,650.0,0,8.04,3.0,43959.5,-43959.5,15071.972825128516,0,556.8949724310688,14308.219178082192,1,0,0,0,0,0
1029,140.29,48907.39908160592,650.0,0,8.04,3.0,91188.5,-91188.5,15071.972825128516,0,556.8949724310688,14308.219178082192,1,0,0,0,0,0
1030,46.48,3206.8354274416893,-659.6383232550305,5.0,8.04,3.0,-30659.989264893815,30659.989264893815,3138.0483456800653,15.0,116.83198947648592,14308.219178082192,0,1,0,0,0,0
1031,41.09,6762.285989786298,-659.6383232550305,5.0,8.04,3.0,-27104.538702549205,27104.538702549205,3138.0483456800653,15.0,116.83198947648592,14308.219178082192,0,1,0,0,0,0
1032,68.43,2198.3990816059204,650.0,0,8.04,3.0,44479.50000000001,-44479.50000000001,15071.972825128516,0,556.8949724310688,14308.219178082192,1,0,0,0,0,0
1033,67.31,1470.3990816059131,650.0,0,8.04,3.0,43751.5,-43751.5,15071.972825128516,0,556.8949724310688,14308.219178082192,1,0,0,0,0,0
1034,53.86,-1661.295398180438,-659.6383232550305,5.0,8.04,3.0,-35528.12009051594,35528.12009051594,3138.0483456800653,15.0,116.83198947648592,14308.219178082192,0,1,0,0,0,0
1035,47.74,2375.6911401403454,-659.6383232550305,5.0,8.04,3.0,-31491.13355219516,31491.13355219516,3138.0483456800653,15.0,116.83198947648592,14308.219178082192,0,1,0,0,0,0
1036,46.4,3259.6064933020903,-659.6383232550305,5.0,8.04,3.0,-30607.218199033414,30607.218199033414,3138.0483456800653,15.0,116.83198947648592,14308.219178082192,0,1,0,0,0,0
1037,34.93,10825.658061037291,-659.6383232550305,5.0,8.04,3.0,-23041.166631298216,23041.166631298216,3138.0483456800653,15.0,116.83198947648592,14308.219178082192,0,1,0,0,0,0
1038,36.35,9888.971642015145,-659.6383232550305,5.0,8.04,3.0,-23977.85305032036,23977.85305032036,3138.0483456800653,15.0,116.83198947648592,14308.219178082192,0,1,0,0,0,0
1039,37.18,9341.47183371347,-659.6383232550305,5.0,8.04,3.0,-24525.352858622035,24525.352858622035,3138.0483456800653,15.0,116.83198947648592,14308.219178082192,0,1,0,0,0,0
1040,38.69,8345.417965598375,-659.6383232550305,5.0,8.04,3.0,-25521.40672673713,25521.40672673713,3138.0483456800653,15.0,116.83198947648592,14308.219178082192,0,1,0,0,0,0
1041,35.46,10476.049749712121,-659.6383232550305,5.0,8.04,3.0,-23390.774942623382,23390.774942623382,3138.0483456800653,15.0,116.83198947648592,14308.219178082192,0,1,0,0,0,0
1042,34.81,10904.81465982789,-659.6383232550305,5.0,8.04,3.0,-22962.010032507613,22962.010032507613,3138.0483456800653,15.0,116.83198947648592,14308.219178082192,0,1,0,0,0,0
1043,35.45,10482.646132944672,-659.6383232550305,5.0,8.04,3.0,-23384.178559390835,23384.178559390835,3138.0483456800653,15.0,116.83198947648592,14308.219178082192,0,1,0,0,0,0
1044,33.73,11617.224048943328,-659.6383232550305,5.0,8.04,3.0,-22249.600643392176,22249.600643392176,3138.0483456800653,15.0,116.83198947648592,14308.219178082192,0,1,0,0,0,0
1045,33.48,11782.133629757085,-659.6383232550305,5.0,8.04,3.0,-22084.69106257842,22084.69106257842,3138.0483456800653,15.0,116.83198947648592,14308.219178082192,0,1,0,0,0,0
1046,26.52,16373.216359612095,-659.6383232550305,5.0,8.04,3.0,-17493.60833272341,17493.60833272341,3138.0483456800653,15.0,116.83198947648592,14308.219178082192,0,1,0,0,0,0
1047,29.17,14625.174802986261,-659.6383232550305,5.0,8.04,3.0,-19241.649889349243,19241.649889349243,3138.0483456800653,15.0,116.83198947648592,14308.219178082192,0,1,0,0,0,0
1048,36.88,9539.36333068998,-659.6383232550305,5.0,8.04,3.0,-24327.461361645528,24327.461361645528,3138.0483456800653,15.0,116.83198947648592,14308.219178082192,0,1,0,0,0,0
1049,38.37,8556.502229039987,-659.6383232550305,5.0,8.04,3.0,-25310.32246329552,25310.32246329552,3138.0483456800653,15.0,116.83198947648592,14308.219178082192,0,1,0,0,0,0
1050,41.99,6168.611498856775,-659.6383232550305,5.0,8.04,3.0,-27698.213193478732,27698.213193478732,3138.0483456800653,15.0,116.83198947648592,14308.219178082192,0,1,0,0,0,0
1051,38.52,8457.556480551728,-659.6383232550305,5.0,8.04,3.0,-25409.268211783776,25409.268211783776,3138.0483456800653,15.0,116.83198947648592,14308.219178082192,0,1,0,0,0,0
1052,45.48,3866.4737506967217,-659.6383232550305,5.0,8.04,3.0,-30000.350941638786,30000.350941638786,3138.0483456800653,15.0,116.83198947648592,14308.219178082192,0,1,0,0,0,0
1053,41.77,6313.731929972877,-659.6383232550305,5.0,8.04,3.0,-27553.092762362627,27553.092762362627,3138.0483456800653,15.0,116.83198947648592,14308.219178082192,0,1,0,0,0,0
1054,41.24,6663.340241298043,-659.6383232550305,5.0,8.04,3.0,-27203.48445103746,27203.48445103746,3138.0483456800653,15.0,116.83198947648592,14308.219178082192,0,1,0,0,0,0
1055,30.33,13859.99434801043,-659.6383232550305,5.0,8.04,3.0,-20006.830344325073,20006.830344325073,3138.0483456800653,15.0,116.83198947648592,14308.219178082192,0,1,0,0,0,0
1056,28.9,14803.277150265123,-659.6383232550305,5.0,8.04,3.0,-19063.54754207038,19063.54754207038,3138.0483456800653,15.0,116.83198947648592,14308.219178082192,0,1,0,0,0,0
1057,34.31,11234.633821455405,-659.6383232550305,5.0,8.04,3.0,-22632.1908708801,22632.1908708801,3138.0483456800653,15.0,116.83198947648592,14308.219178082192,0,1,0,0,0,0
1058,33.2,11966.83236026849,-659.6383232550305,5.0,8.04,3.0,-21899.992332067013,21899.992332067013,3138.0483456800653,15.0,116.83198947648592,14308.219178082192,0,1,0,0,0,0
1059,40.6,7085.508768181266,-659.6383232550305,5.0,8.04,3.0,-26781.315924154238,26781.315924154238,3138.0483456800653,15.0,116.83198947648592,14308.219178082192,0,1,0,0,0,0
1060,37.17,9348.068216946016,-659.6383232550305,5.0,8.04,3.0,-24518.756475389484,24518.756475389484,3138.0483456800653,15.0,116.83198947648592,14308.219178082192,0,1,0,0,0,0
1061,32.49,12435.175569779563,-659.6383232550305,5.0,8.04,3.0,-21431.649122555944,21431.649122555944,3138.0483456800653,15.0,116.83198947648592,14308.219178082192,0,1,0,0,0,0
1062,33.69,11643.609581873527,-659.6383232550305,5.0,8.04,3.0,-22223.215110461977,22223.215110461977,3138.0483456800653,15.0,116.83198947648592,14308.219178082192,0,1,0,0,0,0
1063,69.58,2945.899081605913,650.0,0,8.04,3.0,45227.0,-45227.0,15071.972825128516,0,556.8949724310688,14308.219178082192,1,0,0,0,0,0
1064,94.58,19195.899081605916,650.0,0,8.04,3.0,61477.0,-61477.0,15071.972825128516,0,556.8949724310688,14308.219178082192,1,0,0,0,0,0
1065,70.4,3478.8990816059204,650.0,0,8.04,3.0,45760.00000000001,-45760.00000000001,15071.972825128516,0,556.8949724310688,14308.219178082192,1,0,0,0,0,0
1066,47.83,2316.3236910473975,-659.6383232550305,5.0,8.04,3.0,-31550.501001288107,31550.501001288107,3138.0483456800653,15.0,116.83198947648592,14308.219178082192,0,1,0,0,0,0
1067,45.99,3530.0582058366494,-659.6383232550305,5.0,8.04,3.0,-30336.766486498855,30336.766486498855,3138.0483456800653,15.0,116.83198947648592,14308.219178082192,0,1,0,0,0,0
1068,47.78,2349.3056072101467,-659.6383232550305,5.0,8.04,3.0,-31517.519085125357,31517.519085125357,3138.0483456800653,15.0,116.83198947648592,14308.219178082192,0,1,0,0,0,0
1069,49.02,1531.3540863739076,-659.6383232550305,5.0,8.04,3.0,-32335.470605961596,32335.470605961596,3138.0483456800653,15.0,116.83198947648592,14308.219178082192,0,1,0,0,0,0
1070,45.38,3932.4375830222166,-659.6383232550305,5.0,8.04,3.0,-29934.387109313288,29934.387109313288,3138.0483456800653,15.0,116.83198947648592,14308.219178082192,0,1,0,0,0,0
1071,42.55,5799.214037833957,-659.6383232550305,5.0,8.04,3.0,-28067.610654501546,28067.610654501546,3138.0483456800653,15.0,116.83198947648592,14308.219178082192,0,1,0,0,0,0
1072,48.96,1570.9323857692111,-659.6383232550305,5.0,8.04,3.0,-32295.892306566293,32295.892306566293,3138.0483456800653,15.0,116.83198947648592,14308.219178082192,0,1,0,0,0,0
1073,60.21,-3144.600918394087,650.0,0,8.04,3.0,39136.5,-39136.5,15071.972825128516,0,556.8949724310688,14308.219178082192,1,0,0,0,0,0
1074,71.14,3959.899081605913,650.0,0,8.04,3.0,46241.0,-46241.0,15071.972825128516,0,556.8949724310688,14308.219178082192,1,0,0,0,0,0
1075,55.74,-2901.415445899896,-659.6383232550305,5.0,8.04,3.0,-36768.2401382354,36768.2401382354,3138.0483456800653,15.0,116.83198947648592,14308.219178082192,0,1,0,0,0,0
1076,76.66,7547.899081605917,650.0,0,8.04,3.0,49829.0,-49829.0,15071.972825128516,0,556.8949724310688,14308.219178082192,1,0,0,0,0,0
1077,117.22,33911.89908160592,650.0,0,8.04,3.0,76193.0,-76193.0,15071.972825128516,0,556.8949724310688,14308.219178082192,1,0,0,0,0,0
1078,48.11,2131.6249605359885,-659.6383232550305,5.0,8.04,3.0,-31735.19973179952,31735.19973179952,3138.0483456800653,15.0,116.83198947648592,14308.219178082192,0,1,0,0,0,0
1079,76.44,7404.899081605917,650.0,0,8.04,3.0,49686.0,-49686.0,15071.972825128516,0,556.8949724310688,14308.219178082192,1,0,0,0,0,0
1080,62.48,-1669.1009183940869,650.0,0,8.04,3.0,40612.0,-40612.0,15071.972825128516,0,556.8949724310688,14308.219178082192,1,0,0,0,0,0
1081,37.21,9321.682684015821,-659.6383232550305,5.0,8.04,3.0,-24545.142008319686,24545.142008319686,3138.0483456800653,15.0,116.83198947648592,14308.219178082192,0,1,0,0,0,0
1082,43.52,5159.364864276573,-659.6383232550305,5.0,8.04,3.0,-28707.45982805893,28707.45982805893,3138.0483456800653,15.0,116.83198947648592,14308.219178082192,0,1,0,0,0,0
1083,25.71,16907.52340144867,-659.6383232550305,5.0,8.04,3.0,-16959.301290886837,16959.301290886837,3138.0483456800653,15.0,116.83198947648592,14308.219178082192,0,1,0,0,0,0
1084,13.71,24823.183280509034,-659.6383232550305,5.0,8.04,3.0,-9043.64141182647,9043.64141182647,3138.0483456800653,15.0,116.83198947648592,14308.219178082192,0,1,0,0,0,0
1085,19.63,20918.124406839255,-659.6383232550305,5.0,8.04,3.0,-12948.700285496248,12948.700285496248,3138.0483456800653,15.0,116.83198947648592,14308.219178082192,0,1,0,0,0,0
1086,16.99,22659.569580232535,-659.6383232550305,5.0,8.04,3.0,-11207.255112102968,11207.255112102968,3138.0483456800653,15.0,116.83198947648592,14308.219178082192,0,1,0,0,0,0
1087,32.82,12217.494923105402,-659.6383232550305,5.0,8.04,3.0,-21649.329769230102,21649.329769230102,3138.0483456800653,15.0,116.83198947648592,14308.219178082192,0,1,0,0,0,0
1088,32.43,12474.753869174867,-659.6383232550305,5.0,8.04,3.0,-21392.07082316064,21392.07082316064,3138.0483456800653,15.0,116.83198947648592,14308.219178082192,0,1,0,0,0,0
1089,30.58,13695.084767196673,-659.6383232550305,5.0,8.04,3.0,-20171.73992513883,20171.73992513883,3138.0483456800653,15.0,116.83198947648592,14308.219178082192,0,1,0,0,0,0
1090,31.29,13226.7415576856,-659.6383232550305,5.0,8.04,3.0,-20640.083134649904,20640.083134649904,3138.0483456800653,15.0,116.83198947648592,14308.219178082192,0,1,0,0,0,0
1091,48.55,1841.3840983037776,-659.6383232550305,5.0,8.04,3.0,-32025.44059403173,32025.44059403173,3138.0483456800653,15.0,116.83198947648592,14308.219178082192,0,1,0,0,0,0
1092,36.01,10113.248671921858,-659.6383232550305,5.0,8.04,3.0,-23753.576020413646,23753.576020413646,3138.0483456800653,15.0,116.83198947648592,14308.219178082192,0,1,0,0,0,0
1093,33.91,11498.489150757421,-659.6383232550305,5.0,8.04,3.0,-22368.335541578082,22368.335541578082,3138.0483456800653,15.0,116.83198947648592,14308.219178082192,0,1,0,0,0,0
1094,45.02,4169.907379394026,-659.6383232550305,5.0,8.04,3.0,-29696.917312941478,29696.917312941478,3138.0483456800653,15.0,116.83198947648592,14308.219178082192,0,1,0,0,0,0
1095,46.41,3253.0101100695397,-659.6383232550305,5.0,8.04,3.0,-30613.814582265964,30613.814582265964,3138.0483456800653,15.0,116.83198947648592,14308.219178082192,0,1,0,0,0,0
1096,56.37,-3316.9875895505606,-659.6383232550305,5.0,8.04,3.0,-37183.812281886065,37183.812281886065,3138.0483456800653,15.0,116.83198947648592,14308.219178082192,0,1,0,0,0,0
1097,55.45,-2710.1203321559365,-659.6383232550305,5.0,8.04,3.0,-36576.94502449144,36576.94502449144,3138.0483456800653,15.0,116.83198947648592,14308.219178082192,0,1,0,0,0,0
1098,66.96,1242.8990816059058,650.0,0,8.04,3.0,43523.99999999999,-43523.99999999999,15071.972825128516,0,556.8949724310688,14308.219178082192,1,0,0,0,0,0
1099,43.86,4935.087834369868,-659.6383232550305,5.0,8.04,3.0,-28931.73685796564,28931.73685796564,3138.0483456800653,15.0,116.83198947648592,14308.219178082192,0,1,0,0,0,0
1100,35.1,10713.519546083935,-659.6383232550305,5.0,8.04,3.0,-23153.305146251572,23153.305146251572,3138.0483456800653,15.0,116.83198947648592,14308.219178082192,0,1,0,0,0,0
1101,34.6,11043.33870771145,-659.6383232550305,5.0,8.04,3.0,-22823.485984624058,22823.485984624058,3138.0483456800653,15.0,116.83198947648592,14308.219178082192,0,1,0,0,0,0
1102,29.12,14658.156719149014,-659.6383232550305,5.0,8.04,3.0,-19208.66797318649,19208.66797318649,3138.0483456800653,15.0,116.83198947648592,14308.219178082192,0,1,0,0,0,0
1103,27.65,15627.825054333909,-659.6383232550305,5.0,8.04,3.0,-18238.999638001595,18238.999638001595,3138.0483456800653,15.0,116.83198947648592,14308.219178082192,0,1,0,0,0,0
1104,49.07,1498.3721702111584,-659.6383232550305,5.0,8.04,3.0,-32368.452522124346,32368.452522124346,3138.0483456800653,15.0,116.83198947648592,14308.219178082192,0,1,0,0,0,0
1105,15.87,23398.36450227817,-659.6383232550305,5.0,8.04,3.0,-10468.460190057334,10468.460190057334,3138.0483456800653,15.0,116.83198947648592,14308.219178082192,0,1,0,0,0,0
1106,13.78,24777.008597881184,-659.6383232550305,5.0,8.04,3.0,-9089.81609445432,9089.81609445432,3138.0483456800653,15.0,116.83198947648592,14308.219178082192,0,1,0,0,0,0
1107,9.95,27303.42337594795,-659.6383232550305,5.0,8.04,3.0,-6563.401316387553,6563.401316387553,3138.0483456800653,15.0,116.83198947648592,14308.219178082192,0,1,0,0,0,0
1108,16.11,23240.051304696965,-659.6383232550305,5.0,8.04,3.0,-10626.773387638541,10626.773387638541,3138.0483456800653,15.0,116.83198947648592,14308.219178082192,0,1,0,0,0,0
1109,24.3,17837.613437238262,-659.6383232550305,5.0,8.04,3.0,-16029.211255097242,16029.211255097242,3138.0483456800653,15.0,116.83198947648592,14308.219178082192,0,1,0,0,0,0
1110,35.27,10601.381031130575,-659.6383232550305,5.0,8.04,3.0,-23265.44366120493,23265.44366120493,3138.0483456800653,15.0,116.83198947648592,14308.219178082192,0,1,0,0,0,0
1111,34.3,11241.23020468796,-659.6383232550305,5.0,8.04,3.0,-22625.594487647544,22625.594487647544,3138.0483456800653,15.0,116.83198947648592,14308.219178082192,0,1,0,0,0,0
1112,24.59,17646.318323494306,-659.6383232550305,5.0,8.04,3.0,-16220.506368841201,16220.506368841201,3138.0483456800653,15.0,116.83198947648592,14308.219178082192,0,1,0,0,0,0
1113,22.61,18952.402203539263,-659.6383232550305,5.0,8.04,3.0,-14914.42248879624,14914.42248879624,3138.0483456800653,15.0,116.83198947648592,14308.219178082192,0,1,0,0,0,0
1114,21.93,19400.956263352688,-659.6383232550305,5.0,8.04,3.0,-14465.86842898282,14465.86842898282,3138.0483456800653,15.0,116.83198947648592,14308.219178082192,0,1,0,0,0,0
1115,24.33,17817.824287540614,-659.6383232550305,5.0,8.04,3.0,-16049.000404794891,16049.000404794891,3138.0483456800653,15.0,116.83198947648592,14308.219178082192,0,1,0,0,0,0
1116,19.46,21030.262921792608,-659.6383232550305,5.0,8.04,3.0,-12836.561770542894,12836.561770542894,3138.0483456800653,15.0,116.83198947648592,14308.219178082192,0,1,0,0,0,0
1117,9.78,27415.561890901306,-659.6383232550305,5.0,8.04,3.0,-6451.262801434198,6451.262801434198,3138.0483456800653,15.0,116.83198947648592,14308.219178082192,0,1,0,0,0,0
1118,17.71,22184.629987488912,-659.6383232550305,5.0,8.04,3.0,-11682.194704846592,11682.194704846592,3138.0483456800653,15.0,116.83198947648592,14308.219178082192,0,1,0,0,0,0
1119,13.64,24869.35796313689,-659.6383232550305,5.0,8.04,3.0,-8997.466729198617,8997.466729198617,3138.0483456800653,15.0,116.83198947648592,14308.219178082192,0,1,0,0,0,0
1120,23.92,18088.276000075173,-659.6383232550305,5.0,8.04,3.0,-15778.54869226033,15778.54869226033,3138.0483456800653,15.0,116.83198947648592,14308.219178082192,0,1,0,0,0,0
1121,23.89,18108.065149772825,-659.6383232550305,5.0,8.04,3.0,-15758.759542562679,15758.759542562679,3138.0483456800653,15.0,116.83198947648592,14308.219178082192,0,1,0,0,0,0
1122,31.83,12870.536863127883,-659.6383232550305,5.0,8.04,3.0,-20996.28782920762,20996.28782920762,3138.0483456800653,15.0,116.83198947648592,14308.219178082192,0,1,0,0,0,0
1123,24.82,17494.601509145647,-659.6383232550305,5.0,8.04,3.0,-16372.223183189857,16372.223183189857,3138.0483456800653,15.0,116.83198947648592,14308.219178082192,0,1,0,0,0,0
1124,24.37,17791.43875461041,-659.6383232550305,5.0,8.04,3.0,-16075.385937725094,16075.385937725094,3138.0483456800653,15.0,116.83198947648592,14308.219178082192,0,1,0,0,0,0
1125,22.47,19044.75156879497,-659.6383232550305,5.0,8.04,3.0,-14822.073123540535,14822.073123540535,3138.0483456800653,15.0,116.83198947648592,14308.219178082192,0,1,0,0,0,0
1126,20.0,20674.058227234895,-659.6383232550305,5.0,8.04,3.0,-13192.76646510061,13192.76646510061,3138.0483456800653,15.0,116.83198947648592,14308.219178082192,0,1,0,0,0,0
1127,34.9,10845.44721073494,-659.6383232550305,5.0,8.04,3.0,-23021.377481600564,23021.377481600564,3138.0483456800653,15.0,116.83198947648592,14308.219178082192,0,1,0,0,0,0
1128,39.75,7646.201342948043,-659.6383232550305,5.0,8.04,3.0,-26220.623349387464,26220.623349387464,3138.0483456800653,15.0,116.83198947648592,14308.219178082192,0,1,0,0,0,0
1129,42.32,5950.93085218261,-659.6383232550305,5.0,8.04,3.0,-27915.89384015289,27915.89384015289,3138.0483456800653,15.0,116.83198947648592,14308.219178082192,0,1,0,0,0,0
1130,33.95,11472.103617827215,-659.6383232550305,5.0,8.04,3.0,-22394.72107450829,22394.72107450829,3138.0483456800653,15.0,116.83198947648592,14308.219178082192,0,1,0,0,0,0
1131,27.14,15964.240599193978,-659.6383232550305,5.0,8.04,3.0,-17902.58409314153,17902.58409314153,3138.0483456800653,15.0,116.83198947648592,14308.219178082192,0,1,0,0,0,0
1132,27.86,15489.301006450354,-659.6383232550305,5.0,8.04,3.0,-18377.52368588515,18377.52368588515,3138.0483456800653,15.0,116.83198947648592,14308.219178082192,0,1,0,0,0,0
1133,15.21,23833.725795626488,-659.6383232550305,5.0,8.04,3.0,-10033.098896709014,10033.098896709014,3138.0483456800653,15.0,116.83198947648592,14308.219178082192,0,1,0,0,0,0
1134,32.8,12230.687689570503,-659.6383232550305,5.0,8.04,3.0,-21636.137002764997,21636.137002764997,3138.0483456800653,15.0,116.83198947648592,14308.219178082192,0,1,0,0,0,0
1135,59.75,-3443.600918394087,650.0,0,8.04,3.0,38837.5,-38837.5,15071.972825128516,0,556.8949724310688,14308.219178082192,1,0,0,0,0,0
1136,50.36,647.4387332121701,-659.6383232550305,5.0,8.04,3.0,-33219.385959123334,33219.385959123334,3138.0483456800653,15.0,116.83198947648592,14308.219178082192,0,1,0,0,0,0
1137,31.49,13094.813893034596,-659.6383232550305,5.0,8.04,3.0,-20772.01079930091,20772.01079930091,3138.0483456800653,15.0,116.83198947648592,14308.219178082192,0,1,0,0,0,0
1138,34.03,11419.332551966814,-659.6383232550305,5.0,8.04,3.0,-22447.49214036869,22447.49214036869,3138.0483456800653,15.0,116.83198947648592,14308.219178082192,0,1,0,0,0,0
1139,41.4,6557.798109577241,-659.6383232550305,5.0,8.04,3.0,-27309.026582758263,27309.026582758263,3138.0483456800653,15.0,116.83198947648592,14308.219178082192,0,1,0,0,0,0
1140,38.86,8233.27945064502,-659.6383232550305,5.0,8.04,3.0,-25633.545241690485,25633.545241690485,3138.0483456800653,15.0,116.83198947648592,14308.219178082192,0,1,0,0,0,0
1141,44.08,4789.967403253762,-659.6383232550305,5.0,8.04,3.0,-29076.857289081745,29076.857289081745,3138.0483456800653,15.0,116.83198947648592,14308.219178082192,0,1,0,0,0,0
1142,38.3,8602.676911667837,-659.6383232550305,5.0,8.04,3.0,-25264.147780667667,25264.147780667667,3138.0483456800653,15.0,116.83198947648592,14308.219178082192,0,1,0,0,0,0
1143,35.07,10733.308695781583,-659.6383232550305,5.0,8.04,3.0,-23133.51599655392,23133.51599655392,3138.0483456800653,15.0,116.83198947648592,14308.219178082192,0,1,0,0,0,0
1144,38.32,8589.484145202732,-659.6383232550305,5.0,8.04,3.0,-25277.340547132768,25277.340547132768,3138.0483456800653,15.0,116.83198947648592,14308.219178082192,0,1,0,0,0,0
1145,55.54,-2769.4877812488917,-659.6383232550305,5.0,8.04,3.0,-36636.312473584396,36636.312473584396,3138.0483456800653,15.0,116.83198947648592,14308.219178082192,0,1,0,0,0,0
1146,46.97,2883.6126490467254,-659.6383232550305,5.0,8.04,3.0,-30983.212043288782,30983.212043288782,3138.0483456800653,15.0,116.83198947648592,14308.219178082192,0,1,0,0,0,0
1147,51.99,-427.7717336935307,-659.6383232550305,5.0,8.04,3.0,-34294.596426029035,34294.596426029035,3138.0483456800653,15.0,116.83198947648592,14308.219178082192,0,1,0,0,0,0
1148,59.98,-3294.100918394087,650.0,0,8.04,3.0,38987.0,-38987.0,15071.972825128516,0,556.8949724310688,14308.219178082192,1,0,0,0,0,0
1149,41.91,6221.38256471718,-659.6383232550305,5.0,8.04,3.0,-27645.442127618328,27645.442127618328,3138.0483456800653,15.0,116.83198947648592,14308.219178082192,0,1,0,0,0,0
1150,36.72,9644.905462410785,-659.6383232550305,5.0,8.04,3.0,-24221.91922992472,24221.91922992472,3138.0483456800653,15.0,116.83198947648592,14308.219178082192,0,1,0,0,0,0
1151,34.36,11201.651905292656,-659.6383232550305,5.0,8.04,3.0,-22665.172787042848,22665.172787042848,3138.0483456800653,15.0,116.83198947648592,14308.219178082192,0,1,0,0,0,0
1152,34.4,11175.266372362457,-659.6383232550305,5.0,8.04,3.0,-22691.55831997305,22691.55831997305,3138.0483456800653,15.0,116.83198947648592,14308.219178082192,0,1,0,0,0,0
1153,26.21,16577.704239821152,-659.6383232550305,5.0,8.04,3.0,-17289.12045251435,17289.12045251435,3138.0483456800653,15.0,116.83198947648592,14308.219178082192,0,1,0,0,0,0
1154,22.17,19242.643065771474,-659.6383232550305,5.0,8.04,3.0,-14624.181626564028,14624.181626564028,3138.0483456800653,15.0,116.83198947648592,14308.219178082192,0,1,0,0,0,0
1155,19.74,20845.564191281203,-659.6383232550305,5.0,8.04,3.0,-13021.260501054301,13021.260501054301,3138.0483456800653,15.0,116.83198947648592,14308.219178082192,0,1,0,0,0,0
1156,20.34,20449.781197328186,-659.6383232550305,5.0,8.04,3.0,-13417.043495007321,13417.043495007321,3138.0483456800653,15.0,116.83198947648592,14308.219178082192,0,1,0,0,0,0
1157,25.41,17105.41489842518,-659.6383232550305,5.0,8.04,3.0,-16761.409793910327,16761.409793910327,3138.0483456800653,15.0,116.83198947648592,14308.219178082192,0,1,0,0,0,0
1158,33.38,11848.097462082584,-659.6383232550305,5.0,8.04,3.0,-22018.72723025292,22018.72723025292,3138.0483456800653,15.0,116.83198947648592,14308.219178082192,0,1,0,0,0,0
1159,28.71,14928.608431683577,-659.6383232550305,5.0,8.04,3.0,-18938.216260651927,18938.216260651927,3138.0483456800653,15.0,116.83198947648592,14308.219178082192,0,1,0,0,0,0
1160,31.54,13061.831976871843,-659.6383232550305,5.0,8.04,3.0,-20804.99271546366,20804.99271546366,3138.0483456800653,15.0,116.83198947648592,14308.219178082192,0,1,0,0,0,0
1161,17.71,22184.629987488912,-659.6383232550305,5.0,8.04,3.0,-11682.194704846592,11682.194704846592,3138.0483456800653,15.0,116.83198947648592,14308.219178082192,0,1,0,0,0,0
1162,81.7,10823.899081605916,650.0,0,8.04,3.0,53105.0,-53105.0,15071.972825128516,0,556.8949724310688,14308.219178082192,1,0,0,0,0,0
1163,23.41,18424.69154493524,-659.6383232550305,5.0,8.04,3.0,-15442.133147400264,15442.133147400264,3138.0483456800653,15.0,116.83198947648592,14308.219178082192,0,1,0,0,0,0
1164,23.46,18391.709628772485,-659.6383232550305,5.0,8.04,3.0,-15475.115063563017,15475.115063563017,3138.0483456800653,15.0,116.83198947648592,14308.219178082192,0,1,0,0,0,0
1165,20.58,20291.46799974698,-659.6383232550305,5.0,8.04,3.0,-13575.356692588526,13575.356692588526,3138.0483456800653,15.0,116.83198947648592,14308.219178082192,0,1,0,0,0,0
1166,20.94,20053.998203375166,-659.6383232550305,5.0,8.04,3.0,-13812.82648896034,13812.82648896034,3138.0483456800653,15.0,116.83198947648592,14308.219178082192,0,1,0,0,0,0
1167,22.36,19117.31178435302,-659.6383232550305,5.0,8.04,3.0,-14749.512907982482,14749.512907982482,3138.0483456800653,15.0,116.83198947648592,14308.219178082192,0,1,0,0,0,0
1168,21.14,19922.07053872416,-659.6383232550305,5.0,8.04,3.0,-13944.754153611346,13944.754153611346,3138.0483456800653,15.0,116.83198947648592,14308.219178082192,0,1,0,0,0,0
1169,23.86,18127.854299470477,-659.6383232550305,5.0,8.04,3.0,-15738.970392865027,15738.970392865027,3138.0483456800653,15.0,116.83198947648592,14308.219178082192,0,1,0,0,0,0
1170,31.92,12811.169414034928,-659.6383232550305,5.0,8.04,3.0,-21055.655278300575,21055.655278300575,3138.0483456800653,15.0,116.83198947648592,14308.219178082192,0,1,0,0,0,0
1171,39.57,7764.936241133946,-659.6383232550305,5.0,8.04,3.0,-26101.888451201557,26101.888451201557,3138.0483456800653,15.0,116.83198947648592,14308.219178082192,0,1,0,0,0,0
1172,23.7,18233.396431191282,-659.6383232550305,5.0,8.04,3.0,-15633.428261144223,15633.428261144223,3138.0483456800653,15.0,116.83198947648592,14308.219178082192,0,1,0,0,0,0
1173,23.76,18193.81813179598,-659.6383232550305,5.0,8.04,3.0,-15673.006560539527,15673.006560539527,3138.0483456800653,15.0,116.83198947648592,14308.219178082192,0,1,0,0,0,0
1174,23.33,18477.462610795643,-659.6383232550305,5.0,8.04,3.0,-15389.36208153986,15389.36208153986,3138.0483456800653,15.0,116.83198947648592,14308.219178082192,0,1,0,0,0,0
1175,34.83,10891.62189336279,-659.6383232550305,5.0,8.04,3.0,-22975.20279897271,22975.20279897271,3138.0483456800653,15.0,116.83198947648592,14308.219178082192,0,1,0,0,0,0
1176,45.75,3688.3714034178597,-659.6383232550305,5.0,8.04,3.0,-30178.453288917644,30178.453288917644,3138.0483456800653,15.0,116.83198947648592,14308.219178082192,0,1,0,0,0,0
1177,48.85,1643.4926013272639,-659.6383232550305,5.0,8.04,3.0,-32223.33209100824,32223.33209100824,3138.0483456800653,15.0,116.83198947648592,14308.219178082192,0,1,0,0,0,0
1178,69.8,3088.899081605913,650.0,0,8.04,3.0,45370.0,-45370.0,15071.972825128516,0,556.8949724310688,14308.219178082192,1,0,0,0,0,0
1179,38.67,8358.610732063473,-659.6383232550305,5.0,8.04,3.0,-25508.21396027203,25508.21396027203,3138.0483456800653,15.0,116.83198947648592,14308.219178082192,0,1,0,0,0,0
1180,40.89,6894.213654437306,-659.6383232550305,5.0,8.04,3.0,-26972.611037898198,26972.611037898198,3138.0483456800653,15.0,116.83198947648592,14308.219178082192,0,1,0,0,0,0
1181,41.45,6524.816193414485,-659.6383232550305,5.0,8.04,3.0,-27342.008498921015,27342.008498921015,3138.0483456800653,15.0,116.83198947648592,14308.219178082192,0,1,0,0,0,0
1182,44.02,4829.5457026490585,-659.6383232550305,5.0,8.04,3.0,-29037.278989686445,29037.278989686445,3138.0483456800653,15.0,116.83198947648592,14308.219178082192,0,1,0,0,0,0
1183,52.62,-843.3438773441953,-659.6383232550305,5.0,8.04,3.0,-34710.16856967971,34710.16856967971,3138.0483456800653,15.0,116.83198947648592,14308.219178082192,0,1,0,0,0,0
1184,45.15,4084.15439737088,-659.6383232550305,5.0,8.04,3.0,-29782.670294964628,29782.670294964628,3138.0483456800653,15.0,116.83198947648592,14308.219178082192,0,1,0,0,0,0
1185,38.87,8226.683067412472,-659.6383232550305,5.0,8.04,3.0,-25640.141624923035,25640.141624923035,3138.0483456800653,15.0,116.83198947648592,14308.219178082192,0,1,0,0,0,0
1186,36.52,9776.83312706179,-659.6383232550305,5.0,8.04,3.0,-24089.991565273718,24089.991565273718,3138.0483456800653,15.0,116.83198947648592,14308.219178082192,0,1,0,0,0,0
1187,29.81,14203.006276103046,-659.6383232550305,5.0,8.04,3.0,-19663.818416232458,19663.818416232458,3138.0483456800653,15.0,116.83198947648592,14308.219178082192,0,1,0,0,0,0
1188,20.05,20641.076311072142,-659.6383232550305,5.0,8.04,3.0,-13225.748381263362,13225.748381263362,3138.0483456800653,15.0,116.83198947648592,14308.219178082192,0,1,0,0,0,0
1189,12.77,25443.243304368763,-659.6383232550305,5.0,8.04,3.0,-8423.581387966738,8423.581387966738,3138.0483456800653,15.0,116.83198947648592,14308.219178082192,0,1,0,0,0,0
1190,19.47,21023.66653856006,-659.6383232550305,5.0,8.04,3.0,-12843.158153775443,12843.158153775443,3138.0483456800653,15.0,116.83198947648592,14308.219178082192,0,1,0,0,0,0
1191,12.24,25792.85161569393,-659.6383232550305,5.0,8.04,3.0,-8073.973076641573,8073.973076641573,3138.0483456800653,15.0,116.83198947648592,14308.219178082192,0,1,0,0,0,0
1192,7.94,28629.296405690562,-659.6383232550305,5.0,8.04,3.0,-5237.528286644942,5237.528286644942,3138.0483456800653,15.0,116.83198947648592,14308.219178082192,0,1,0,0,0,0
1193,13.45,24994.689244555346,-659.6383232550305,5.0,8.04,3.0,-8872.13544778016,8872.13544778016,3138.0483456800653,15.0,116.83198947648592,14308.219178082192,0,1,0,0,0,0
1194,27.87,15482.704623217804,-659.6383232550305,5.0,8.04,3.0,-18384.1200691177,18384.1200691177,3138.0483456800653,15.0,116.83198947648592,14308.219178082192,0,1,0,0,0,0
1195,18.99,21340.292933722478,-659.6383232550305,5.0,8.04,3.0,-12526.531758613028,12526.531758613028,3138.0483456800653,15.0,116.83198947648592,14308.219178082192,0,1,0,0,0,0
1196,13.42,25014.478394252998,-659.6383232550305,5.0,8.04,3.0,-8852.34629808251,8852.34629808251,3138.0483456800653,15.0,116.83198947648592,14308.219178082192,0,1,0,0,0,0
1197,14.07,24585.713484137224,-659.6383232550305,5.0,8.04,3.0,-9281.11120819828,9281.11120819828,3138.0483456800653,15.0,116.83198947648592,14308.219178082192,0,1,0,0,0,0
1198,21.41,19743.968191445303,-659.6383232550305,5.0,8.04,3.0,-14122.856500890204,14122.856500890204,3138.0483456800653,15.0,116.83198947648592,14308.219178082192,0,1,0,0,0,0
1199,21.85,19453.727329213085,-659.6383232550305,5.0,8.04,3.0,-14413.097363122417,14413.097363122417,3138.0483456800653,15.0,116.83198947648592,14308.219178082192,0,1,0,0,0,0
1200,21.82,19473.516478910737,-659.6383232550305,5.0,8.04,3.0,-14393.308213424765,14393.308213424765,3138.0483456800653,15.0,116.83198947648592,14308.219178082192,0,1,0,0,0,0
1201,17.85,22092.280622233207,-659.6383232550305,5.0,8.04,3.0,-11774.544070102296,11774.544070102296,3138.0483456800653,15.0,116.83198947648592,14308.219178082192,0,1,0,0,0,0
1202,11.63,26195.230992879497,-659.6383232550305,5.0,8.04,3.0,-7671.593699456005,7671.593699456005,3138.0483456800653,15.0,116.83198947648592,14308.219178082192,0,1,0,0,0,0
1203,10.23,27118.72464543654,-659.6383232550305,5.0,8.04,3.0,-6748.100046898962,6748.100046898962,3138.0483456800653,15.0,116.83198947648592,14308.219178082192,0,1,0,0,0,0
1204,13.12,25212.369891229504,-659.6383232550305,5.0,8.04,3.0,-8654.454801106,8654.454801106,3138.0483456800653,15.0,116.83198947648592,14308.219178082192,0,1,0,0,0,0
1205,20.55,20311.257149444624,-659.6383232550305,5.0,8.04,3.0,-13555.567542890878,13555.567542890878,3138.0483456800653,15.0,116.83198947648592,14308.219178082192,0,1,0,0,0,0
1206,22.36,19117.31178435302,-659.6383232550305,5.0,8.04,3.0,-14749.512907982482,14749.512907982482,3138.0483456800653,15.0,116.83198947648592,14308.219178082192,0,1,0,0,0,0
1207,22.6,18958.998586771813,-659.6383232550305,5.0,8.04,3.0,-14907.82610556369,14907.82610556369,3138.0483456800653,15.0,116.83198947648592,14308.219178082192,0,1,0,0,0,0
1208,28.26,15225.445677148342,-659.6383232550305,5.0,8.04,3.0,-18641.37901518716,18641.37901518716,3138.0483456800653,15.0,116.83198947648592,14308.219178082192,0,1,0,0,0,0
1209,14.63,24216.316023114407,-659.6383232550305,5.0,8.04,3.0,-9650.508669221097,9650.508669221097,3138.0483456800653,15.0,116.83198947648592,14308.219178082192,0,1,0,0,0,0
1210,19.64,20911.528023606705,-659.6383232550305,5.0,8.04,3.0,-12955.296668728799,12955.296668728799,3138.0483456800653,15.0,116.83198947648592,14308.219178082192,0,1,0,0,0,0
1211,21.91,19414.14902981779,-659.6383232550305,5.0,8.04,3.0,-14452.675662517719,14452.675662517719,3138.0483456800653,15.0,116.83198947648592,14308.219178082192,0,1,0,0,0,0
1212,24.66,17600.143640866452,-659.6383232550305,5.0,8.04,3.0,-16266.681051469053,16266.681051469053,3138.0483456800653,15.0,116.83198947648592,14308.219178082192,0,1,0,0,0,0
1213,27.39,15799.331018380217,-659.6383232550305,5.0,8.04,3.0,-18067.493673955287,18067.493673955287,3138.0483456800653,15.0,116.83198947648592,14308.219178082192,0,1,0,0,0,0
1214,24.91,17435.23406005269,-659.6383232550305,5.0,8.04,3.0,-16431.59063228281,16431.59063228281,3138.0483456800653,15.0,116.83198947648592,14308.219178082192,0,1,0,0,0,0
1215,23.51,18358.727712609732,-659.6383232550305,5.0,8.04,3.0,-15508.096979725768,15508.096979725768,3138.0483456800653,15.0,116.83198947648592,14308.219178082192,0,1,0,0,0,0
1216,24.67,17593.5472576339,-659.6383232550305,5.0,8.04,3.0,-16273.277434701604,16273.277434701604,3138.0483456800653,15.0,116.83198947648592,14308.219178082192,0,1,0,0,0,0
1217,30.16,13972.132862963783,-659.6383232550305,5.0,8.04,3.0,-19894.69182937172,19894.69182937172,3138.0483456800653,15.0,116.83198947648592,14308.219178082192,0,1,0,0,0,0
1218,33.24,11940.446827338288,-659.6383232550305,5.0,8.04,3.0,-21926.377864997216,21926.377864997216,3138.0483456800653,15.0,116.83198947648592,14308.219178082192,0,1,0,0,0,0
1219,23.54,18338.938562912088,-659.6383232550305,5.0,8.04,3.0,-15527.886129423418,15527.886129423418,3138.0483456800653,15.0,116.83198947648592,14308.219178082192,0,1,0,0,0,0
1220,23.13,18609.390275446647,-659.6383232550305,5.0,8.04,3.0,-15257.434416888855,15257.434416888855,3138.0483456800653,15.0,116.83198947648592,14308.219178082192,0,1,0,0,0,0
1221,24.01,18028.90855098222,-659.6383232550305,5.0,8.04,3.0,-15837.916141353284,15837.916141353284,3138.0483456800653,15.0,116.83198947648592,14308.219178082192,0,1,0,0,0,0
1222,19.59,20944.509939769458,-659.6383232550305,5.0,8.04,3.0,-12922.314752566048,12922.314752566048,3138.0483456800653,15.0,116.83198947648592,14308.219178082192,0,1,0,0,0,0
1223,20.8,20146.347568630867,-659.6383232550305,5.0,8.04,3.0,-13720.477123704635,13720.477123704635,3138.0483456800653,15.0,116.83198947648592,14308.219178082192,0,1,0,0,0,0
1224,28.53,15047.343329869484,-659.6383232550305,5.0,8.04,3.0,-18819.48136246602,18819.48136246602,3138.0483456800653,15.0,116.83198947648592,14308.219178082192,0,1,0,0,0,0
1225,21.17,19902.28138902651,-659.6383232550305,5.0,8.04,3.0,-13964.543303308998,13964.543303308998,3138.0483456800653,15.0,116.83198947648592,14308.219178082192,0,1,0,0,0,0
1226,23.23,18543.426443121145,-659.6383232550305,5.0,8.04,3.0,-15323.398249214359,15323.398249214359,3138.0483456800653,15.0,116.83198947648592,14308.219178082192,0,1,0,0,0,0
1227,15.64,23550.081316626827,-659.6383232550305,5.0,8.04,3.0,-10316.743375708678,10316.743375708678,3138.0483456800653,15.0,116.83198947648592,14308.219178082192,0,1,0,0,0,0
1228,21.1,19948.45607165436,-659.6383232550305,5.0,8.04,3.0,-13918.368620681145,13918.368620681145,3138.0483456800653,15.0,116.83198947648592,14308.219178082192,0,1,0,0,0,0
1229,26.07,16670.053605076857,-659.6383232550305,5.0,8.04,3.0,-17196.771087258647,17196.771087258647,3138.0483456800653,15.0,116.83198947648592,14308.219178082192,0,1,0,0,0,0
1230,26.39,16458.96934163525,-659.6383232550305,5.0,8.04,3.0,-17407.855350700254,17407.855350700254,3138.0483456800653,15.0,116.83198947648592,14308.219178082192,0,1,0,0,0,0
1231,19.39,21076.437604420462,-659.6383232550305,5.0,8.04,3.0,-12790.387087915042,12790.387087915042,3138.0483456800653,15.0,116.83198947648592,14308.219178082192,0,1,0,0,0,0
1232,22.74,18866.649221516112,-659.6383232550305,5.0,8.04,3.0,-15000.175470819393,15000.175470819393,3138.0483456800653,15.0,116.83198947648592,14308.219178082192,0,1,0,0,0,0
1233,22.63,18939.20943707416,-659.6383232550305,5.0,8.04,3.0,-14927.61525526134,14927.61525526134,3138.0483456800653,15.0,116.83198947648592,14308.219178082192,0,1,0,0,0,0
1234,25.98,16729.421054169812,-659.6383232550305,5.0,8.04,3.0,-17137.40363816569,17137.40363816569,3138.0483456800653,15.0,116.83198947648592,14308.219178082192,0,1,0,0,0,0
1235,25.13,17290.113628936586,-659.6383232550305,5.0,8.04,3.0,-16576.711063398918,16576.711063398918,3138.0483456800653,15.0,116.83198947648592,14308.219178082192,0,1,0,0,0,0
1236,25.54,17019.661916402027,-659.6383232550305,5.0,8.04,3.0,-16847.162775933477,16847.162775933477,3138.0483456800653,15.0,116.83198947648592,14308.219178082192,0,1,0,0,0,0
1237,25.03,17356.077461262088,-659.6383232550305,5.0,8.04,3.0,-16510.747231073416,16510.747231073416,3138.0483456800653,15.0,116.83198947648592,14308.219178082192,0,1,0,0,0,0
1238,19.78,20819.178658351,-659.6383232550305,5.0,8.04,3.0,-13047.646033984503,13047.646033984503,3138.0483456800653,15.0,116.83198947648592,14308.219178082192,0,1,0,0,0,0
1239,19.74,20845.564191281203,-659.6383232550305,5.0,8.04,3.0,-13021.260501054301,13021.260501054301,3138.0483456800653,15.0,116.83198947648592,14308.219178082192,0,1,0,0,0,0
1240,20.06,20634.479927839595,-659.6383232550305,5.0,8.04,3.0,-13232.34476449591,13232.34476449591,3138.0483456800653,15.0,116.83198947648592,14308.219178082192,0,1,0,0,0,0
1241,23.12,18615.986658679198,-659.6383232550305,5.0,8.04,3.0,-15250.838033656306,15250.838033656306,3138.0483456800653,15.0,116.83198947648592,14308.219178082192,0,1,0,0,0,0
1242,46.55,3160.660744813835,-659.6383232550305,5.0,8.04,3.0,-30706.16394752167,30706.16394752167,3138.0483456800653,15.0,116.83198947648592,14308.219178082192,0,1,0,0,0,0
1243,40.65,7052.526852018513,-659.6383232550305,5.0,8.04,3.0,-26814.29784031699,26814.29784031699,3138.0483456800653,15.0,116.83198947648592,14308.219178082192,0,1,0,0,0,0
1244,39.01,8134.333702156764,-659.6383232550305,5.0,8.04,3.0,-25732.49099017874,25732.49099017874,3138.0483456800653,15.0,116.83198947648592,14308.219178082192,0,1,0,0,0,0
1245,38.6,8404.785414691327,-659.6383232550305,5.0,8.04,3.0,-25462.03927764418,25462.03927764418,3138.0483456800653,15.0,116.83198947648592,14308.219178082192,0,1,0,0,0,0
1246,34.2,11307.194037013458,-659.6383232550305,5.0,8.04,3.0,-22559.630655322046,22559.630655322046,3138.0483456800653,15.0,116.83198947648592,14308.219178082192,0,1,0,0,0,0
1247,32.77,12250.476839268154,-659.6383232550305,5.0,8.04,3.0,-21616.347853067353,21616.347853067353,3138.0483456800653,15.0,116.83198947648592,14308.219178082192,0,1,0,0,0,0
1248,31.22,13272.91624031345,-659.6383232550305,5.0,8.04,3.0,-20593.908452022053,20593.908452022053,3138.0483456800653,15.0,116.83198947648592,14308.219178082192,0,1,0,0,0,0
1249,29.43,14453.668838939957,-659.6383232550305,5.0,8.04,3.0,-19413.155853395547,19413.155853395547,3138.0483456800653,15.0,116.83198947648592,14308.219178082192,0,1,0,0,0,0
1250,27.8,15528.879305845658,-659.6383232550305,5.0,8.04,3.0,-18337.94538648985,18337.94538648985,3138.0483456800653,15.0,116.83198947648592,14308.219178082192,0,1,0,0,0,0
1251,26.94,16096.168263844982,-659.6383232550305,5.0,8.04,3.0,-17770.65642849052,17770.65642849052,3138.0483456800653,15.0,116.83198947648592,14308.219178082192,0,1,0,0,0,0
1252,28.77,14889.030132288277,-659.6383232550305,5.0,8.04,3.0,-18977.794560047227,18977.794560047227,3138.0483456800653,15.0,116.83198947648592,14308.219178082192,0,1,0,0,0,0
1253,38.47,8490.53839671448,-659.6383232550305,5.0,8.04,3.0,-25376.286295621023,25376.286295621023,3138.0483456800653,15.0,116.83198947648592,14308.219178082192,0,1,0,0,0,0
1254,89.63,15978.399081605916,650.0,0,8.04,3.0,58259.5,-58259.5,15071.972825128516,0,556.8949724310688,14308.219178082192,1,0,0,0,0,0
1255,47.08,2811.052433488669,-659.6383232550305,5.0,8.04,3.0,-31055.772258846835,31055.772258846835,3138.0483456800653,15.0,116.83198947648592,14308.219178082192,0,1,0,0,0,0
1256,46.59,3134.2752118836293,-659.6383232550305,5.0,8.04,3.0,-30732.549480451875,30732.549480451875,3138.0483456800653,15.0,116.83198947648592,14308.219178082192,0,1,0,0,0,0
1257,76.33,7333.399081605917,650.0,0,8.04,3.0,49614.5,-49614.5,15071.972825128516,0,556.8949724310688,14308.219178082192,1,0,0,0,0,0
1258,63.16,-1227.1009183940869,650.0,0,8.04,3.0,41054.0,-41054.0,15071.972825128516,0,556.8949724310688,14308.219178082192,1,0,0,0,0,0
1259,42.31,5957.52723541516,-659.6383232550305,5.0,8.04,3.0,-27909.297456920343,27909.297456920343,3138.0483456800653,15.0,116.83198947648592,14308.219178082192,0,1,0,0,0,0
1260,68.97,2549.399081605913,650.0,0,8.04,3.0,44830.5,-44830.5,15071.972825128516,0,556.8949724310688,14308.219178082192,1,0,0,0,0,0
1261,30.34,13853.397964777876,-659.6383232550305,5.0,8.04,3.0,-20013.426727557624,20013.426727557624,3138.0483456800653,15.0,116.83198947648592,14308.219178082192,0,1,0,0,0,0
1262,27.35,15825.71655131042,-659.6383232550305,5.0,8.04,3.0,-18041.108141025084,18041.108141025084,3138.0483456800653,15.0,116.83198947648592,14308.219178082192,0,1,0,0,0,0
1263,21.82,19473.516478910737,-659.6383232550305,5.0,8.04,3.0,-14393.308213424765,14393.308213424765,3138.0483456800653,15.0,116.83198947648592,14308.219178082192,0,1,0,0,0,0
1264,22.56,18985.384119702016,-659.6383232550305,5.0,8.04,3.0,-14881.440572633488,14881.440572633488,3138.0483456800653,15.0,116.83198947648592,14308.219178082192,0,1,0,0,0,0
1265,27.26,15885.08400040337,-659.6383232550305,5.0,8.04,3.0,-17981.740691932133,17981.740691932133,3138.0483456800653,15.0,116.83198947648592,14308.219178082192,0,1,0,0,0,0
1266,49.85,983.854278072235,-659.6383232550305,5.0,8.04,3.0,-32882.97041426327,32882.97041426327,3138.0483456800653,15.0,116.83198947648592,14308.219178082192,0,1,0,0,0,0
1267,31.24,13259.723473848353,-659.6383232550305,5.0,8.04,3.0,-20607.10121848715,20607.10121848715,3138.0483456800653,15.0,116.83198947648592,14308.219178082192,0,1,0,0,0,0
1268,32.27,12580.296000895669,-659.6383232550305,5.0,8.04,3.0,-21286.52869143984,21286.52869143984,3138.0483456800653,15.0,116.83198947648592,14308.219178082192,0,1,0,0,0,0
1269,32.92,12151.5310907799,-659.6383232550305,5.0,8.04,3.0,-21715.293601555604,21715.293601555604,3138.0483456800653,15.0,116.83198947648592,14308.219178082192,0,1,0,0,0,0
1270,28.41,15126.499928660087,-659.6383232550305,5.0,8.04,3.0,-18740.324763675417,18740.324763675417,3138.0483456800653,15.0,116.83198947648592,14308.219178082192,0,1,0,0,0,0
1271,37.11,9387.646516341323,-659.6383232550305,5.0,8.04,3.0,-24479.17817599418,24479.17817599418,3138.0483456800653,15.0,116.83198947648592,14308.219178082192,0,1,0,0,0,0
1272,31.78,12903.518779290633,-659.6383232550305,5.0,8.04,3.0,-20963.30591304487,20963.30591304487,3138.0483456800653,15.0,116.83198947648592,14308.219178082192,0,1,0,0,0,0
1273,30.28,13892.97626417318,-659.6383232550305,5.0,8.04,3.0,-19973.848428162324,19973.848428162324,3138.0483456800653,15.0,116.83198947648592,14308.219178082192,0,1,0,0,0,0
1274,33.56,11729.36256389668,-659.6383232550305,5.0,8.04,3.0,-22137.462128438827,22137.462128438827,3138.0483456800653,15.0,116.83198947648592,14308.219178082192,0,1,0,0,0,0
1275,34.14,11346.772336408765,-659.6383232550305,5.0,8.04,3.0,-22520.052355926742,22520.052355926742,3138.0483456800653,15.0,116.83198947648592,14308.219178082192,0,1,0,0,0,0
1276,34.81,10904.81465982789,-659.6383232550305,5.0,8.04,3.0,-22962.010032507613,22962.010032507613,3138.0483456800653,15.0,116.83198947648592,14308.219178082192,0,1,0,0,0,0
1277,37.33,9242.526085225214,-659.6383232550305,5.0,8.04,3.0,-24624.29860711029,24624.29860711029,3138.0483456800653,15.0,116.83198947648592,14308.219178082192,0,1,0,0,0,0
1278,40.85,6920.599187367505,-659.6383232550305,5.0,8.04,3.0,-26946.225504968,26946.225504968,3138.0483456800653,15.0,116.83198947648592,14308.219178082192,0,1,0,0,0,0
1279,47.72,2388.8839066054466,-659.6383232550305,5.0,8.04,3.0,-31477.940785730054,31477.940785730054,3138.0483456800653,15.0,116.83198947648592,14308.219178082192,0,1,0,0,0,0
1280,96.01,20125.399081605916,650.0,0,8.04,3.0,62406.5,-62406.5,15071.972825128516,0,556.8949724310688,14308.219178082192,1,0,0,0,0,0
1281,55.33,-2630.9637333653295,-659.6383232550305,5.0,8.04,3.0,-36497.78842570083,36497.78842570083,3138.0483456800653,15.0,116.83198947648592,14308.219178082192,0,1,0,0,0,0
1282,57.29,-3923.854846945192,-659.6383232550305,5.0,8.04,3.0,-37790.679539280696,37790.679539280696,3138.0483456800653,15.0,116.83198947648592,14308.219178082192,0,1,0,0,0,0
1283,73.18,5285.899081605917,650.0,0,8.04,3.0,47567.00000000001,-47567.00000000001,15071.972825128516,0,556.8949724310688,14308.219178082192,1,0,0,0,0,0
1284,129.2,41698.89908160591,650.0,0,8.04,3.0,83979.99999999999,-83979.99999999999,15071.972825128516,0,556.8949724310688,14308.219178082192,1,0,0,0,0,0
1285,78.64,8834.899081605916,650.0,0,8.04,3.0,51116.0,-51116.0,15071.972825128516,0,556.8949724310688,14308.219178082192,1,0,0,0,0,0
1286,93.8,18688.899081605916,650.0,0,8.04,3.0,60970.0,-60970.0,15071.972825128516,0,556.8949724310688,14308.219178082192,1,0,0,0,0,0
1287,51.61,-177.10917085661598,-659.6383232550305,5.0,8.04,3.0,-34043.93386319213,34043.93386319213,3138.0483456800653,15.0,116.83198947648592,14308.219178082192,0,1,0,0,0,0
1288,49.88,964.0651283745833,-659.6383232550305,5.0,8.04,3.0,-32902.75956396092,32902.75956396092,3138.0483456800653,15.0,116.83198947648592,14308.219178082192,0,1,0,0,0,0
1289,54.07,-1799.819446063993,-659.6383232550305,5.0,8.04,3.0,-35666.6441383995,35666.6441383995,3138.0483456800653,15.0,116.83198947648592,14308.219178082192,0,1,0,0,0,0
1290,66.87,1184.3990816059131,650.0,0,8.04,3.0,43465.5,-43465.5,15071.972825128516,0,556.8949724310688,14308.219178082192,1,0,0,0,0,0
1291,77.82,8301.899081605901,650.0,0,8.04,3.0,50582.99999999999,-50582.99999999999,15071.972825128516,0,556.8949724310688,14308.219178082192,1,0,0,0,0,0
1292,52.34,-658.6451468327937,-659.6383232550305,5.0,8.04,3.0,-34525.4698391683,34525.4698391683,3138.0483456800653,15.0,116.83198947648592,14308.219178082192,0,1,0,0,0,0
1293,105.7,26423.899081605916,650.0,0,8.04,3.0,68705.0,-68705.0,15071.972825128516,0,556.8949724310688,14308.219178082192,1,0,0,0,0,0
1294,47.6,2468.0405053960535,-659.6383232550305,5.0,8.04,3.0,-31398.784186939454,31398.784186939454,3138.0483456800653,15.0,116.83198947648592,14308.219178082192,0,1,0,0,0,0
1295,61.66,-2202.100918394087,650.0,0,8.04,3.0,40079.0,-40079.0,15071.972825128516,0,556.8949724310688,14308.219178082192,1,0,0,0,0,0
1296,52.18,-553.1030151119917,-659.6383232550305,5.0,8.04,3.0,-34419.92770744749,34419.92770744749,3138.0483456800653,15.0,116.83198947648592,14308.219178082192,0,1,0,0,0,0
1297,46.17,3411.3233076507427,-659.6383232550305,5.0,8.04,3.0,-30455.50138468476,30455.50138468476,3138.0483456800653,15.0,116.83198947648592,14308.219178082192,0,1,0,0,0,0
1298,41.96,6188.400648554423,-659.6383232550305,5.0,8.04,3.0,-27678.42404378108,27678.42404378108,3138.0483456800653,15.0,116.83198947648592,14308.219178082192,0,1,0,0,0,0
1299,44.56,4473.341008091342,-659.6383232550305,5.0,8.04,3.0,-29393.483684244162,29393.483684244162,3138.0483456800653,15.0,116.83198947648592,14308.219178082192,0,1,0,0,0,0
1300,35.57,10403.489534154069,-659.6383232550305,5.0,8.04,3.0,-23463.335158181435,23463.335158181435,3138.0483456800653,15.0,116.83198947648592,14308.219178082192,0,1,0,0,0,0
1301,34.67,10997.164025083595,-659.6383232550305,5.0,8.04,3.0,-22869.66066725191,22869.66066725191,3138.0483456800653,15.0,116.83198947648592,14308.219178082192,0,1,0,0,0,0
1302,47.63,2448.251355698398,-659.6383232550305,5.0,8.04,3.0,-31418.573336637106,31418.573336637106,3138.0483456800653,15.0,116.83198947648592,14308.219178082192,0,1,0,0,0,0
1303,55.1,-2479.2469190166735,-659.6383232550305,5.0,8.04,3.0,-36346.071611352185,36346.071611352185,3138.0483456800653,15.0,116.83198947648592,14308.219178082192,0,1,0,0,0,0
1304,178.77,73919.39908160592,650.0,0,8.04,3.0,116200.5,-116200.5,15071.972825128516,0,556.8949724310688,14308.219178082192,1,0,0,0,0,0
1305,47.68,2415.2694395356525,-659.6383232550305,5.0,8.04,3.0,-31451.555252799855,31451.555252799855,3138.0483456800653,15.0,116.83198947648592,14308.219178082192,0,1,0,0,0,0
1306,48.69,1749.0347330480695,-659.6383232550305,5.0,8.04,3.0,-32117.789959287435,32117.789959287435,3138.0483456800653,15.0,116.83198947648592,14308.219178082192,0,1,0,0,0,0
1307,73.65,5591.399081605917,650.0,0,8.04,3.0,47872.50000000001,-47872.50000000001,15071.972825128516,0,556.8949724310688,14308.219178082192,1,0,0,0,0,0
1308,76.57,7489.399081605902,650.0,0,8.04,3.0,49770.49999999999,-49770.49999999999,15071.972825128516,0,556.8949724310688,14308.219178082192,1,0,0,0,0,0
1309,52.64,-856.5366438093038,-659.6383232550305,5.0,8.04,3.0,-34723.36133614481,34723.36133614481,3138.0483456800653,15.0,116.83198947648592,14308.219178082192,0,1,0,0,0,0
1310,49.84,990.4506613047856,-659.6383232550305,5.0,8.04,3.0,-32876.374031030726,32876.374031030726,3138.0483456800653,15.0,116.83198947648592,14308.219178082192,0,1,0,0,0,0
1311,43.95,4875.720385276913,-659.6383232550305,5.0,8.04,3.0,-28991.104307058595,28991.104307058595,3138.0483456800653,15.0,116.83198947648592,14308.219178082192,0,1,0,0,0,0
1312,40.87,6907.406420902411,-659.6383232550305,5.0,8.04,3.0,-26959.418271433096,26959.418271433096,3138.0483456800653,15.0,116.83198947648592,14308.219178082192,0,1,0,0,0,0
1313,40.17,7369.15324718093,-659.6383232550305,5.0,8.04,3.0,-26497.671445154578,26497.671445154578,3138.0483456800653,15.0,116.83198947648592,14308.219178082192,0,1,0,0,0,0
1314,42.59,5772.828504903751,-659.6383232550305,5.0,8.04,3.0,-28093.996187431752,28093.996187431752,3138.0483456800653,15.0,116.83198947648592,14308.219178082192,0,1,0,0,0,0
1315,44.76,4341.4133434403375,-659.6383232550305,5.0,8.04,3.0,-29525.411348895166,29525.411348895166,3138.0483456800653,15.0,116.83198947648592,14308.219178082192,0,1,0,0,0,0
1316,46.29,3332.166708860143,-659.6383232550305,5.0,8.04,3.0,-30534.65798347536,30534.65798347536,3138.0483456800653,15.0,116.83198947648592,14308.219178082192,0,1,0,0,0,0
1317,39.71,7672.586875878242,-659.6383232550305,5.0,8.04,3.0,-26194.237816457262,26194.237816457262,3138.0483456800653,15.0,116.83198947648592,14308.219178082192,0,1,0,0,0,0
1318,37.88,8879.725007434943,-659.6383232550305,5.0,8.04,3.0,-24987.099684900557,24987.099684900557,3138.0483456800653,15.0,116.83198947648592,14308.219178082192,0,1,0,0,0,0
1319,37.75,8965.477989458104,-659.6383232550305,5.0,8.04,3.0,-24901.346702877403,24901.346702877403,3138.0483456800653,15.0,116.83198947648592,14308.219178082192,0,1,0,0,0,0
1320,37.53,9110.598420574206,-659.6383232550305,5.0,8.04,3.0,-24756.226271761298,24756.226271761298,3138.0483456800653,15.0,116.83198947648592,14308.219178082192,0,1,0,0,0,0
1321,36.26,9948.3390911081,-659.6383232550305,5.0,8.04,3.0,-23918.485601227407,23918.485601227407,3138.0483456800653,15.0,116.83198947648592,14308.219178082192,0,1,0,0,0,0
1322,34.23,11287.404887315814,-659.6383232550305,5.0,8.04,3.0,-22579.419805019694,22579.419805019694,3138.0483456800653,15.0,116.83198947648592,14308.219178082192,0,1,0,0,0,0
1323,35.21,10640.959330525879,-659.6383232550305,5.0,8.04,3.0,-23225.865361809625,23225.865361809625,3138.0483456800653,15.0,116.83198947648592,14308.219178082192,0,1,0,0,0,0
1324,37.19,9334.875450480922,-659.6383232550305,5.0,8.04,3.0,-24531.949241854585,24531.949241854585,3138.0483456800653,15.0,116.83198947648592,14308.219178082192,0,1,0,0,0,0
1325,41.21,6683.1293909956985,-659.6383232550305,5.0,8.04,3.0,-27183.69530133981,27183.69530133981,3138.0483456800653,15.0,116.83198947648592,14308.219178082192,0,1,0,0,0,0
1326,69.63,2978.399081605913,650.0,0,8.04,3.0,45259.5,-45259.5,15071.972825128516,0,556.8949724310688,14308.219178082192,1,0,0,0,0,0
1327,49.66,1109.1855594906924,-659.6383232550305,5.0,8.04,3.0,-32757.63913284481,32757.63913284481,3138.0483456800653,15.0,116.83198947648592,14308.219178082192,0,1,0,0,0,0
1328,57.89,-4319.637840898213,-659.6383232550305,5.0,8.04,3.0,-38186.46253323372,38186.46253323372,3138.0483456800653,15.0,116.83198947648592,14308.219178082192,0,1,0,0,0,0
1329,56.7,-3534.6682362247298,-659.6383232550305,5.0,8.04,3.0,-37401.492928560234,37401.492928560234,3138.0483456800653,15.0,116.83198947648592,14308.219178082192,0,1,0,0,0,0
1330,83.56,12032.899081605916,650.0,0,8.04,3.0,54314.0,-54314.0,15071.972825128516,0,556.8949724310688,14308.219178082192,1,0,0,0,0,0
1331,58.55,-4223.600918394087,650.0,0,8.04,3.0,38057.5,-38057.5,15071.972825128516,0,556.8949724310688,14308.219178082192,1,0,0,0,0,0
1332,61.57,-2260.600918394087,650.0,0,8.04,3.0,40020.5,-40020.5,15071.972825128516,0,556.8949724310688,14308.219178082192,1,0,0,0,0,0
1333,49.72,1069.6072600953853,-659.6383232550305,5.0,8.04,3.0,-32797.21743224012,32797.21743224012,3138.0483456800653,15.0,116.83198947648592,14308.219178082192,0,1,0,0,0,0
1334,42.6,5766.232121671204,-659.6383232550305,5.0,8.04,3.0,-28100.5925706643,28100.5925706643,3138.0483456800653,15.0,116.83198947648592,14308.219178082192,0,1,0,0,0,0
1335,33.33,11881.079378245337,-659.6383232550305,5.0,8.04,3.0,-21985.745314090167,21985.745314090167,3138.0483456800653,15.0,116.83198947648592,14308.219178082192,0,1,0,0,0,0
1336,39.45,7844.092839924546,-659.6383232550305,5.0,8.04,3.0,-26022.731852410954,26022.731852410954,3138.0483456800653,15.0,116.83198947648592,14308.219178082192,0,1,0,0,0,0
1337,63.3,-1136.1009183940869,650.0,0,8.04,3.0,41145.0,-41145.0,15071.972825128516,0,556.8949724310688,14308.219178082192,1,0,0,0,0,0
1338,42.31,5957.52723541516,-659.6383232550305,5.0,8.04,3.0,-27909.297456920343,27909.297456920343,3138.0483456800653,15.0,116.83198947648592,14308.219178082192,0,1,0,0,0,0
1339,38.27,8622.466061365485,-659.6383232550305,5.0,8.04,3.0,-25244.35863097002,25244.35863097002,3138.0483456800653,15.0,116.83198947648592,14308.219178082192,0,1,0,0,0,0
1340,36.57,9743.851210899036,-659.6383232550305,5.0,8.04,3.0,-24122.973481436467,24122.973481436467,3138.0483456800653,15.0,116.83198947648592,14308.219178082192,0,1,0,0,0,0
1341,31.96,12784.78388110473,-659.6383232550305,5.0,8.04,3.0,-21082.040811230774,21082.040811230774,3138.0483456800653,15.0,116.83198947648592,14308.219178082192,0,1,0,0,0,0
1342,33.26,11927.254060873187,-659.6383232550305,5.0,8.04,3.0,-21939.570631462313,21939.570631462313,3138.0483456800653,15.0,116.83198947648592,14308.219178082192,0,1,0,0,0,0
1343,26.38,16465.5657248678,-659.6383232550305,5.0,8.04,3.0,-17401.258967467704,17401.258967467704,3138.0483456800653,15.0,116.83198947648592,14308.219178082192,0,1,0,0,0,0
1344,29.57,14361.319473684252,-659.6383232550305,5.0,8.04,3.0,-19505.50521865125,19505.50521865125,3138.0483456800653,15.0,116.83198947648592,14308.219178082192,0,1,0,0,0,0
1345,26.26,16544.7223236584,-659.6383232550305,5.0,8.04,3.0,-17322.102368677104,17322.102368677104,3138.0483456800653,15.0,116.83198947648592,14308.219178082192,0,1,0,0,0,0
1346,25.89,16788.788503262764,-659.6383232550305,5.0,8.04,3.0,-17078.03618907274,17078.03618907274,3138.0483456800653,15.0,116.83198947648592,14308.219178082192,0,1,0,0,0,0
1347,23.97,18055.294083912424,-659.6383232550305,5.0,8.04,3.0,-15811.530608423082,15811.530608423082,3138.0483456800653,15.0,116.83198947648592,14308.219178082192,0,1,0,0,0,0
1348,21.1,19948.45607165436,-659.6383232550305,5.0,8.04,3.0,-13918.368620681145,13918.368620681145,3138.0483456800653,15.0,116.83198947648592,14308.219178082192,0,1,0,0,0,0
1349,25.01,17369.27022772719,-659.6383232550305,5.0,8.04,3.0,-16497.554464608314,16497.554464608314,3138.0483456800653,15.0,116.83198947648592,14308.219178082192,0,1,0,0,0,0
1350,34.12,11359.965102873863,-659.6383232550305,5.0,8.04,3.0,-22506.85958946164,22506.85958946164,3138.0483456800653,15.0,116.83198947648592,14308.219178082192,0,1,0,0,0,0
1351,25.24,17217.553413378537,-659.6383232550305,5.0,8.04,3.0,-16649.27127895697,16649.27127895697,3138.0483456800653,15.0,116.83198947648592,14308.219178082192,0,1,0,0,0,0
1352,28.34,15172.674611287941,-659.6383232550305,5.0,8.04,3.0,-18694.150081047566,18694.150081047566,3138.0483456800653,15.0,116.83198947648592,14308.219178082192,0,1,0,0,0,0
1353,38.42,8523.520312877234,-659.6383232550305,5.0,8.04,3.0,-25343.304379458274,25343.304379458274,3138.0483456800653,15.0,116.83198947648592,14308.219178082192,0,1,0,0,0,0
1354,41.18,6702.918540693347,-659.6383232550305,5.0,8.04,3.0,-27163.906151642157,27163.906151642157,3138.0483456800653,15.0,116.83198947648592,14308.219178082192,0,1,0,0,0,0
1355,35.06,10739.905079014134,-659.6383232550305,5.0,8.04,3.0,-23126.91961332137,23126.91961332137,3138.0483456800653,15.0,116.83198947648592,14308.219178082192,0,1,0,0,0,0
1356,34.33,11221.441054990308,-659.6383232550305,5.0,8.04,3.0,-22645.383637345196,22645.383637345196,3138.0483456800653,15.0,116.83198947648592,14308.219178082192,0,1,0,0,0,0
1357,31.52,13075.024743336944,-659.6383232550305,5.0,8.04,3.0,-20791.799948998563,20791.799948998563,3138.0483456800653,15.0,116.83198947648592,14308.219178082192,0,1,0,0,0,0
1358,25.36,17138.39681458793,-659.6383232550305,5.0,8.04,3.0,-16728.427877747574,16728.427877747574,3138.0483456800653,15.0,116.83198947648592,14308.219178082192,0,1,0,0,0,0
1359,14.75,24137.159424323807,-659.6383232550305,5.0,8.04,3.0,-9729.6652680117,9729.6652680117,3138.0483456800653,15.0,116.83198947648592,14308.219178082192,0,1,0,0,0,0
1360,16.91,22712.34064609294,-659.6383232550305,5.0,8.04,3.0,-11154.484046242565,11154.484046242565,3138.0483456800653,15.0,116.83198947648592,14308.219178082192,0,1,0,0,0,0
1361,29.0,14737.313317939617,-659.6383232550305,5.0,8.04,3.0,-19129.511374395886,19129.511374395886,3138.0483456800653,15.0,116.83198947648592,14308.219178082192,0,1,0,0,0,0
1362,40.4,7217.43643283227,-659.6383232550305,5.0,8.04,3.0,-26649.38825950323,26649.38825950323,3138.0483456800653,15.0,116.83198947648592,14308.219178082192,0,1,0,0,0,0
1363,39.87,7567.04474415744,-659.6383232550305,5.0,8.04,3.0,-26299.779948178064,26299.779948178064,3138.0483456800653,15.0,116.83198947648592,14308.219178082192,0,1,0,0,0,0
1364,36.49,9796.622276759437,-659.6383232550305,5.0,8.04,3.0,-24070.202415576066,24070.202415576066,3138.0483456800653,15.0,116.83198947648592,14308.219178082192,0,1,0,0,0,0
1365,29.0,14737.313317939617,-659.6383232550305,5.0,8.04,3.0,-19129.511374395886,19129.511374395886,3138.0483456800653,15.0,116.83198947648592,14308.219178082192,0,1,0,0,0,0
1366,29.55,14374.512240149354,-659.6383232550305,5.0,8.04,3.0,-19492.312452186154,19492.312452186154,3138.0483456800653,15.0,116.83198947648592,14308.219178082192,0,1,0,0,0,0
1367,25.9,16782.192120030213,-659.6383232550305,5.0,8.04,3.0,-17084.63257230529,17084.63257230529,3138.0483456800653,15.0,116.83198947648592,14308.219178082192,0,1,0,0,0,0
1368,24.33,17817.824287540614,-659.6383232550305,5.0,8.04,3.0,-16049.000404794891,16049.000404794891,3138.0483456800653,15.0,116.83198947648592,14308.219178082192,0,1,0,0,0,0
1369,22.32,19143.697317283222,-659.6383232550305,5.0,8.04,3.0,-14723.127375052281,14723.127375052281,3138.0483456800653,15.0,116.83198947648592,14308.219178082192,0,1,0,0,0,0
1370,26.23,16564.511473356055,-659.6383232550305,5.0,8.04,3.0,-17302.313218979452,17302.313218979452,3138.0483456800653,15.0,116.83198947648592,14308.219178082192,0,1,0,0,0,0
1371,28.1,15330.987808869148,-659.6383232550305,5.0,8.04,3.0,-18535.83688346636,18535.83688346636,3138.0483456800653,15.0,116.83198947648592,14308.219178082192,0,1,0,0,0,0
1372,29.81,14203.006276103046,-659.6383232550305,5.0,8.04,3.0,-19663.818416232458,19663.818416232458,3138.0483456800653,15.0,116.83198947648592,14308.219178082192,0,1,0,0,0,0
1373,34.09,11379.75425257151,-659.6383232550305,5.0,8.04,3.0,-22487.070439763993,22487.070439763993,3138.0483456800653,15.0,116.83198947648592,14308.219178082192,0,1,0,0,0,0
1374,34.68,10990.567641851048,-659.6383232550305,5.0,8.04,3.0,-22876.25705048446,22876.25705048446,3138.0483456800653,15.0,116.83198947648592,14308.219178082192,0,1,0,0,0,0
1375,32.9,12164.723857245,-659.6383232550305,5.0,8.04,3.0,-21702.100835090503,21702.100835090503,3138.0483456800653,15.0,116.83198947648592,14308.219178082192,0,1,0,0,0,0
1376,32.54,12402.19365361681,-659.6383232550305,5.0,8.04,3.0,-21464.631038718693,21464.631038718693,3138.0483456800653,15.0,116.83198947648592,14308.219178082192,0,1,0,0,0,0
1377,27.79,15535.475689078205,-659.6383232550305,5.0,8.04,3.0,-18331.3490032573,18331.3490032573,3138.0483456800653,15.0,116.83198947648592,14308.219178082192,0,1,0,0,0,0
1378,25.5,17046.047449332225,-659.6383232550305,5.0,8.04,3.0,-16820.77724300328,16820.77724300328,3138.0483456800653,15.0,116.83198947648592,14308.219178082192,0,1,0,0,0,0
1379,24.86,17468.215976215444,-659.6383232550305,5.0,8.04,3.0,-16398.60871612006,16398.60871612006,3138.0483456800653,15.0,116.83198947648592,14308.219178082192,0,1,0,0,0,0
1380,25.79,16854.75233558827,-659.6383232550305,5.0,8.04,3.0,-17012.072356747238,17012.072356747238,3138.0483456800653,15.0,116.83198947648592,14308.219178082192,0,1,0,0,0,0
1381,23.59,18305.956646749335,-659.6383232550305,5.0,8.04,3.0,-15560.86804558617,15560.86804558617,3138.0483456800653,15.0,116.83198947648592,14308.219178082192,0,1,0,0,0,0
1382,23.83,18147.64344916813,-659.6383232550305,5.0,8.04,3.0,-15719.181243167375,15719.181243167375,3138.0483456800653,15.0,116.83198947648592,14308.219178082192,0,1,0,0,0,0
1383,23.68,18246.58919765638,-659.6383232550305,5.0,8.04,3.0,-15620.235494679122,15620.235494679122,3138.0483456800653,15.0,116.83198947648592,14308.219178082192,0,1,0,0,0,0
1384,24.92,17428.637676820144,-659.6383232550305,5.0,8.04,3.0,-16438.187015515363,16438.187015515363,3138.0483456800653,15.0,116.83198947648592,14308.219178082192,0,1,0,0,0,0
1385,26.88,16135.746563240285,-659.6383232550305,5.0,8.04,3.0,-17731.078129095218,17731.078129095218,3138.0483456800653,15.0,116.83198947648592,14308.219178082192,0,1,0,0,0,0
1386,33.45,11801.922779454733,-659.6383232550305,5.0,8.04,3.0,-22064.901912880774,22064.901912880774,3138.0483456800653,15.0,116.83198947648592,14308.219178082192,0,1,0,0,0,0
1387,325.99,169612.39908160592,650.0,0,8.04,3.0,211893.5,-211893.5,15071.972825128516,0,556.8949724310688,14308.219178082192,1,0,0,0,0,0
1388,37.52,9117.194803806757,-659.6383232550305,5.0,8.04,3.0,-24749.629888528747,24749.629888528747,3138.0483456800653,15.0,116.83198947648592,14308.219178082192,0,1,0,0,0,0
1389,30.6,13681.892000731568,-659.6383232550305,5.0,8.04,3.0,-20184.932691603935,20184.932691603935,3138.0483456800653,15.0,116.83198947648592,14308.219178082192,0,1,0,0,0,0
1390,32.52,12415.386420081912,-659.6383232550305,5.0,8.04,3.0,-21451.438272253596,21451.438272253596,3138.0483456800653,15.0,116.83198947648592,14308.219178082192,0,1,0,0,0,0
1391,29.01,14730.716934707067,-659.6383232550305,5.0,8.04,3.0,-19136.107757628437,19136.107757628437,3138.0483456800653,15.0,116.83198947648592,14308.219178082192,0,1,0,0,0,0
1392,26.82,16175.324862635585,-659.6383232550305,5.0,8.04,3.0,-17691.49982969992,17691.49982969992,3138.0483456800653,15.0,116.83198947648592,14308.219178082192,0,1,0,0,0,0
1393,24.86,17468.215976215444,-659.6383232550305,5.0,8.04,3.0,-16398.60871612006,16398.60871612006,3138.0483456800653,15.0,116.83198947648592,14308.219178082192,0,1,0,0,0,0
1394,26.47,16406.19827577485,-659.6383232550305,5.0,8.04,3.0,-17460.626416560655,17460.626416560655,3138.0483456800653,15.0,116.83198947648592,14308.219178082192,0,1,0,0,0,0
1395,30.73,13596.139018708418,-659.6383232550305,5.0,8.04,3.0,-20270.68567362709,20270.68567362709,3138.0483456800653,15.0,116.83198947648592,14308.219178082192,0,1,0,0,0,0
1396,28.56,15027.554180171832,-659.6383232550305,5.0,8.04,3.0,-18839.27051216367,18839.27051216367,3138.0483456800653,15.0,116.83198947648592,14308.219178082192,0,1,0,0,0,0
1397,28.62,14987.975880776528,-659.6383232550305,5.0,8.04,3.0,-18878.848811558975,18878.848811558975,3138.0483456800653,15.0,116.83198947648592,14308.219178082192,0,1,0,0,0,0
1398,34.65,11010.356791548696,-659.6383232550305,5.0,8.04,3.0,-22856.467900786807,22856.467900786807,3138.0483456800653,15.0,116.83198947648592,14308.219178082192,0,1,0,0,0,0
1399,76.68,7560.899081605917,650.0,0,8.04,3.0,49842.00000000001,-49842.00000000001,15071.972825128516,0,556.8949724310688,14308.219178082192,1,0,0,0,0,0
1400,36.22,9974.7246240383,-659.6383232550305,5.0,8.04,3.0,-23892.100068297204,23892.100068297204,3138.0483456800653,15.0,116.83198947648592,14308.219178082192,0,1,0,0,0,0
1401,22.99,18701.739640702355,-659.6383232550305,5.0,8.04,3.0,-15165.08505163315,15165.08505163315,3138.0483456800653,15.0,116.83198947648592,14308.219178082192,0,1,0,0,0,0
1402,25.43,17092.22213196008,-659.6383232550305,5.0,8.04,3.0,-16774.602560375424,16774.602560375424,3138.0483456800653,15.0,116.83198947648592,14308.219178082192,0,1,0,0,0,0
1403,30.17,13965.536479731232,-659.6383232550305,5.0,8.04,3.0,-19901.28821260427,19901.28821260427,3138.0483456800653,15.0,116.83198947648592,14308.219178082192,0,1,0,0,0,0
1404,28.12,15317.795042404046,-659.6383232550305,5.0,8.04,3.0,-18549.029649931457,18549.029649931457,3138.0483456800653,15.0,116.83198947648592,14308.219178082192,0,1,0,0,0,0
1405,22.47,19044.75156879497,-659.6383232550305,5.0,8.04,3.0,-14822.073123540535,14822.073123540535,3138.0483456800653,15.0,116.83198947648592,14308.219178082192,0,1,0,0,0,0
1406,11.8,26083.092477926144,-659.6383232550305,5.0,8.04,3.0,-7783.7322144093605,7783.7322144093605,3138.0483456800653,15.0,116.83198947648592,14308.219178082192,0,1,0,0,0,0
1407,14.48,24315.26177160266,-659.6383232550305,5.0,8.04,3.0,-9551.562920732842,9551.562920732842,3138.0483456800653,15.0,116.83198947648592,14308.219178082192,0,1,0,0,0,0
1408,24.68,17586.95087440135,-659.6383232550305,5.0,8.04,3.0,-16279.873817934153,16279.873817934153,3138.0483456800653,15.0,116.83198947648592,14308.219178082192,0,1,0,0,0,0
1409,28.77,14889.030132288277,-659.6383232550305,5.0,8.04,3.0,-18977.794560047227,18977.794560047227,3138.0483456800653,15.0,116.83198947648592,14308.219178082192,0,1,0,0,0,0
1410,59.58,-3554.100918394087,650.0,0,8.04,3.0,38727.0,-38727.0,15071.972825128516,0,556.8949724310688,14308.219178082192,1,0,0,0,0,0
1411,167.29,66457.39908160592,650.0,0,8.04,3.0,108738.5,-108738.5,15071.972825128516,0,556.8949724310688,14308.219178082192,1,0,0,0,0,0
1412,33.85,11538.067450152721,-659.6383232550305,5.0,8.04,3.0,-22328.757242182783,22328.757242182783,3138.0483456800653,15.0,116.83198947648592,14308.219178082192,0,1,0,0,0,0
1413,35.04,10753.097845479235,-659.6383232550305,5.0,8.04,3.0,-23113.72684685627,23113.72684685627,3138.0483456800653,15.0,116.83198947648592,14308.219178082192,0,1,0,0,0,0
1414,34.75,10944.392959223194,-659.6383232550305,5.0,8.04,3.0,-22922.43173311231,22922.43173311231,3138.0483456800653,15.0,116.83198947648592,14308.219178082192,0,1,0,0,0,0
1415,55.08,-2466.0541525515723,-659.6383232550305,5.0,8.04,3.0,-36332.87884488708,36332.87884488708,3138.0483456800653,15.0,116.83198947648592,14308.219178082192,0,1,0,0,0,0
1416,25.96,16742.61382063491,-659.6383232550305,5.0,8.04,3.0,-17124.210871700594,17124.210871700594,3138.0483456800653,15.0,116.83198947648592,14308.219178082192,0,1,0,0,0,0
1417,26.63,16300.656144054043,-659.6383232550305,5.0,8.04,3.0,-17566.16854828146,17566.16854828146,3138.0483456800653,15.0,116.83198947648592,14308.219178082192,0,1,0,0,0,0
1418,27.34,15832.31293454297,-659.6383232550305,5.0,8.04,3.0,-18034.511757792534,18034.511757792534,3138.0483456800653,15.0,116.83198947648592,14308.219178082192,0,1,0,0,0,0
1419,21.58,19631.829676491947,-659.6383232550305,5.0,8.04,3.0,-14234.995015843557,14234.995015843557,3138.0483456800653,15.0,116.83198947648592,14308.219178082192,0,1,0,0,0,0
1420,23.72,18220.20366472618,-659.6383232550305,5.0,8.04,3.0,-15646.621027609322,15646.621027609322,3138.0483456800653,15.0,116.83198947648592,14308.219178082192,0,1,0,0,0,0
1421,31.08,13365.265605569155,-659.6383232550305,5.0,8.04,3.0,-20501.55908676635,20501.55908676635,3138.0483456800653,15.0,116.83198947648592,14308.219178082192,0,1,0,0,0,0
1422,37.06,9420.628432504072,-659.6383232550305,5.0,8.04,3.0,-24446.19625983143,24446.19625983143,3138.0483456800653,15.0,116.83198947648592,14308.219178082192,0,1,0,0,0,0
1423,46.14,3431.1124573483944,-659.6383232550305,5.0,8.04,3.0,-30435.71223498711,30435.71223498711,3138.0483456800653,15.0,116.83198947648592,14308.219178082192,0,1,0,0,0,0
1424,38.94,8180.508384784618,-659.6383232550305,5.0,8.04,3.0,-25686.316307550886,25686.316307550886,3138.0483456800653,15.0,116.83198947648592,14308.219178082192,0,1,0,0,0,0
1425,36.37,9875.778875550044,-659.6383232550305,5.0,8.04,3.0,-23991.04581678546,23991.04581678546,3138.0483456800653,15.0,116.83198947648592,14308.219178082192,0,1,0,0,0,0
1426,33.0,12098.760024919495,-659.6383232550305,5.0,8.04,3.0,-21768.064667416005,21768.064667416005,3138.0483456800653,15.0,116.83198947648592,14308.219178082192,0,1,0,0,0,0
1427,31.37,13173.970491825195,-659.6383232550305,5.0,8.04,3.0,-20692.854200510308,20692.854200510308,3138.0483456800653,15.0,116.83198947648592,14308.219178082192,0,1,0,0,0,0
1428,31.33,13200.356024755398,-659.6383232550305,5.0,8.04,3.0,-20666.468667580106,20666.468667580106,3138.0483456800653,15.0,116.83198947648592,14308.219178082192,0,1,0,0,0,0
1429,32.18,12639.66344998862,-659.6383232550305,5.0,8.04,3.0,-21227.161242346883,21227.161242346883,3138.0483456800653,15.0,116.83198947648592,14308.219178082192,0,1,0,0,0,0
1430,30.89,13490.596886987609,-659.6383232550305,5.0,8.04,3.0,-20376.22780534789,20376.22780534789,3138.0483456800653,15.0,116.83198947648592,14308.219178082192,0,1,0,0,0,0
1431,28.93,14783.488000567471,-659.6383232550305,5.0,8.04,3.0,-19083.336691768032,19083.336691768032,3138.0483456800653,15.0,116.83198947648592,14308.219178082192,0,1,0,0,0,0
1432,28.61,14994.572264009083,-659.6383232550305,5.0,8.04,3.0,-18872.25242832642,18872.25242832642,3138.0483456800653,15.0,116.83198947648592,14308.219178082192,0,1,0,0,0,0
1433,28.45,15100.114395729888,-659.6383232550305,5.0,8.04,3.0,-18766.71029660562,18766.71029660562,3138.0483456800653,15.0,116.83198947648592,14308.219178082192,0,1,0,0,0,0
1434,32.46,12454.964719477211,-659.6383232550305,5.0,8.04,3.0,-21411.859972858292,21411.859972858292,3138.0483456800653,15.0,116.83198947648592,14308.219178082192,0,1,0,0,0,0
1435,33.79,11577.645749548024,-659.6383232550305,5.0,8.04,3.0,-22289.17894278748,22289.17894278748,3138.0483456800653,15.0,116.83198947648592,14308.219178082192,0,1,0,0,0,0
1436,34.71,10970.778492153393,-659.6383232550305,5.0,8.04,3.0,-22896.04620018211,22896.04620018211,3138.0483456800653,15.0,116.83198947648592,14308.219178082192,0,1,0,0,0,0
1437,35.51,10443.067833549372,-659.6383232550305,5.0,8.04,3.0,-23423.75685878613,23423.75685878613,3138.0483456800653,15.0,116.83198947648592,14308.219178082192,0,1,0,0,0,0
1438,36.45,9823.00780968964,-659.6383232550305,5.0,8.04,3.0,-24043.816882645864,24043.816882645864,3138.0483456800653,15.0,116.83198947648592,14308.219178082192,0,1,0,0,0,0
1439,35.62,10370.50761799132,-659.6383232550305,5.0,8.04,3.0,-23496.317074344184,23496.317074344184,3138.0483456800653,15.0,116.83198947648592,14308.219178082192,0,1,0,0,0,0
1440,31.41,13147.584958894997,-659.6383232550305,5.0,8.04,3.0,-20719.239733440507,20719.239733440507,3138.0483456800653,15.0,116.83198947648592,14308.219178082192,0,1,0,0,0,0
1441,28.65,14968.18673107888,-659.6383232550305,5.0,8.04,3.0,-18898.637961256623,18898.637961256623,3138.0483456800653,15.0,116.83198947648592,14308.219178082192,0,1,0,0,0,0
1442,29.6,14341.5303239866,-659.6383232550305,5.0,8.04,3.0,-19525.294368348903,19525.294368348903,3138.0483456800653,15.0,116.83198947648592,14308.219178082192,0,1,0,0,0,0
1443,28.15,15298.005892706398,-659.6383232550305,5.0,8.04,3.0,-18568.81879962911,18568.81879962911,3138.0483456800653,15.0,116.83198947648592,14308.219178082192,0,1,0,0,0,0
1444,28.59,15007.765030474184,-659.6383232550305,5.0,8.04,3.0,-18859.059661861324,18859.059661861324,3138.0483456800653,15.0,116.83198947648592,14308.219178082192,0,1,0,0,0,0
1445,34.29,11247.826587920506,-659.6383232550305,5.0,8.04,3.0,-22618.998104414997,22618.998104414997,3138.0483456800653,15.0,116.83198947648592,14308.219178082192,0,1,0,0,0,0
1446,39.7,7679.183259110789,-659.6383232550305,5.0,8.04,3.0,-26187.641433224715,26187.641433224715,3138.0483456800653,15.0,116.83198947648592,14308.219178082192,0,1,0,0,0,0
1447,168.82,67451.89908160592,650.0,0,8.04,3.0,109733.0,-109733.0,15071.972825128516,0,556.8949724310688,14308.219178082192,1,0,0,0,0,0
1448,39.33,7923.249438715156,-659.6383232550305,5.0,8.04,3.0,-25943.575253620347,25943.575253620347,3138.0483456800653,15.0,116.83198947648592,14308.219178082192,0,1,0,0,0,0
1449,36.24,9961.531857573198,-659.6383232550305,5.0,8.04,3.0,-23905.292834762306,23905.292834762306,3138.0483456800653,15.0,116.83198947648592,14308.219178082192,0,1,0,0,0,0
1450,37.19,9334.875450480922,-659.6383232550305,5.0,8.04,3.0,-24531.949241854585,24531.949241854585,3138.0483456800653,15.0,116.83198947648592,14308.219178082192,0,1,0,0,0,0
1451,34.16,11333.579569943664,-659.6383232550305,5.0,8.04,3.0,-22533.24512239184,22533.24512239184,3138.0483456800653,15.0,116.83198947648592,14308.219178082192,0,1,0,0,0,0
1452,33.22,11953.639593803393,-659.6383232550305,5.0,8.04,3.0,-21913.185098532114,21913.185098532114,3138.0483456800653,15.0,116.83198947648592,14308.219178082192,0,1,0,0,0,0
1453,31.85,12857.344096662779,-659.6383232550305,5.0,8.04,3.0,-21009.48059567272,21009.48059567272,3138.0483456800653,15.0,116.83198947648592,14308.219178082192,0,1,0,0,0,0
1454,26.64,16294.059760821492,-659.6383232550305,5.0,8.04,3.0,-17572.76493151401,17572.76493151401,3138.0483456800653,15.0,116.83198947648592,14308.219178082192,0,1,0,0,0,0
1455,16.65,22883.846610139248,-659.6383232550305,5.0,8.04,3.0,-10982.978082196258,10982.978082196258,3138.0483456800653,15.0,116.83198947648592,14308.219178082192,0,1,0,0,0,0
1456,18.84,21439.23868221073,-659.6383232550305,5.0,8.04,3.0,-12427.586010124774,12427.586010124774,3138.0483456800653,15.0,116.83198947648592,14308.219178082192,0,1,0,0,0,0
1457,22.65,18926.016670609064,-659.6383232550305,5.0,8.04,3.0,-14940.80802172644,14940.80802172644,3138.0483456800653,15.0,116.83198947648592,14308.219178082192,0,1,0,0,0,0
1458,36.11,10047.284839596352,-659.6383232550305,5.0,8.04,3.0,-23819.53985273915,23819.53985273915,3138.0483456800653,15.0,116.83198947648592,14308.219178082192,0,1,0,0,0,0
1459,48.61,1801.8057989084741,-659.6383232550305,5.0,8.04,3.0,-32065.018893427034,32065.018893427034,3138.0483456800653,15.0,116.83198947648592,14308.219178082192,0,1,0,0,0,0
1460,49.12,1465.3902540484055,-659.6383232550305,5.0,8.04,3.0,-32401.4344382871,32401.4344382871,3138.0483456800653,15.0,116.83198947648592,14308.219178082192,0,1,0,0,0,0
1461,24.81,17501.197892378197,-659.6383232550305,5.0,8.04,3.0,-16365.626799957307,16365.626799957307,3138.0483456800653,15.0,116.83198947648592,14308.219178082192,0,1,0,0,0,0
1462,26.52,16373.216359612095,-659.6383232550305,5.0,8.04,3.0,-17493.60833272341,17493.60833272341,3138.0483456800653,15.0,116.83198947648592,14308.219178082192,0,1,0,0,0,0
1463,31.61,13015.657294243993,-659.6383232550305,5.0,8.04,3.0,-20851.167398091515,20851.167398091515,3138.0483456800653,15.0,116.83198947648592,14308.219178082192,0,1,0,0,0,0
1464,24.91,17435.23406005269,-659.6383232550305,5.0,8.04,3.0,-16431.59063228281,16431.59063228281,3138.0483456800653,15.0,116.83198947648592,14308.219178082192,0,1,0,0,0,0
1465,23.78,18180.625365330874,-659.6383232550305,5.0,8.04,3.0,-15686.199327004626,15686.199327004626,3138.0483456800653,15.0,116.83198947648592,14308.219178082192,0,1,0,0,0,0
1466,27.79,15535.475689078205,-659.6383232550305,5.0,8.04,3.0,-18331.3490032573,18331.3490032573,3138.0483456800653,15.0,116.83198947648592,14308.219178082192,0,1,0,0,0,0
1467,28.11,15324.391425636597,-659.6383232550305,5.0,8.04,3.0,-18542.433266698907,18542.433266698907,3138.0483456800653,15.0,116.83198947648592,14308.219178082192,0,1,0,0,0,0
1468,28.02,15383.758874729549,-659.6383232550305,5.0,8.04,3.0,-18483.065817605955,18483.065817605955,3138.0483456800653,15.0,116.83198947648592,14308.219178082192,0,1,0,0,0,0
1469,28.41,15126.499928660087,-659.6383232550305,5.0,8.04,3.0,-18740.324763675417,18740.324763675417,3138.0483456800653,15.0,116.83198947648592,14308.219178082192,0,1,0,0,0,0
1470,32.12,12679.241749383924,-659.6383232550305,5.0,8.04,3.0,-21187.58294295158,21187.58294295158,3138.0483456800653,15.0,116.83198947648592,14308.219178082192,0,1,0,0,0,0
1471,34.84,10885.02551013024,-659.6383232550305,5.0,8.04,3.0,-22981.799182205265,22981.799182205265,3138.0483456800653,15.0,116.83198947648592,14308.219178082192,0,1,0,0,0,0
1472,37.45,9163.369486434607,-659.6383232550305,5.0,8.04,3.0,-24703.455205900893,24703.455205900893,3138.0483456800653,15.0,116.83198947648592,14308.219178082192,0,1,0,0,0,0
1473,33.23,11947.043210570842,-659.6383232550305,5.0,8.04,3.0,-21919.78148176466,21919.78148176466,3138.0483456800653,15.0,116.83198947648592,14308.219178082192,0,1,0,0,0,0
1474,34.95,10812.465294572186,-659.6383232550305,5.0,8.04,3.0,-23054.359397763317,23054.359397763317,3138.0483456800653,15.0,116.83198947648592,14308.219178082192,0,1,0,0,0,0
1475,31.26,13246.530707383248,-659.6383232550305,5.0,8.04,3.0,-20620.293984952255,20620.293984952255,3138.0483456800653,15.0,116.83198947648592,14308.219178082192,0,1,0,0,0,0
1476,30.27,13899.572647405734,-659.6383232550305,5.0,8.04,3.0,-19967.252044929774,19967.252044929774,3138.0483456800653,15.0,116.83198947648592,14308.219178082192,0,1,0,0,0,0
1477,29.47,14427.283306009755,-659.6383232550305,5.0,8.04,3.0,-19439.54138632575,19439.54138632575,3138.0483456800653,15.0,116.83198947648592,14308.219178082192,0,1,0,0,0,0
1478,28.39,15139.692695125188,-659.6383232550305,5.0,8.04,3.0,-18727.131997210316,18727.131997210316,3138.0483456800653,15.0,116.83198947648592,14308.219178082192,0,1,0,0,0,0
1479,28.22,15251.831210078544,-659.6383232550305,5.0,8.04,3.0,-18614.99348225696,18614.99348225696,3138.0483456800653,15.0,116.83198947648592,14308.219178082192,0,1,0,0,0,0
1480,25.92,16768.999353565112,-659.6383232550305,5.0,8.04,3.0,-17097.82533877039,17097.82533877039,3138.0483456800653,15.0,116.83198947648592,14308.219178082192,0,1,0,0,0,0
1481,26.69,16261.07784465874,-659.6383232550305,5.0,8.04,3.0,-17605.746847676764,17605.746847676764,3138.0483456800653,15.0,116.83198947648592,14308.219178082192,0,1,0,0,0,0
1482,28.48,15080.325246032233,-659.6383232550305,5.0,8.04,3.0,-18786.49944630327,18786.49944630327,3138.0483456800653,15.0,116.83198947648592,14308.219178082192,0,1,0,0,0,0
1483,32.98,12111.9527913846,-659.6383232550305,5.0,8.04,3.0,-21754.871900950904,21754.871900950904,3138.0483456800653,15.0,116.83198947648592,14308.219178082192,0,1,0,0,0,0
1484,39.41,7870.478372854755,-659.6383232550305,5.0,8.04,3.0,-25996.346319480752,25996.346319480752,3138.0483456800653,15.0,116.83198947648592,14308.219178082192,0,1,0,0,0,0
1485,33.97,11458.910851362121,-659.6383232550305,5.0,8.04,3.0,-22407.913840973386,22407.913840973386,3138.0483456800653,15.0,116.83198947648592,14308.219178082192,0,1,0,0,0,0
1486,38.1,8734.604576318841,-659.6383232550305,5.0,8.04,3.0,-25132.220116016662,25132.220116016662,3138.0483456800653,15.0,116.83198947648592,14308.219178082192,0,1,0,0,0,0
1487,35.96,10146.230588084603,-659.6383232550305,5.0,8.04,3.0,-23720.594104250897,23720.594104250897,3138.0483456800653,15.0,116.83198947648592,14308.219178082192,0,1,0,0,0,0
1488,33.39,11841.501078850037,-659.6383232550305,5.0,8.04,3.0,-22025.32361348547,22025.32361348547,3138.0483456800653,15.0,116.83198947648592,14308.219178082192,0,1,0,0,0,0
1489,34.73,10957.585725688295,-659.6383232550305,5.0,8.04,3.0,-22909.238966647208,22909.238966647208,3138.0483456800653,15.0,116.83198947648592,14308.219178082192,0,1,0,0,0,0
1490,32.95,12131.741941082248,-659.6383232550305,5.0,8.04,3.0,-21735.082751253256,21735.082751253256,3138.0483456800653,15.0,116.83198947648592,14308.219178082192,0,1,0,0,0,0
1491,32.77,12250.476839268154,-659.6383232550305,5.0,8.04,3.0,-21616.347853067353,21616.347853067353,3138.0483456800653,15.0,116.83198947648592,14308.219178082192,0,1,0,0,0,0
1492,27.43,15772.945485450018,-659.6383232550305,5.0,8.04,3.0,-18093.879206885485,18093.879206885485,3138.0483456800653,15.0,116.83198947648592,14308.219178082192,0,1,0,0,0,0
1493,25.04,17349.48107802954,-659.6383232550305,5.0,8.04,3.0,-16517.343614305963,16517.343614305963,3138.0483456800653,15.0,116.83198947648592,14308.219178082192,0,1,0,0,0,0
1494,17.85,22092.280622233207,-659.6383232550305,5.0,8.04,3.0,-11774.544070102296,11774.544070102296,3138.0483456800653,15.0,116.83198947648592,14308.219178082192,0,1,0,0,0,0
1495,16.3,23114.720023278507,-659.6383232550305,5.0,8.04,3.0,-10752.104669056998,10752.104669056998,3138.0483456800653,15.0,116.83198947648592,14308.219178082192,0,1,0,0,0,0
1496,13.17,25179.38797506675,-659.6383232550305,5.0,8.04,3.0,-8687.436717268753,8687.436717268753,3138.0483456800653,15.0,116.83198947648592,14308.219178082192,0,1,0,0,0,0
1497,11.12,26531.646537739565,-659.6383232550305,5.0,8.04,3.0,-7335.178154595938,7335.178154595938,3138.0483456800653,15.0,116.83198947648592,14308.219178082192,0,1,0,0,0,0
1498,15.61,23569.87046632448,-659.6383232550305,5.0,8.04,3.0,-10296.954226011027,10296.954226011027,3138.0483456800653,15.0,116.83198947648592,14308.219178082192,0,1,0,0,0,0
1499,14.06,24592.309867369775,-659.6383232550305,5.0,8.04,3.0,-9274.514824965729,9274.514824965729,3138.0483456800653,15.0,116.83198947648592,14308.219178082192,0,1,0,0,0,0
1500,14.67,24189.930490184204,-659.6383232550305,5.0,8.04,3.0,-9676.894202151298,9676.894202151298,3138.0483456800653,15.0,116.83198947648592,14308.219178082192,0,1,0,0,0,0
1501,16.23,23160.894705906358,-659.6383232550305,5.0,8.04,3.0,-10705.929986429146,10705.929986429146,3138.0483456800653,15.0,116.83198947648592,14308.219178082192,0,1,0,0,0,0
1502,10.19,27145.110178366744,-659.6383232550305,5.0,8.04,3.0,-6721.714513968761,6721.714513968761,3138.0483456800653,15.0,116.83198947648592,14308.219178082192,0,1,0,0,0,0
1503,15.12,23893.093244719443,-659.6383232550305,5.0,8.04,3.0,-9973.73144761606,9973.73144761606,3138.0483456800653,15.0,116.83198947648592,14308.219178082192,0,1,0,0,0,0
1504,11.15,26511.857388041914,-659.6383232550305,5.0,8.04,3.0,-7354.96730429359,7354.96730429359,3138.0483456800653,15.0,116.83198947648592,14308.219178082192,0,1,0,0,0,0
1505,11.38,26360.140573693257,-659.6383232550305,5.0,8.04,3.0,-7506.684118642248,7506.684118642248,3138.0483456800653,15.0,116.83198947648592,14308.219178082192,0,1,0,0,0,0
1506,19.77,20825.77504158355,-659.6383232550305,5.0,8.04,3.0,-13041.049650751953,13041.049650751953,3138.0483456800653,15.0,116.83198947648592,14308.219178082192,0,1,0,0,0,0
1507,22.6,18958.998586771813,-659.6383232550305,5.0,8.04,3.0,-14907.82610556369,14907.82610556369,3138.0483456800653,15.0,116.83198947648592,14308.219178082192,0,1,0,0,0,0
1508,19.45,21036.85930502516,-659.6383232550305,5.0,8.04,3.0,-12829.965387310343,12829.965387310343,3138.0483456800653,15.0,116.83198947648592,14308.219178082192,0,1,0,0,0,0
1509,24.08,17982.73386835437,-659.6383232550305,5.0,8.04,3.0,-15884.090823981134,15884.090823981134,3138.0483456800653,15.0,116.83198947648592,14308.219178082192,0,1,0,0,0,0
1510,31.64,12995.868144546337,-659.6383232550305,5.0,8.04,3.0,-20870.956547789167,20870.956547789167,3138.0483456800653,15.0,116.83198947648592,14308.219178082192,0,1,0,0,0,0
1511,29.3,14539.42182096311,-659.6383232550305,5.0,8.04,3.0,-19327.402871372393,19327.402871372393,3138.0483456800653,15.0,116.83198947648592,14308.219178082192,0,1,0,0,0,0
1512,26.95,16089.571880612431,-659.6383232550305,5.0,8.04,3.0,-17777.252811723072,17777.252811723072,3138.0483456800653,15.0,116.83198947648592,14308.219178082192,0,1,0,0,0,0
1513,27.76,15555.264838775856,-659.6383232550305,5.0,8.04,3.0,-18311.559853559647,18311.559853559647,3138.0483456800653,15.0,116.83198947648592,14308.219178082192,0,1,0,0,0,0
1514,27.57,15680.59612019431,-659.6383232550305,5.0,8.04,3.0,-18186.22857214119,18186.22857214119,3138.0483456800653,15.0,116.83198947648592,14308.219178082192,0,1,0,0,0,0
1515,32.69,12303.247905128559,-659.6383232550305,5.0,8.04,3.0,-21563.576787206945,21563.576787206945,3138.0483456800653,15.0,116.83198947648592,14308.219178082192,0,1,0,0,0,0
1516,34.91,10838.850827502389,-659.6383232550305,5.0,8.04,3.0,-23027.97386483311,23027.97386483311,3138.0483456800653,15.0,116.83198947648592,14308.219178082192,0,1,0,0,0,0
1517,30.9,13484.000503755062,-659.6383232550305,5.0,8.04,3.0,-20382.824188580442,20382.824188580442,3138.0483456800653,15.0,116.83198947648592,14308.219178082192,0,1,0,0,0,0
1518,31.6,13022.253677476536,-659.6383232550305,5.0,8.04,3.0,-20844.571014858964,20844.571014858964,3138.0483456800653,15.0,116.83198947648592,14308.219178082192,0,1,0,0,0,0
1519,32.71,12290.055138663454,-659.6383232550305,5.0,8.04,3.0,-21576.76955367205,21576.76955367205,3138.0483456800653,15.0,116.83198947648592,14308.219178082192,0,1,0,0,0,0
1520,36.43,9836.200576154744,-659.6383232550305,5.0,8.04,3.0,-24030.624116180763,24030.624116180763,3138.0483456800653,15.0,116.83198947648592,14308.219178082192,0,1,0,0,0,0
1521,43.47,5192.346780439329,-659.6383232550305,5.0,8.04,3.0,-28674.477911896174,28674.477911896174,3138.0483456800653,15.0,116.83198947648592,14308.219178082192,0,1,0,0,0,0
1522,46.87,2949.5764813722276,-659.6383232550305,5.0,8.04,3.0,-30917.24821096328,30917.24821096328,3138.0483456800653,15.0,116.83198947648592,14308.219178082192,0,1,0,0,0,0
1523,37.3,9262.31523492287,-659.6383232550305,5.0,8.04,3.0,-24604.509457412638,24604.509457412638,3138.0483456800653,15.0,116.83198947648592,14308.219178082192,0,1,0,0,0,0
1524,31.24,13259.723473848353,-659.6383232550305,5.0,8.04,3.0,-20607.10121848715,20607.10121848715,3138.0483456800653,15.0,116.83198947648592,14308.219178082192,0,1,0,0,0,0
1525,29.2,14605.385653288613,-659.6383232550305,5.0,8.04,3.0,-19261.43903904689,19261.43903904689,3138.0483456800653,15.0,116.83198947648592,14308.219178082192,0,1,0,0,0,0
1526,26.31,16511.740407495654,-659.6383232550305,5.0,8.04,3.0,-17355.084284839853,17355.084284839853,3138.0483456800653,15.0,116.83198947648592,14308.219178082192,0,1,0,0,0,0
1527,26.79,16195.114012333237,-659.6383232550305,5.0,8.04,3.0,-17671.710680002267,17671.710680002267,3138.0483456800653,15.0,116.83198947648592,14308.219178082192,0,1,0,0,0,0
1528,27.21,15918.065916566124,-659.6383232550305,5.0,8.04,3.0,-17948.75877576938,17948.75877576938,3138.0483456800653,15.0,116.83198947648592,14308.219178082192,0,1,0,0,0,0
1529,60.37,-3040.600918394087,650.0,0,8.04,3.0,39240.5,-39240.5,15071.972825128516,0,556.8949724310688,14308.219178082192,1,0,0,0,0,0
1530,37.36,9222.736935527562,-659.6383232550305,5.0,8.04,3.0,-24644.08775680794,24644.08775680794,3138.0483456800653,15.0,116.83198947648592,14308.219178082192,0,1,0,0,0,0
1531,36.39,9862.586109084943,-659.6383232550305,5.0,8.04,3.0,-24004.23858325056,24004.23858325056,3138.0483456800653,15.0,116.83198947648592,14308.219178082192,0,1,0,0,0,0
1532,29.97,14097.46414438224,-659.6383232550305,5.0,8.04,3.0,-19769.360547953263,19769.360547953263,3138.0483456800653,15.0,116.83198947648592,14308.219178082192,0,1,0,0,0,0
1533,21.19,19889.08862256141,-659.6383232550305,5.0,8.04,3.0,-13977.736069774097,13977.736069774097,3138.0483456800653,15.0,116.83198947648592,14308.219178082192,0,1,0,0,0,0
1534,22.92,18747.914323330202,-659.6383232550305,5.0,8.04,3.0,-15118.9103690053,15118.9103690053,3138.0483456800653,15.0,116.83198947648592,14308.219178082192,0,1,0,0,0,0
1535,24.66,17600.143640866452,-659.6383232550305,5.0,8.04,3.0,-16266.681051469053,16266.681051469053,3138.0483456800653,15.0,116.83198947648592,14308.219178082192,0,1,0,0,0,0
1536,21.38,19763.75734114295,-659.6383232550305,5.0,8.04,3.0,-14103.067351192552,14103.067351192552,3138.0483456800653,15.0,116.83198947648592,14308.219178082192,0,1,0,0,0,0
1537,21.67,19572.46222739899,-659.6383232550305,5.0,8.04,3.0,-14294.362464936512,14294.362464936512,3138.0483456800653,15.0,116.83198947648592,14308.219178082192,0,1,0,0,0,0
1538,21.12,19935.263305189255,-659.6383232550305,5.0,8.04,3.0,-13931.561387146245,13931.561387146245,3138.0483456800653,15.0,116.83198947648592,14308.219178082192,0,1,0,0,0,0
1539,20.35,20443.18481409563,-659.6383232550305,5.0,8.04,3.0,-13423.639878239872,13423.639878239872,3138.0483456800653,15.0,116.83198947648592,14308.219178082192,0,1,0,0,0,0
1540,12.69,25496.014370229168,-659.6383232550305,5.0,8.04,3.0,-8370.810322106337,8370.810322106337,3138.0483456800653,15.0,116.83198947648592,14308.219178082192,0,1,0,0,0,0
1541,13.75,24796.797747578836,-659.6383232550305,5.0,8.04,3.0,-9070.02694475667,9070.02694475667,3138.0483456800653,15.0,116.83198947648592,14308.219178082192,0,1,0,0,0,0
1542,9.04,27903.694250110027,-659.6383232550305,5.0,8.04,3.0,-5963.130442225475,5963.130442225475,3138.0483456800653,15.0,116.83198947648592,14308.219178082192,0,1,0,0,0,0
1543,11.39,26353.544190460707,-659.6383232550305,5.0,8.04,3.0,-7513.280501874798,7513.280501874798,3138.0483456800653,15.0,116.83198947648592,14308.219178082192,0,1,0,0,0,0
1544,23.43,18411.498778470137,-659.6383232550305,5.0,8.04,3.0,-15455.325913865365,15455.325913865365,3138.0483456800653,15.0,116.83198947648592,14308.219178082192,0,1,0,0,0,0
1545,6.29,29717.699639061364,-659.6383232550305,5.0,8.04,3.0,-4149.125053274142,4149.125053274142,3138.0483456800653,15.0,116.83198947648592,14308.219178082192,0,1,0,0,0,0
1546,10.79,26749.327184413727,-659.6383232550305,5.0,8.04,3.0,-7117.497507921778,7117.497507921778,3138.0483456800653,15.0,116.83198947648592,14308.219178082192,0,1,0,0,0,0
1547,13.66,24856.165196671787,-659.6383232550305,5.0,8.04,3.0,-9010.659495663716,9010.659495663716,3138.0483456800653,15.0,116.83198947648592,14308.219178082192,0,1,0,0,0,0
1548,25.83,16828.366802658067,-659.6383232550305,5.0,8.04,3.0,-17038.457889677436,17038.457889677436,3138.0483456800653,15.0,116.83198947648592,14308.219178082192,0,1,0,0,0,0
1549,26.77,16208.306778798338,-659.6383232550305,5.0,8.04,3.0,-17658.517913537165,17658.517913537165,3138.0483456800653,15.0,116.83198947648592,14308.219178082192,0,1,0,0,0,0
1550,26.23,16564.511473356055,-659.6383232550305,5.0,8.04,3.0,-17302.313218979452,17302.313218979452,3138.0483456800653,15.0,116.83198947648592,14308.219178082192,0,1,0,0,0,0
1551,25.28,17191.16788044833,-659.6383232550305,5.0,8.04,3.0,-16675.656811887173,16675.656811887173,3138.0483456800653,15.0,116.83198947648592,14308.219178082192,0,1,0,0,0,0
1552,24.71,17567.1617247037,-659.6383232550305,5.0,8.04,3.0,-16299.662967631804,16299.662967631804,3138.0483456800653,15.0,116.83198947648592,14308.219178082192,0,1,0,0,0,0
1553,30.89,13490.596886987609,-659.6383232550305,5.0,8.04,3.0,-20376.22780534789,20376.22780534789,3138.0483456800653,15.0,116.83198947648592,14308.219178082192,0,1,0,0,0,0
1554,46.32,3312.3775591624913,-659.6383232550305,5.0,8.04,3.0,-30554.447133173013,30554.447133173013,3138.0483456800653,15.0,116.83198947648592,14308.219178082192,0,1,0,0,0,0
1555,27.37,15812.523784845318,-659.6383232550305,5.0,8.04,3.0,-18054.300907490186,18054.300907490186,3138.0483456800653,15.0,116.83198947648592,14308.219178082192,0,1,0,0,0,0
1556,32.81,12224.091306337952,-659.6383232550305,5.0,8.04,3.0,-21642.73338599755,21642.73338599755,3138.0483456800653,15.0,116.83198947648592,14308.219178082192,0,1,0,0,0,0
1557,22.89,18767.703473027854,-659.6383232550305,5.0,8.04,3.0,-15099.121219307648,15099.121219307648,3138.0483456800653,15.0,116.83198947648592,14308.219178082192,0,1,0,0,0,0
1558,24.15,17936.559185726517,-659.6383232550305,5.0,8.04,3.0,-15930.265506608986,15930.265506608986,3138.0483456800653,15.0,116.83198947648592,14308.219178082192,0,1,0,0,0,0
1559,26.97,16076.379114147334,-659.6383232550305,5.0,8.04,3.0,-17790.445578188173,17790.445578188173,3138.0483456800653,15.0,116.83198947648592,14308.219178082192,0,1,0,0,0,0
1560,26.16,16610.686155983905,-659.6383232550305,5.0,8.04,3.0,-17256.1385363516,17256.1385363516,3138.0483456800653,15.0,116.83198947648592,14308.219178082192,0,1,0,0,0,0
1561,18.27,21815.232526466098,-659.6383232550305,5.0,8.04,3.0,-12051.592165869408,12051.592165869408,3138.0483456800653,15.0,116.83198947648592,14308.219178082192,0,1,0,0,0,0
1562,21.02,20001.22713751476,-659.6383232550305,5.0,8.04,3.0,-13865.59755482074,13865.59755482074,3138.0483456800653,15.0,116.83198947648592,14308.219178082192,0,1,0,0,0,0
1563,21.54,19658.215209422146,-659.6383232550305,5.0,8.04,3.0,-14208.609482913356,14208.609482913356,3138.0483456800653,15.0,116.83198947648592,14308.219178082192,0,1,0,0,0,0
1564,20.61,20271.678850049328,-659.6383232550305,5.0,8.04,3.0,-13595.145842286178,13595.145842286178,3138.0483456800653,15.0,116.83198947648592,14308.219178082192,0,1,0,0,0,0
1565,24.43,17751.86045521511,-659.6383232550305,5.0,8.04,3.0,-16114.964237120395,16114.964237120395,3138.0483456800653,15.0,116.83198947648592,14308.219178082192,0,1,0,0,0,0
1566,27.78,15542.072072310755,-659.6383232550305,5.0,8.04,3.0,-18324.75262002475,18324.75262002475,3138.0483456800653,15.0,116.83198947648592,14308.219178082192,0,1,0,0,0,0
1567,34.94,10819.06167780474,-659.6383232550305,5.0,8.04,3.0,-23047.763014530763,23047.763014530763,3138.0483456800653,15.0,116.83198947648592,14308.219178082192,0,1,0,0,0,0
1568,38.98,8154.122851854416,-659.6383232550305,5.0,8.04,3.0,-25712.701840481088,25712.701840481088,3138.0483456800653,15.0,116.83198947648592,14308.219178082192,0,1,0,0,0,0
1569,40.04,7454.9062292040835,-659.6383232550305,5.0,8.04,3.0,-26411.91846313142,26411.91846313142,3138.0483456800653,15.0,116.83198947648592,14308.219178082192,0,1,0,0,0,0
1570,38.19,8675.23712722589,-659.6383232550305,5.0,8.04,3.0,-25191.587565109614,25191.587565109614,3138.0483456800653,15.0,116.83198947648592,14308.219178082192,0,1,0,0,0,0
1571,38.68,8352.014348830926,-659.6383232550305,5.0,8.04,3.0,-25514.81034350458,25514.81034350458,3138.0483456800653,15.0,116.83198947648592,14308.219178082192,0,1,0,0,0,0
1572,35.81,10245.176336572862,-659.6383232550305,5.0,8.04,3.0,-23621.648355762645,23621.648355762645,3138.0483456800653,15.0,116.83198947648592,14308.219178082192,0,1,0,0,0,0
1573,34.26,11267.615737618162,-659.6383232550305,5.0,8.04,3.0,-22599.208954717345,22599.208954717345,3138.0483456800653,15.0,116.83198947648592,14308.219178082192,0,1,0,0,0,0
1574,32.01,12751.801964941977,-659.6383232550305,5.0,8.04,3.0,-21115.022727393527,21115.022727393527,3138.0483456800653,15.0,116.83198947648592,14308.219178082192,0,1,0,0,0,0
1575,30.85,13516.982419917811,-659.6383232550305,5.0,8.04,3.0,-20349.842272417693,20349.842272417693,3138.0483456800653,15.0,116.83198947648592,14308.219178082192,0,1,0,0,0,0
1576,31.32,13206.952407987948,-659.6383232550305,5.0,8.04,3.0,-20659.872284347555,20659.872284347555,3138.0483456800653,15.0,116.83198947648592,14308.219178082192,0,1,0,0,0,0
1577,33.85,11538.067450152721,-659.6383232550305,5.0,8.04,3.0,-22328.757242182783,22328.757242182783,3138.0483456800653,15.0,116.83198947648592,14308.219178082192,0,1,0,0,0,0
1578,39.61,7738.550708203744,-659.6383232550305,5.0,8.04,3.0,-26128.27398413176,26128.27398413176,3138.0483456800653,15.0,116.83198947648592,14308.219178082192,0,1,0,0,0,0
1579,43.75,5007.6480499279205,-659.6383232550305,5.0,8.04,3.0,-28859.176642407587,28859.176642407587,3138.0483456800653,15.0,116.83198947648592,14308.219178082192,0,1,0,0,0,0
1580,36.97,9479.995881597028,-659.6383232550305,5.0,8.04,3.0,-24386.828810738476,24386.828810738476,3138.0483456800653,15.0,116.83198947648592,14308.219178082192,0,1,0,0,0,0
1581,34.48,11122.495306502053,-659.6383232550305,5.0,8.04,3.0,-22744.32938583345,22744.32938583345,3138.0483456800653,15.0,116.83198947648592,14308.219178082192,0,1,0,0,0,0
1582,32.77,12250.476839268154,-659.6383232550305,5.0,8.04,3.0,-21616.347853067353,21616.347853067353,3138.0483456800653,15.0,116.83198947648592,14308.219178082192,0,1,0,0,0,0
1583,31.36,13180.56687505775,-659.6383232550305,5.0,8.04,3.0,-20686.257817277758,20686.257817277758,3138.0483456800653,15.0,116.83198947648592,14308.219178082192,0,1,0,0,0,0
1584,33.54,11742.555330361782,-659.6383232550305,5.0,8.04,3.0,-22124.269361973722,22124.269361973722,3138.0483456800653,15.0,116.83198947648592,14308.219178082192,0,1,0,0,0,0
1585,32.74,12270.265988965803,-659.6383232550305,5.0,8.04,3.0,-21596.5587033697,21596.5587033697,3138.0483456800653,15.0,116.83198947648592,14308.219178082192,0,1,0,0,0,0
1586,25.59,16986.680000239274,-659.6383232550305,5.0,8.04,3.0,-16880.14469209623,16880.14469209623,3138.0483456800653,15.0,116.83198947648592,14308.219178082192,0,1,0,0,0,0
1587,18.44,21703.09401151274,-659.6383232550305,5.0,8.04,3.0,-12163.730680822764,12163.730680822764,3138.0483456800653,15.0,116.83198947648592,14308.219178082192,0,1,0,0,0,0
1588,19.96,20700.443760165093,-659.6383232550305,5.0,8.04,3.0,-13166.38093217041,13166.38093217041,3138.0483456800653,15.0,116.83198947648592,14308.219178082192,0,1,0,0,0,0
1589,18.29,21802.039760000996,-659.6383232550305,5.0,8.04,3.0,-12064.784932334507,12064.784932334507,3138.0483456800653,15.0,116.83198947648592,14308.219178082192,0,1,0,0,0,0
1590,13.54,24935.32179546239,-659.6383232550305,5.0,8.04,3.0,-8931.502896873113,8931.502896873113,3138.0483456800653,15.0,116.83198947648592,14308.219178082192,0,1,0,0,0,0
1591,23.78,18180.625365330874,-659.6383232550305,5.0,8.04,3.0,-15686.199327004626,15686.199327004626,3138.0483456800653,15.0,116.83198947648592,14308.219178082192,0,1,0,0,0,0
1592,28.05,15363.969725031897,-659.6383232550305,5.0,8.04,3.0,-18502.854967303607,18502.854967303607,3138.0483456800653,15.0,116.83198947648592,14308.219178082192,0,1,0,0,0,0
1593,25.37,17131.80043135538,-659.6383232550305,5.0,8.04,3.0,-16735.024260980124,16735.024260980124,3138.0483456800653,15.0,116.83198947648592,14308.219178082192,0,1,0,0,0,0
1594,34.48,11122.495306502053,-659.6383232550305,5.0,8.04,3.0,-22744.32938583345,22744.32938583345,3138.0483456800653,15.0,116.83198947648592,14308.219178082192,0,1,0,0,0,0
1595,27.96,15423.337174124848,-659.6383232550305,5.0,8.04,3.0,-18443.487518210655,18443.487518210655,3138.0483456800653,15.0,116.83198947648592,14308.219178082192,0,1,0,0,0,0
1596,25.51,17039.451066099675,-659.6383232550305,5.0,8.04,3.0,-16827.37362623583,16827.37362623583,3138.0483456800653,15.0,116.83198947648592,14308.219178082192,0,1,0,0,0,0
1597,25.02,17362.673844494642,-659.6383232550305,5.0,8.04,3.0,-16504.15084784086,16504.15084784086,3138.0483456800653,15.0,116.83198947648592,14308.219178082192,0,1,0,0,0,0
1598,18.59,21604.148263024486,-659.6383232550305,5.0,8.04,3.0,-12262.676429311017,12262.676429311017,3138.0483456800653,15.0,116.83198947648592,14308.219178082192,0,1,0,0,0,0
1599,16.13,23226.858538231863,-659.6383232550305,5.0,8.04,3.0,-10639.966154103642,10639.966154103642,3138.0483456800653,15.0,116.83198947648592,14308.219178082192,0,1,0,0,0,0
1600,15.59,23583.06323278958,-659.6383232550305,5.0,8.04,3.0,-10283.761459545925,10283.761459545925,3138.0483456800653,15.0,116.83198947648592,14308.219178082192,0,1,0,0,0,0
1601,19.23,21181.979736141267,-659.6383232550305,5.0,8.04,3.0,-12684.844956194238,12684.844956194238,3138.0483456800653,15.0,116.83198947648592,14308.219178082192,0,1,0,0,0,0
1602,23.85,18134.450682703027,-659.6383232550305,5.0,8.04,3.0,-15732.374009632478,15732.374009632478,3138.0483456800653,15.0,116.83198947648592,14308.219178082192,0,1,0,0,0,0
1603,33.82,11557.856599850373,-659.6383232550305,5.0,8.04,3.0,-22308.96809248513,22308.96809248513,3138.0483456800653,15.0,116.83198947648592,14308.219178082192,0,1,0,0,0,0
1604,34.31,11234.633821455405,-659.6383232550305,5.0,8.04,3.0,-22632.1908708801,22632.1908708801,3138.0483456800653,15.0,116.83198947648592,14308.219178082192,0,1,0,0,0,0
1605,50.22,739.7880984678709,-659.6383232550305,5.0,8.04,3.0,-33127.03659386763,33127.03659386763,3138.0483456800653,15.0,116.83198947648592,14308.219178082192,0,1,0,0,0,0
1606,37.57,9084.212887644007,-659.6383232550305,5.0,8.04,3.0,-24782.611804691496,24782.611804691496,3138.0483456800653,15.0,116.83198947648592,14308.219178082192,0,1,0,0,0,0
1607,37.08,9407.435666038971,-659.6383232550305,5.0,8.04,3.0,-24459.38902629653,24459.38902629653,3138.0483456800653,15.0,116.83198947648592,14308.219178082192,0,1,0,0,0,0
1608,30.12,13998.518395893985,-659.6383232550305,5.0,8.04,3.0,-19868.30629644152,19868.30629644152,3138.0483456800653,15.0,116.83198947648592,14308.219178082192,0,1,0,0,0,0
1609,29.72,14262.373725195997,-659.6383232550305,5.0,8.04,3.0,-19604.450967139506,19604.450967139506,3138.0483456800653,15.0,116.83198947648592,14308.219178082192,0,1,0,0,0,0
1610,20.46,20370.62459853758,-659.6383232550305,5.0,8.04,3.0,-13496.200093797925,13496.200093797925,3138.0483456800653,15.0,116.83198947648592,14308.219178082192,0,1,0,0,0,0
1611,18.25,21828.4252929312,-659.6383232550305,5.0,8.04,3.0,-12038.399399404307,12038.399399404307,3138.0483456800653,15.0,116.83198947648592,14308.219178082192,0,1,0,0,0,0
1612,15.82,23431.34641844092,-659.6383232550305,5.0,8.04,3.0,-10435.478273894583,10435.478273894583,3138.0483456800653,15.0,116.83198947648592,14308.219178082192,0,1,0,0,0,0
1613,17.45,22356.135951535223,-659.6383232550305,5.0,8.04,3.0,-11510.688740800282,11510.688740800282,3138.0483456800653,15.0,116.83198947648592,14308.219178082192,0,1,0,0,0,0
1614,23.33,18477.462610795643,-659.6383232550305,5.0,8.04,3.0,-15389.36208153986,15389.36208153986,3138.0483456800653,15.0,116.83198947648592,14308.219178082192,0,1,0,0,0,0
1615,37.65,9031.441821783606,-659.6383232550305,5.0,8.04,3.0,-24835.382870551897,24835.382870551897,3138.0483456800653,15.0,116.83198947648592,14308.219178082192,0,1,0,0,0,0
1616,39.86,7573.641127389987,-659.6383232550305,5.0,8.04,3.0,-26293.183564945517,26293.183564945517,3138.0483456800653,15.0,116.83198947648592,14308.219178082192,0,1,0,0,0,0
1617,30.3,13879.783497708078,-659.6383232550305,5.0,8.04,3.0,-19987.041194627425,19987.041194627425,3138.0483456800653,15.0,116.83198947648592,14308.219178082192,0,1,0,0,0,0
1618,29.17,14625.174802986261,-659.6383232550305,5.0,8.04,3.0,-19241.649889349243,19241.649889349243,3138.0483456800653,15.0,116.83198947648592,14308.219178082192,0,1,0,0,0,0
1619,31.97,12778.187497872183,-659.6383232550305,5.0,8.04,3.0,-21088.637194463325,21088.637194463325,3138.0483456800653,15.0,116.83198947648592,14308.219178082192,0,1,0,0,0,0
1620,32.18,12639.66344998862,-659.6383232550305,5.0,8.04,3.0,-21227.161242346883,21227.161242346883,3138.0483456800653,15.0,116.83198947648592,14308.219178082192,0,1,0,0,0,0
1621,27.09,15997.222515356727,-659.6383232550305,5.0,8.04,3.0,-17869.602176978777,17869.602176978777,3138.0483456800653,15.0,116.83198947648592,14308.219178082192,0,1,0,0,0,0
1622,23.37,18451.07707786544,-659.6383232550305,5.0,8.04,3.0,-15415.747614470063,15415.747614470063,3138.0483456800653,15.0,116.83198947648592,14308.219178082192,0,1,0,0,0,0
1623,15.86,23404.96088551072,-659.6383232550305,5.0,8.04,3.0,-10461.863806824784,10461.863806824784,3138.0483456800653,15.0,116.83198947648592,14308.219178082192,0,1,0,0,0,0
1624,17.35,22422.09978386072,-659.6383232550305,5.0,8.04,3.0,-11444.72490847478,11444.72490847478,3138.0483456800653,15.0,116.83198947648592,14308.219178082192,0,1,0,0,0,0
1625,24.04,18009.11940128457,-659.6383232550305,5.0,8.04,3.0,-15857.705291050934,15857.705291050934,3138.0483456800653,15.0,116.83198947648592,14308.219178082192,0,1,0,0,0,0
1626,34.69,10983.971258618498,-659.6383232550305,5.0,8.04,3.0,-22882.853433717006,22882.853433717006,3138.0483456800653,15.0,116.83198947648592,14308.219178082192,0,1,0,0,0,0
1627,45.97,3543.2509723017506,-659.6383232550305,5.0,8.04,3.0,-30323.573720033753,30323.573720033753,3138.0483456800653,15.0,116.83198947648592,14308.219178082192,0,1,0,0,0,0
1628,50.49,561.6857511890125,-659.6383232550305,5.0,8.04,3.0,-33305.13894114649,33305.13894114649,3138.0483456800653,15.0,116.83198947648592,14308.219178082192,0,1,0,0,0,0
1629,49.1,1478.5830205135067,-659.6383232550305,5.0,8.04,3.0,-32388.241671821997,32388.241671821997,3138.0483456800653,15.0,116.83198947648592,14308.219178082192,0,1,0,0,0,0
1630,40.98,6834.8462053443545,-659.6383232550305,5.0,8.04,3.0,-27031.97848699115,27031.97848699115,3138.0483456800653,15.0,116.83198947648592,14308.219178082192,0,1,0,0,0,0
1631,72.13,4603.399081605913,650.0,0,8.04,3.0,46884.5,-46884.5,15071.972825128516,0,556.8949724310688,14308.219178082192,1,0,0,0,0,0
1632,45.48,3866.4737506967217,-659.6383232550305,5.0,8.04,3.0,-30000.350941638786,30000.350941638786,3138.0483456800653,15.0,116.83198947648592,14308.219178082192,0,1,0,0,0,0
1633,45.02,4169.907379394026,-659.6383232550305,5.0,8.04,3.0,-29696.917312941478,29696.917312941478,3138.0483456800653,15.0,116.83198947648592,14308.219178082192,0,1,0,0,0,0
1634,40.43,7197.647283134622,-659.6383232550305,5.0,8.04,3.0,-26669.17740920088,26669.17740920088,3138.0483456800653,15.0,116.83198947648592,14308.219178082192,0,1,0,0,0,0
1635,39.71,7672.586875878242,-659.6383232550305,5.0,8.04,3.0,-26194.237816457262,26194.237816457262,3138.0483456800653,15.0,116.83198947648592,14308.219178082192,0,1,0,0,0,0
1636,40.3,7283.400265157776,-659.6383232550305,5.0,8.04,3.0,-26583.424427177728,26583.424427177728,3138.0483456800653,15.0,116.83198947648592,14308.219178082192,0,1,0,0,0,0
1637,39.74,7652.79772618059,-659.6383232550305,5.0,8.04,3.0,-26214.026966154914,26214.026966154914,3138.0483456800653,15.0,116.83198947648592,14308.219178082192,0,1,0,0,0,0
1638,43.29,5311.081678625233,-659.6383232550305,5.0,8.04,3.0,-28555.74301371027,28555.74301371027,3138.0483456800653,15.0,116.83198947648592,14308.219178082192,0,1,0,0,0,0
1639,52.48,-750.9945120884945,-659.6383232550305,5.0,8.04,3.0,-34617.819204424,34617.819204424,3138.0483456800653,15.0,116.83198947648592,14308.219178082192,0,1,0,0,0,0
1640,44.4,4578.883139812151,-659.6383232550305,5.0,8.04,3.0,-29287.941552523353,29287.941552523353,3138.0483456800653,15.0,116.83198947648592,14308.219178082192,0,1,0,0,0,0
1641,37.08,9407.435666038971,-659.6383232550305,5.0,8.04,3.0,-24459.38902629653,24459.38902629653,3138.0483456800653,15.0,116.83198947648592,14308.219178082192,0,1,0,0,0,0
1642,35.24,10621.170180828227,-659.6383232550305,5.0,8.04,3.0,-23245.654511507277,23245.654511507277,3138.0483456800653,15.0,116.83198947648592,14308.219178082192,0,1,0,0,0,0
1643,28.84,14842.855449660427,-659.6383232550305,5.0,8.04,3.0,-19023.96924267508,19023.96924267508,3138.0483456800653,15.0,116.83198947648592,14308.219178082192,0,1,0,0,0,0
1644,27.8,15528.879305845658,-659.6383232550305,5.0,8.04,3.0,-18337.94538648985,18337.94538648985,3138.0483456800653,15.0,116.83198947648592,14308.219178082192,0,1,0,0,0,0
1645,27.4,15792.73463514767,-659.6383232550305,5.0,8.04,3.0,-18074.090057187834,18074.090057187834,3138.0483456800653,15.0,116.83198947648592,14308.219178082192,0,1,0,0,0,0
1646,26.33,16498.547641030553,-659.6383232550305,5.0,8.04,3.0,-17368.27705130495,17368.27705130495,3138.0483456800653,15.0,116.83198947648592,14308.219178082192,0,1,0,0,0,0
1647,24.72,17560.56534147115,-659.6383232550305,5.0,8.04,3.0,-16306.259350864353,16306.259350864353,3138.0483456800653,15.0,116.83198947648592,14308.219178082192,0,1,0,0,0,0
1648,19.62,20924.720790071806,-659.6383232550305,5.0,8.04,3.0,-12942.1039022637,12942.1039022637,3138.0483456800653,15.0,116.83198947648592,14308.219178082192,0,1,0,0,0,0
1649,23.42,18418.095161702688,-659.6383232550305,5.0,8.04,3.0,-15448.729530632816,15448.729530632816,3138.0483456800653,15.0,116.83198947648592,14308.219178082192,0,1,0,0,0,0
1650,29.18,14618.578419753714,-659.6383232550305,5.0,8.04,3.0,-19248.24627258179,19248.24627258179,3138.0483456800653,15.0,116.83198947648592,14308.219178082192,0,1,0,0,0,0
1651,34.42,11162.073605897353,-659.6383232550305,5.0,8.04,3.0,-22704.75108643815,22704.75108643815,3138.0483456800653,15.0,116.83198947648592,14308.219178082192,0,1,0,0,0,0
1652,33.51,11762.34448005943,-659.6383232550305,5.0,8.04,3.0,-22104.48021227607,22104.48021227607,3138.0483456800653,15.0,116.83198947648592,14308.219178082192,0,1,0,0,0,0
1653,23.52,18352.131329377185,-659.6383232550305,5.0,8.04,3.0,-15514.693362958318,15514.693362958318,3138.0483456800653,15.0,116.83198947648592,14308.219178082192,0,1,0,0,0,0
1654,20.12,20594.901628444288,-659.6383232550305,5.0,8.04,3.0,-13271.923063891214,13271.923063891214,3138.0483456800653,15.0,116.83198947648592,14308.219178082192,0,1,0,0,0,0
1655,40.89,6894.213654437306,-659.6383232550305,5.0,8.04,3.0,-26972.611037898198,26972.611037898198,3138.0483456800653,15.0,116.83198947648592,14308.219178082192,0,1,0,0,0,0
1656,12.94,25331.10478941541,-659.6383232550305,5.0,8.04,3.0,-8535.719902920095,8535.719902920095,3138.0483456800653,15.0,116.83198947648592,14308.219178082192,0,1,0,0,0,0
1657,16.76,22811.28639458119,-659.6383232550305,5.0,8.04,3.0,-11055.538297754312,11055.538297754312,3138.0483456800653,15.0,116.83198947648592,14308.219178082192,0,1,0,0,0,0
1658,21.7,19552.673077701344,-659.6383232550305,5.0,8.04,3.0,-14314.151614634162,14314.151614634162,3138.0483456800653,15.0,116.83198947648592,14308.219178082192,0,1,0,0,0,0
1659,21.32,19803.33564053825,-659.6383232550305,5.0,8.04,3.0,-14063.48905179725,14063.48905179725,3138.0483456800653,15.0,116.83198947648592,14308.219178082192,0,1,0,0,0,0
1660,23.43,18411.498778470137,-659.6383232550305,5.0,8.04,3.0,-15455.325913865365,15455.325913865365,3138.0483456800653,15.0,116.83198947648592,14308.219178082192,0,1,0,0,0,0
1661,26.15,16617.282539216456,-659.6383232550305,5.0,8.04,3.0,-17249.542153119048,17249.542153119048,3138.0483456800653,15.0,116.83198947648592,14308.219178082192,0,1,0,0,0,0
1662,22.33,19137.10093405067,-659.6383232550305,5.0,8.04,3.0,-14729.72375828483,14729.72375828483,3138.0483456800653,15.0,116.83198947648592,14308.219178082192,0,1,0,0,0,0
1663,15.98,23325.804286720115,-659.6383232550305,5.0,8.04,3.0,-10541.020405615387,10541.020405615387,3138.0483456800653,15.0,116.83198947648592,14308.219178082192,0,1,0,0,0,0
1664,13.54,24935.32179546239,-659.6383232550305,5.0,8.04,3.0,-8931.502896873113,8931.502896873113,3138.0483456800653,15.0,116.83198947648592,14308.219178082192,0,1,0,0,0,0
1665,12.53,25601.55650194997,-659.6383232550305,5.0,8.04,3.0,-8265.268190385532,8265.268190385532,3138.0483456800653,15.0,116.83198947648592,14308.219178082192,0,1,0,0,0,0
1666,12.05,25918.182897112387,-659.6383232550305,5.0,8.04,3.0,-7948.641795223119,7948.641795223119,3138.0483456800653,15.0,116.83198947648592,14308.219178082192,0,1,0,0,0,0
1667,10.17,27158.302944831845,-659.6383232550305,5.0,8.04,3.0,-6708.521747503661,6708.521747503661,3138.0483456800653,15.0,116.83198947648592,14308.219178082192,0,1,0,0,0,0
1668,7.64,28827.187902667072,-659.6383232550305,5.0,8.04,3.0,-5039.636789668433,5039.636789668433,3138.0483456800653,15.0,116.83198947648592,14308.219178082192,0,1,0,0,0,0
1669,10.08,27217.670393924796,-659.6383232550305,5.0,8.04,3.0,-6649.154298410707,6649.154298410707,3138.0483456800653,15.0,116.83198947648592,14308.219178082192,0,1,0,0,0,0
1670,11.23,26459.08632218151,-659.6383232550305,5.0,8.04,3.0,-7407.738370153993,7407.738370153993,3138.0483456800653,15.0,116.83198947648592,14308.219178082192,0,1,0,0,0,0
1671,10.41,26999.989747250635,-659.6383232550305,5.0,8.04,3.0,-6866.834945084868,6866.834945084868,3138.0483456800653,15.0,116.83198947648592,14308.219178082192,0,1,0,0,0,0
1672,10.03,27250.65231008755,-659.6383232550305,5.0,8.04,3.0,-6616.172382247955,6616.172382247955,3138.0483456800653,15.0,116.83198947648592,14308.219178082192,0,1,0,0,0,0
1673,11.77,26102.881627623796,-659.6383232550305,5.0,8.04,3.0,-7763.943064711709,7763.943064711709,3138.0483456800653,15.0,116.83198947648592,14308.219178082192,0,1,0,0,0,0
1674,15.48,23655.62344834763,-659.6383232550305,5.0,8.04,3.0,-10211.201243987873,10211.201243987873,3138.0483456800653,15.0,116.83198947648592,14308.219178082192,0,1,0,0,0,0
1675,31.04,13391.651138499357,-659.6383232550305,5.0,8.04,3.0,-20475.173553836146,20475.173553836146,3138.0483456800653,15.0,116.83198947648592,14308.219178082192,0,1,0,0,0,0
1676,36.01,10113.248671921858,-659.6383232550305,5.0,8.04,3.0,-23753.576020413646,23753.576020413646,3138.0483456800653,15.0,116.83198947648592,14308.219178082192,0,1,0,0,0,0
1677,36.99,9466.803115131923,-659.6383232550305,5.0,8.04,3.0,-24400.02157720358,24400.02157720358,3138.0483456800653,15.0,116.83198947648592,14308.219178082192,0,1,0,0,0,0
1678,34.86,10871.832743665142,-659.6383232550305,5.0,8.04,3.0,-22994.991948670362,22994.991948670362,3138.0483456800653,15.0,116.83198947648592,14308.219178082192,0,1,0,0,0,0
1679,33.81,11564.452983082923,-659.6383232550305,5.0,8.04,3.0,-22302.371709252584,22302.371709252584,3138.0483456800653,15.0,116.83198947648592,14308.219178082192,0,1,0,0,0,0
1680,32.96,12125.145557849697,-659.6383232550305,5.0,8.04,3.0,-21741.679134485807,21741.679134485807,3138.0483456800653,15.0,116.83198947648592,14308.219178082192,0,1,0,0,0,0
1681,41.46,6518.219810181938,-659.6383232550305,5.0,8.04,3.0,-27348.604882153566,27348.604882153566,3138.0483456800653,15.0,116.83198947648592,14308.219178082192,0,1,0,0,0,0
1682,39.65,7712.165175273545,-659.6383232550305,5.0,8.04,3.0,-26154.65951706196,26154.65951706196,3138.0483456800653,15.0,116.83198947648592,14308.219178082192,0,1,0,0,0,0
1683,37.1,9394.24289957387,-659.6383232550305,5.0,8.04,3.0,-24472.581792761634,24472.581792761634,3138.0483456800653,15.0,116.83198947648592,14308.219178082192,0,1,0,0,0,0
1684,34.32,11228.037438222858,-659.6383232550305,5.0,8.04,3.0,-22638.78725411265,22638.78725411265,3138.0483456800653,15.0,116.83198947648592,14308.219178082192,0,1,0,0,0,0
1685,35.15,10680.537629921182,-659.6383232550305,5.0,8.04,3.0,-23186.28706241432,23186.28706241432,3138.0483456800653,15.0,116.83198947648592,14308.219178082192,0,1,0,0,0,0
1686,37.57,9084.212887644007,-659.6383232550305,5.0,8.04,3.0,-24782.611804691496,24782.611804691496,3138.0483456800653,15.0,116.83198947648592,14308.219178082192,0,1,0,0,0,0
1687,45.71,3714.7569363480584,-659.6383232550305,5.0,8.04,3.0,-30152.067755987446,30152.067755987446,3138.0483456800653,15.0,116.83198947648592,14308.219178082192,0,1,0,0,0,0
1688,40.72,7006.352169390662,-659.6383232550305,5.0,8.04,3.0,-26860.47252294484,26860.47252294484,3138.0483456800653,15.0,116.83198947648592,14308.219178082192,0,1,0,0,0,0
1689,57.53,-4082.1680445263987,-659.6383232550305,5.0,8.04,3.0,-37948.9927368619,37948.9927368619,3138.0483456800653,15.0,116.83198947648592,14308.219178082192,0,1,0,0,0,0
1690,48.65,1775.4202659782718,-659.6383232550305,5.0,8.04,3.0,-32091.404426357232,32091.404426357232,3138.0483456800653,15.0,116.83198947648592,14308.219178082192,0,1,0,0,0,0
1691,40.45,7184.454516669517,-659.6383232550305,5.0,8.04,3.0,-26682.370175665987,26682.370175665987,3138.0483456800653,15.0,116.83198947648592,14308.219178082192,0,1,0,0,0,0
1692,28.1,15330.987808869148,-659.6383232550305,5.0,8.04,3.0,-18535.83688346636,18535.83688346636,3138.0483456800653,15.0,116.83198947648592,14308.219178082192,0,1,0,0,0,0
1693,18.41,21722.88316121039,-659.6383232550305,5.0,8.04,3.0,-12143.941531125112,12143.941531125112,3138.0483456800653,15.0,116.83198947648592,14308.219178082192,0,1,0,0,0,0
1694,26.7,16254.481461426189,-659.6383232550305,5.0,8.04,3.0,-17612.343230909315,17612.343230909315,3138.0483456800653,15.0,116.83198947648592,14308.219178082192,0,1,0,0,0,0
1695,19.02,21320.503784024822,-659.6383232550305,5.0,8.04,3.0,-12546.32090831068,12546.32090831068,3138.0483456800653,15.0,116.83198947648592,14308.219178082192,0,1,0,0,0,0
1696,31.42,13140.988575662443,-659.6383232550305,5.0,8.04,3.0,-20725.83611667306,20725.83611667306,3138.0483456800653,15.0,116.83198947648592,14308.219178082192,0,1,0,0,0,0
1697,31.26,13246.530707383248,-659.6383232550305,5.0,8.04,3.0,-20620.293984952255,20620.293984952255,3138.0483456800653,15.0,116.83198947648592,14308.219178082192,0,1,0,0,0,0
1698,28.79,14875.837365823176,-659.6383232550305,5.0,8.04,3.0,-18990.987326512328,18990.987326512328,3138.0483456800653,15.0,116.83198947648592,14308.219178082192,0,1,0,0,0,0
1699,28.28,15212.25291068324,-659.6383232550305,5.0,8.04,3.0,-18654.571781652263,18654.571781652263,3138.0483456800653,15.0,116.83198947648592,14308.219178082192,0,1,0,0,0,0
1700,22.82,18813.878155655708,-659.6383232550305,5.0,8.04,3.0,-15052.946536679796,15052.946536679796,3138.0483456800653,15.0,116.83198947648592,14308.219178082192,0,1,0,0,0,0
1701,26.62,16307.252527286593,-659.6383232550305,5.0,8.04,3.0,-17559.572165048914,17559.572165048914,3138.0483456800653,15.0,116.83198947648592,14308.219178082192,0,1,0,0,0,0
1702,27.33,15838.90931777552,-659.6383232550305,5.0,8.04,3.0,-18027.915374559983,18027.915374559983,3138.0483456800653,15.0,116.83198947648592,14308.219178082192,0,1,0,0,0,0
1703,2.63,32131.975902174774,-659.6383232550305,5.0,8.04,3.0,-1734.8487901607302,1734.8487901607302,3138.0483456800653,15.0,116.83198947648592,14308.219178082192,0,1,0,0,0,0
1704,16.29,23121.316406511058,-659.6383232550305,5.0,8.04,3.0,-10745.508285824446,10745.508285824446,3138.0483456800653,15.0,116.83198947648592,14308.219178082192,0,1,0,0,0,0
1705,11.02,26597.610370065067,-659.6383232550305,5.0,8.04,3.0,-7269.214322270436,7269.214322270436,3138.0483456800653,15.0,116.83198947648592,14308.219178082192,0,1,0,0,0,0
1706,19.58,20951.106323002008,-659.6383232550305,5.0,8.04,3.0,-12915.718369333496,12915.718369333496,3138.0483456800653,15.0,116.83198947648592,14308.219178082192,0,1,0,0,0,0
1707,9.34,27705.802753133517,-659.6383232550305,5.0,8.04,3.0,-6161.021939201985,6161.021939201985,3138.0483456800653,15.0,116.83198947648592,14308.219178082192,0,1,0,0,0,0
1708,6.92,29302.127495410692,-659.6383232550305,5.0,8.04,3.0,-4564.697196924811,4564.697196924811,3138.0483456800653,15.0,116.83198947648592,14308.219178082192,0,1,0,0,0,0
1709,26.44,16425.987425472496,-659.6383232550305,5.0,8.04,3.0,-17440.837266863007,17440.837266863007,3138.0483456800653,15.0,116.83198947648592,14308.219178082192,0,1,0,0,0,0
1710,13.92,24684.65923262548,-659.6383232550305,5.0,8.04,3.0,-9182.165459710024,9182.165459710024,3138.0483456800653,15.0,116.83198947648592,14308.219178082192,0,1,0,0,0,0
1711,19.1,21267.73271816442,-659.6383232550305,5.0,8.04,3.0,-12599.091974171084,12599.091974171084,3138.0483456800653,15.0,116.83198947648592,14308.219178082192,0,1,0,0,0,0
1712,30.66,13642.313701336268,-659.6383232550305,5.0,8.04,3.0,-20224.510990999235,20224.510990999235,3138.0483456800653,15.0,116.83198947648592,14308.219178082192,0,1,0,0,0,0
1713,37.66,9024.845438551056,-659.6383232550305,5.0,8.04,3.0,-24841.979253784448,24841.979253784448,3138.0483456800653,15.0,116.83198947648592,14308.219178082192,0,1,0,0,0,0
1714,38.62,8391.59264822623,-659.6383232550305,5.0,8.04,3.0,-25475.232044109278,25475.232044109278,3138.0483456800653,15.0,116.83198947648592,14308.219178082192,0,1,0,0,0,0
1715,39.32,7929.845821947703,-659.6383232550305,5.0,8.04,3.0,-25936.9788703878,25936.9788703878,3138.0483456800653,15.0,116.83198947648592,14308.219178082192,0,1,0,0,0,0
1716,66.52,956.899081605913,650.0,0,8.04,3.0,43238.0,-43238.0,15071.972825128516,0,556.8949724310688,14308.219178082192,1,0,0,0,0,0
1717,38.64,8378.399881761125,-659.6383232550305,5.0,8.04,3.0,-25488.42481057438,25488.42481057438,3138.0483456800653,15.0,116.83198947648592,14308.219178082192,0,1,0,0,0,0
1718,35.14,10687.134013153733,-659.6383232550305,5.0,8.04,3.0,-23179.69067918177,23179.69067918177,3138.0483456800653,15.0,116.83198947648592,14308.219178082192,0,1,0,0,0,0
1719,31.57,13042.042827174191,-659.6383232550305,5.0,8.04,3.0,-20824.781865161312,20824.781865161312,3138.0483456800653,15.0,116.83198947648592,14308.219178082192,0,1,0,0,0,0
1720,38.37,8556.502229039987,-659.6383232550305,5.0,8.04,3.0,-25310.32246329552,25310.32246329552,3138.0483456800653,15.0,116.83198947648592,14308.219178082192,0,1,0,0,0,0
1721,34.38,11188.459138827551,-659.6383232550305,5.0,8.04,3.0,-22678.365553507952,22678.365553507952,3138.0483456800653,15.0,116.83198947648592,14308.219178082192,0,1,0,0,0,0
1722,36.76,9618.519929480586,-659.6383232550305,5.0,8.04,3.0,-24248.30476285492,24248.30476285492,3138.0483456800653,15.0,116.83198947648592,14308.219178082192,0,1,0,0,0,0
1723,44.48,4526.11207395175,-659.6383232550305,5.0,8.04,3.0,-29340.712618383754,29340.712618383754,3138.0483456800653,15.0,116.83198947648592,14308.219178082192,0,1,0,0,0,0
1724,34.78,10924.603809525543,-659.6383232550305,5.0,8.04,3.0,-22942.22088280996,22942.22088280996,3138.0483456800653,15.0,116.83198947648592,14308.219178082192,0,1,0,0,0,0
1725,32.65,12329.633438058758,-659.6383232550305,5.0,8.04,3.0,-21537.191254276746,21537.191254276746,3138.0483456800653,15.0,116.83198947648592,14308.219178082192,0,1,0,0,0,0
1726,33.46,11795.326396222183,-659.6383232550305,5.0,8.04,3.0,-22071.49829611332,22071.49829611332,3138.0483456800653,15.0,116.83198947648592,14308.219178082192,0,1,0,0,0,0
1727,24.6,17639.721940261752,-659.6383232550305,5.0,8.04,3.0,-16227.102752073752,16227.102752073752,3138.0483456800653,15.0,116.83198947648592,14308.219178082192,0,1,0,0,0,0
1728,22.56,18985.384119702016,-659.6383232550305,5.0,8.04,3.0,-14881.440572633488,14881.440572633488,3138.0483456800653,15.0,116.83198947648592,14308.219178082192,0,1,0,0,0,0
1729,14.87,24058.0028255332,-659.6383232550305,5.0,8.04,3.0,-9808.821866802304,9808.821866802304,3138.0483456800653,15.0,116.83198947648592,14308.219178082192,0,1,0,0,0,0
1730,24.12,17956.34833542417,-659.6383232550305,5.0,8.04,3.0,-15910.476356911337,15910.476356911337,3138.0483456800653,15.0,116.83198947648592,14308.219178082192,0,1,0,0,0,0
1731,22.19,19229.450299306376,-659.6383232550305,5.0,8.04,3.0,-14637.374393029128,14637.374393029128,3138.0483456800653,15.0,116.83198947648592,14308.219178082192,0,1,0,0,0,0
1732,22.16,19249.239449004028,-659.6383232550305,5.0,8.04,3.0,-14617.585243331476,14617.585243331476,3138.0483456800653,15.0,116.83198947648592,14308.219178082192,0,1,0,0,0,0
1733,21.21,19875.895856096307,-659.6383232550305,5.0,8.04,3.0,-13990.928836239198,13990.928836239198,3138.0483456800653,15.0,116.83198947648592,14308.219178082192,0,1,0,0,0,0
1734,24.17,17923.366419261416,-659.6383232550305,5.0,8.04,3.0,-15943.45827307409,15943.45827307409,3138.0483456800653,15.0,116.83198947648592,14308.219178082192,0,1,0,0,0,0
1735,23.13,18609.390275446647,-659.6383232550305,5.0,8.04,3.0,-15257.434416888855,15257.434416888855,3138.0483456800653,15.0,116.83198947648592,14308.219178082192,0,1,0,0,0,0
1736,26.81,16181.921245868136,-659.6383232550305,5.0,8.04,3.0,-17684.903446467368,17684.903446467368,3138.0483456800653,15.0,116.83198947648592,14308.219178082192,0,1,0,0,0,0
1737,30.16,13972.132862963783,-659.6383232550305,5.0,8.04,3.0,-19894.69182937172,19894.69182937172,3138.0483456800653,15.0,116.83198947648592,14308.219178082192,0,1,0,0,0,0
1738,28.65,14968.18673107888,-659.6383232550305,5.0,8.04,3.0,-18898.637961256623,18898.637961256623,3138.0483456800653,15.0,116.83198947648592,14308.219178082192,0,1,0,0,0,0
1739,30.21,13939.15094680103,-659.6383232550305,5.0,8.04,3.0,-19927.673745534474,19927.673745534474,3138.0483456800653,15.0,116.83198947648592,14308.219178082192,0,1,0,0,0,0
1740,33.58,11716.16979743158,-659.6383232550305,5.0,8.04,3.0,-22150.654894903924,22150.654894903924,3138.0483456800653,15.0,116.83198947648592,14308.219178082192,0,1,0,0,0,0
1741,29.82,14196.409892870495,-659.6383232550305,5.0,8.04,3.0,-19670.41479946501,19670.41479946501,3138.0483456800653,15.0,116.83198947648592,14308.219178082192,0,1,0,0,0,0
1742,26.49,16393.005509309747,-659.6383232550305,5.0,8.04,3.0,-17473.819183025757,17473.819183025757,3138.0483456800653,15.0,116.83198947648592,14308.219178082192,0,1,0,0,0,0
1743,24.13,17949.75195219162,-659.6383232550305,5.0,8.04,3.0,-15917.072740143885,15917.072740143885,3138.0483456800653,15.0,116.83198947648592,14308.219178082192,0,1,0,0,0,0
1744,27.18,15937.855066263775,-659.6383232550305,5.0,8.04,3.0,-17928.96962607173,17928.96962607173,3138.0483456800653,15.0,116.83198947648592,14308.219178082192,0,1,0,0,0,0
1745,32.16,12652.856216453725,-659.6383232550305,5.0,8.04,3.0,-21213.96847588178,21213.96847588178,3138.0483456800653,15.0,116.83198947648592,14308.219178082192,0,1,0,0,0,0
1746,37.36,9222.736935527562,-659.6383232550305,5.0,8.04,3.0,-24644.08775680794,24644.08775680794,3138.0483456800653,15.0,116.83198947648592,14308.219178082192,0,1,0,0,0,0
1747,33.5,11768.94086329198,-659.6383232550305,5.0,8.04,3.0,-22097.883829043523,22097.883829043523,3138.0483456800653,15.0,116.83198947648592,14308.219178082192,0,1,0,0,0,0
1748,34.97,10799.272528107089,-659.6383232550305,5.0,8.04,3.0,-23067.552164228415,23067.552164228415,3138.0483456800653,15.0,116.83198947648592,14308.219178082192,0,1,0,0,0,0
1749,24.58,17652.914706726857,-659.6383232550305,5.0,8.04,3.0,-16213.909985608649,16213.909985608649,3138.0483456800653,15.0,116.83198947648592,14308.219178082192,0,1,0,0,0,0
1750,26.28,16531.529557193302,-659.6383232550305,5.0,8.04,3.0,-17335.2951351422,17335.2951351422,3138.0483456800653,15.0,116.83198947648592,14308.219178082192,0,1,0,0,0,0
1751,28.38,15146.289078357739,-659.6383232550305,5.0,8.04,3.0,-18720.535613977765,18720.535613977765,3138.0483456800653,15.0,116.83198947648592,14308.219178082192,0,1,0,0,0,0
1752,24.45,17738.667688750007,-659.6383232550305,5.0,8.04,3.0,-16128.157003585495,16128.157003585495,3138.0483456800653,15.0,116.83198947648592,14308.219178082192,0,1,0,0,0,0
1753,25.81,16841.55956912317,-659.6383232550305,5.0,8.04,3.0,-17025.265123212335,17025.265123212335,3138.0483456800653,15.0,116.83198947648592,14308.219178082192,0,1,0,0,0,0
1754,26.01,16709.63190447216,-659.6383232550305,5.0,8.04,3.0,-17157.192787863343,17157.192787863343,3138.0483456800653,15.0,116.83198947648592,14308.219178082192,0,1,0,0,0,0
1755,29.21,14598.789270056062,-659.6383232550305,5.0,8.04,3.0,-19268.03542227944,19268.03542227944,3138.0483456800653,15.0,116.83198947648592,14308.219178082192,0,1,0,0,0,0
1756,25.79,16854.75233558827,-659.6383232550305,5.0,8.04,3.0,-17012.072356747238,17012.072356747238,3138.0483456800653,15.0,116.83198947648592,14308.219178082192,0,1,0,0,0,0
1757,29.64,14315.144791056398,-659.6383232550305,5.0,8.04,3.0,-19551.679901279105,19551.679901279105,3138.0483456800653,15.0,116.83198947648592,14308.219178082192,0,1,0,0,0,0
1758,32.65,12329.633438058758,-659.6383232550305,5.0,8.04,3.0,-21537.191254276746,21537.191254276746,3138.0483456800653,15.0,116.83198947648592,14308.219178082192,0,1,0,0,0,0
1759,33.96,11465.507234594665,-659.6383232550305,5.0,8.04,3.0,-22401.317457740835,22401.317457740835,3138.0483456800653,15.0,116.83198947648592,14308.219178082192,0,1,0,0,0,0
1760,32.84,12204.3021566403,-659.6383232550305,5.0,8.04,3.0,-21662.522535695203,21662.522535695203,3138.0483456800653,15.0,116.83198947648592,14308.219178082192,0,1,0,0,0,0
1761,32.23,12606.681533825875,-659.6383232550305,5.0,8.04,3.0,-21260.143158509632,21260.143158509632,3138.0483456800653,15.0,116.83198947648592,14308.219178082192,0,1,0,0,0,0
1762,31.52,13075.024743336944,-659.6383232550305,5.0,8.04,3.0,-20791.799948998563,20791.799948998563,3138.0483456800653,15.0,116.83198947648592,14308.219178082192,0,1,0,0,0,0
1763,29.16,14631.771186218815,-659.6383232550305,5.0,8.04,3.0,-19235.05350611669,19235.05350611669,3138.0483456800653,15.0,116.83198947648592,14308.219178082192,0,1,0,0,0,0
1764,31.18,13299.301773243656,-659.6383232550305,5.0,8.04,3.0,-20567.52291909185,20567.52291909185,3138.0483456800653,15.0,116.83198947648592,14308.219178082192,0,1,0,0,0,0
1765,30.3,13879.783497708078,-659.6383232550305,5.0,8.04,3.0,-19987.041194627425,19987.041194627425,3138.0483456800653,15.0,116.83198947648592,14308.219178082192,0,1,0,0,0,0
1766,29.93,14123.849677312443,-659.6383232550305,5.0,8.04,3.0,-19742.975015023065,19742.975015023065,3138.0483456800653,15.0,116.83198947648592,14308.219178082192,0,1,0,0,0,0
1767,32.07,12712.223665546677,-659.6383232550305,5.0,8.04,3.0,-21154.60102678883,21154.60102678883,3138.0483456800653,15.0,116.83198947648592,14308.219178082192,0,1,0,0,0,0
1768,36.15,10020.899306666153,-659.6383232550305,5.0,8.04,3.0,-23845.92538566935,23845.92538566935,3138.0483456800653,15.0,116.83198947648592,14308.219178082192,0,1,0,0,0,0
1769,37.5,9130.387570271858,-659.6383232550305,5.0,8.04,3.0,-24736.437122063646,24736.437122063646,3138.0483456800653,15.0,116.83198947648592,14308.219178082192,0,1,0,0,0,0
1770,42.14,6069.6657503685165,-659.6383232550305,5.0,8.04,3.0,-27797.158941966987,27797.158941966987,3138.0483456800653,15.0,116.83198947648592,14308.219178082192,0,1,0,0,0,0
1771,34.42,11162.073605897353,-659.6383232550305,5.0,8.04,3.0,-22704.75108643815,22704.75108643815,3138.0483456800653,15.0,116.83198947648592,14308.219178082192,0,1,0,0,0,0
1772,52.57,-810.3619611814497,-659.6383232550305,5.0,8.04,3.0,-34677.186653516954,34677.186653516954,3138.0483456800653,15.0,116.83198947648592,14308.219178082192,0,1,0,0,0,0
1773,20.53,20324.449915909725,-659.6383232550305,5.0,8.04,3.0,-13542.374776425777,13542.374776425777,3138.0483456800653,15.0,116.83198947648592,14308.219178082192,0,1,0,0,0,0
1774,33.1,12032.796192593996,-659.6383232550305,5.0,8.04,3.0,-21834.02849974151,21834.02849974151,3138.0483456800653,15.0,116.83198947648592,14308.219178082192,0,1,0,0,0,0
1775,27.24,15898.276766868476,-659.6383232550305,5.0,8.04,3.0,-17968.54792546703,17968.54792546703,3138.0483456800653,15.0,116.83198947648592,14308.219178082192,0,1,0,0,0,0
1776,16.49,22989.38874186005,-659.6383232550305,5.0,8.04,3.0,-10877.435950475452,10877.435950475452,3138.0483456800653,15.0,116.83198947648592,14308.219178082192,0,1,0,0,0,0
1777,17.9,22059.29870607046,-659.6383232550305,5.0,8.04,3.0,-11807.525986265046,11807.525986265046,3138.0483456800653,15.0,116.83198947648592,14308.219178082192,0,1,0,0,0,0
1778,8.0,28589.71810629526,-659.6383232550305,5.0,8.04,3.0,-5277.106586040244,5277.106586040244,3138.0483456800653,15.0,116.83198947648592,14308.219178082192,0,1,0,0,0,0
1779,7.01,29242.76004631774,-659.6383232550305,5.0,8.04,3.0,-4624.064646017764,4624.064646017764,3138.0483456800653,15.0,116.83198947648592,14308.219178082192,0,1,0,0,0,0
1780,10.7,26808.69463350668,-659.6383232550305,5.0,8.04,3.0,-7058.130058828826,7058.130058828826,3138.0483456800653,15.0,116.83198947648592,14308.219178082192,0,1,0,0,0,0
1781,26.59,16327.041676984241,-659.6383232550305,5.0,8.04,3.0,-17539.783015351262,17539.783015351262,3138.0483456800653,15.0,116.83198947648592,14308.219178082192,0,1,0,0,0,0
1782,21.31,19809.932023770805,-659.6383232550305,5.0,8.04,3.0,-14056.8926685647,14056.8926685647,3138.0483456800653,15.0,116.83198947648592,14308.219178082192,0,1,0,0,0,0
1783,22.76,18853.456455051008,-659.6383232550305,5.0,8.04,3.0,-15013.368237284496,15013.368237284496,3138.0483456800653,15.0,116.83198947648592,14308.219178082192,0,1,0,0,0,0
1784,26.9,16122.553796775184,-659.6383232550305,5.0,8.04,3.0,-17744.27089556032,17744.27089556032,3138.0483456800653,15.0,116.83198947648592,14308.219178082192,0,1,0,0,0,0
1785,24.32,17824.420670773165,-659.6383232550305,5.0,8.04,3.0,-16042.404021562343,16042.404021562343,3138.0483456800653,15.0,116.83198947648592,14308.219178082192,0,1,0,0,0,0
1786,17.61,22250.593819814418,-659.6383232550305,5.0,8.04,3.0,-11616.230872521088,11616.230872521088,3138.0483456800653,15.0,116.83198947648592,14308.219178082192,0,1,0,0,0,0
1787,19.09,21274.329101396972,-659.6383232550305,5.0,8.04,3.0,-12592.495590938532,12592.495590938532,3138.0483456800653,15.0,116.83198947648592,14308.219178082192,0,1,0,0,0,0
1788,26.96,16082.97549737988,-659.6383232550305,5.0,8.04,3.0,-17783.849194955623,17783.849194955623,3138.0483456800653,15.0,116.83198947648592,14308.219178082192,0,1,0,0,0,0
1789,28.89,14809.873533497674,-659.6383232550305,5.0,8.04,3.0,-19056.951158837834,19056.951158837834,3138.0483456800653,15.0,116.83198947648592,14308.219178082192,0,1,0,0,0,0
1790,24.56,17666.107473191954,-659.6383232550305,5.0,8.04,3.0,-16200.71721914355,16200.71721914355,3138.0483456800653,15.0,116.83198947648592,14308.219178082192,0,1,0,0,0,0
1791,29.94,14117.253294079892,-659.6383232550305,5.0,8.04,3.0,-19749.571398255615,19749.571398255615,3138.0483456800653,15.0,116.83198947648592,14308.219178082192,0,1,0,0,0,0
1792,35.2,10647.55571375843,-659.6383232550305,5.0,8.04,3.0,-23219.268978577074,23219.268978577074,3138.0483456800653,15.0,116.83198947648592,14308.219178082192,0,1,0,0,0,0
1793,125.1,39033.89908160592,650.0,0,8.04,3.0,81315.0,-81315.0,15071.972825128516,0,556.8949724310688,14308.219178082192,1,0,0,0,0,0
1794,50.2,752.980864932972,-659.6383232550305,5.0,8.04,3.0,-33113.84382740253,33113.84382740253,3138.0483456800653,15.0,116.83198947648592,14308.219178082192,0,1,0,0,0,0
1795,42.46,5858.581486926909,-659.6383232550305,5.0,8.04,3.0,-28008.243205408595,28008.243205408595,3138.0483456800653,15.0,116.83198947648592,14308.219178082192,0,1,0,0,0,0
1796,35.2,10647.55571375843,-659.6383232550305,5.0,8.04,3.0,-23219.268978577074,23219.268978577074,3138.0483456800653,15.0,116.83198947648592,14308.219178082192,0,1,0,0,0,0
1797,30.72,13602.735401940965,-659.6383232550305,5.0,8.04,3.0,-20264.089290394535,20264.089290394535,3138.0483456800653,15.0,116.83198947648592,14308.219178082192,0,1,0,0,0,0
1798,26.74,16228.09592849599,-659.6383232550305,5.0,8.04,3.0,-17638.728763839514,17638.728763839514,3138.0483456800653,15.0,116.83198947648592,14308.219178082192,0,1,0,0,0,0
1799,27.3,15858.698467473168,-659.6383232550305,5.0,8.04,3.0,-18008.126224862335,18008.126224862335,3138.0483456800653,15.0,116.83198947648592,14308.219178082192,0,1,0,0,0,0
1800,19.8,20805.9858918859,-659.6383232550305,5.0,8.04,3.0,-13060.838800449605,13060.838800449605,3138.0483456800653,15.0,116.83198947648592,14308.219178082192,0,1,0,0,0,0
1801,13.4,25027.671160718095,-659.6383232550305,5.0,8.04,3.0,-8839.153531617409,8839.153531617409,3138.0483456800653,15.0,116.83198947648592,14308.219178082192,0,1,0,0,0,0
1802,12.85,25390.472238508362,-659.6383232550305,5.0,8.04,3.0,-8476.352453827141,8476.352453827141,3138.0483456800653,15.0,116.83198947648592,14308.219178082192,0,1,0,0,0,0
1803,11.86,26043.514178530844,-659.6383232550305,5.0,8.04,3.0,-7823.310513804661,7823.310513804661,3138.0483456800653,15.0,116.83198947648592,14308.219178082192,0,1,0,0,0,0
1804,14.69,24176.737723719107,-659.6383232550305,5.0,8.04,3.0,-9690.086968616399,9690.086968616399,3138.0483456800653,15.0,116.83198947648592,14308.219178082192,0,1,0,0,0,0
1805,25.71,16907.52340144867,-659.6383232550305,5.0,8.04,3.0,-16959.301290886837,16959.301290886837,3138.0483456800653,15.0,116.83198947648592,14308.219178082192,0,1,0,0,0,0
1806,21.34,19790.14287407315,-659.6383232550305,5.0,8.04,3.0,-14076.681818262352,14076.681818262352,3138.0483456800653,15.0,116.83198947648592,14308.219178082192,0,1,0,0,0,0
1807,23.19,18569.811976051344,-659.6383232550305,5.0,8.04,3.0,-15297.012716284158,15297.012716284158,3138.0483456800653,15.0,116.83198947648592,14308.219178082192,0,1,0,0,0,0
1808,27.99,15403.5480244272,-659.6383232550305,5.0,8.04,3.0,-18463.276667908303,18463.276667908303,3138.0483456800653,15.0,116.83198947648592,14308.219178082192,0,1,0,0,0,0
1809,29.89,14150.235210242641,-659.6383232550305,5.0,8.04,3.0,-19716.589482092862,19716.589482092862,3138.0483456800653,15.0,116.83198947648592,14308.219178082192,0,1,0,0,0,0
1810,36.26,9948.3390911081,-659.6383232550305,5.0,8.04,3.0,-23918.485601227407,23918.485601227407,3138.0483456800653,15.0,116.83198947648592,14308.219178082192,0,1,0,0,0,0
1811,31.39,13160.777725360094,-659.6383232550305,5.0,8.04,3.0,-20706.04696697541,20706.04696697541,3138.0483456800653,15.0,116.83198947648592,14308.219178082192,0,1,0,0,0,0
1812,27.71,15588.24675493861,-659.6383232550305,5.0,8.04,3.0,-18278.577937396894,18278.577937396894,3138.0483456800653,15.0,116.83198947648592,14308.219178082192,0,1,0,0,0,0
1813,25.38,17125.20404812283,-659.6383232550305,5.0,8.04,3.0,-16741.620644212675,16741.620644212675,3138.0483456800653,15.0,116.83198947648592,14308.219178082192,0,1,0,0,0,0
1814,25.31,17171.378730750683,-659.6383232550305,5.0,8.04,3.0,-16695.44596158482,16695.44596158482,3138.0483456800653,15.0,116.83198947648592,14308.219178082192,0,1,0,0,0,0
1815,24.46,17732.071305517456,-659.6383232550305,5.0,8.04,3.0,-16134.753386818047,16134.753386818047,3138.0483456800653,15.0,116.83198947648592,14308.219178082192,0,1,0,0,0,0
1816,27.31,15852.102084240621,-659.6383232550305,5.0,8.04,3.0,-18014.722608094882,18014.722608094882,3138.0483456800653,15.0,116.83198947648592,14308.219178082192,0,1,0,0,0,0
1817,36.15,10020.899306666153,-659.6383232550305,5.0,8.04,3.0,-23845.92538566935,23845.92538566935,3138.0483456800653,15.0,116.83198947648592,14308.219178082192,0,1,0,0,0,0
1818,36.65,9691.080145038635,-659.6383232550305,5.0,8.04,3.0,-24175.74454729687,24175.74454729687,3138.0483456800653,15.0,116.83198947648592,14308.219178082192,0,1,0,0,0,0
1819,42.42,5884.9670198571075,-659.6383232550305,5.0,8.04,3.0,-27981.857672478396,27981.857672478396,3138.0483456800653,15.0,116.83198947648592,14308.219178082192,0,1,0,0,0,0
1820,43.05,5469.394876206443,-659.6383232550305,5.0,8.04,3.0,-28397.42981612906,28397.42981612906,3138.0483456800653,15.0,116.83198947648592,14308.219178082192,0,1,0,0,0,0
1821,23.86,18127.854299470477,-659.6383232550305,5.0,8.04,3.0,-15738.970392865027,15738.970392865027,3138.0483456800653,15.0,116.83198947648592,14308.219178082192,0,1,0,0,0,0
1822,65.47,274.399081605913,650.0,0,8.04,3.0,42555.5,-42555.5,15071.972825128516,0,556.8949724310688,14308.219178082192,1,0,0,0,0,0
1823,19.67,20891.738873909053,-659.6383232550305,5.0,8.04,3.0,-12975.08581842645,12975.08581842645,3138.0483456800653,15.0,116.83198947648592,14308.219178082192,0,1,0,0,0,0
1824,17.46,22349.53956830267,-659.6383232550305,5.0,8.04,3.0,-11517.285124032833,11517.285124032833,3138.0483456800653,15.0,116.83198947648592,14308.219178082192,0,1,0,0,0,0
1825,20.33,20456.377580560737,-659.6383232550305,5.0,8.04,3.0,-13410.447111774769,13410.447111774769,3138.0483456800653,15.0,116.83198947648592,14308.219178082192,0,1,0,0,0,0
1826,19.54,20977.49185593221,-659.6383232550305,5.0,8.04,3.0,-12889.332836403295,12889.332836403295,3138.0483456800653,15.0,116.83198947648592,14308.219178082192,0,1,0,0,0,0
1827,20.38,20423.395664397984,-659.6383232550305,5.0,8.04,3.0,-13443.429027937522,13443.429027937522,3138.0483456800653,15.0,116.83198947648592,14308.219178082192,0,1,0,0,0,0
1828,20.83,20126.558418933222,-659.6383232550305,5.0,8.04,3.0,-13740.266273402285,13740.266273402285,3138.0483456800653,15.0,116.83198947648592,14308.219178082192,0,1,0,0,0,0
1829,88.84,15464.899081605916,650.0,0,8.04,3.0,57746.0,-57746.0,15071.972825128516,0,556.8949724310688,14308.219178082192,1,0,0,0,0,0
1830,21.99,19361.377963957384,-659.6383232550305,5.0,8.04,3.0,-14505.44672837812,14505.44672837812,3138.0483456800653,15.0,116.83198947648592,14308.219178082192,0,1,0,0,0,0
1831,25.03,17356.077461262088,-659.6383232550305,5.0,8.04,3.0,-16510.747231073416,16510.747231073416,3138.0483456800653,15.0,116.83198947648592,14308.219178082192,0,1,0,0,0,0
1832,25.29,17184.571497215784,-659.6383232550305,5.0,8.04,3.0,-16682.25319511972,16682.25319511972,3138.0483456800653,15.0,116.83198947648592,14308.219178082192,0,1,0,0,0,0
1833,26.98,16069.78273091478,-659.6383232550305,5.0,8.04,3.0,-17797.041961420724,17797.041961420724,3138.0483456800653,15.0,116.83198947648592,14308.219178082192,0,1,0,0,0,0
1834,23.16,18589.601125748995,-659.6383232550305,5.0,8.04,3.0,-15277.223566586506,15277.223566586506,3138.0483456800653,15.0,116.83198947648592,14308.219178082192,0,1,0,0,0,0
1835,20.62,20265.082466816773,-659.6383232550305,5.0,8.04,3.0,-13601.74222551873,13601.74222551873,3138.0483456800653,15.0,116.83198947648592,14308.219178082192,0,1,0,0,0,0
1836,22.35,19123.90816758557,-659.6383232550305,5.0,8.04,3.0,-14742.916524749933,14742.916524749933,3138.0483456800653,15.0,116.83198947648592,14308.219178082192,0,1,0,0,0,0
1837,25.83,16828.366802658067,-659.6383232550305,5.0,8.04,3.0,-17038.457889677436,17038.457889677436,3138.0483456800653,15.0,116.83198947648592,14308.219178082192,0,1,0,0,0,0
1838,23.7,18233.396431191282,-659.6383232550305,5.0,8.04,3.0,-15633.428261144223,15633.428261144223,3138.0483456800653,15.0,116.83198947648592,14308.219178082192,0,1,0,0,0,0
1839,21.45,19717.5826585151,-659.6383232550305,5.0,8.04,3.0,-14149.242033820405,14149.242033820405,3138.0483456800653,15.0,116.83198947648592,14308.219178082192,0,1,0,0,0,0
1840,20.82,20133.15480216577,-659.6383232550305,5.0,8.04,3.0,-13733.669890169736,13733.669890169736,3138.0483456800653,15.0,116.83198947648592,14308.219178082192,0,1,0,0,0,0
1841,24.29,17844.209820470813,-659.6383232550305,5.0,8.04,3.0,-16022.614871864691,16022.614871864691,3138.0483456800653,15.0,116.83198947648592,14308.219178082192,0,1,0,0,0,0
1842,26.7,16254.481461426189,-659.6383232550305,5.0,8.04,3.0,-17612.343230909315,17612.343230909315,3138.0483456800653,15.0,116.83198947648592,14308.219178082192,0,1,0,0,0,0
1843,30.67,13635.717318103718,-659.6383232550305,5.0,8.04,3.0,-20231.107374231786,20231.107374231786,3138.0483456800653,15.0,116.83198947648592,14308.219178082192,0,1,0,0,0,0
1844,32.53,12408.790036849361,-659.6383232550305,5.0,8.04,3.0,-21458.034655486143,21458.034655486143,3138.0483456800653,15.0,116.83198947648592,14308.219178082192,0,1,0,0,0,0
1845,20.82,20133.15480216577,-659.6383232550305,5.0,8.04,3.0,-13733.669890169736,13733.669890169736,3138.0483456800653,15.0,116.83198947648592,14308.219178082192,0,1,0,0,0,0
1846,25.88,16795.384886495314,-659.6383232550305,5.0,8.04,3.0,-17071.43980584019,17071.43980584019,3138.0483456800653,15.0,116.83198947648592,14308.219178082192,0,1,0,0,0,0
1847,23.85,18134.450682703027,-659.6383232550305,5.0,8.04,3.0,-15732.374009632478,15732.374009632478,3138.0483456800653,15.0,116.83198947648592,14308.219178082192,0,1,0,0,0,0
1848,25.34,17151.58958105303,-659.6383232550305,5.0,8.04,3.0,-16715.235111282473,16715.235111282473,3138.0483456800653,15.0,116.83198947648592,14308.219178082192,0,1,0,0,0,0
1849,26.83,16168.728479403035,-659.6383232550305,5.0,8.04,3.0,-17698.09621293247,17698.09621293247,3138.0483456800653,15.0,116.83198947648592,14308.219178082192,0,1,0,0,0,0
1850,29.35,14506.439904800358,-659.6383232550305,5.0,8.04,3.0,-19360.384787535146,19360.384787535146,3138.0483456800653,15.0,116.83198947648592,14308.219178082192,0,1,0,0,0,0
1851,26.42,16439.180191937598,-659.6383232550305,5.0,8.04,3.0,-17427.644500397906,17427.644500397906,3138.0483456800653,15.0,116.83198947648592,14308.219178082192,0,1,0,0,0,0
1852,22.05,19321.79966456208,-659.6383232550305,5.0,8.04,3.0,-14545.025027773423,14545.025027773423,3138.0483456800653,15.0,116.83198947648592,14308.219178082192,0,1,0,0,0,0
1853,17.32,22441.888933558374,-659.6383232550305,5.0,8.04,3.0,-11424.935758777128,11424.935758777128,3138.0483456800653,15.0,116.83198947648592,14308.219178082192,0,1,0,0,0,0
1854,18.09,21933.967424652,-659.6383232550305,5.0,8.04,3.0,-11932.857267683501,11932.857267683501,3138.0483456800653,15.0,116.83198947648592,14308.219178082192,0,1,0,0,0,0
1855,22.23,19203.064766376177,-659.6383232550305,5.0,8.04,3.0,-14663.759925959328,14663.759925959328,3138.0483456800653,15.0,116.83198947648592,14308.219178082192,0,1,0,0,0,0
1856,26.66,16280.866994356391,-659.6383232550305,5.0,8.04,3.0,-17585.957697979113,17585.957697979113,3138.0483456800653,15.0,116.83198947648592,14308.219178082192,0,1,0,0,0,0
1857,31.57,13042.042827174191,-659.6383232550305,5.0,8.04,3.0,-20824.781865161312,20824.781865161312,3138.0483456800653,15.0,116.83198947648592,14308.219178082192,0,1,0,0,0,0
1858,30.84,13523.578803150362,-659.6383232550305,5.0,8.04,3.0,-20343.245889185142,20343.245889185142,3138.0483456800653,15.0,116.83198947648592,14308.219178082192,0,1,0,0,0,0
1859,32.2,12626.47068352352,-659.6383232550305,5.0,8.04,3.0,-21240.354008811984,21240.354008811984,3138.0483456800653,15.0,116.83198947648592,14308.219178082192,0,1,0,0,0,0
1860,32.59,12369.211737454058,-659.6383232550305,5.0,8.04,3.0,-21497.612954881446,21497.612954881446,3138.0483456800653,15.0,116.83198947648592,14308.219178082192,0,1,0,0,0,0
1861,32.21,12619.874300290969,-659.6383232550305,5.0,8.04,3.0,-21246.950392044535,21246.950392044535,3138.0483456800653,15.0,116.83198947648592,14308.219178082192,0,1,0,0,0,0
1862,28.89,14809.873533497674,-659.6383232550305,5.0,8.04,3.0,-19056.951158837834,19056.951158837834,3138.0483456800653,15.0,116.83198947648592,14308.219178082192,0,1,0,0,0,0
1863,26.7,16254.481461426189,-659.6383232550305,5.0,8.04,3.0,-17612.343230909315,17612.343230909315,3138.0483456800653,15.0,116.83198947648592,14308.219178082192,0,1,0,0,0,0
1864,26.43,16432.583808705047,-659.6383232550305,5.0,8.04,3.0,-17434.240883630457,17434.240883630457,3138.0483456800653,15.0,116.83198947648592,14308.219178082192,0,1,0,0,0,0
1865,28.15,15298.005892706398,-659.6383232550305,5.0,8.04,3.0,-18568.81879962911,18568.81879962911,3138.0483456800653,15.0,116.83198947648592,14308.219178082192,0,1,0,0,0,0
1866,31.62,13009.060911011438,-659.6383232550305,5.0,8.04,3.0,-20857.763781324065,20857.763781324065,3138.0483456800653,15.0,116.83198947648592,14308.219178082192,0,1,0,0,0,0
1867,35.57,10403.489534154069,-659.6383232550305,5.0,8.04,3.0,-23463.335158181435,23463.335158181435,3138.0483456800653,15.0,116.83198947648592,14308.219178082192,0,1,0,0,0,0
1868,31.63,13002.464527778888,-659.6383232550305,5.0,8.04,3.0,-20864.360164556616,20864.360164556616,3138.0483456800653,15.0,116.83198947648592,14308.219178082192,0,1,0,0,0,0
1869,31.83,12870.536863127883,-659.6383232550305,5.0,8.04,3.0,-20996.28782920762,20996.28782920762,3138.0483456800653,15.0,116.83198947648592,14308.219178082192,0,1,0,0,0,0
1870,31.34,13193.759641522847,-659.6383232550305,5.0,8.04,3.0,-20673.065050812656,20673.065050812656,3138.0483456800653,15.0,116.83198947648592,14308.219178082192,0,1,0,0,0,0
1871,31.21,13279.512623546001,-659.6383232550305,5.0,8.04,3.0,-20587.312068789503,20587.312068789503,3138.0483456800653,15.0,116.83198947648592,14308.219178082192,0,1,0,0,0,0
1872,28.33,15179.270994520492,-659.6383232550305,5.0,8.04,3.0,-18687.553697815012,18687.553697815012,3138.0483456800653,15.0,116.83198947648592,14308.219178082192,0,1,0,0,0,0
1873,29.46,14433.879689242305,-659.6383232550305,5.0,8.04,3.0,-19432.9450030932,19432.9450030932,3138.0483456800653,15.0,116.83198947648592,14308.219178082192,0,1,0,0,0,0
1874,27.82,15515.686539380556,-659.6383232550305,5.0,8.04,3.0,-18351.13815295495,18351.13815295495,3138.0483456800653,15.0,116.83198947648592,14308.219178082192,0,1,0,0,0,0
1875,29.79,14216.199042568143,-659.6383232550305,5.0,8.04,3.0,-19650.625649767357,19650.625649767357,3138.0483456800653,15.0,116.83198947648592,14308.219178082192,0,1,0,0,0,0
1876,28.37,15152.88546159029,-659.6383232550305,5.0,8.04,3.0,-18713.939230745218,18713.939230745218,3138.0483456800653,15.0,116.83198947648592,14308.219178082192,0,1,0,0,0,0
1877,32.69,12303.247905128559,-659.6383232550305,5.0,8.04,3.0,-21563.576787206945,21563.576787206945,3138.0483456800653,15.0,116.83198947648592,14308.219178082192,0,1,0,0,0,0
1878,38.81,8266.261366807768,-659.6383232550305,5.0,8.04,3.0,-25600.563325527735,25600.563325527735,3138.0483456800653,15.0,116.83198947648592,14308.219178082192,0,1,0,0,0,0
1879,41.07,6775.478756251399,-659.6383232550305,5.0,8.04,3.0,-27091.345936084104,27091.345936084104,3138.0483456800653,15.0,116.83198947648592,14308.219178082192,0,1,0,0,0,0
1880,35.4,10515.628049107425,-659.6383232550305,5.0,8.04,3.0,-23351.19664322808,23351.19664322808,3138.0483456800653,15.0,116.83198947648592,14308.219178082192,0,1,0,0,0,0
1881,33.73,11617.224048943328,-659.6383232550305,5.0,8.04,3.0,-22249.600643392176,22249.600643392176,3138.0483456800653,15.0,116.83198947648592,14308.219178082192,0,1,0,0,0,0
1882,35.13,10693.73039638628,-659.6383232550305,5.0,8.04,3.0,-23173.094295949224,23173.094295949224,3138.0483456800653,15.0,116.83198947648592,14308.219178082192,0,1,0,0,0,0
1883,29.05,14704.331401776868,-659.6383232550305,5.0,8.04,3.0,-19162.493290558636,19162.493290558636,3138.0483456800653,15.0,116.83198947648592,14308.219178082192,0,1,0,0,0,0
1884,20.5,20344.239065607377,-659.6383232550305,5.0,8.04,3.0,-13522.585626728125,13522.585626728125,3138.0483456800653,15.0,116.83198947648592,14308.219178082192,0,1,0,0,0,0
1885,19.52,20990.68462239731,-659.6383232550305,5.0,8.04,3.0,-12876.140069938196,12876.140069938196,3138.0483456800653,15.0,116.83198947648592,14308.219178082192,0,1,0,0,0,0
1886,22.24,19196.468383143627,-659.6383232550305,5.0,8.04,3.0,-14670.356309191877,14670.356309191877,3138.0483456800653,15.0,116.83198947648592,14308.219178082192,0,1,0,0,0,0
1887,21.46,19710.98627528255,-659.6383232550305,5.0,8.04,3.0,-14155.838417052955,14155.838417052955,3138.0483456800653,15.0,116.83198947648592,14308.219178082192,0,1,0,0,0,0
1888,19.86,20766.4075924906,-659.6383232550305,5.0,8.04,3.0,-13100.417099844906,13100.417099844906,3138.0483456800653,15.0,116.83198947648592,14308.219178082192,0,1,0,0,0,0
1889,18.63,21577.762730094284,-659.6383232550305,5.0,8.04,3.0,-12289.061962241218,12289.061962241218,3138.0483456800653,15.0,116.83198947648592,14308.219178082192,0,1,0,0,0,0
1890,21.35,19783.546490840603,-659.6383232550305,5.0,8.04,3.0,-14083.278201494903,14083.278201494903,3138.0483456800653,15.0,116.83198947648592,14308.219178082192,0,1,0,0,0,0
1891,22.55,18991.980502934566,-659.6383232550305,5.0,8.04,3.0,-14874.84418940094,14874.84418940094,3138.0483456800653,15.0,116.83198947648592,14308.219178082192,0,1,0,0,0,0
1892,21.51,19678.004359119797,-659.6383232550305,5.0,8.04,3.0,-14188.820333215708,14188.820333215708,3138.0483456800653,15.0,116.83198947648592,14308.219178082192,0,1,0,0,0,0
1893,18.98,21346.88931695502,-659.6383232550305,5.0,8.04,3.0,-12519.935375380479,12519.935375380479,3138.0483456800653,15.0,116.83198947648592,14308.219178082192,0,1,0,0,0,0
1894,18.59,21604.148263024486,-659.6383232550305,5.0,8.04,3.0,-12262.676429311017,12262.676429311017,3138.0483456800653,15.0,116.83198947648592,14308.219178082192,0,1,0,0,0,0
1895,23.26,18523.63729342349,-659.6383232550305,5.0,8.04,3.0,-15343.18739891201,15343.18739891201,3138.0483456800653,15.0,116.83198947648592,14308.219178082192,0,1,0,0,0,0
1896,17.77,22145.051688093612,-659.6383232550305,5.0,8.04,3.0,-11721.773004241892,11721.773004241892,3138.0483456800653,15.0,116.83198947648592,14308.219178082192,0,1,0,0,0,0
1897,15.82,23431.34641844092,-659.6383232550305,5.0,8.04,3.0,-10435.478273894583,10435.478273894583,3138.0483456800653,15.0,116.83198947648592,14308.219178082192,0,1,0,0,0,0
1898,1.79,32686.072093709,-659.6383232550305,5.0,8.04,3.0,-1180.7525986265046,1180.7525986265046,3138.0483456800653,15.0,116.83198947648592,14308.219178082192,0,1,0,0,0,0
1899,9.87,27356.19444180835,-659.6383232550305,5.0,8.04,3.0,-6510.630250527151,6510.630250527151,3138.0483456800653,15.0,116.83198947648592,14308.219178082192,0,1,0,0,0,0
1900,27.62,15647.61420403156,-659.6383232550305,5.0,8.04,3.0,-18219.210488303943,18219.210488303943,3138.0483456800653,15.0,116.83198947648592,14308.219178082192,0,1,0,0,0,0
1901,60.17,-3170.600918394087,650.0,0,8.04,3.0,39110.5,-39110.5,15071.972825128516,0,556.8949724310688,14308.219178082192,1,0,0,0,0,0
1902,65.32,176.89908160590574,650.0,0,8.04,3.0,42457.99999999999,-42457.99999999999,15071.972825128516,0,556.8949724310688,14308.219178082192,1,0,0,0,0,0
1903,29.16,14631.771186218815,-659.6383232550305,5.0,8.04,3.0,-19235.05350611669,19235.05350611669,3138.0483456800653,15.0,116.83198947648592,14308.219178082192,0,1,0,0,0,0
1904,24.88,17455.023209750347,-659.6383232550305,5.0,8.04,3.0,-16411.801482585157,16411.801482585157,3138.0483456800653,15.0,116.83198947648592,14308.219178082192,0,1,0,0,0,0
1905,24.3,17837.613437238262,-659.6383232550305,5.0,8.04,3.0,-16029.211255097242,16029.211255097242,3138.0483456800653,15.0,116.83198947648592,14308.219178082192,0,1,0,0,0,0
1906,24.26,17863.99897016846,-659.6383232550305,5.0,8.04,3.0,-16002.825722167041,16002.825722167041,3138.0483456800653,15.0,116.83198947648592,14308.219178082192,0,1,0,0,0,0
1907,22.96,18721.528790400003,-659.6383232550305,5.0,8.04,3.0,-15145.2959019355,15145.2959019355,3138.0483456800653,15.0,116.83198947648592,14308.219178082192,0,1,0,0,0,0
1908,21.6,19618.636910026842,-659.6383232550305,5.0,8.04,3.0,-14248.18778230866,14248.18778230866,3138.0483456800653,15.0,116.83198947648592,14308.219178082192,0,1,0,0,0,0
1909,19.47,21023.66653856006,-659.6383232550305,5.0,8.04,3.0,-12843.158153775443,12843.158153775443,3138.0483456800653,15.0,116.83198947648592,14308.219178082192,0,1,0,0,0,0
1910,15.58,23589.65961602213,-659.6383232550305,5.0,8.04,3.0,-10277.165076313375,10277.165076313375,3138.0483456800653,15.0,116.83198947648592,14308.219178082192,0,1,0,0,0,0
1911,15.69,23517.099400464074,-659.6383232550305,5.0,8.04,3.0,-10349.725291871428,10349.725291871428,3138.0483456800653,15.0,116.83198947648592,14308.219178082192,0,1,0,0,0,0
1912,7.95,28622.70002245801,-659.6383232550305,5.0,8.04,3.0,-5244.124669877493,5244.124669877493,3138.0483456800653,15.0,116.83198947648592,14308.219178082192,0,1,0,0,0,0
1913,23.75,18200.41451502853,-659.6383232550305,5.0,8.04,3.0,-15666.410177306974,15666.410177306974,3138.0483456800653,15.0,116.83198947648592,14308.219178082192,0,1,0,0,0,0
1914,78.87,8984.399081605916,650.0,0,8.04,3.0,51265.5,-51265.5,15071.972825128516,0,556.8949724310688,14308.219178082192,1,0,0,0,0,0
1915,34.03,11419.332551966814,-659.6383232550305,5.0,8.04,3.0,-22447.49214036869,22447.49214036869,3138.0483456800653,15.0,116.83198947648592,14308.219178082192,0,1,0,0,0,0
1916,39.4,7877.074756087302,-659.6383232550305,5.0,8.04,3.0,-25989.7499362482,25989.7499362482,3138.0483456800653,15.0,116.83198947648592,14308.219178082192,0,1,0,0,0,0
1917,42.28,5977.316385112816,-659.6383232550305,5.0,8.04,3.0,-27889.50830722269,27889.50830722269,3138.0483456800653,15.0,116.83198947648592,14308.219178082192,0,1,0,0,0,0
1918,42.53,5812.406804299058,-659.6383232550305,5.0,8.04,3.0,-28054.41788803645,28054.41788803645,3138.0483456800653,15.0,116.83198947648592,14308.219178082192,0,1,0,0,0,0
1919,40.32,7270.207498692671,-659.6383232550305,5.0,8.04,3.0,-26596.61719364283,26596.61719364283,3138.0483456800653,15.0,116.83198947648592,14308.219178082192,0,1,0,0,0,0
1920,33.56,11729.36256389668,-659.6383232550305,5.0,8.04,3.0,-22137.462128438827,22137.462128438827,3138.0483456800653,15.0,116.83198947648592,14308.219178082192,0,1,0,0,0,0
1921,30.65,13648.910084568823,-659.6383232550305,5.0,8.04,3.0,-20217.914607766685,20217.914607766685,3138.0483456800653,15.0,116.83198947648592,14308.219178082192,0,1,0,0,0,0
1922,27.93,15443.126323822504,-659.6383232550305,5.0,8.04,3.0,-18423.698368513004,18423.698368513004,3138.0483456800653,15.0,116.83198947648592,14308.219178082192,0,1,0,0,0,0
1923,25.27,17197.764263680885,-659.6383232550305,5.0,8.04,3.0,-16669.060428654622,16669.060428654622,3138.0483456800653,15.0,116.83198947648592,14308.219178082192,0,1,0,0,0,0
1924,28.65,14968.18673107888,-659.6383232550305,5.0,8.04,3.0,-18898.637961256623,18898.637961256623,3138.0483456800653,15.0,116.83198947648592,14308.219178082192,0,1,0,0,0,0
1925,66.43,898.3990816059203,650.0,0,8.04,3.0,43179.50000000001,-43179.50000000001,15071.972825128516,0,556.8949724310688,14308.219178082192,1,0,0,0,0,0
1926,79.28,9250.899081605916,650.0,0,8.04,3.0,51532.0,-51532.0,15071.972825128516,0,556.8949724310688,14308.219178082192,1,0,0,0,0,0
1927,72.24,4674.899081605913,650.0,0,8.04,3.0,46956.0,-46956.0,15071.972825128516,0,556.8949724310688,14308.219178082192,1,0,0,0,0,0
1928,68.3,2113.899081605913,650.0,0,8.04,3.0,44395.0,-44395.0,15071.972825128516,0,556.8949724310688,14308.219178082192,1,0,0,0,0,0
1929,73.91,5760.399081605917,650.0,0,8.04,3.0,48041.5,-48041.5,15071.972825128516,0,556.8949724310688,14308.219178082192,1,0,0,0,0,0
1930,72.57,4889.399081605902,650.0,0,8.04,3.0,47170.49999999999,-47170.49999999999,15071.972825128516,0,556.8949724310688,14308.219178082192,1,0,0,0,0,0
1931,51.3,27.378709352437426,-659.6383232550305,5.0,8.04,3.0,-33839.44598298307,33839.44598298307,3138.0483456800653,15.0,116.83198947648592,14308.219178082192,0,1,0,0,0,0
1932,52.43,-718.0125959257489,-659.6383232550305,5.0,8.04,3.0,-34584.83728826125,34584.83728826125,3138.0483456800653,15.0,116.83198947648592,14308.219178082192,0,1,0,0,0,0
1933,45.97,3543.2509723017506,-659.6383232550305,5.0,8.04,3.0,-30323.573720033753,30323.573720033753,3138.0483456800653,15.0,116.83198947648592,14308.219178082192,0,1,0,0,0,0
1934,27.91,15456.319090287601,-659.6383232550305,5.0,8.04,3.0,-18410.505602047902,18410.505602047902,3138.0483456800653,15.0,116.83198947648592,14308.219178082192,0,1,0,0,0,0
1935,30.24,13919.361797103382,-659.6383232550305,5.0,8.04,3.0,-19947.46289523212,19947.46289523212,3138.0483456800653,15.0,116.83198947648592,14308.219178082192,0,1,0,0,0,0
1936,33.16,11993.217893198693,-659.6383232550305,5.0,8.04,3.0,-21873.60679913681,21873.60679913681,3138.0483456800653,15.0,116.83198947648592,14308.219178082192,0,1,0,0,0,0
1937,39.94,7520.870061529586,-659.6383232550305,5.0,8.04,3.0,-26345.954630805918,26345.954630805918,3138.0483456800653,15.0,116.83198947648592,14308.219178082192,0,1,0,0,0,0
1938,29.41,14466.861605405058,-659.6383232550305,5.0,8.04,3.0,-19399.96308693045,19399.96308693045,3138.0483456800653,15.0,116.83198947648592,14308.219178082192,0,1,0,0,0,0
1939,23.32,18484.058994028193,-659.6383232550305,5.0,8.04,3.0,-15382.765698307312,15382.765698307312,3138.0483456800653,15.0,116.83198947648592,14308.219178082192,0,1,0,0,0,0
1940,20.35,20443.18481409563,-659.6383232550305,5.0,8.04,3.0,-13423.639878239872,13423.639878239872,3138.0483456800653,15.0,116.83198947648592,14308.219178082192,0,1,0,0,0,0
1941,22.5,19024.96241909732,-659.6383232550305,5.0,8.04,3.0,-14841.862273238186,14841.862273238186,3138.0483456800653,15.0,116.83198947648592,14308.219178082192,0,1,0,0,0,0
1942,20.45,20377.22098177013,-659.6383232550305,5.0,8.04,3.0,-13489.603710565374,13489.603710565374,3138.0483456800653,15.0,116.83198947648592,14308.219178082192,0,1,0,0,0,0
1943,9.9,27336.4052921107,-659.6383232550305,5.0,8.04,3.0,-6530.419400224802,6530.419400224802,3138.0483456800653,15.0,116.83198947648592,14308.219178082192,0,1,0,0,0,0
1944,11.49,26287.5803581352,-659.6383232550305,5.0,8.04,3.0,-7579.244334200301,7579.244334200301,3138.0483456800653,15.0,116.83198947648592,14308.219178082192,0,1,0,0,0,0
1945,11.09,26551.435687437217,-659.6383232550305,5.0,8.04,3.0,-7315.3890048982885,7315.3890048982885,3138.0483456800653,15.0,116.83198947648592,14308.219178082192,0,1,0,0,0,0
1946,7.27,29071.254082271433,-659.6383232550305,5.0,8.04,3.0,-4795.570610064072,4795.570610064072,3138.0483456800653,15.0,116.83198947648592,14308.219178082192,0,1,0,0,0,0
1947,10.92,26663.57420239057,-659.6383232550305,5.0,8.04,3.0,-7203.250489944933,7203.250489944933,3138.0483456800653,15.0,116.83198947648592,14308.219178082192,0,1,0,0,0,0
1948,19.72,20858.7569577463,-659.6383232550305,5.0,8.04,3.0,-13008.067734589202,13008.067734589202,3138.0483456800653,15.0,116.83198947648592,14308.219178082192,0,1,0,0,0,0
1949,22.49,19031.55880232987,-659.6383232550305,5.0,8.04,3.0,-14835.265890005636,14835.265890005636,3138.0483456800653,15.0,116.83198947648592,14308.219178082192,0,1,0,0,0,0
1950,28.78,14882.433749055726,-659.6383232550305,5.0,8.04,3.0,-18984.390943279777,18984.390943279777,3138.0483456800653,15.0,116.83198947648592,14308.219178082192,0,1,0,0,0,0
1951,21.68,19565.865844166445,-659.6383232550305,5.0,8.04,3.0,-14300.95884816906,14300.95884816906,3138.0483456800653,15.0,116.83198947648592,14308.219178082192,0,1,0,0,0,0
1952,24.23,17883.788119866113,-659.6383232550305,5.0,8.04,3.0,-15983.03657246939,15983.03657246939,3138.0483456800653,15.0,116.83198947648592,14308.219178082192,0,1,0,0,0,0
1953,46.22,3378.3413914879934,-659.6383232550305,5.0,8.04,3.0,-30488.48330084751,30488.48330084751,3138.0483456800653,15.0,116.83198947648592,14308.219178082192,0,1,0,0,0,0
1954,22.36,19117.31178435302,-659.6383232550305,5.0,8.04,3.0,-14749.512907982482,14749.512907982482,3138.0483456800653,15.0,116.83198947648592,14308.219178082192,0,1,0,0,0,0
1955,22.81,18820.47453888826,-659.6383232550305,5.0,8.04,3.0,-15046.350153447245,15046.350153447245,3138.0483456800653,15.0,116.83198947648592,14308.219178082192,0,1,0,0,0,0
1956,25.88,16795.384886495314,-659.6383232550305,5.0,8.04,3.0,-17071.43980584019,17071.43980584019,3138.0483456800653,15.0,116.83198947648592,14308.219178082192,0,1,0,0,0,0
1957,25.39,17118.607664890278,-659.6383232550305,5.0,8.04,3.0,-16748.217027445226,16748.217027445226,3138.0483456800653,15.0,116.83198947648592,14308.219178082192,0,1,0,0,0,0
1958,28.88,14816.469916730224,-659.6383232550305,5.0,8.04,3.0,-19050.35477560528,19050.35477560528,3138.0483456800653,15.0,116.83198947648592,14308.219178082192,0,1,0,0,0,0
1959,23.93,18081.679616842623,-659.6383232550305,5.0,8.04,3.0,-15785.14507549288,15785.14507549288,3138.0483456800653,15.0,116.83198947648592,14308.219178082192,0,1,0,0,0,0
1960,25.61,16973.487233774173,-659.6383232550305,5.0,8.04,3.0,-16893.33745856133,16893.33745856133,3138.0483456800653,15.0,116.83198947648592,14308.219178082192,0,1,0,0,0,0
1961,25.67,16933.90893437887,-659.6383232550305,5.0,8.04,3.0,-16932.915757956634,16932.915757956634,3138.0483456800653,15.0,116.83198947648592,14308.219178082192,0,1,0,0,0,0
1962,26.27,16538.125940425853,-659.6383232550305,5.0,8.04,3.0,-17328.69875190965,17328.69875190965,3138.0483456800653,15.0,116.83198947648592,14308.219178082192,0,1,0,0,0,0
1963,27.43,15772.945485450018,-659.6383232550305,5.0,8.04,3.0,-18093.879206885485,18093.879206885485,3138.0483456800653,15.0,116.83198947648592,14308.219178082192,0,1,0,0,0,0
1964,26.63,16300.656144054043,-659.6383232550305,5.0,8.04,3.0,-17566.16854828146,17566.16854828146,3138.0483456800653,15.0,116.83198947648592,14308.219178082192,0,1,0,0,0,0
1965,22.55,18991.980502934566,-659.6383232550305,5.0,8.04,3.0,-14874.84418940094,14874.84418940094,3138.0483456800653,15.0,116.83198947648592,14308.219178082192,0,1,0,0,0,0
1966,27.41,15786.13825191512,-659.6383232550305,5.0,8.04,3.0,-18080.686440420388,18080.686440420388,3138.0483456800653,15.0,116.83198947648592,14308.219178082192,0,1,0,0,0,0
1967,23.23,18543.426443121145,-659.6383232550305,5.0,8.04,3.0,-15323.398249214359,15323.398249214359,3138.0483456800653,15.0,116.83198947648592,14308.219178082192,0,1,0,0,0,0
1968,19.87,20759.81120925805,-659.6383232550305,5.0,8.04,3.0,-13107.013483077457,13107.013483077457,3138.0483456800653,15.0,116.83198947648592,14308.219178082192,0,1,0,0,0,0
1969,21.17,19902.28138902651,-659.6383232550305,5.0,8.04,3.0,-13964.543303308998,13964.543303308998,3138.0483456800653,15.0,116.83198947648592,14308.219178082192,0,1,0,0,0,0
1970,20.36,20436.588430863085,-659.6383232550305,5.0,8.04,3.0,-13430.23626147242,13430.23626147242,3138.0483456800653,15.0,116.83198947648592,14308.219178082192,0,1,0,0,0,0
1971,20.12,20594.901628444288,-659.6383232550305,5.0,8.04,3.0,-13271.923063891214,13271.923063891214,3138.0483456800653,15.0,116.83198947648592,14308.219178082192,0,1,0,0,0,0
1972,24.36,17798.035137842962,-659.6383232550305,5.0,8.04,3.0,-16068.789554492543,16068.789554492543,3138.0483456800653,15.0,116.83198947648592,14308.219178082192,0,1,0,0,0,0
1973,21.34,19790.14287407315,-659.6383232550305,5.0,8.04,3.0,-14076.681818262352,14076.681818262352,3138.0483456800653,15.0,116.83198947648592,14308.219178082192,0,1,0,0,0,0
1974,27.49,15733.367186054718,-659.6383232550305,5.0,8.04,3.0,-18133.45750628079,18133.45750628079,3138.0483456800653,15.0,116.83198947648592,14308.219178082192,0,1,0,0,0,0
1975,35.61,10377.104001223866,-659.6383232550305,5.0,8.04,3.0,-23489.720691111637,23489.720691111637,3138.0483456800653,15.0,116.83198947648592,14308.219178082192,0,1,0,0,0,0
1976,29.28,14552.614587428212,-659.6383232550305,5.0,8.04,3.0,-19314.210104907295,19314.210104907295,3138.0483456800653,15.0,116.83198947648592,14308.219178082192,0,1,0,0,0,0
1977,10.12,27191.284860994594,-659.6383232550305,5.0,8.04,3.0,-6675.539831340909,6675.539831340909,3138.0483456800653,15.0,116.83198947648592,14308.219178082192,0,1,0,0,0,0
1978,28.71,14928.608431683577,-659.6383232550305,5.0,8.04,3.0,-18938.216260651927,18938.216260651927,3138.0483456800653,15.0,116.83198947648592,14308.219178082192,0,1,0,0,0,0
1979,31.42,13140.988575662443,-659.6383232550305,5.0,8.04,3.0,-20725.83611667306,20725.83611667306,3138.0483456800653,15.0,116.83198947648592,14308.219178082192,0,1,0,0,0,0
1980,33.13,12013.00704289634,-659.6383232550305,5.0,8.04,3.0,-21853.817649439163,21853.817649439163,3138.0483456800653,15.0,116.83198947648592,14308.219178082192,0,1,0,0,0,0
1981,24.5,17705.685772587254,-659.6383232550305,5.0,8.04,3.0,-16161.138919748248,16161.138919748248,3138.0483456800653,15.0,116.83198947648592,14308.219178082192,0,1,0,0,0,0
1982,21.72,19539.480311236242,-659.6383232550305,5.0,8.04,3.0,-14327.344381099261,14327.344381099261,3138.0483456800653,15.0,116.83198947648592,14308.219178082192,0,1,0,0,0,0
1983,20.31,20469.570347025838,-659.6383232550305,5.0,8.04,3.0,-13397.25434530967,13397.25434530967,3138.0483456800653,15.0,116.83198947648592,14308.219178082192,0,1,0,0,0,0
1984,22.16,19249.239449004028,-659.6383232550305,5.0,8.04,3.0,-14617.585243331476,14617.585243331476,3138.0483456800653,15.0,116.83198947648592,14308.219178082192,0,1,0,0,0,0
1985,23.72,18220.20366472618,-659.6383232550305,5.0,8.04,3.0,-15646.621027609322,15646.621027609322,3138.0483456800653,15.0,116.83198947648592,14308.219178082192,0,1,0,0,0,0
1986,24.23,17883.788119866113,-659.6383232550305,5.0,8.04,3.0,-15983.03657246939,15983.03657246939,3138.0483456800653,15.0,116.83198947648592,14308.219178082192,0,1,0,0,0,0
1987,21.42,19737.37180821275,-659.6383232550305,5.0,8.04,3.0,-14129.452884122755,14129.452884122755,3138.0483456800653,15.0,116.83198947648592,14308.219178082192,0,1,0,0,0,0
1988,34.77,10931.200192758093,-659.6383232550305,5.0,8.04,3.0,-22935.624499577414,22935.624499577414,3138.0483456800653,15.0,116.83198947648592,14308.219178082192,0,1,0,0,0,0
1989,29.82,14196.409892870495,-659.6383232550305,5.0,8.04,3.0,-19670.41479946501,19670.41479946501,3138.0483456800653,15.0,116.83198947648592,14308.219178082192,0,1,0,0,0,0
1990,56.21,-3211.4454578297587,-659.6383232550305,5.0,8.04,3.0,-37078.27015016526,37078.27015016526,3138.0483456800653,15.0,116.83198947648592,14308.219178082192,0,1,0,0,0,0
1991,38.52,8457.556480551728,-659.6383232550305,5.0,8.04,3.0,-25409.268211783776,25409.268211783776,3138.0483456800653,15.0,116.83198947648592,14308.219178082192,0,1,0,0,0,0
1992,-2.91,35786.37221300764,-659.6383232550305,5.0,8.04,3.0,1919.547520672139,-1919.547520672139,3138.0483456800653,15.0,116.83198947648592,14308.219178082192,0,1,0,0,0,0
1993,-19.38,46650.615397017995,-659.6383232550305,5.0,8.04,3.0,12783.790704682491,-12783.790704682491,3138.0483456800653,15.0,116.83198947648592,14308.219178082192,0,1,0,0,0,0
1994,16.77,22804.69001134864,-659.6383232550305,5.0,8.04,3.0,-11062.134680986861,11062.134680986861,3138.0483456800653,15.0,116.83198947648592,14308.219178082192,0,1,0,0,0,0
1995,51.47,-84.75980560091514,-659.6383232550305,5.0,8.04,3.0,-33951.58449793642,33951.58449793642,3138.0483456800653,15.0,116.83198947648592,14308.219178082192,0,1,0,0,0,0
1996,49.84,990.4506613047856,-659.6383232550305,5.0,8.04,3.0,-32876.374031030726,32876.374031030726,3138.0483456800653,15.0,116.83198947648592,14308.219178082192,0,1,0,0,0,0
1997,45.92,3576.2328884645035,-659.6383232550305,5.0,8.04,3.0,-30290.591803871,30290.591803871,3138.0483456800653,15.0,116.83198947648592,14308.219178082192,0,1,0,0,0,0
1998,29.57,14361.319473684252,-659.6383232550305,5.0,8.04,3.0,-19505.50521865125,19505.50521865125,3138.0483456800653,15.0,116.83198947648592,14308.219178082192,0,1,0,0,0,0
1999,55.68,-2861.8371465045925,-659.6383232550305,5.0,8.04,3.0,-36728.6618388401,36728.6618388401,3138.0483456800653,15.0,116.83198947648592,14308.219178082192,0,1,0,0,0,0
2000,29.73,14255.777341963447,-659.6383232550305,5.0,8.04,3.0,-19611.047350372057,19611.047350372057,3138.0483456800653,15.0,116.83198947648592,14308.219178082192,0,1,0,0,0,0
2001,38.42,8523.520312877234,-659.6383232550305,5.0,8.04,3.0,-25343.304379458274,25343.304379458274,3138.0483456800653,15.0,116.83198947648592,14308.219178082192,0,1,0,0,0,0
2002,37.81,8925.8996900628,-659.6383232550305,5.0,8.04,3.0,-24940.925002272706,24940.925002272706,3138.0483456800653,15.0,116.83198947648592,14308.219178082192,0,1,0,0,0,0
2003,38.02,8787.375642179242,-659.6383232550305,5.0,8.04,3.0,-25079.44905015626,25079.44905015626,3138.0483456800653,15.0,116.83198947648592,14308.219178082192,0,1,0,0,0,0
2004,34.66,11003.76040831615,-659.6383232550305,5.0,8.04,3.0,-22863.064284019354,22863.064284019354,3138.0483456800653,15.0,116.83198947648592,14308.219178082192,0,1,0,0,0,0
2005,30.67,13635.717318103718,-659.6383232550305,5.0,8.04,3.0,-20231.107374231786,20231.107374231786,3138.0483456800653,15.0,116.83198947648592,14308.219178082192,0,1,0,0,0,0
2006,42.3,5964.1236186477145,-659.6383232550305,5.0,8.04,3.0,-27902.70107368779,27902.70107368779,3138.0483456800653,15.0,116.83198947648592,14308.219178082192,0,1,0,0,0,0
2007,40.1,7415.32792980878,-659.6383232550305,5.0,8.04,3.0,-26451.496762526724,26451.496762526724,3138.0483456800653,15.0,116.83198947648592,14308.219178082192,0,1,0,0,0,0
2008,9.78,27415.561890901306,-659.6383232550305,5.0,8.04,3.0,-6451.262801434198,6451.262801434198,3138.0483456800653,15.0,116.83198947648592,14308.219178082192,0,1,0,0,0,0
2009,28.5,15067.132479567135,-659.6383232550305,5.0,8.04,3.0,-18799.69221276837,18799.69221276837,3138.0483456800653,15.0,116.83198947648592,14308.219178082192,0,1,0,0,0,0
2010,27.86,15489.301006450354,-659.6383232550305,5.0,8.04,3.0,-18377.52368588515,18377.52368588515,3138.0483456800653,15.0,116.83198947648592,14308.219178082192,0,1,0,0,0,0
2011,28.98,14750.506084404718,-659.6383232550305,5.0,8.04,3.0,-19116.318607930785,19116.318607930785,3138.0483456800653,15.0,116.83198947648592,14308.219178082192,0,1,0,0,0,0
2012,46.29,3332.166708860143,-659.6383232550305,5.0,8.04,3.0,-30534.65798347536,30534.65798347536,3138.0483456800653,15.0,116.83198947648592,14308.219178082192,0,1,0,0,0,0
2013,38.05,8767.586492481594,-659.6383232550305,5.0,8.04,3.0,-25099.23819985391,25099.23819985391,3138.0483456800653,15.0,116.83198947648592,14308.219178082192,0,1,0,0,0,0
2014,35.08,10726.712312549033,-659.6383232550305,5.0,8.04,3.0,-23140.112379786467,23140.112379786467,3138.0483456800653,15.0,116.83198947648592,14308.219178082192,0,1,0,0,0,0
2015,54.79,-2274.75903880762,-659.6383232550305,5.0,8.04,3.0,-36141.583731143124,36141.583731143124,3138.0483456800653,15.0,116.83198947648592,14308.219178082192,0,1,0,0,0,0
2016,31.52,13075.024743336944,-659.6383232550305,5.0,8.04,3.0,-20791.799948998563,20791.799948998563,3138.0483456800653,15.0,116.83198947648592,14308.219178082192,0,1,0,0,0,0
2017,28.91,14796.680767032572,-659.6383232550305,5.0,8.04,3.0,-19070.14392530293,19070.14392530293,3138.0483456800653,15.0,116.83198947648592,14308.219178082192,0,1,0,0,0,0
2018,26.29,16524.93317396075,-659.6383232550305,5.0,8.04,3.0,-17341.891518374752,17341.891518374752,3138.0483456800653,15.0,116.83198947648592,14308.219178082192,0,1,0,0,0,0
2019,34.17,11326.98318671111,-659.6383232550305,5.0,8.04,3.0,-22539.841505624394,22539.841505624394,3138.0483456800653,15.0,116.83198947648592,14308.219178082192,0,1,0,0,0,0
2020,35.22,10634.362947293332,-659.6383232550305,5.0,8.04,3.0,-23232.461745042176,23232.461745042176,3138.0483456800653,15.0,116.83198947648592,14308.219178082192,0,1,0,0,0,0
2021,46.4,3259.6064933020903,-659.6383232550305,5.0,8.04,3.0,-30607.218199033414,30607.218199033414,3138.0483456800653,15.0,116.83198947648592,14308.219178082192,0,1,0,0,0,0
2022,43.68,5053.822732555771,-659.6383232550305,5.0,8.04,3.0,-28813.001959779733,28813.001959779733,3138.0483456800653,15.0,116.83198947648592,14308.219178082192,0,1,0,0,0,0
2023,27.37,15812.523784845318,-659.6383232550305,5.0,8.04,3.0,-18054.300907490186,18054.300907490186,3138.0483456800653,15.0,116.83198947648592,14308.219178082192,0,1,0,0,0,0
2024,31.8,12890.326012825532,-659.6383232550305,5.0,8.04,3.0,-20976.498679509972,20976.498679509972,3138.0483456800653,15.0,116.83198947648592,14308.219178082192,0,1,0,0,0,0
2025,27.23,15904.873150101022,-659.6383232550305,5.0,8.04,3.0,-17961.95154223448,17961.95154223448,3138.0483456800653,15.0,116.83198947648592,14308.219178082192,0,1,0,0,0,0
2026,20.64,20251.889700351672,-659.6383232550305,5.0,8.04,3.0,-13614.93499198383,13614.93499198383,3138.0483456800653,15.0,116.83198947648592,14308.219178082192,0,1,0,0,0,0
2027,28.53,15047.343329869484,-659.6383232550305,5.0,8.04,3.0,-18819.48136246602,18819.48136246602,3138.0483456800653,15.0,116.83198947648592,14308.219178082192,0,1,0,0,0,0
2028,22.78,18840.263688585906,-659.6383232550305,5.0,8.04,3.0,-15026.561003749595,15026.561003749595,3138.0483456800653,15.0,116.83198947648592,14308.219178082192,0,1,0,0,0,0
2029,17.82,22112.06977193086,-659.6383232550305,5.0,8.04,3.0,-11754.754920404645,11754.754920404645,3138.0483456800653,15.0,116.83198947648592,14308.219178082192,0,1,0,0,0,0
2030,19.01,21327.100167257373,-659.6383232550305,5.0,8.04,3.0,-12539.72452507813,12539.72452507813,3138.0483456800653,15.0,116.83198947648592,14308.219178082192,0,1,0,0,0,0
2031,20.21,20535.534179351336,-659.6383232550305,5.0,8.04,3.0,-13331.290512984167,13331.290512984167,3138.0483456800653,15.0,116.83198947648592,14308.219178082192,0,1,0,0,0,0
2032,23.9,18101.468766540274,-659.6383232550305,5.0,8.04,3.0,-15765.355925795227,15765.355925795227,3138.0483456800653,15.0,116.83198947648592,14308.219178082192,0,1,0,0,0,0
2033,25.62,16966.890850541622,-659.6383232550305,5.0,8.04,3.0,-16899.93384179388,16899.93384179388,3138.0483456800653,15.0,116.83198947648592,14308.219178082192,0,1,0,0,0,0
2034,27.04,16030.20443151948,-659.6383232550305,5.0,8.04,3.0,-17836.620260816024,17836.620260816024,3138.0483456800653,15.0,116.83198947648592,14308.219178082192,0,1,0,0,0,0
2035,39.09,8081.562636296359,-659.6383232550305,5.0,8.04,3.0,-25785.262056039144,25785.262056039144,3138.0483456800653,15.0,116.83198947648592,14308.219178082192,0,1,0,0,0,0
2036,46.41,3253.0101100695397,-659.6383232550305,5.0,8.04,3.0,-30613.814582265964,30613.814582265964,3138.0483456800653,15.0,116.83198947648592,14308.219178082192,0,1,0,0,0,0
2037,45.18,4064.3652476732245,-659.6383232550305,5.0,8.04,3.0,-29802.45944466228,29802.45944466228,3138.0483456800653,15.0,116.83198947648592,14308.219178082192,0,1,0,0,0,0
2038,42.78,5647.497223485301,-659.6383232550305,5.0,8.04,3.0,-28219.327468850206,28219.327468850206,3138.0483456800653,15.0,116.83198947648592,14308.219178082192,0,1,0,0,0,0
2039,43.83,4954.8769840675195,-659.6383232550305,5.0,8.04,3.0,-28911.947708267988,28911.947708267988,3138.0483456800653,15.0,116.83198947648592,14308.219178082192,0,1,0,0,0,0
2040,69.87,3134.399081605913,650.0,0,8.04,3.0,45415.5,-45415.5,15071.972825128516,0,556.8949724310688,14308.219178082192,1,0,0,0,0,0
2041,39.33,7923.249438715156,-659.6383232550305,5.0,8.04,3.0,-25943.575253620347,25943.575253620347,3138.0483456800653,15.0,116.83198947648592,14308.219178082192,0,1,0,0,0,0
2042,34.31,11234.633821455405,-659.6383232550305,5.0,8.04,3.0,-22632.1908708801,22632.1908708801,3138.0483456800653,15.0,116.83198947648592,14308.219178082192,0,1,0,0,0,0
2043,31.88,12837.55494696513,-659.6383232550305,5.0,8.04,3.0,-21029.269745370373,21029.269745370373,3138.0483456800653,15.0,116.83198947648592,14308.219178082192,0,1,0,0,0,0
2044,32.15,12659.452599686276,-659.6383232550305,5.0,8.04,3.0,-21207.37209264923,21207.37209264923,3138.0483456800653,15.0,116.83198947648592,14308.219178082192,0,1,0,0,0,0
2045,32.92,12151.5310907799,-659.6383232550305,5.0,8.04,3.0,-21715.293601555604,21715.293601555604,3138.0483456800653,15.0,116.83198947648592,14308.219178082192,0,1,0,0,0,0
2046,34.85,10878.429126897692,-659.6383232550305,5.0,8.04,3.0,-22988.395565437815,22988.395565437815,3138.0483456800653,15.0,116.83198947648592,14308.219178082192,0,1,0,0,0,0
2047,37.41,9189.755019364813,-659.6383232550305,5.0,8.04,3.0,-24677.06967297069,24677.06967297069,3138.0483456800653,15.0,116.83198947648592,14308.219178082192,0,1,0,0,0,0
2048,35.71,10311.140168898368,-659.6383232550305,5.0,8.04,3.0,-23555.68452343714,23555.68452343714,3138.0483456800653,15.0,116.83198947648592,14308.219178082192,0,1,0,0,0,0
2049,39.66,7705.568792040998,-659.6383232550305,5.0,8.04,3.0,-26161.25590029451,26161.25590029451,3138.0483456800653,15.0,116.83198947648592,14308.219178082192,0,1,0,0,0,0
2050,42.4,5898.159786322209,-659.6383232550305,5.0,8.04,3.0,-27968.66490601329,27968.66490601329,3138.0483456800653,15.0,116.83198947648592,14308.219178082192,0,1,0,0,0,0
2051,38.62,8391.59264822623,-659.6383232550305,5.0,8.04,3.0,-25475.232044109278,25475.232044109278,3138.0483456800653,15.0,116.83198947648592,14308.219178082192,0,1,0,0,0,0
2052,40.2,7349.364097483274,-659.6383232550305,5.0,8.04,3.0,-26517.46059485223,26517.46059485223,3138.0483456800653,15.0,116.83198947648592,14308.219178082192,0,1,0,0,0,0
2053,37.28,9275.508001387967,-659.6383232550305,5.0,8.04,3.0,-24591.316690947537,24591.316690947537,3138.0483456800653,15.0,116.83198947648592,14308.219178082192,0,1,0,0,0,0
2054,37.7,8998.45990562085,-659.6383232550305,5.0,8.04,3.0,-24868.364786714654,24868.364786714654,3138.0483456800653,15.0,116.83198947648592,14308.219178082192,0,1,0,0,0,0
2055,37.62,9051.230971481255,-659.6383232550305,5.0,8.04,3.0,-24815.593720854245,24815.593720854245,3138.0483456800653,15.0,116.83198947648592,14308.219178082192,0,1,0,0,0,0
2056,39.5,7811.1109237618,-659.6383232550305,5.0,8.04,3.0,-26055.713768573707,26055.713768573707,3138.0483456800653,15.0,116.83198947648592,14308.219178082192,0,1,0,0,0,0
2057,38.34,8576.291378737635,-659.6383232550305,5.0,8.04,3.0,-25290.533313597873,25290.533313597873,3138.0483456800653,15.0,116.83198947648592,14308.219178082192,0,1,0,0,0,0
2058,64.16,-577.100918394087,650.0,0,8.04,3.0,41704.0,-41704.0,15071.972825128516,0,556.8949724310688,14308.219178082192,1,0,0,0,0,0
2059,59.17,-3820.600918394087,650.0,0,8.04,3.0,38460.5,-38460.5,15071.972825128516,0,556.8949724310688,14308.219178082192,1,0,0,0,0,0
2060,55.28,-2597.981817202584,-659.6383232550305,5.0,8.04,3.0,-36464.80650953809,36464.80650953809,3138.0483456800653,15.0,116.83198947648592,14308.219178082192,0,1,0,0,0,0
2061,47.4,2599.9681700470614,-659.6383232550305,5.0,8.04,3.0,-31266.856522288446,31266.856522288446,3138.0483456800653,15.0,116.83198947648592,14308.219178082192,0,1,0,0,0,0
2062,56.5,-3402.740571573718,-659.6383232550305,5.0,8.04,3.0,-37269.56526390922,37269.56526390922,3138.0483456800653,15.0,116.83198947648592,14308.219178082192,0,1,0,0,0,0
2063,111.38,30115.899081605916,650.0,0,8.04,3.0,72397.0,-72397.0,15071.972825128516,0,556.8949724310688,14308.219178082192,1,0,0,0,0,0
2064,65.17,79.39908160591301,650.0,0,8.04,3.0,42360.5,-42360.5,15071.972825128516,0,556.8949724310688,14308.219178082192,1,0,0,0,0,0
2065,51.04,198.8846733987452,-659.6383232550305,5.0,8.04,3.0,-33667.94001893676,33667.94001893676,3138.0483456800653,15.0,116.83198947648592,14308.219178082192,0,1,0,0,0,0
2066,44.95,4216.08206202188,-659.6383232550305,5.0,8.04,3.0,-29650.742630313624,29650.742630313624,3138.0483456800653,15.0,116.83198947648592,14308.219178082192,0,1,0,0,0,0
2067,68.03,1938.3990816059131,650.0,0,8.04,3.0,44219.5,-44219.5,15071.972825128516,0,556.8949724310688,14308.219178082192,1,0,0,0,0,0
2068,41.16,6716.111307158451,-659.6383232550305,5.0,8.04,3.0,-27150.713385177052,27150.713385177052,3138.0483456800653,15.0,116.83198947648592,14308.219178082192,0,1,0,0,0,0
2069,42.54,5805.810421066508,-659.6383232550305,5.0,8.04,3.0,-28061.014271268996,28061.014271268996,3138.0483456800653,15.0,116.83198947648592,14308.219178082192,0,1,0,0,0,0
2070,13.86,24724.23753202078,-659.6383232550305,5.0,8.04,3.0,-9142.587160314722,9142.587160314722,3138.0483456800653,15.0,116.83198947648592,14308.219178082192,0,1,0,0,0,0
2071,29.05,14704.331401776868,-659.6383232550305,5.0,8.04,3.0,-19162.493290558636,19162.493290558636,3138.0483456800653,15.0,116.83198947648592,14308.219178082192,0,1,0,0,0,0
2072,21.02,20001.22713751476,-659.6383232550305,5.0,8.04,3.0,-13865.59755482074,13865.59755482074,3138.0483456800653,15.0,116.83198947648592,14308.219178082192,0,1,0,0,0,0
2073,-2.39,35443.36028491503,-659.6383232550305,5.0,8.04,3.0,1576.535592579523,-1576.535592579523,3138.0483456800653,15.0,116.83198947648592,14308.219178082192,0,1,0,0,0,0
2074,6.08,29856.22368694492,-659.6383232550305,5.0,8.04,3.0,-4010.6010053905857,4010.6010053905857,3138.0483456800653,15.0,116.83198947648592,14308.219178082192,0,1,0,0,0,0
2075,23.25,18530.233676656044,-659.6383232550305,5.0,8.04,3.0,-15336.59101567946,15336.59101567946,3138.0483456800653,15.0,116.83198947648592,14308.219178082192,0,1,0,0,0,0
2076,35.42,10502.43528264232,-659.6383232550305,5.0,8.04,3.0,-23364.389409693184,23364.389409693184,3138.0483456800653,15.0,116.83198947648592,14308.219178082192,0,1,0,0,0,0
2077,29.94,14117.253294079892,-659.6383232550305,5.0,8.04,3.0,-19749.571398255615,19749.571398255615,3138.0483456800653,15.0,116.83198947648592,14308.219178082192,0,1,0,0,0,0
2078,22.49,19031.55880232987,-659.6383232550305,5.0,8.04,3.0,-14835.265890005636,14835.265890005636,3138.0483456800653,15.0,116.83198947648592,14308.219178082192,0,1,0,0,0,0
2079,23.89,18108.065149772825,-659.6383232550305,5.0,8.04,3.0,-15758.759542562679,15758.759542562679,3138.0483456800653,15.0,116.83198947648592,14308.219178082192,0,1,0,0,0,0
2080,21.58,19631.829676491947,-659.6383232550305,5.0,8.04,3.0,-14234.995015843557,14234.995015843557,3138.0483456800653,15.0,116.83198947648592,14308.219178082192,0,1,0,0,0,0
2081,38.99,8147.526468621862,-659.6383232550305,5.0,8.04,3.0,-25719.298223713642,25719.298223713642,3138.0483456800653,15.0,116.83198947648592,14308.219178082192,0,1,0,0,0,0
2082,39.87,7567.04474415744,-659.6383232550305,5.0,8.04,3.0,-26299.779948178064,26299.779948178064,3138.0483456800653,15.0,116.83198947648592,14308.219178082192,0,1,0,0,0,0
2083,37.44,9169.965869667161,-659.6383232550305,5.0,8.04,3.0,-24696.858822668342,24696.858822668342,3138.0483456800653,15.0,116.83198947648592,14308.219178082192,0,1,0,0,0,0
2084,15.71,23503.906633998973,-659.6383232550305,5.0,8.04,3.0,-10362.91805833653,10362.91805833653,3138.0483456800653,15.0,116.83198947648592,14308.219178082192,0,1,0,0,0,0
2085,23.25,18530.233676656044,-659.6383232550305,5.0,8.04,3.0,-15336.59101567946,15336.59101567946,3138.0483456800653,15.0,116.83198947648592,14308.219178082192,0,1,0,0,0,0
2086,28.93,14783.488000567471,-659.6383232550305,5.0,8.04,3.0,-19083.336691768032,19083.336691768032,3138.0483456800653,15.0,116.83198947648592,14308.219178082192,0,1,0,0,0,0
2087,1.82,32666.28294401135,-659.6383232550305,5.0,8.04,3.0,-1200.5417483241556,1200.5417483241556,3138.0483456800653,15.0,116.83198947648592,14308.219178082192,0,1,0,0,0,0
2088,18.79,21472.220598373482,-659.6383232550305,5.0,8.04,3.0,-12394.604093962023,12394.604093962023,3138.0483456800653,15.0,116.83198947648592,14308.219178082192,0,1,0,0,0,0
2089,17.02,22639.780430534884,-659.6383232550305,5.0,8.04,3.0,-11227.044261800618,11227.044261800618,3138.0483456800653,15.0,116.83198947648592,14308.219178082192,0,1,0,0,0,0
2090,10.42,26993.393364018084,-659.6383232550305,5.0,8.04,3.0,-6873.431328317418,6873.431328317418,3138.0483456800653,15.0,116.83198947648592,14308.219178082192,0,1,0,0,0,0
2091,10.71,26802.098250274124,-659.6383232550305,5.0,8.04,3.0,-7064.726442061377,7064.726442061377,3138.0483456800653,15.0,116.83198947648592,14308.219178082192,0,1,0,0,0,0
2092,5.3,30370.741579083842,-659.6383232550305,5.0,8.04,3.0,-3496.0831132516614,3496.0831132516614,3138.0483456800653,15.0,116.83198947648592,14308.219178082192,0,1,0,0,0,0
2093,18.53,21643.72656241979,-659.6383232550305,5.0,8.04,3.0,-12223.098129915716,12223.098129915716,3138.0483456800653,15.0,116.83198947648592,14308.219178082192,0,1,0,0,0,0
2094,34.8,10911.411043060445,-659.6383232550305,5.0,8.04,3.0,-22955.41364927506,22955.41364927506,3138.0483456800653,15.0,116.83198947648592,14308.219178082192,0,1,0,0,0,0
2095,32.75,12263.669605733256,-659.6383232550305,5.0,8.04,3.0,-21603.155086602248,21603.155086602248,3138.0483456800653,15.0,116.83198947648592,14308.219178082192,0,1,0,0,0,0
2096,7.69,28794.20598650432,-659.6383232550305,5.0,8.04,3.0,-5072.618705831185,5072.618705831185,3138.0483456800653,15.0,116.83198947648592,14308.219178082192,0,1,0,0,0,0
2097,18.91,21393.063999582875,-659.6383232550305,5.0,8.04,3.0,-12473.760692752627,12473.760692752627,3138.0483456800653,15.0,116.83198947648592,14308.219178082192,0,1,0,0,0,0
2098,6.51,29572.579207945255,-659.6383232550305,5.0,8.04,3.0,-4294.245484390249,4294.245484390249,3138.0483456800653,15.0,116.83198947648592,14308.219178082192,0,1,0,0,0,0
2099,0.81,33332.51765049893,-659.6383232550305,5.0,8.04,3.0,-534.3070418365747,534.3070418365747,3138.0483456800653,15.0,116.83198947648592,14308.219178082192,0,1,0,0,0,0
2100,-0.8,34394.53535093953,-659.6383232550305,5.0,8.04,3.0,527.7106586040244,-527.7106586040244,3138.0483456800653,15.0,116.83198947648592,14308.219178082192,0,1,0,0,0,0
2101,22.49,19031.55880232987,-659.6383232550305,5.0,8.04,3.0,-14835.265890005636,14835.265890005636,3138.0483456800653,15.0,116.83198947648592,14308.219178082192,0,1,0,0,0,0
2102,22.07,19308.60689809698,-659.6383232550305,5.0,8.04,3.0,-14558.217794238524,14558.217794238524,3138.0483456800653,15.0,116.83198947648592,14308.219178082192,0,1,0,0,0,0
2103,15.75,23477.52110106877,-659.6383232550305,5.0,8.04,3.0,-10389.303591266731,10389.303591266731,3138.0483456800653,15.0,116.83198947648592,14308.219178082192,0,1,0,0,0,0
2104,28.94,14776.89161733492,-659.6383232550305,5.0,8.04,3.0,-19089.933075000583,19089.933075000583,3138.0483456800653,15.0,116.83198947648592,14308.219178082192,0,1,0,0,0,0
2105,30.06,14038.096695289285,-659.6383232550305,5.0,8.04,3.0,-19828.727997046215,19828.727997046215,3138.0483456800653,15.0,116.83198947648592,14308.219178082192,0,1,0,0,0,0
2106,31.93,12804.573030802378,-659.6383232550305,5.0,8.04,3.0,-21062.251661533122,21062.251661533122,3138.0483456800653,15.0,116.83198947648592,14308.219178082192,0,1,0,0,0,0
2107,33.65,11669.995114803729,-659.6383232550305,5.0,8.04,3.0,-22196.829577531775,22196.829577531775,3138.0483456800653,15.0,116.83198947648592,14308.219178082192,0,1,0,0,0,0
2108,24.6,17639.721940261752,-659.6383232550305,5.0,8.04,3.0,-16227.102752073752,16227.102752073752,3138.0483456800653,15.0,116.83198947648592,14308.219178082192,0,1,0,0,0,0
2109,37.06,9420.628432504072,-659.6383232550305,5.0,8.04,3.0,-24446.19625983143,24446.19625983143,3138.0483456800653,15.0,116.83198947648592,14308.219178082192,0,1,0,0,0,0
2110,34.24,11280.80850408326,-659.6383232550305,5.0,8.04,3.0,-22586.016188252244,22586.016188252244,3138.0483456800653,15.0,116.83198947648592,14308.219178082192,0,1,0,0,0,0
2111,28.85,14836.259066427872,-659.6383232550305,5.0,8.04,3.0,-19030.56562590763,19030.56562590763,3138.0483456800653,15.0,116.83198947648592,14308.219178082192,0,1,0,0,0,0
2112,21.56,19645.022442957048,-659.6383232550305,5.0,8.04,3.0,-14221.802249378457,14221.802249378457,3138.0483456800653,15.0,116.83198947648592,14308.219178082192,0,1,0,0,0,0
2113,50.88,304.4268051195545,-659.6383232550305,5.0,8.04,3.0,-33562.39788721596,33562.39788721596,3138.0483456800653,15.0,116.83198947648592,14308.219178082192,0,1,0,0,0,0
2114,38.11,8728.00819308629,-659.6383232550305,5.0,8.04,3.0,-25138.816499249213,25138.816499249213,3138.0483456800653,15.0,116.83198947648592,14308.219178082192,0,1,0,0,0,0
2115,31.48,13101.410276267146,-659.6383232550305,5.0,8.04,3.0,-20765.41441606836,20765.41441606836,3138.0483456800653,15.0,116.83198947648592,14308.219178082192,0,1,0,0,0,0
2116,48.65,1775.4202659782718,-659.6383232550305,5.0,8.04,3.0,-32091.404426357232,32091.404426357232,3138.0483456800653,15.0,116.83198947648592,14308.219178082192,0,1,0,0,0,0
2117,79.47,9374.399081605916,650.0,0,8.04,3.0,51655.5,-51655.5,15071.972825128516,0,556.8949724310688,14308.219178082192,1,0,0,0,0,0
2118,44.14,4750.389103858455,-659.6383232550305,5.0,8.04,3.0,-29116.43558847705,29116.43558847705,3138.0483456800653,15.0,116.83198947648592,14308.219178082192,0,1,0,0,0,0
2119,42.36,5924.545319252415,-659.6383232550305,5.0,8.04,3.0,-27942.279373083093,27942.279373083093,3138.0483456800653,15.0,116.83198947648592,14308.219178082192,0,1,0,0,0,0
2120,39.62,7731.954324971197,-659.6383232550305,5.0,8.04,3.0,-26134.870367364307,26134.870367364307,3138.0483456800653,15.0,116.83198947648592,14308.219178082192,0,1,0,0,0,0
2121,30.43,13794.030515684924,-659.6383232550305,5.0,8.04,3.0,-20072.79417665058,20072.79417665058,3138.0483456800653,15.0,116.83198947648592,14308.219178082192,0,1,0,0,0,0
2122,36.86,9552.55609715508,-659.6383232550305,5.0,8.04,3.0,-24314.268595180423,24314.268595180423,3138.0483456800653,15.0,116.83198947648592,14308.219178082192,0,1,0,0,0,0
2123,55.07,-2459.4577693190217,-659.6383232550305,5.0,8.04,3.0,-36326.28246165453,36326.28246165453,3138.0483456800653,15.0,116.83198947648592,14308.219178082192,0,1,0,0,0,0
2124,45.73,3701.564169882961,-659.6383232550305,5.0,8.04,3.0,-30165.260522452543,30165.260522452543,3138.0483456800653,15.0,116.83198947648592,14308.219178082192,0,1,0,0,0,0
2125,32.07,12712.223665546677,-659.6383232550305,5.0,8.04,3.0,-21154.60102678883,21154.60102678883,3138.0483456800653,15.0,116.83198947648592,14308.219178082192,0,1,0,0,0,0
2126,41.56,6452.2559778564355,-659.6383232550305,5.0,8.04,3.0,-27414.568714479068,27414.568714479068,3138.0483456800653,15.0,116.83198947648592,14308.219178082192,0,1,0,0,0,0
2127,49.6,1148.7638588859922,-659.6383232550305,5.0,8.04,3.0,-32718.060833449515,32718.060833449515,3138.0483456800653,15.0,116.83198947648592,14308.219178082192,0,1,0,0,0,0
2128,42.47,5851.985103694358,-659.6383232550305,5.0,8.04,3.0,-28014.839588641145,28014.839588641145,3138.0483456800653,15.0,116.83198947648592,14308.219178082192,0,1,0,0,0,0
2129,34.11,11366.561486106413,-659.6383232550305,5.0,8.04,3.0,-22500.26320622909,22500.26320622909,3138.0483456800653,15.0,116.83198947648592,14308.219178082192,0,1,0,0,0,0
2130,37.71,8991.8635223883,-659.6383232550305,5.0,8.04,3.0,-24874.9611699472,24874.9611699472,3138.0483456800653,15.0,116.83198947648592,14308.219178082192,0,1,0,0,0,0
2131,45.04,4156.714612928932,-659.6383232550305,5.0,8.04,3.0,-29710.110079406575,29710.110079406575,3138.0483456800653,15.0,116.83198947648592,14308.219178082192,0,1,0,0,0,0
2132,48.22,2059.064744977936,-659.6383232550305,5.0,8.04,3.0,-31807.759947357572,31807.759947357572,3138.0483456800653,15.0,116.83198947648592,14308.219178082192,0,1,0,0,0,0
2133,39.45,7844.092839924546,-659.6383232550305,5.0,8.04,3.0,-26022.731852410954,26022.731852410954,3138.0483456800653,15.0,116.83198947648592,14308.219178082192,0,1,0,0,0,0
2134,45.91,3582.8292716970577,-659.6383232550305,5.0,8.04,3.0,-30283.99542063845,30283.99542063845,3138.0483456800653,15.0,116.83198947648592,14308.219178082192,0,1,0,0,0,0
2135,11.18,26492.06823834426,-659.6383232550305,5.0,8.04,3.0,-7374.756453991241,7374.756453991241,3138.0483456800653,15.0,116.83198947648592,14308.219178082192,0,1,0,0,0,0
2136,10.71,26802.098250274124,-659.6383232550305,5.0,8.04,3.0,-7064.726442061377,7064.726442061377,3138.0483456800653,15.0,116.83198947648592,14308.219178082192,0,1,0,0,0,0
2137,25.21,17237.342563076185,-659.6383232550305,5.0,8.04,3.0,-16629.48212925932,16629.48212925932,3138.0483456800653,15.0,116.83198947648592,14308.219178082192,0,1,0,0,0,0
2138,29.44,14447.072455707403,-659.6383232550305,5.0,8.04,3.0,-19419.7522366281,19419.7522366281,3138.0483456800653,15.0,116.83198947648592,14308.219178082192,0,1,0,0,0,0
2139,3.68,31439.355662756992,-659.6383232550305,5.0,8.04,3.0,-2427.4690295785126,2427.4690295785126,3138.0483456800653,15.0,116.83198947648592,14308.219178082192,0,1,0,0,0,0
2140,12.36,25713.695016903326,-659.6383232550305,5.0,8.04,3.0,-8153.129675432177,8153.129675432177,3138.0483456800653,15.0,116.83198947648592,14308.219178082192,0,1,0,0,0,0
2141,34.42,11162.073605897353,-659.6383232550305,5.0,8.04,3.0,-22704.75108643815,22704.75108643815,3138.0483456800653,15.0,116.83198947648592,14308.219178082192,0,1,0,0,0,0
2142,41.27,6643.551091600391,-659.6383232550305,5.0,8.04,3.0,-27223.273600735112,27223.273600735112,3138.0483456800653,15.0,116.83198947648592,14308.219178082192,0,1,0,0,0,0
2143,55.76,-2914.60821236499,-659.6383232550305,5.0,8.04,3.0,-36781.4329047005,36781.4329047005,3138.0483456800653,15.0,116.83198947648592,14308.219178082192,0,1,0,0,0,0
2144,38.06,8760.99010924904,-659.6383232550305,5.0,8.04,3.0,-25105.834583086464,25105.834583086464,3138.0483456800653,15.0,116.83198947648592,14308.219178082192,0,1,0,0,0,0
2145,44.96,4209.485678789333,-659.6383232550305,5.0,8.04,3.0,-29657.339013546174,29657.339013546174,3138.0483456800653,15.0,116.83198947648592,14308.219178082192,0,1,0,0,0,0
2146,49.42,1267.4987570718954,-659.6383232550305,5.0,8.04,3.0,-32599.32593526361,32599.32593526361,3138.0483456800653,15.0,116.83198947648592,14308.219178082192,0,1,0,0,0,0
2147,44.31,4638.250588905099,-659.6383232550305,5.0,8.04,3.0,-29228.574103430405,29228.574103430405,3138.0483456800653,15.0,116.83198947648592,14308.219178082192,0,1,0,0,0,0
2148,57.92,-4339.4269905958645,-659.6383232550305,5.0,8.04,3.0,-38206.25168293137,38206.25168293137,3138.0483456800653,15.0,116.83198947648592,14308.219178082192,0,1,0,0,0,0
2149,56.4,-3336.7767392482124,-659.6383232550305,5.0,8.04,3.0,-37203.60143158372,37203.60143158372,3138.0483456800653,15.0,116.83198947648592,14308.219178082192,0,1,0,0,0,0
2150,57.79,-4253.674008572707,-659.6383232550305,5.0,8.04,3.0,-38120.49870090821,38120.49870090821,3138.0483456800653,15.0,116.83198947648592,14308.219178082192,0,1,0,0,0,0
2151,54.05,-1786.6266795988918,-659.6383232550305,5.0,8.04,3.0,-35653.451371934396,35653.451371934396,3138.0483456800653,15.0,116.83198947648592,14308.219178082192,0,1,0,0,0,0
2152,66.75,1106.3990816059131,650.0,0,8.04,3.0,43387.5,-43387.5,15071.972825128516,0,556.8949724310688,14308.219178082192,1,0,0,0,0,0
2153,52.98,-1080.813673716009,-659.6383232550305,5.0,8.04,3.0,-34947.63836605151,34947.63836605151,3138.0483456800653,15.0,116.83198947648592,14308.219178082192,0,1,0,0,0,0
2154,54.65,-2182.409673551912,-659.6383232550305,5.0,8.04,3.0,-36049.234365887416,36049.234365887416,3138.0483456800653,15.0,116.83198947648592,14308.219178082192,0,1,0,0,0,0
2155,67.13,1353.3990816059131,650.0,0,8.04,3.0,43634.5,-43634.5,15071.972825128516,0,556.8949724310688,14308.219178082192,1,0,0,0,0,0
2156,80.0,9718.899081605916,650.0,0,8.04,3.0,52000.0,-52000.0,15071.972825128516,0,556.8949724310688,14308.219178082192,1,0,0,0,0,0
2157,86.4,13878.899081605916,650.0,0,8.04,3.0,56160.00000000001,-56160.00000000001,15071.972825128516,0,556.8949724310688,14308.219178082192,1,0,0,0,0,0
2158,122.08,37070.89908160592,650.0,0,8.04,3.0,79352.0,-79352.0,15071.972825128516,0,556.8949724310688,14308.219178082192,1,0,0,0,0,0
2159,49.14,1452.197487583308,-659.6383232550305,5.0,8.04,3.0,-32414.6272047522,32414.6272047522,3138.0483456800653,15.0,116.83198947648592,14308.219178082192,0,1,0,0,0,0
2160,48.56,1834.7877150712234,-659.6383232550305,5.0,8.04,3.0,-32032.036977264284,32032.036977264284,3138.0483456800653,15.0,116.83198947648592,14308.219178082192,0,1,0,0,0,0
2161,107.93,27873.399081605916,650.0,0,8.04,3.0,70154.5,-70154.5,15071.972825128516,0,556.8949724310688,14308.219178082192,1,0,0,0,0,0
2162,147.42,53541.89908160591,650.0,0,8.04,3.0,95822.99999999999,-95822.99999999999,15071.972825128516,0,556.8949724310688,14308.219178082192,1,0,0,0,0,0
2163,48.62,1795.2094156759235,-659.6383232550305,5.0,8.04,3.0,-32071.61527665958,32071.61527665958,3138.0483456800653,15.0,116.83198947648592,14308.219178082192,0,1,0,0,0,0
2164,56.12,-3152.0780087368034,-659.6383232550305,5.0,8.04,3.0,-37018.90270107231,37018.90270107231,3138.0483456800653,15.0,116.83198947648592,14308.219178082192,0,1,0,0,0,0
2165,53.0,-1094.00644018111,-659.6383232550305,5.0,8.04,3.0,-34960.831132516614,34960.831132516614,3138.0483456800653,15.0,116.83198947648592,14308.219178082192,0,1,0,0,0,0
2166,70.84,3764.899081605913,650.0,0,8.04,3.0,46046.0,-46046.0,15071.972825128516,0,556.8949724310688,14308.219178082192,1,0,0,0,0,0
2167,68.87,2484.399081605913,650.0,0,8.04,3.0,44765.5,-44765.5,15071.972825128516,0,556.8949724310688,14308.219178082192,1,0,0,0,0,0
2168,40.98,6834.8462053443545,-659.6383232550305,5.0,8.04,3.0,-27031.97848699115,27031.97848699115,3138.0483456800653,15.0,116.83198947648592,14308.219178082192,0,1,0,0,0,0
2169,52.08,-487.1391827864859,-659.6383232550305,5.0,8.04,3.0,-34353.96387512199,34353.96387512199,3138.0483456800653,15.0,116.83198947648592,14308.219178082192,0,1,0,0,0,0
2170,55.62,-2822.258847109289,-659.6383232550305,5.0,8.04,3.0,-36689.08353944479,36689.08353944479,3138.0483456800653,15.0,116.83198947648592,14308.219178082192,0,1,0,0,0,0
2171,63.98,-694.100918394087,650.0,0,8.04,3.0,41587.0,-41587.0,15071.972825128516,0,556.8949724310688,14308.219178082192,1,0,0,0,0,0
2172,50.87,311.0231883521051,-659.6383232550305,5.0,8.04,3.0,-33555.8015039834,33555.8015039834,3138.0483456800653,15.0,116.83198947648592,14308.219178082192,0,1,0,0,0,0
2173,38.59,8411.381797923877,-659.6383232550305,5.0,8.04,3.0,-25455.44289441163,25455.44289441163,3138.0483456800653,15.0,116.83198947648592,14308.219178082192,0,1,0,0,0,0
2174,54.32,-1964.7290268777501,-659.6383232550305,5.0,8.04,3.0,-35831.553719213254,35831.553719213254,3138.0483456800653,15.0,116.83198947648592,14308.219178082192,0,1,0,0,0,0
2175,43.35,5271.503379229929,-659.6383232550305,5.0,8.04,3.0,-28595.321313105575,28595.321313105575,3138.0483456800653,15.0,116.83198947648592,14308.219178082192,0,1,0,0,0,0
2176,43.28,5317.678061857783,-659.6383232550305,5.0,8.04,3.0,-28549.14663047772,28549.14663047772,3138.0483456800653,15.0,116.83198947648592,14308.219178082192,0,1,0,0,0,0
2177,46.29,3332.166708860143,-659.6383232550305,5.0,8.04,3.0,-30534.65798347536,30534.65798347536,3138.0483456800653,15.0,116.83198947648592,14308.219178082192,0,1,0,0,0,0
2178,42.08,6109.244049763824,-659.6383232550305,5.0,8.04,3.0,-27757.580642571684,27757.580642571684,3138.0483456800653,15.0,116.83198947648592,14308.219178082192,0,1,0,0,0,0
2179,57.88,-4313.041457665662,-659.6383232550305,5.0,8.04,3.0,-38179.866150001166,38179.866150001166,3138.0483456800653,15.0,116.83198947648592,14308.219178082192,0,1,0,0,0,0
2180,60.14,-3190.100918394087,650.0,0,8.04,3.0,39091.0,-39091.0,15071.972825128516,0,556.8949724310688,14308.219178082192,1,0,0,0,0,0
2181,71.42,4141.899081605913,650.0,0,8.04,3.0,46423.0,-46423.0,15071.972825128516,0,556.8949724310688,14308.219178082192,1,0,0,0,0,0
2182,44.13,4756.985487091006,-659.6383232550305,5.0,8.04,3.0,-29109.839205244498,29109.839205244498,3138.0483456800653,15.0,116.83198947648592,14308.219178082192,0,1,0,0,0,0
2183,35.83,10231.98357010776,-659.6383232550305,5.0,8.04,3.0,-23634.841122227743,23634.841122227743,3138.0483456800653,15.0,116.83198947648592,14308.219178082192,0,1,0,0,0,0
2184,36.93,9506.38141452723,-659.6383232550305,5.0,8.04,3.0,-24360.443277808277,24360.443277808277,3138.0483456800653,15.0,116.83198947648592,14308.219178082192,0,1,0,0,0,0
2185,35.31,10574.995498200376,-659.6383232550305,5.0,8.04,3.0,-23291.829194135127,23291.829194135127,3138.0483456800653,15.0,116.83198947648592,14308.219178082192,0,1,0,0,0,0
2186,37.35,9229.333318760113,-659.6383232550305,5.0,8.04,3.0,-24637.49137357539,24637.49137357539,3138.0483456800653,15.0,116.83198947648592,14308.219178082192,0,1,0,0,0,0
2187,54.39,-2010.9037095056042,-659.6383232550305,5.0,8.04,3.0,-35877.72840184111,35877.72840184111,3138.0483456800653,15.0,116.83198947648592,14308.219178082192,0,1,0,0,0,0
2188,55.76,-2914.60821236499,-659.6383232550305,5.0,8.04,3.0,-36781.4329047005,36781.4329047005,3138.0483456800653,15.0,116.83198947648592,14308.219178082192,0,1,0,0,0,0
2189,52.81,-968.6751587626563,-659.6383232550305,5.0,8.04,3.0,-34835.49985109816,34835.49985109816,3138.0483456800653,15.0,116.83198947648592,14308.219178082192,0,1,0,0,0,0
2190,47.74,2375.6911401403454,-659.6383232550305,5.0,8.04,3.0,-31491.13355219516,31491.13355219516,3138.0483456800653,15.0,116.83198947648592,14308.219178082192,0,1,0,0,0,0
2191,39.51,7804.51454052925,-659.6383232550305,5.0,8.04,3.0,-26062.310151806254,26062.310151806254,3138.0483456800653,15.0,116.83198947648592,14308.219178082192,0,1,0,0,0,0
2192,48.09,2144.817727001086,-659.6383232550305,5.0,8.04,3.0,-31722.006965334418,31722.006965334418,3138.0483456800653,15.0,116.83198947648592,14308.219178082192,0,1,0,0,0,0
2193,42.98,5515.569558834297,-659.6383232550305,5.0,8.04,3.0,-28351.25513350121,28351.25513350121,3138.0483456800653,15.0,116.83198947648592,14308.219178082192,0,1,0,0,0,0
2194,38.68,8352.014348830926,-659.6383232550305,5.0,8.04,3.0,-25514.81034350458,25514.81034350458,3138.0483456800653,15.0,116.83198947648592,14308.219178082192,0,1,0,0,0,0
2195,36.62,9710.869294736287,-659.6383232550305,5.0,8.04,3.0,-24155.955397599217,24155.955397599217,3138.0483456800653,15.0,116.83198947648592,14308.219178082192,0,1,0,0,0,0
2196,33.19,11973.428743501045,-659.6383232550305,5.0,8.04,3.0,-21893.395948834463,21893.395948834463,3138.0483456800653,15.0,116.83198947648592,14308.219178082192,0,1,0,0,0,0
2197,11.13,26525.050154507015,-659.6383232550305,5.0,8.04,3.0,-7341.77453782849,7341.77453782849,3138.0483456800653,15.0,116.83198947648592,14308.219178082192,0,1,0,0,0,0
2198,5.1,30502.669243734847,-659.6383232550305,5.0,8.04,3.0,-3364.1554486006553,3364.1554486006553,3138.0483456800653,15.0,116.83198947648592,14308.219178082192,0,1,0,0,0,0
2199,-7.2,38616.220619771724,-659.6383232550305,5.0,8.04,3.0,4749.39592743622,-4749.39592743622,3138.0483456800653,15.0,116.83198947648592,14308.219178082192,0,1,0,0,0,0
2200,1.66,32771.82507573215,-659.6383232550305,5.0,8.04,3.0,-1094.9996166033507,1094.9996166033507,3138.0483456800653,15.0,116.83198947648592,14308.219178082192,0,1,0,0,0,0
2201,27.41,15786.13825191512,-659.6383232550305,5.0,8.04,3.0,-18080.686440420388,18080.686440420388,3138.0483456800653,15.0,116.83198947648592,14308.219178082192,0,1,0,0,0,0
2202,34.72,10964.182108920846,-659.6383232550305,5.0,8.04,3.0,-22902.642583414658,22902.642583414658,3138.0483456800653,15.0,116.83198947648592,14308.219178082192,0,1,0,0,0,0
2203,59.36,-3697.100918394087,650.0,0,8.04,3.0,38584.0,-38584.0,15071.972825128516,0,556.8949724310688,14308.219178082192,1,0,0,0,0,0
2204,47.03,2844.0343496514183,-659.6383232550305,5.0,8.04,3.0,-31022.790342684086,31022.790342684086,3138.0483456800653,15.0,116.83198947648592,14308.219178082192,0,1,0,0,0,0
2205,52.94,-1054.4281407858066,-659.6383232550305,5.0,8.04,3.0,-34921.25283312131,34921.25283312131,3138.0483456800653,15.0,116.83198947648592,14308.219178082192,0,1,0,0,0,0
2206,46.23,3371.7450082554465,-659.6383232550305,5.0,8.04,3.0,-30495.079684080058,30495.079684080058,3138.0483456800653,15.0,116.83198947648592,14308.219178082192,0,1,0,0,0,0
2207,37.47,9150.176719969513,-659.6383232550305,5.0,8.04,3.0,-24716.647972365994,24716.647972365994,3138.0483456800653,15.0,116.83198947648592,14308.219178082192,0,1,0,0,0,0
2208,35.39,10522.224432339975,-659.6383232550305,5.0,8.04,3.0,-23344.60025999553,23344.60025999553,3138.0483456800653,15.0,116.83198947648592,14308.219178082192,0,1,0,0,0,0
2209,36.16,10014.302923433603,-659.6383232550305,5.0,8.04,3.0,-23852.5217689019,23852.5217689019,3138.0483456800653,15.0,116.83198947648592,14308.219178082192,0,1,0,0,0,0
2210,34.51,11102.706156804405,-659.6383232550305,5.0,8.04,3.0,-22764.118535531103,22764.118535531103,3138.0483456800653,15.0,116.83198947648592,14308.219178082192,0,1,0,0,0,0
2211,33.31,11894.272144710438,-659.6383232550305,5.0,8.04,3.0,-21972.55254762507,21972.55254762507,3138.0483456800653,15.0,116.83198947648592,14308.219178082192,0,1,0,0,0,0
2212,34.45,11142.2844561997,-659.6383232550305,5.0,8.04,3.0,-22724.540236135803,22724.540236135803,3138.0483456800653,15.0,116.83198947648592,14308.219178082192,0,1,0,0,0,0
2213,38.01,8793.972025411796,-659.6383232550305,5.0,8.04,3.0,-25072.852666923707,25072.852666923707,3138.0483456800653,15.0,116.83198947648592,14308.219178082192,0,1,0,0,0,0
2214,44.75,4348.009726672888,-659.6383232550305,5.0,8.04,3.0,-29518.814965662616,29518.814965662616,3138.0483456800653,15.0,116.83198947648592,14308.219178082192,0,1,0,0,0,0
2215,40.5,7151.472600506768,-659.6383232550305,5.0,8.04,3.0,-26715.352091828736,26715.352091828736,3138.0483456800653,15.0,116.83198947648592,14308.219178082192,0,1,0,0,0,0
2216,39.22,7995.809654273209,-659.6383232550305,5.0,8.04,3.0,-25871.015038062294,25871.015038062294,3138.0483456800653,15.0,116.83198947648592,14308.219178082192,0,1,0,0,0,0
2217,38.59,8411.381797923877,-659.6383232550305,5.0,8.04,3.0,-25455.44289441163,25455.44289441163,3138.0483456800653,15.0,116.83198947648592,14308.219178082192,0,1,0,0,0,0
2218,36.73,9638.309079178234,-659.6383232550305,5.0,8.04,3.0,-24228.51561315727,24228.51561315727,3138.0483456800653,15.0,116.83198947648592,14308.219178082192,0,1,0,0,0,0
2219,42.02,6148.82234915912,-659.6383232550305,5.0,8.04,3.0,-27718.002343176384,27718.002343176384,3138.0483456800653,15.0,116.83198947648592,14308.219178082192,0,1,0,0,0,0
2220,46.8,2995.751164000078,-659.6383232550305,5.0,8.04,3.0,-30871.073528335426,30871.073528335426,3138.0483456800653,15.0,116.83198947648592,14308.219178082192,0,1,0,0,0,0
2221,46.21,3384.937774720544,-659.6383232550305,5.0,8.04,3.0,-30481.88691761496,30481.88691761496,3138.0483456800653,15.0,116.83198947648592,14308.219178082192,0,1,0,0,0,0
2222,39.22,7995.809654273209,-659.6383232550305,5.0,8.04,3.0,-25871.015038062294,25871.015038062294,3138.0483456800653,15.0,116.83198947648592,14308.219178082192,0,1,0,0,0,0
2223,34.27,11261.019354385608,-659.6383232550305,5.0,8.04,3.0,-22605.805337949896,22605.805337949896,3138.0483456800653,15.0,116.83198947648592,14308.219178082192,0,1,0,0,0,0
2224,44.48,4526.11207395175,-659.6383232550305,5.0,8.04,3.0,-29340.712618383754,29340.712618383754,3138.0483456800653,15.0,116.83198947648592,14308.219178082192,0,1,0,0,0,0
2225,41.27,6643.551091600391,-659.6383232550305,5.0,8.04,3.0,-27223.273600735112,27223.273600735112,3138.0483456800653,15.0,116.83198947648592,14308.219178082192,0,1,0,0,0,0
2226,39.76,7639.604959715492,-659.6383232550305,5.0,8.04,3.0,-26227.21973262001,26227.21973262001,3138.0483456800653,15.0,116.83198947648592,14308.219178082192,0,1,0,0,0,0
2227,42.24,6003.701918043011,-659.6383232550305,5.0,8.04,3.0,-27863.12277429249,27863.12277429249,3138.0483456800653,15.0,116.83198947648592,14308.219178082192,0,1,0,0,0,0
2228,38.34,8576.291378737635,-659.6383232550305,5.0,8.04,3.0,-25290.533313597873,25290.533313597873,3138.0483456800653,15.0,116.83198947648592,14308.219178082192,0,1,0,0,0,0
2229,39.65,7712.165175273545,-659.6383232550305,5.0,8.04,3.0,-26154.65951706196,26154.65951706196,3138.0483456800653,15.0,116.83198947648592,14308.219178082192,0,1,0,0,0,0
2230,30.79,13556.560719313115,-659.6383232550305,5.0,8.04,3.0,-20310.26397302239,20310.26397302239,3138.0483456800653,15.0,116.83198947648592,14308.219178082192,0,1,0,0,0,0
2231,19.45,21036.85930502516,-659.6383232550305,5.0,8.04,3.0,-12829.965387310343,12829.965387310343,3138.0483456800653,15.0,116.83198947648592,14308.219178082192,0,1,0,0,0,0
2232,24.66,17600.143640866452,-659.6383232550305,5.0,8.04,3.0,-16266.681051469053,16266.681051469053,3138.0483456800653,15.0,116.83198947648592,14308.219178082192,0,1,0,0,0,0
2233,20.83,20126.558418933222,-659.6383232550305,5.0,8.04,3.0,-13740.266273402285,13740.266273402285,3138.0483456800653,15.0,116.83198947648592,14308.219178082192,0,1,0,0,0,0
2234,19.62,20924.720790071806,-659.6383232550305,5.0,8.04,3.0,-12942.1039022637,12942.1039022637,3138.0483456800653,15.0,116.83198947648592,14308.219178082192,0,1,0,0,0,0
2235,6.33,29691.31410613116,-659.6383232550305,5.0,8.04,3.0,-4175.510586204343,4175.510586204343,3138.0483456800653,15.0,116.83198947648592,14308.219178082192,0,1,0,0,0,0
2236,20.04,20647.672694304696,-659.6383232550305,5.0,8.04,3.0,-13219.151998030811,13219.151998030811,3138.0483456800653,15.0,116.83198947648592,14308.219178082192,0,1,0,0,0,0
2237,61.72,-2163.100918394087,650.0,0,8.04,3.0,40118.0,-40118.0,15071.972825128516,0,556.8949724310688,14308.219178082192,1,0,0,0,0,0
2238,58.08,-4444.9691223166665,-659.6383232550305,5.0,8.04,3.0,-38311.79381465217,38311.79381465217,3138.0483456800653,15.0,116.83198947648592,14308.219178082192,0,1,0,0,0,0
2239,69.31,2770.399081605913,650.0,0,8.04,3.0,45051.5,-45051.5,15071.972825128516,0,556.8949724310688,14308.219178082192,1,0,0,0,0,0
2240,52.98,-1080.813673716009,-659.6383232550305,5.0,8.04,3.0,-34947.63836605151,34947.63836605151,3138.0483456800653,15.0,116.83198947648592,14308.219178082192,0,1,0,0,0,0
2241,54.04,-1780.0302963663412,-659.6383232550305,5.0,8.04,3.0,-35646.854988701845,35646.854988701845,3138.0483456800653,15.0,116.83198947648592,14308.219178082192,0,1,0,0,0,0
2242,54.92,-2360.5120208307703,-659.6383232550305,5.0,8.04,3.0,-36227.336713166274,36227.336713166274,3138.0483456800653,15.0,116.83198947648592,14308.219178082192,0,1,0,0,0,0
2243,51.18,106.53530814304438,-659.6383232550305,5.0,8.04,3.0,-33760.28938419246,33760.28938419246,3138.0483456800653,15.0,116.83198947648592,14308.219178082192,0,1,0,0,0,0
2244,53.76,-1595.3315658549323,-659.6383232550305,5.0,8.04,3.0,-35462.156258190436,35462.156258190436,3138.0483456800653,15.0,116.83198947648592,14308.219178082192,0,1,0,0,0,0
2245,81.14,10459.899081605916,650.0,0,8.04,3.0,52741.0,-52741.0,15071.972825128516,0,556.8949724310688,14308.219178082192,1,0,0,0,0,0
2246,48.5,1874.3660144665232,-659.6383232550305,5.0,8.04,3.0,-31992.45867786898,31992.45867786898,3138.0483456800653,15.0,116.83198947648592,14308.219178082192,0,1,0,0,0,0
2247,36.4,9855.989725852392,-659.6383232550305,5.0,8.04,3.0,-24010.83496648311,24010.83496648311,3138.0483456800653,15.0,116.83198947648592,14308.219178082192,0,1,0,0,0,0
2248,39.02,8127.73731892421,-659.6383232550305,5.0,8.04,3.0,-25739.087373411294,25739.087373411294,3138.0483456800653,15.0,116.83198947648592,14308.219178082192,0,1,0,0,0,0
2249,45.75,3688.3714034178597,-659.6383232550305,5.0,8.04,3.0,-30178.453288917644,30178.453288917644,3138.0483456800653,15.0,116.83198947648592,14308.219178082192,0,1,0,0,0,0
2250,36.66,9684.483761806085,-659.6383232550305,5.0,8.04,3.0,-24182.340930529415,24182.340930529415,3138.0483456800653,15.0,116.83198947648592,14308.219178082192,0,1,0,0,0,0
2251,43.58,5119.786564881277,-659.6383232550305,5.0,8.04,3.0,-28747.038127454227,28747.038127454227,3138.0483456800653,15.0,116.83198947648592,14308.219178082192,0,1,0,0,0,0
2252,53.01,-1100.6028234136606,-659.6383232550305,5.0,8.04,3.0,-34967.427515749165,34967.427515749165,3138.0483456800653,15.0,116.83198947648592,14308.219178082192,0,1,0,0,0,0
2253,60.52,-2943.100918394087,650.0,0,8.04,3.0,39338.0,-39338.0,15071.972825128516,0,556.8949724310688,14308.219178082192,1,0,0,0,0,0
2254,29.68,14288.7592581262,-659.6383232550305,5.0,8.04,3.0,-19578.065434209304,19578.065434209304,3138.0483456800653,15.0,116.83198947648592,14308.219178082192,0,1,0,0,0,0
2255,28.02,15383.758874729549,-659.6383232550305,5.0,8.04,3.0,-18483.065817605955,18483.065817605955,3138.0483456800653,15.0,116.83198947648592,14308.219178082192,0,1,0,0,0,0
2256,21.9,19420.745413050336,-659.6383232550305,5.0,8.04,3.0,-14446.079279285168,14446.079279285168,3138.0483456800653,15.0,116.83198947648592,14308.219178082192,0,1,0,0,0,0
2257,11.06,26571.224837134865,-659.6383232550305,5.0,8.04,3.0,-7295.599855200638,7295.599855200638,3138.0483456800653,15.0,116.83198947648592,14308.219178082192,0,1,0,0,0,0
2258,31.45,13121.199425964795,-659.6383232550305,5.0,8.04,3.0,-20745.62526637071,20745.62526637071,3138.0483456800653,15.0,116.83198947648592,14308.219178082192,0,1,0,0,0,0
2259,23.61,18292.763880284234,-659.6383232550305,5.0,8.04,3.0,-15574.06081205127,15574.06081205127,3138.0483456800653,15.0,116.83198947648592,14308.219178082192,0,1,0,0,0,0
2260,32.4,12494.543018872519,-659.6383232550305,5.0,8.04,3.0,-21372.28167346299,21372.28167346299,3138.0483456800653,15.0,116.83198947648592,14308.219178082192,0,1,0,0,0,0
2261,34.17,11326.98318671111,-659.6383232550305,5.0,8.04,3.0,-22539.841505624394,22539.841505624394,3138.0483456800653,15.0,116.83198947648592,14308.219178082192,0,1,0,0,0,0
2262,44.5,4512.919307486645,-659.6383232550305,5.0,8.04,3.0,-29353.90538484886,29353.90538484886,3138.0483456800653,15.0,116.83198947648592,14308.219178082192,0,1,0,0,0,0
2263,65.98,605.899081605913,650.0,0,8.04,3.0,42887.0,-42887.0,15071.972825128516,0,556.8949724310688,14308.219178082192,1,0,0,0,0,0
2264,67.48,1580.8990816059131,650.0,0,8.04,3.0,43862.0,-43862.0,15071.972825128516,0,556.8949724310688,14308.219178082192,1,0,0,0,0,0
2265,74.59,6202.399081605917,650.0,0,8.04,3.0,48483.5,-48483.5,15071.972825128516,0,556.8949724310688,14308.219178082192,1,0,0,0,0,0
2266,77.25,7931.399081605917,650.0,0,8.04,3.0,50212.5,-50212.5,15071.972825128516,0,556.8949724310688,14308.219178082192,1,0,0,0,0,0
2267,69.44,2854.899081605913,650.0,0,8.04,3.0,45136.0,-45136.0,15071.972825128516,0,556.8949724310688,14308.219178082192,1,0,0,0,0,0
2268,85.62,13371.899081605916,650.0,0,8.04,3.0,55653.0,-55653.0,15071.972825128516,0,556.8949724310688,14308.219178082192,1,0,0,0,0,0
2269,82.35,11246.399081605901,650.0,0,8.04,3.0,53527.49999999999,-53527.49999999999,15071.972825128516,0,556.8949724310688,14308.219178082192,1,0,0,0,0,0
2270,71.84,4414.899081605913,650.0,0,8.04,3.0,46696.0,-46696.0,15071.972825128516,0,556.8949724310688,14308.219178082192,1,0,0,0,0,0
2271,49.7,1082.8000265604865,-659.6383232550305,5.0,8.04,3.0,-32784.02466577502,32784.02466577502,3138.0483456800653,15.0,116.83198947648592,14308.219178082192,0,1,0,0,0,0
2272,48.7,1742.438349815519,-659.6383232550305,5.0,8.04,3.0,-32124.38634251999,32124.38634251999,3138.0483456800653,15.0,116.83198947648592,14308.219178082192,0,1,0,0,0,0
2273,55.97,-3053.132260248552,-659.6383232550305,5.0,8.04,3.0,-36919.956952584056,36919.956952584056,3138.0483456800653,15.0,116.83198947648592,14308.219178082192,0,1,0,0,0,0
2274,55.32,-2624.367350132786,-659.6383232550305,5.0,8.04,3.0,-36491.19204246829,36491.19204246829,3138.0483456800653,15.0,116.83198947648592,14308.219178082192,0,1,0,0,0,0
2275,67.68,1710.8990816059204,650.0,0,8.04,3.0,43992.00000000001,-43992.00000000001,15071.972825128516,0,556.8949724310688,14308.219178082192,1,0,0,0,0,0
2276,80.99,10362.399081605916,650.0,0,8.04,3.0,52643.5,-52643.5,15071.972825128516,0,556.8949724310688,14308.219178082192,1,0,0,0,0,0
2277,52.17,-546.5066318794411,-659.6383232550305,5.0,8.04,3.0,-34413.331324214945,34413.331324214945,3138.0483456800653,15.0,116.83198947648592,14308.219178082192,0,1,0,0,0,0
2278,37.34,9235.929701992663,-659.6383232550305,5.0,8.04,3.0,-24630.89499034284,24630.89499034284,3138.0483456800653,15.0,116.83198947648592,14308.219178082192,0,1,0,0,0,0
2279,26.97,16076.379114147334,-659.6383232550305,5.0,8.04,3.0,-17790.445578188173,17790.445578188173,3138.0483456800653,15.0,116.83198947648592,14308.219178082192,0,1,0,0,0,0
2280,23.08,18642.3721916094,-659.6383232550305,5.0,8.04,3.0,-15224.452500726104,15224.452500726104,3138.0483456800653,15.0,116.83198947648592,14308.219178082192,0,1,0,0,0,0
2281,1.53,32857.57805775531,-659.6383232550305,5.0,8.04,3.0,-1009.2466345801967,1009.2466345801967,3138.0483456800653,15.0,116.83198947648592,14308.219178082192,0,1,0,0,0,0
2282,1.01,33200.589985847924,-659.6383232550305,5.0,8.04,3.0,-666.2347064875809,666.2347064875809,3138.0483456800653,15.0,116.83198947648592,14308.219178082192,0,1,0,0,0,0
2283,4.93,30614.807758688203,-659.6383232550305,5.0,8.04,3.0,-3252.0169336473004,3252.0169336473004,3138.0483456800653,15.0,116.83198947648592,14308.219178082192,0,1,0,0,0,0
2284,4.0,31228.27139931538,-659.6383232550305,5.0,8.04,3.0,-2638.553293020122,2638.553293020122,3138.0483456800653,15.0,116.83198947648592,14308.219178082192,0,1,0,0,0,0
2285,30.57,13701.681150429224,-659.6383232550305,5.0,8.04,3.0,-20165.143541906284,20165.143541906284,3138.0483456800653,15.0,116.83198947648592,14308.219178082192,0,1,0,0,0,0
2286,109.5,28893.899081605916,650.0,0,8.04,3.0,71175.0,-71175.0,15071.972825128516,0,556.8949724310688,14308.219178082192,1,0,0,0,0,0
2287,170.04,68244.89908160592,650.0,0,8.04,3.0,110526.0,-110526.0,15071.972825128516,0,556.8949724310688,14308.219178082192,1,0,0,0,0,0
2288,27.8,15528.879305845658,-659.6383232550305,5.0,8.04,3.0,-18337.94538648985,18337.94538648985,3138.0483456800653,15.0,116.83198947648592,14308.219178082192,0,1,0,0,0,0
2289,52.74,-922.5004761348023,-659.6383232550305,5.0,8.04,3.0,-34789.325168470314,34789.325168470314,3138.0483456800653,15.0,116.83198947648592,14308.219178082192,0,1,0,0,0,0
2290,40.25,7316.382181320529,-659.6383232550305,5.0,8.04,3.0,-26550.44251101498,26550.44251101498,3138.0483456800653,15.0,116.83198947648592,14308.219178082192,0,1,0,0,0,0
2291,59.44,-3645.100918394087,650.0,0,8.04,3.0,38636.0,-38636.0,15071.972825128516,0,556.8949724310688,14308.219178082192,1,0,0,0,0,0
2292,65.53,313.399081605913,650.0,0,8.04,3.0,42594.5,-42594.5,15071.972825128516,0,556.8949724310688,14308.219178082192,1,0,0,0,0,0
2293,60.58,-2904.100918394087,650.0,0,8.04,3.0,39377.0,-39377.0,15071.972825128516,0,556.8949724310688,14308.219178082192,1,0,0,0,0,0
2294,32.4,12494.543018872519,-659.6383232550305,5.0,8.04,3.0,-21372.28167346299,21372.28167346299,3138.0483456800653,15.0,116.83198947648592,14308.219178082192,0,1,0,0,0,0
2295,17.53,22303.36488567482,-659.6383232550305,5.0,8.04,3.0,-11563.459806660685,11563.459806660685,3138.0483456800653,15.0,116.83198947648592,14308.219178082192,0,1,0,0,0,0
2296,47.1,2797.8596670235643,-659.6383232550305,5.0,8.04,3.0,-31068.96502531194,31068.96502531194,3138.0483456800653,15.0,116.83198947648592,14308.219178082192,0,1,0,0,0,0
2297,43.46,5198.943163671876,-659.6383232550305,5.0,8.04,3.0,-28667.881528663627,28667.881528663627,3138.0483456800653,15.0,116.83198947648592,14308.219178082192,0,1,0,0,0,0
2298,43.68,5053.822732555771,-659.6383232550305,5.0,8.04,3.0,-28813.001959779733,28813.001959779733,3138.0483456800653,15.0,116.83198947648592,14308.219178082192,0,1,0,0,0,0
2299,41.24,6663.340241298043,-659.6383232550305,5.0,8.04,3.0,-27203.48445103746,27203.48445103746,3138.0483456800653,15.0,116.83198947648592,14308.219178082192,0,1,0,0,0,0
2300,75.41,6735.399081605917,650.0,0,8.04,3.0,49016.5,-49016.5,15071.972825128516,0,556.8949724310688,14308.219178082192,1,0,0,0,0,0
2301,68.75,2406.399081605913,650.0,0,8.04,3.0,44687.5,-44687.5,15071.972825128516,0,556.8949724310688,14308.219178082192,1,0,0,0,0,0
2302,47.53,2514.215188023904,-659.6383232550305,5.0,8.04,3.0,-31352.6095043116,31352.6095043116,3138.0483456800653,15.0,116.83198947648592,14308.219178082192,0,1,0,0,0,0
2303,53.81,-1628.3134820176924,-659.6383232550305,5.0,8.04,3.0,-35495.1381743532,35495.1381743532,3138.0483456800653,15.0,116.83198947648592,14308.219178082192,0,1,0,0,0,0
2304,77.38,8015.899081605917,650.0,0,8.04,3.0,50297.0,-50297.0,15071.972825128516,0,556.8949724310688,14308.219178082192,1,0,0,0,0,0
2305,19.49,21010.47377209496,-659.6383232550305,5.0,8.04,3.0,-12856.350920240544,12856.350920240544,3138.0483456800653,15.0,116.83198947648592,14308.219178082192,0,1,0,0,0,0
2306,19.39,21076.437604420462,-659.6383232550305,5.0,8.04,3.0,-12790.387087915042,12790.387087915042,3138.0483456800653,15.0,116.83198947648592,14308.219178082192,0,1,0,0,0,0
2307,20.94,20053.998203375166,-659.6383232550305,5.0,8.04,3.0,-13812.82648896034,13812.82648896034,3138.0483456800653,15.0,116.83198947648592,14308.219178082192,0,1,0,0,0,0
2308,42.62,5753.039355206107,-659.6383232550305,5.0,8.04,3.0,-28113.7853371294,28113.7853371294,3138.0483456800653,15.0,116.83198947648592,14308.219178082192,0,1,0,0,0,0
2309,99.18,22185.899081605916,650.0,0,8.04,3.0,64467.00000000001,-64467.00000000001,15071.972825128516,0,556.8949724310688,14308.219178082192,1,0,0,0,0,0
2310,24.58,17652.914706726857,-659.6383232550305,5.0,8.04,3.0,-16213.909985608649,16213.909985608649,3138.0483456800653,15.0,116.83198947648592,14308.219178082192,0,1,0,0,0,0
2311,43.24,5344.0635947879855,-659.6383232550305,5.0,8.04,3.0,-28522.76109754752,28522.76109754752,3138.0483456800653,15.0,116.83198947648592,14308.219178082192,0,1,0,0,0,0
2312,32.34,12534.121318267815,-659.6383232550305,5.0,8.04,3.0,-21332.70337406769,21332.70337406769,3138.0483456800653,15.0,116.83198947648592,14308.219178082192,0,1,0,0,0,0
2313,28.8,14869.240982590625,-659.6383232550305,5.0,8.04,3.0,-18997.58370974488,18997.58370974488,3138.0483456800653,15.0,116.83198947648592,14308.219178082192,0,1,0,0,0,0
2314,16.55,22949.81044246475,-659.6383232550305,5.0,8.04,3.0,-10917.014249870756,10917.014249870756,3138.0483456800653,15.0,116.83198947648592,14308.219178082192,0,1,0,0,0,0
2315,6.78,29394.476860666397,-659.6383232550305,5.0,8.04,3.0,-4472.347831669107,4472.347831669107,3138.0483456800653,15.0,116.83198947648592,14308.219178082192,0,1,0,0,0,0
2316,8.08,28536.947040434858,-659.6383232550305,5.0,8.04,3.0,-5329.877651900647,5329.877651900647,3138.0483456800653,15.0,116.83198947648592,14308.219178082192,0,1,0,0,0,0
2317,27.7,15594.84313817116,-659.6383232550305,5.0,8.04,3.0,-18271.981554164344,18271.981554164344,3138.0483456800653,15.0,116.83198947648592,14308.219178082192,0,1,0,0,0,0
2318,16.98,22666.165963465086,-659.6383232550305,5.0,8.04,3.0,-11200.658728870418,11200.658728870418,3138.0483456800653,15.0,116.83198947648592,14308.219178082192,0,1,0,0,0,0
2319,11.53,26261.194825205002,-659.6383232550305,5.0,8.04,3.0,-7605.629867130501,7605.629867130501,3138.0483456800653,15.0,116.83198947648592,14308.219178082192,0,1,0,0,0,0
2320,18.22,21848.21444262885,-659.6383232550305,5.0,8.04,3.0,-12018.610249706655,12018.610249706655,3138.0483456800653,15.0,116.83198947648592,14308.219178082192,0,1,0,0,0,0
2321,24.29,17844.209820470813,-659.6383232550305,5.0,8.04,3.0,-16022.614871864691,16022.614871864691,3138.0483456800653,15.0,116.83198947648592,14308.219178082192,0,1,0,0,0,0
2322,9.64,27507.911256157007,-659.6383232550305,5.0,8.04,3.0,-6358.9134361784945,6358.9134361784945,3138.0483456800653,15.0,116.83198947648592,14308.219178082192,0,1,0,0,0,0
2323,3.63,31472.33757891974,-659.6383232550305,5.0,8.04,3.0,-2394.4871134157606,2394.4871134157606,3138.0483456800653,15.0,116.83198947648592,14308.219178082192,0,1,0,0,0,0
2324,43.63,5086.80464871852,-659.6383232550305,5.0,8.04,3.0,-28780.020043616983,28780.020043616983,3138.0483456800653,15.0,116.83198947648592,14308.219178082192,0,1,0,0,0,0
2325,20.61,20271.678850049328,-659.6383232550305,5.0,8.04,3.0,-13595.145842286178,13595.145842286178,3138.0483456800653,15.0,116.83198947648592,14308.219178082192,0,1,0,0,0,0
2326,33.11,12026.199809361446,-659.6383232550305,5.0,8.04,3.0,-21840.62488297406,21840.62488297406,3138.0483456800653,15.0,116.83198947648592,14308.219178082192,0,1,0,0,0,0
2327,34.33,11221.441054990308,-659.6383232550305,5.0,8.04,3.0,-22645.383637345196,22645.383637345196,3138.0483456800653,15.0,116.83198947648592,14308.219178082192,0,1,0,0,0,0
2328,12.71,25482.821603764067,-659.6383232550305,5.0,8.04,3.0,-8384.003088571439,8384.003088571439,3138.0483456800653,15.0,116.83198947648592,14308.219178082192,0,1,0,0,0,0
2329,20.51,20337.642682374826,-659.6383232550305,5.0,8.04,3.0,-13529.182009960678,13529.182009960678,3138.0483456800653,15.0,116.83198947648592,14308.219178082192,0,1,0,0,0,0
2330,13.63,24875.954346369435,-659.6383232550305,5.0,8.04,3.0,-8990.870345966066,8990.870345966066,3138.0483456800653,15.0,116.83198947648592,14308.219178082192,0,1,0,0,0,0
2331,32.75,12263.669605733256,-659.6383232550305,5.0,8.04,3.0,-21603.155086602248,21603.155086602248,3138.0483456800653,15.0,116.83198947648592,14308.219178082192,0,1,0,0,0,0
2332,38.43,8516.923929644683,-659.6383232550305,5.0,8.04,3.0,-25349.900762690824,25349.900762690824,3138.0483456800653,15.0,116.83198947648592,14308.219178082192,0,1,0,0,0,0
2333,28.69,14941.801198148678,-659.6383232550305,5.0,8.04,3.0,-18925.023494186826,18925.023494186826,3138.0483456800653,15.0,116.83198947648592,14308.219178082192,0,1,0,0,0,0
2334,27.8,15528.879305845658,-659.6383232550305,5.0,8.04,3.0,-18337.94538648985,18337.94538648985,3138.0483456800653,15.0,116.83198947648592,14308.219178082192,0,1,0,0,0,0
2335,52.38,-685.030679762996,-659.6383232550305,5.0,8.04,3.0,-34551.8553720985,34551.8553720985,3138.0483456800653,15.0,116.83198947648592,14308.219178082192,0,1,0,0,0,0
2336,39.66,7705.568792040998,-659.6383232550305,5.0,8.04,3.0,-26161.25590029451,26161.25590029451,3138.0483456800653,15.0,116.83198947648592,14308.219178082192,0,1,0,0,0,0
2337,25.12,17296.710012169136,-659.6383232550305,5.0,8.04,3.0,-16570.114680166367,16570.114680166367,3138.0483456800653,15.0,116.83198947648592,14308.219178082192,0,1,0,0,0,0
2338,15.16,23866.70771178924,-659.6383232550305,5.0,8.04,3.0,-10000.116980546263,10000.116980546263,3138.0483456800653,15.0,116.83198947648592,14308.219178082192,0,1,0,0,0,0
2339,6.71,29440.65154329425,-659.6383232550305,5.0,8.04,3.0,-4426.173149041255,4426.173149041255,3138.0483456800653,15.0,116.83198947648592,14308.219178082192,0,1,0,0,0,0
2340,19.41,21063.24483795536,-659.6383232550305,5.0,8.04,3.0,-12803.579854380143,12803.579854380143,3138.0483456800653,15.0,116.83198947648592,14308.219178082192,0,1,0,0,0,0
2341,26.67,16274.27061112384,-659.6383232550305,5.0,8.04,3.0,-17592.554081211663,17592.554081211663,3138.0483456800653,15.0,116.83198947648592,14308.219178082192,0,1,0,0,0,0
2342,24.49,17712.28215581981,-659.6383232550305,5.0,8.04,3.0,-16154.542536515697,16154.542536515697,3138.0483456800653,15.0,116.83198947648592,14308.219178082192,0,1,0,0,0,0
2343,18.95,21366.678466652676,-659.6383232550305,5.0,8.04,3.0,-12500.146225682827,12500.146225682827,3138.0483456800653,15.0,116.83198947648592,14308.219178082192,0,1,0,0,0,0
2344,13.68,24842.97243020669,-659.6383232550305,5.0,8.04,3.0,-9023.852262128818,9023.852262128818,3138.0483456800653,15.0,116.83198947648592,14308.219178082192,0,1,0,0,0,0
2345,22.27,19176.679233445975,-659.6383232550305,5.0,8.04,3.0,-14690.145458889529,14690.145458889529,3138.0483456800653,15.0,116.83198947648592,14308.219178082192,0,1,0,0,0,0
2346,33.72,11623.820432175879,-659.6383232550305,5.0,8.04,3.0,-22243.00426015963,22243.00426015963,3138.0483456800653,15.0,116.83198947648592,14308.219178082192,0,1,0,0,0,0
2347,43.31,5297.888912160131,-659.6383232550305,5.0,8.04,3.0,-28568.935780175372,28568.935780175372,3138.0483456800653,15.0,116.83198947648592,14308.219178082192,0,1,0,0,0,0
2348,32.47,12448.36833624466,-659.6383232550305,5.0,8.04,3.0,-21418.45635609084,21418.45635609084,3138.0483456800653,15.0,116.83198947648592,14308.219178082192,0,1,0,0,0,0
2349,32.93,12144.934707547352,-659.6383232550305,5.0,8.04,3.0,-21721.889984788155,21721.889984788155,3138.0483456800653,15.0,116.83198947648592,14308.219178082192,0,1,0,0,0,0
2350,48.96,1570.9323857692111,-659.6383232550305,5.0,8.04,3.0,-32295.892306566293,32295.892306566293,3138.0483456800653,15.0,116.83198947648592,14308.219178082192,0,1,0,0,0,0
2351,44.85,4282.045894347382,-659.6383232550305,5.0,8.04,3.0,-29584.778797988118,29584.778797988118,3138.0483456800653,15.0,116.83198947648592,14308.219178082192,0,1,0,0,0,0
2352,52.9,-1028.0426078556043,-659.6383232550305,5.0,8.04,3.0,-34894.867300191116,34894.867300191116,3138.0483456800653,15.0,116.83198947648592,14308.219178082192,0,1,0,0,0,0
2353,48.07,2158.010493466187,-659.6383232550305,5.0,8.04,3.0,-31708.814198869317,31708.814198869317,3138.0483456800653,15.0,116.83198947648592,14308.219178082192,0,1,0,0,0,0
2354,49.4,1280.6915235370002,-659.6383232550305,5.0,8.04,3.0,-32586.133168798508,32586.133168798508,3138.0483456800653,15.0,116.83198947648592,14308.219178082192,0,1,0,0,0,0
2355,47.88,2283.341774884641,-659.6383232550305,5.0,8.04,3.0,-31583.482917450863,31583.482917450863,3138.0483456800653,15.0,116.83198947648592,14308.219178082192,0,1,0,0,0,0
2356,50.41,614.4568170494172,-659.6383232550305,5.0,8.04,3.0,-33252.36787528609,33252.36787528609,3138.0483456800653,15.0,116.83198947648592,14308.219178082192,0,1,0,0,0,0
2357,55.0,-2413.283086691175,-659.6383232550305,5.0,8.04,3.0,-36280.10777902668,36280.10777902668,3138.0483456800653,15.0,116.83198947648592,14308.219178082192,0,1,0,0,0,0
2358,57.6,-4128.342727154253,-659.6383232550305,5.0,8.04,3.0,-37995.16741948976,37995.16741948976,3138.0483456800653,15.0,116.83198947648592,14308.219178082192,0,1,0,0,0,0
2359,59.47,-3625.600918394087,650.0,0,8.04,3.0,38655.5,-38655.5,15071.972825128516,0,556.8949724310688,14308.219178082192,1,0,0,0,0,0
2360,54.88,-2334.1264879005753,-659.6383232550305,5.0,8.04,3.0,-36200.95118023608,36200.95118023608,3138.0483456800653,15.0,116.83198947648592,14308.219178082192,0,1,0,0,0,0
2361,56.79,-3594.0356853176777,-659.6383232550305,5.0,8.04,3.0,-37460.86037765318,37460.86037765318,3138.0483456800653,15.0,116.83198947648592,14308.219178082192,0,1,0,0,0,0
2362,39.76,7639.604959715492,-659.6383232550305,5.0,8.04,3.0,-26227.21973262001,26227.21973262001,3138.0483456800653,15.0,116.83198947648592,14308.219178082192,0,1,0,0,0,0
2363,37.14,9367.857366643671,-659.6383232550305,5.0,8.04,3.0,-24498.967325691832,24498.967325691832,3138.0483456800653,15.0,116.83198947648592,14308.219178082192,0,1,0,0,0,0
2364,36.04,10093.459522224202,-659.6383232550305,5.0,8.04,3.0,-23773.365170111298,23773.365170111298,3138.0483456800653,15.0,116.83198947648592,14308.219178082192,0,1,0,0,0,0
2365,40.0,7481.291762134286,-659.6383232550305,5.0,8.04,3.0,-26385.53293020122,26385.53293020122,3138.0483456800653,15.0,116.83198947648592,14308.219178082192,0,1,0,0,0,0
2366,29.12,14658.156719149014,-659.6383232550305,5.0,8.04,3.0,-19208.66797318649,19208.66797318649,3138.0483456800653,15.0,116.83198947648592,14308.219178082192,0,1,0,0,0,0
2367,39.64,7718.761558506096,-659.6383232550305,5.0,8.04,3.0,-26148.06313382941,26148.06313382941,3138.0483456800653,15.0,116.83198947648592,14308.219178082192,0,1,0,0,0,0
2368,41.93,6208.189798252075,-659.6383232550305,5.0,8.04,3.0,-27658.63489408343,27658.63489408343,3138.0483456800653,15.0,116.83198947648592,14308.219178082192,0,1,0,0,0,0
2369,50.93,271.4448889568016,-659.6383232550305,5.0,8.04,3.0,-33595.3798033787,33595.3798033787,3138.0483456800653,15.0,116.83198947648592,14308.219178082192,0,1,0,0,0,0
2370,49.12,1465.3902540484055,-659.6383232550305,5.0,8.04,3.0,-32401.4344382871,32401.4344382871,3138.0483456800653,15.0,116.83198947648592,14308.219178082192,0,1,0,0,0,0
2371,105.47,26274.399081605916,650.0,0,8.04,3.0,68555.5,-68555.5,15071.972825128516,0,556.8949724310688,14308.219178082192,1,0,0,0,0,0
2372,83.05,11701.399081605916,650.0,0,8.04,3.0,53982.5,-53982.5,15071.972825128516,0,556.8949724310688,14308.219178082192,1,0,0,0,0,0
2373,35.17,10667.344863456077,-659.6383232550305,5.0,8.04,3.0,-23199.479828879423,23199.479828879423,3138.0483456800653,15.0,116.83198947648592,14308.219178082192,0,1,0,0,0,0
2374,18.43,21709.690394745292,-659.6383232550305,5.0,8.04,3.0,-12157.134297590212,12157.134297590212,3138.0483456800653,15.0,116.83198947648592,14308.219178082192,0,1,0,0,0,0
2375,8.79,28068.603830923785,-659.6383232550305,5.0,8.04,3.0,-5798.220861411718,5798.220861411718,3138.0483456800653,15.0,116.83198947648592,14308.219178082192,0,1,0,0,0,0
2376,3.38,31637.247159733502,-659.6383232550305,5.0,8.04,3.0,-2229.577532602003,2229.577532602003,3138.0483456800653,15.0,116.83198947648592,14308.219178082192,0,1,0,0,0,0
2377,7.56,28879.958968527473,-659.6383232550305,5.0,8.04,3.0,-4986.86572380803,4986.86572380803,3138.0483456800653,15.0,116.83198947648592,14308.219178082192,0,1,0,0,0,0
2378,7.86,28682.067471550963,-659.6383232550305,5.0,8.04,3.0,-5184.75722078454,5184.75722078454,3138.0483456800653,15.0,116.83198947648592,14308.219178082192,0,1,0,0,0,0
2379,8.65,28160.95319617949,-659.6383232550305,5.0,8.04,3.0,-5705.8714961560145,5705.8714961560145,3138.0483456800653,15.0,116.83198947648592,14308.219178082192,0,1,0,0,0,0
2380,12.88,25370.68308881071,-659.6383232550305,5.0,8.04,3.0,-8496.141603524793,8496.141603524793,3138.0483456800653,15.0,116.83198947648592,14308.219178082192,0,1,0,0,0,0
2381,76.55,7476.399081605917,650.0,0,8.04,3.0,49757.5,-49757.5,15071.972825128516,0,556.8949724310688,14308.219178082192,1,0,0,0,0,0
2382,108.65,28341.399081605916,650.0,0,8.04,3.0,70622.5,-70622.5,15071.972825128516,0,556.8949724310688,14308.219178082192,1,0,0,0,0,0
2383,65.15,66.39908160592029,650.0,0,8.04,3.0,42347.50000000001,-42347.50000000001,15071.972825128516,0,556.8949724310688,14308.219178082192,1,0,0,0,0,0
2384,28.74,14908.819281985929,-659.6383232550305,5.0,8.04,3.0,-18958.005410349575,18958.005410349575,3138.0483456800653,15.0,116.83198947648592,14308.219178082192,0,1,0,0,0,0
2385,26.13,16630.475305681557,-659.6383232550305,5.0,8.04,3.0,-17236.349386653947,17236.349386653947,3138.0483456800653,15.0,116.83198947648592,14308.219178082192,0,1,0,0,0,0
2386,16.56,22943.2140592322,-659.6383232550305,5.0,8.04,3.0,-10923.610633103304,10923.610633103304,3138.0483456800653,15.0,116.83198947648592,14308.219178082192,0,1,0,0,0,0
2387,14.73,24150.352190788904,-659.6383232550305,5.0,8.04,3.0,-9716.4725015466,9716.4725015466,3138.0483456800653,15.0,116.83198947648592,14308.219178082192,0,1,0,0,0,0
2388,1.79,32686.072093709,-659.6383232550305,5.0,8.04,3.0,-1180.7525986265046,1180.7525986265046,3138.0483456800653,15.0,116.83198947648592,14308.219178082192,0,1,0,0,0,0
2389,11.51,26274.387591670104,-659.6383232550305,5.0,8.04,3.0,-7592.437100665401,7592.437100665401,3138.0483456800653,15.0,116.83198947648592,14308.219178082192,0,1,0,0,0,0
2390,14.71,24163.544957254006,-659.6383232550305,5.0,8.04,3.0,-9703.2797350815,9703.2797350815,3138.0483456800653,15.0,116.83198947648592,14308.219178082192,0,1,0,0,0,0
2391,29.42,14460.265222172507,-659.6383232550305,5.0,8.04,3.0,-19406.559470163,19406.559470163,3138.0483456800653,15.0,116.83198947648592,14308.219178082192,0,1,0,0,0,0
2392,9.47,27620.049771110364,-659.6383232550305,5.0,8.04,3.0,-6246.774921225139,6246.774921225139,3138.0483456800653,15.0,116.83198947648592,14308.219178082192,0,1,0,0,0,0
2393,18.67,21551.37719716408,-659.6383232550305,5.0,8.04,3.0,-12315.44749517142,12315.44749517142,3138.0483456800653,15.0,116.83198947648592,14308.219178082192,0,1,0,0,0,0
2394,41.69,6366.502995833282,-659.6383232550305,5.0,8.04,3.0,-27500.321696502222,27500.321696502222,3138.0483456800653,15.0,116.83198947648592,14308.219178082192,0,1,0,0,0,0
2395,84.19,12442.399081605916,650.0,0,8.04,3.0,54723.5,-54723.5,15071.972825128516,0,556.8949724310688,14308.219178082192,1,0,0,0,0,0
2396,76.33,7333.399081605917,650.0,0,8.04,3.0,49614.5,-49614.5,15071.972825128516,0,556.8949724310688,14308.219178082192,1,0,0,0,0,0
2397,50.74,396.77617037525533,-659.6383232550305,5.0,8.04,3.0,-33470.04852196025,33470.04852196025,3138.0483456800653,15.0,116.83198947648592,14308.219178082192,0,1,0,0,0,0
2398,31.42,13140.988575662443,-659.6383232550305,5.0,8.04,3.0,-20725.83611667306,20725.83611667306,3138.0483456800653,15.0,116.83198947648592,14308.219178082192,0,1,0,0,0,0
2399,4.87,30654.386058083506,-659.6383232550305,5.0,8.04,3.0,-3212.438634251999,3212.438634251999,3138.0483456800653,15.0,116.83198947648592,14308.219178082192,0,1,0,0,0,0
2400,0.09,33807.45724324255,-659.6383232550305,5.0,8.04,3.0,-59.36744909295275,59.36744909295275,3138.0483456800653,15.0,116.83198947648592,14308.219178082192,0,1,0,0,0,0
2401,-3.32,36056.82392554221,-659.6383232550305,5.0,8.04,3.0,2189.9992332067013,-2189.9992332067013,3138.0483456800653,15.0,116.83198947648592,14308.219178082192,0,1,0,0,0,0
2402,-2.02,35199.29410531066,-659.6383232550305,5.0,8.04,3.0,1332.4694129751617,-1332.4694129751617,3138.0483456800653,15.0,116.83198947648592,14308.219178082192,0,1,0,0,0,0
2403,4.93,30614.807758688203,-659.6383232550305,5.0,8.04,3.0,-3252.0169336473004,3252.0169336473004,3138.0483456800653,15.0,116.83198947648592,14308.219178082192,0,1,0,0,0,0
2404,91.7,17323.899081605916,650.0,0,8.04,3.0,59605.0,-59605.0,15071.972825128516,0,556.8949724310688,14308.219178082192,1,0,0,0,0,0
2405,53.68,-1542.5604999945276,-659.6383232550305,5.0,8.04,3.0,-35409.38519233004,35409.38519233004,3138.0483456800653,15.0,116.83198947648592,14308.219178082192,0,1,0,0,0,0
2406,58.13,-4477.951038479419,-659.6383232550305,5.0,8.04,3.0,-38344.77573081492,38344.77573081492,3138.0483456800653,15.0,116.83198947648592,14308.219178082192,0,1,0,0,0,0
2407,52.0,-434.36811692608126,-659.6383232550305,5.0,8.04,3.0,-34301.192809261585,34301.192809261585,3138.0483456800653,15.0,116.83198947648592,14308.219178082192,0,1,0,0,0,0
2408,134.89,45397.39908160591,650.0,0,8.04,3.0,87678.49999999999,-87678.49999999999,15071.972825128516,0,556.8949724310688,14308.219178082192,1,0,0,0,0,0
2409,107.17,27379.399081605916,650.0,0,8.04,3.0,69660.5,-69660.5,15071.972825128516,0,556.8949724310688,14308.219178082192,1,0,0,0,0,0
2410,65.79,482.3990816059203,650.0,0,8.04,3.0,42763.50000000001,-42763.50000000001,15071.972825128516,0,556.8949724310688,14308.219178082192,1,0,0,0,0,0
2411,60.53,-2936.600918394087,650.0,0,8.04,3.0,39344.5,-39344.5,15071.972825128516,0,556.8949724310688,14308.219178082192,1,0,0,0,0,0
2412,53.41,-1364.4581527156693,-659.6383232550305,5.0,8.04,3.0,-35231.28284505118,35231.28284505118,3138.0483456800653,15.0,116.83198947648592,14308.219178082192,0,1,0,0,0,0
2413,47.98,2217.3779425591424,-659.6383232550305,5.0,8.04,3.0,-31649.44674977636,31649.44674977636,3138.0483456800653,15.0,116.83198947648592,14308.219178082192,0,1,0,0,0,0
2414,52.23,-586.0849312747373,-659.6383232550305,5.0,8.04,3.0,-34452.90962361024,34452.90962361024,3138.0483456800653,15.0,116.83198947648592,14308.219178082192,0,1,0,0,0,0
2415,56.51,-3409.3369548062687,-659.6383232550305,5.0,8.04,3.0,-37276.16164714177,37276.16164714177,3138.0483456800653,15.0,116.83198947648592,14308.219178082192,0,1,0,0,0,0
2416,76.17,7229.399081605917,650.0,0,8.04,3.0,49510.5,-49510.5,15071.972825128516,0,556.8949724310688,14308.219178082192,1,0,0,0,0,0
2417,65.58,345.899081605913,650.0,0,8.04,3.0,42627.0,-42627.0,15071.972825128516,0,556.8949724310688,14308.219178082192,1,0,0,0,0,0
2418,74.29,6007.399081605917,650.0,0,8.04,3.0,48288.50000000001,-48288.50000000001,15071.972825128516,0,556.8949724310688,14308.219178082192,1,0,0,0,0,0
2419,66.96,1242.8990816059058,650.0,0,8.04,3.0,43523.99999999999,-43523.99999999999,15071.972825128516,0,556.8949724310688,14308.219178082192,1,0,0,0,0,0
2420,51.48,-91.35618883346572,-659.6383232550305,5.0,8.04,3.0,-33958.18088116897,33958.18088116897,3138.0483456800653,15.0,116.83198947648592,14308.219178082192,0,1,0,0,0,0
2421,52.82,-975.2715419952069,-659.6383232550305,5.0,8.04,3.0,-34842.09623433071,34842.09623433071,3138.0483456800653,15.0,116.83198947648592,14308.219178082192,0,1,0,0,0,0
2422,37.55,9097.405654109112,-659.6383232550305,5.0,8.04,3.0,-24769.419038226395,24769.419038226395,3138.0483456800653,15.0,116.83198947648592,14308.219178082192,0,1,0,0,0,0
2423,33.31,11894.272144710438,-659.6383232550305,5.0,8.04,3.0,-21972.55254762507,21972.55254762507,3138.0483456800653,15.0,116.83198947648592,14308.219178082192,0,1,0,0,0,0
2424,54.57,-2129.6386076915073,-659.6383232550305,5.0,8.04,3.0,-35996.46330002702,35996.46330002702,3138.0483456800653,15.0,116.83198947648592,14308.219178082192,0,1,0,0,0,0
2425,40.81,6946.984720297707,-659.6383232550305,5.0,8.04,3.0,-26919.839972037797,26919.839972037797,3138.0483456800653,15.0,116.83198947648592,14308.219178082192,0,1,0,0,0,0
2426,33.73,11617.224048943328,-659.6383232550305,5.0,8.04,3.0,-22249.600643392176,22249.600643392176,3138.0483456800653,15.0,116.83198947648592,14308.219178082192,0,1,0,0,0,0
2427,26.82,16175.324862635585,-659.6383232550305,5.0,8.04,3.0,-17691.49982969992,17691.49982969992,3138.0483456800653,15.0,116.83198947648592,14308.219178082192,0,1,0,0,0,0
2428,42.4,5898.159786322209,-659.6383232550305,5.0,8.04,3.0,-27968.66490601329,27968.66490601329,3138.0483456800653,15.0,116.83198947648592,14308.219178082192,0,1,0,0,0,0
2429,40.73,6999.755786158112,-659.6383232550305,5.0,8.04,3.0,-26867.068906177392,26867.068906177392,3138.0483456800653,15.0,116.83198947648592,14308.219178082192,0,1,0,0,0,0
2430,74.41,6085.399081605917,650.0,0,8.04,3.0,48366.5,-48366.5,15071.972825128516,0,556.8949724310688,14308.219178082192,1,0,0,0,0,0
2431,78.58,8795.899081605916,650.0,0,8.04,3.0,51077.0,-51077.0,15071.972825128516,0,556.8949724310688,14308.219178082192,1,0,0,0,0,0
2432,78.47,8724.399081605916,650.0,0,8.04,3.0,51005.5,-51005.5,15071.972825128516,0,556.8949724310688,14308.219178082192,1,0,0,0,0,0
2433,107.97,27899.399081605916,650.0,0,8.04,3.0,70180.5,-70180.5,15071.972825128516,0,556.8949724310688,14308.219178082192,1,0,0,0,0,0
2434,100.95,23336.399081605916,650.0,0,8.04,3.0,65617.5,-65617.5,15071.972825128516,0,556.8949724310688,14308.219178082192,1,0,0,0,0,0
2435,73.02,5181.899081605917,650.0,0,8.04,3.0,47463.0,-47463.0,15071.972825128516,0,556.8949724310688,14308.219178082192,1,0,0,0,0,0
2436,74.5,6143.899081605917,650.0,0,8.04,3.0,48425.0,-48425.0,15071.972825128516,0,556.8949724310688,14308.219178082192,1,0,0,0,0,0
2437,77.55,8126.399081605917,650.0,0,8.04,3.0,50407.5,-50407.5,15071.972825128516,0,556.8949724310688,14308.219178082192,1,0,0,0,0,0
2438,61.24,-2475.100918394087,650.0,0,8.04,3.0,39806.0,-39806.0,15071.972825128516,0,556.8949724310688,14308.219178082192,1,0,0,0,0,0
2439,58.71,-4119.600918394087,650.0,0,8.04,3.0,38161.5,-38161.5,15071.972825128516,0,556.8949724310688,14308.219178082192,1,0,0,0,0,0
2440,59.87,-3365.600918394087,650.0,0,8.04,3.0,38915.5,-38915.5,15071.972825128516,0,556.8949724310688,14308.219178082192,1,0,0,0,0,0
2441,68.89,2497.399081605913,650.0,0,8.04,3.0,44778.5,-44778.5,15071.972825128516,0,556.8949724310688,14308.219178082192,1,0,0,0,0,0
2442,70.86,3777.899081605913,650.0,0,8.04,3.0,46059.0,-46059.0,15071.972825128516,0,556.8949724310688,14308.219178082192,1,0,0,0,0,0
2443,67.57,1639.3990816059058,650.0,0,8.04,3.0,43920.49999999999,-43920.49999999999,15071.972825128516,0,556.8949724310688,14308.219178082192,1,0,0,0,0,0
2444,51.18,106.53530814304438,-659.6383232550305,5.0,8.04,3.0,-33760.28938419246,33760.28938419246,3138.0483456800653,15.0,116.83198947648592,14308.219178082192,0,1,0,0,0,0
2445,60.34,-3060.100918394087,650.0,0,8.04,3.0,39221.0,-39221.0,15071.972825128516,0,556.8949724310688,14308.219178082192,1,0,0,0,0,0
2446,56.15,-3171.867158434455,-659.6383232550305,5.0,8.04,3.0,-37038.69185076996,37038.69185076996,3138.0483456800653,15.0,116.83198947648592,14308.219178082192,0,1,0,0,0,0
2447,56.72,-3547.8610026898236,-659.6383232550305,5.0,8.04,3.0,-37414.68569502533,37414.68569502533,3138.0483456800653,15.0,116.83198947648592,14308.219178082192,0,1,0,0,0,0
2448,40.34,7257.014732227573,-659.6383232550305,5.0,8.04,3.0,-26609.809960107934,26609.809960107934,3138.0483456800653,15.0,116.83198947648592,14308.219178082192,0,1,0,0,0,0
2449,26.36,16478.7584913329,-659.6383232550305,5.0,8.04,3.0,-17388.066201002603,17388.066201002603,3138.0483456800653,15.0,116.83198947648592,14308.219178082192,0,1,0,0,0,0
2450,63.12,-1253.1009183940869,650.0,0,8.04,3.0,41028.0,-41028.0,15071.972825128516,0,556.8949724310688,14308.219178082192,1,0,0,0,0,0
2451,50.97,245.05935602659926,-659.6383232550305,5.0,8.04,3.0,-33621.765336308905,33621.765336308905,3138.0483456800653,15.0,116.83198947648592,14308.219178082192,0,1,0,0,0,0
2452,49.55,1181.7457750487451,-659.6383232550305,5.0,8.04,3.0,-32685.07891728676,32685.07891728676,3138.0483456800653,15.0,116.83198947648592,14308.219178082192,0,1,0,0,0,0
2453,54.19,-1878.9760448545926,-659.6383232550305,5.0,8.04,3.0,-35745.800737190104,35745.800737190104,3138.0483456800653,15.0,116.83198947648592,14308.219178082192,0,1,0,0,0,0
2454,64.04,-655.1009183940797,650.0,0,8.04,3.0,41626.00000000001,-41626.00000000001,15071.972825128516,0,556.8949724310688,14308.219178082192,1,0,0,0,0,0
2455,80.11,9790.399081605916,650.0,0,8.04,3.0,52071.5,-52071.5,15071.972825128516,0,556.8949724310688,14308.219178082192,1,0,0,0,0,0
2456,62.83,-1441.6009183940869,650.0,0,8.04,3.0,40839.5,-40839.5,15071.972825128516,0,556.8949724310688,14308.219178082192,1,0,0,0,0,0
2457,61.78,-2124.100918394087,650.0,0,8.04,3.0,40157.0,-40157.0,15071.972825128516,0,556.8949724310688,14308.219178082192,1,0,0,0,0,0
2458,156.8,59638.89908160594,650.0,0,8.04,3.0,101920.00000000001,-101920.00000000001,15071.972825128516,0,556.8949724310688,14308.219178082192,1,0,0,0,0,0
2459,47.38,2613.1609365121553,-659.6383232550305,5.0,8.04,3.0,-31253.66375582335,31253.66375582335,3138.0483456800653,15.0,116.83198947648592,14308.219178082192,0,1,0,0,0,0
2460,58.38,-4334.100918394087,650.0,0,8.04,3.0,37947.0,-37947.0,15071.972825128516,0,556.8949724310688,14308.219178082192,1,0,0,0,0,0
2461,76.28,7300.899081605917,650.0,0,8.04,3.0,49582.0,-49582.0,15071.972825128516,0,556.8949724310688,14308.219178082192,1,0,0,0,0,0
2462,74.91,6410.399081605917,650.0,0,8.04,3.0,48691.5,-48691.5,15071.972825128516,0,556.8949724310688,14308.219178082192,1,0,0,0,0,0
2463,83.79,12182.399081605916,650.0,0,8.04,3.0,54463.50000000001,-54463.50000000001,15071.972825128516,0,556.8949724310688,14308.219178082192,1,0,0,0,0,0
2464,73.24,5324.899081605917,650.0,0,8.04,3.0,47606.0,-47606.0,15071.972825128516,0,556.8949724310688,14308.219178082192,1,0,0,0,0,0
2465,64.33,-466.600918394087,650.0,0,8.04,3.0,41814.5,-41814.5,15071.972825128516,0,556.8949724310688,14308.219178082192,1,0,0,0,0,0
2466,58.72,-4113.100918394087,650.0,0,8.04,3.0,38168.0,-38168.0,15071.972825128516,0,556.8949724310688,14308.219178082192,1,0,0,0,0,0
2467,54.62,-2162.6205238542602,-659.6383232550305,5.0,8.04,3.0,-36029.445216189764,36029.445216189764,3138.0483456800653,15.0,116.83198947648592,14308.219178082192,0,1,0,0,0,0
2468,64.72,-213.100918394087,650.0,0,8.04,3.0,42068.0,-42068.0,15071.972825128516,0,556.8949724310688,14308.219178082192,1,0,0,0,0,0
2469,41.96,6188.400648554423,-659.6383232550305,5.0,8.04,3.0,-27678.42404378108,27678.42404378108,3138.0483456800653,15.0,116.83198947648592,14308.219178082192,0,1,0,0,0,0
2470,57.07,-3778.7344158290866,-659.6383232550305,5.0,8.04,3.0,-37645.55910816459,37645.55910816459,3138.0483456800653,15.0,116.83198947648592,14308.219178082192,0,1,0,0,0,0
2471,54.14,-1845.994128691847,-659.6383232550305,5.0,8.04,3.0,-35712.81882102735,35712.81882102735,3138.0483456800653,15.0,116.83198947648592,14308.219178082192,0,1,0,0,0,0
2472,28.39,15139.692695125188,-659.6383232550305,5.0,8.04,3.0,-18727.131997210316,18727.131997210316,3138.0483456800653,15.0,116.83198947648592,14308.219178082192,0,1,0,0,0,0
2473,40.8,6953.581103530261,-659.6383232550305,5.0,8.04,3.0,-26913.243588805242,26913.243588805242,3138.0483456800653,15.0,116.83198947648592,14308.219178082192,0,1,0,0,0,0
2474,39.56,7771.532624366497,-659.6383232550305,5.0,8.04,3.0,-26095.292067969007,26095.292067969007,3138.0483456800653,15.0,116.83198947648592,14308.219178082192,0,1,0,0,0,0
2475,44.17,4730.599954160807,-659.6383232550305,5.0,8.04,3.0,-29136.2247381747,29136.2247381747,3138.0483456800653,15.0,116.83198947648592,14308.219178082192,0,1,0,0,0,0
2476,45.94,3563.040121999406,-659.6383232550305,5.0,8.04,3.0,-30303.7845703361,30303.7845703361,3138.0483456800653,15.0,116.83198947648592,14308.219178082192,0,1,0,0,0,0
2477,38.32,8589.484145202732,-659.6383232550305,5.0,8.04,3.0,-25277.340547132768,25277.340547132768,3138.0483456800653,15.0,116.83198947648592,14308.219178082192,0,1,0,0,0,0
2478,39.13,8055.177103366161,-659.6383232550305,5.0,8.04,3.0,-25811.647588969347,25811.647588969347,3138.0483456800653,15.0,116.83198947648592,14308.219178082192,0,1,0,0,0,0
2479,30.14,13985.325629428884,-659.6383232550305,5.0,8.04,3.0,-19881.49906290662,19881.49906290662,3138.0483456800653,15.0,116.83198947648592,14308.219178082192,0,1,0,0,0,0
2480,25.29,17184.571497215784,-659.6383232550305,5.0,8.04,3.0,-16682.25319511972,16682.25319511972,3138.0483456800653,15.0,116.83198947648592,14308.219178082192,0,1,0,0,0,0
2481,35.93,10166.019737782259,-659.6383232550305,5.0,8.04,3.0,-23700.804954553245,23700.804954553245,3138.0483456800653,15.0,116.83198947648592,14308.219178082192,0,1,0,0,0,0
2482,43.91,4902.1059182071185,-659.6383232550305,5.0,8.04,3.0,-28964.71877412839,28964.71877412839,3138.0483456800653,15.0,116.83198947648592,14308.219178082192,0,1,0,0,0,0
2483,32.15,12659.452599686276,-659.6383232550305,5.0,8.04,3.0,-21207.37209264923,21207.37209264923,3138.0483456800653,15.0,116.83198947648592,14308.219178082192,0,1,0,0,0,0
2484,34.34,11214.844671757754,-659.6383232550305,5.0,8.04,3.0,-22651.98002057775,22651.98002057775,3138.0483456800653,15.0,116.83198947648592,14308.219178082192,0,1,0,0,0,0
2485,25.12,17296.710012169136,-659.6383232550305,5.0,8.04,3.0,-16570.114680166367,16570.114680166367,3138.0483456800653,15.0,116.83198947648592,14308.219178082192,0,1,0,0,0,0
2486,40.15,7382.346013646027,-659.6383232550305,5.0,8.04,3.0,-26484.478678689473,26484.478678689473,3138.0483456800653,15.0,116.83198947648592,14308.219178082192,0,1,0,0,0,0
2487,26.73,16234.692311728537,-659.6383232550305,5.0,8.04,3.0,-17632.132380606967,17632.132380606967,3138.0483456800653,15.0,116.83198947648592,14308.219178082192,0,1,0,0,0,0
2488,21.41,19743.968191445303,-659.6383232550305,5.0,8.04,3.0,-14122.856500890204,14122.856500890204,3138.0483456800653,15.0,116.83198947648592,14308.219178082192,0,1,0,0,0,0
2489,18.35,21762.461460605693,-659.6383232550305,5.0,8.04,3.0,-12104.36323172981,12104.36323172981,3138.0483456800653,15.0,116.83198947648592,14308.219178082192,0,1,0,0,0,0
2490,41.94,6201.593415019524,-659.6383232550305,5.0,8.04,3.0,-27665.23127731598,27665.23127731598,3138.0483456800653,15.0,116.83198947648592,14308.219178082192,0,1,0,0,0,0
2491,47.22,2718.7030682329682,-659.6383232550305,5.0,8.04,3.0,-31148.12162410254,31148.12162410254,3138.0483456800653,15.0,116.83198947648592,14308.219178082192,0,1,0,0,0,0
2492,51.64,-196.898320554275,-659.6383232550305,5.0,8.04,3.0,-34063.72301288978,34063.72301288978,3138.0483456800653,15.0,116.83198947648592,14308.219178082192,0,1,0,0,0,0
2493,35.54,10423.27868385172,-659.6383232550305,5.0,8.04,3.0,-23443.546008483783,23443.546008483783,3138.0483456800653,15.0,116.83198947648592,14308.219178082192,0,1,0,0,0,0
2494,57.69,-4187.710176247201,-659.6383232550305,5.0,8.04,3.0,-38054.53486858271,38054.53486858271,3138.0483456800653,15.0,116.83198947648592,14308.219178082192,0,1,0,0,0,0
2495,33.14,12006.410659663794,-659.6383232550305,5.0,8.04,3.0,-21860.414032671713,21860.414032671713,3138.0483456800653,15.0,116.83198947648592,14308.219178082192,0,1,0,0,0,0
2496,24.27,17857.402586935914,-659.6383232550305,5.0,8.04,3.0,-16009.42210539959,16009.42210539959,3138.0483456800653,15.0,116.83198947648592,14308.219178082192,0,1,0,0,0,0
2497,38.92,8193.701151249716,-659.6383232550305,5.0,8.04,3.0,-25673.123541085788,25673.123541085788,3138.0483456800653,15.0,116.83198947648592,14308.219178082192,0,1,0,0,0,0
2498,33.21,11960.23597703594,-659.6383232550305,5.0,8.04,3.0,-21906.588715299564,21906.588715299564,3138.0483456800653,15.0,116.83198947648592,14308.219178082192,0,1,0,0,0,0
2499,43.0,5502.376792369192,-659.6383232550305,5.0,8.04,3.0,-28364.44789996631,28364.44789996631,3138.0483456800653,15.0,116.83198947648592,14308.219178082192,0,1,0,0,0,0
2500,51.74,-262.8621528797735,-659.6383232550305,5.0,8.04,3.0,-34129.68684521528,34129.68684521528,3138.0483456800653,15.0,116.83198947648592,14308.219178082192,0,1,0,0,0,0
2501,44.4,4578.883139812151,-659.6383232550305,5.0,8.04,3.0,-29287.941552523353,29287.941552523353,3138.0483456800653,15.0,116.83198947648592,14308.219178082192,0,1,0,0,0,0
2502,41.81,6287.346397042675,-659.6383232550305,5.0,8.04,3.0,-27579.47829529283,27579.47829529283,3138.0483456800653,15.0,116.83198947648592,14308.219178082192,0,1,0,0,0,0
2503,22.66,18919.420287376513,-659.6383232550305,5.0,8.04,3.0,-14947.404404958992,14947.404404958992,3138.0483456800653,15.0,116.83198947648592,14308.219178082192,0,1,0,0,0,0
2504,15.74,23484.117484301325,-659.6383232550305,5.0,8.04,3.0,-10382.70720803418,10382.70720803418,3138.0483456800653,15.0,116.83198947648592,14308.219178082192,0,1,0,0,0,0
2505,19.6,20937.913556536907,-659.6383232550305,5.0,8.04,3.0,-12928.911135798598,12928.911135798598,3138.0483456800653,15.0,116.83198947648592,14308.219178082192,0,1,0,0,0,0
2506,29.16,14631.771186218815,-659.6383232550305,5.0,8.04,3.0,-19235.05350611669,19235.05350611669,3138.0483456800653,15.0,116.83198947648592,14308.219178082192,0,1,0,0,0,0
2507,23.98,18048.69770067987,-659.6383232550305,5.0,8.04,3.0,-15818.126991655632,15818.126991655632,3138.0483456800653,15.0,116.83198947648592,14308.219178082192,0,1,0,0,0,0
2508,35.04,10753.097845479235,-659.6383232550305,5.0,8.04,3.0,-23113.72684685627,23113.72684685627,3138.0483456800653,15.0,116.83198947648592,14308.219178082192,0,1,0,0,0,0
2509,38.13,8714.81542662119,-659.6383232550305,5.0,8.04,3.0,-25152.009265714314,25152.009265714314,3138.0483456800653,15.0,116.83198947648592,14308.219178082192,0,1,0,0,0,0
2510,20.48,20357.431832072478,-659.6383232550305,5.0,8.04,3.0,-13509.392860263026,13509.392860263026,3138.0483456800653,15.0,116.83198947648592,14308.219178082192,0,1,0,0,0,0
2511,37.5,9130.387570271858,-659.6383232550305,5.0,8.04,3.0,-24736.437122063646,24736.437122063646,3138.0483456800653,15.0,116.83198947648592,14308.219178082192,0,1,0,0,0,0
2512,48.86,1636.8962180947133,-659.6383232550305,5.0,8.04,3.0,-32229.92847424079,32229.92847424079,3138.0483456800653,15.0,116.83198947648592,14308.219178082192,0,1,0,0,0,0
2513,57.33,-3950.2403798753944,-659.6383232550305,5.0,8.04,3.0,-37817.0650722109,37817.0650722109,3138.0483456800653,15.0,116.83198947648592,14308.219178082192,0,1,0,0,0,0
2514,57.03,-3752.3488828988843,-659.6383232550305,5.0,8.04,3.0,-37619.17357523439,37619.17357523439,3138.0483456800653,15.0,116.83198947648592,14308.219178082192,0,1,0,0,0,0
2515,60.55,-2923.600918394087,650.0,0,8.04,3.0,39357.5,-39357.5,15071.972825128516,0,556.8949724310688,14308.219178082192,1,0,0,0,0,0
2516,75.23,6618.399081605917,650.0,0,8.04,3.0,48899.5,-48899.5,15071.972825128516,0,556.8949724310688,14308.219178082192,1,0,0,0,0,0
2517,52.12,-513.5247157166809,-659.6383232550305,5.0,8.04,3.0,-34380.34940805219,34380.34940805219,3138.0483456800653,15.0,116.83198947648592,14308.219178082192,0,1,0,0,0,0
2518,91.37,17109.399081605916,650.0,0,8.04,3.0,59390.5,-59390.5,15071.972825128516,0,556.8949724310688,14308.219178082192,1,0,0,0,0,0
2519,41.25,6656.743858065496,-659.6383232550305,5.0,8.04,3.0,-27210.080834270007,27210.080834270007,3138.0483456800653,15.0,116.83198947648592,14308.219178082192,0,1,0,0,0,0
2520,46.28,3338.7630920926936,-659.6383232550305,5.0,8.04,3.0,-30528.061600242814,30528.061600242814,3138.0483456800653,15.0,116.83198947648592,14308.219178082192,0,1,0,0,0,0
2521,30.66,13642.313701336268,-659.6383232550305,5.0,8.04,3.0,-20224.510990999235,20224.510990999235,3138.0483456800653,15.0,116.83198947648592,14308.219178082192,0,1,0,0,0,0
2522,31.6,13022.253677476536,-659.6383232550305,5.0,8.04,3.0,-20844.571014858964,20844.571014858964,3138.0483456800653,15.0,116.83198947648592,14308.219178082192,0,1,0,0,0,0
2523,21.62,19605.444143561745,-659.6383232550305,5.0,8.04,3.0,-14261.38054877376,14261.38054877376,3138.0483456800653,15.0,116.83198947648592,14308.219178082192,0,1,0,0,0,0
2524,29.48,14420.686922777204,-659.6383232550305,5.0,8.04,3.0,-19446.1377695583,19446.1377695583,3138.0483456800653,15.0,116.83198947648592,14308.219178082192,0,1,0,0,0,0
2525,26.14,16623.878922449006,-659.6383232550305,5.0,8.04,3.0,-17242.945769886497,17242.945769886497,3138.0483456800653,15.0,116.83198947648592,14308.219178082192,0,1,0,0,0,0
2526,38.89,8213.490300947367,-659.6383232550305,5.0,8.04,3.0,-25653.334391388136,25653.334391388136,3138.0483456800653,15.0,116.83198947648592,14308.219178082192,0,1,0,0,0,0
2527,49.16,1439.0047211182068,-659.6383232550305,5.0,8.04,3.0,-32427.819971217297,32427.819971217297,3138.0483456800653,15.0,116.83198947648592,14308.219178082192,0,1,0,0,0,0
2528,30.99,13424.63305466211,-659.6383232550305,5.0,8.04,3.0,-20442.191637673393,20442.191637673393,3138.0483456800653,15.0,116.83198947648592,14308.219178082192,0,1,0,0,0,0
2529,35.34,10555.206348502721,-659.6383232550305,5.0,8.04,3.0,-23311.61834383278,23311.61834383278,3138.0483456800653,15.0,116.83198947648592,14308.219178082192,0,1,0,0,0,0
2530,39.43,7857.285606389651,-659.6383232550305,5.0,8.04,3.0,-26009.539085945853,26009.539085945853,3138.0483456800653,15.0,116.83198947648592,14308.219178082192,0,1,0,0,0,0
2531,44.13,4756.985487091006,-659.6383232550305,5.0,8.04,3.0,-29109.839205244498,29109.839205244498,3138.0483456800653,15.0,116.83198947648592,14308.219178082192,0,1,0,0,0,0
2532,37.95,8833.550324807093,-659.6383232550305,5.0,8.04,3.0,-25033.27436752841,25033.27436752841,3138.0483456800653,15.0,116.83198947648592,14308.219178082192,0,1,0,0,0,0
2533,30.81,13543.367952848017,-659.6383232550305,5.0,8.04,3.0,-20323.45673948749,20323.45673948749,3138.0483456800653,15.0,116.83198947648592,14308.219178082192,0,1,0,0,0,0
2534,28.16,15291.409509473844,-659.6383232550305,5.0,8.04,3.0,-18575.41518286166,18575.41518286166,3138.0483456800653,15.0,116.83198947648592,14308.219178082192,0,1,0,0,0,0
2535,32.63,12342.826204523855,-659.6383232550305,5.0,8.04,3.0,-21523.99848781165,21523.99848781165,3138.0483456800653,15.0,116.83198947648592,14308.219178082192,0,1,0,0,0,0
2536,36.41,9849.393342619845,-659.6383232550305,5.0,8.04,3.0,-24017.431349715658,24017.431349715658,3138.0483456800653,15.0,116.83198947648592,14308.219178082192,0,1,0,0,0,0
2537,40.07,7435.117079506432,-659.6383232550305,5.0,8.04,3.0,-26431.707612829072,26431.707612829072,3138.0483456800653,15.0,116.83198947648592,14308.219178082192,0,1,0,0,0,0
2538,50.47,574.8785176541137,-659.6383232550305,5.0,8.04,3.0,-33291.94617468139,33291.94617468139,3138.0483456800653,15.0,116.83198947648592,14308.219178082192,0,1,0,0,0,0
2539,66.37,859.399081605913,650.0,0,8.04,3.0,43140.5,-43140.5,15071.972825128516,0,556.8949724310688,14308.219178082192,1,0,0,0,0,0
2540,68.06,1957.8990816059131,650.0,0,8.04,3.0,44239.0,-44239.0,15071.972825128516,0,556.8949724310688,14308.219178082192,1,0,0,0,0,0
2541,94.42,19091.899081605916,650.0,0,8.04,3.0,61373.0,-61373.0,15071.972825128516,0,556.8949724310688,14308.219178082192,1,0,0,0,0,0
2542,55.0,-2413.283086691175,-659.6383232550305,5.0,8.04,3.0,-36280.10777902668,36280.10777902668,3138.0483456800653,15.0,116.83198947648592,14308.219178082192,0,1,0,0,0,0
2543,63.9,-746.100918394087,650.0,0,8.04,3.0,41535.0,-41535.0,15071.972825128516,0,556.8949724310688,14308.219178082192,1,0,0,0,0,0
2544,53.3,-1291.8979371576202,-659.6383232550305,5.0,8.04,3.0,-35158.722629493124,35158.722629493124,3138.0483456800653,15.0,116.83198947648592,14308.219178082192,0,1,0,0,0,0
2545,48.32,1993.10091265243,-659.6383232550305,5.0,8.04,3.0,-31873.723779683074,31873.723779683074,3138.0483456800653,15.0,116.83198947648592,14308.219178082192,0,1,0,0,0,0
2546,48.32,1993.10091265243,-659.6383232550305,5.0,8.04,3.0,-31873.723779683074,31873.723779683074,3138.0483456800653,15.0,116.83198947648592,14308.219178082192,0,1,0,0,0,0
2547,46.01,3516.865439371552,-659.6383232550305,5.0,8.04,3.0,-30349.959252963952,30349.959252963952,3138.0483456800653,15.0,116.83198947648592,14308.219178082192,0,1,0,0,0,0
2548,48.65,1775.4202659782718,-659.6383232550305,5.0,8.04,3.0,-32091.404426357232,32091.404426357232,3138.0483456800653,15.0,116.83198947648592,14308.219178082192,0,1,0,0,0,0
2549,46.18,3404.7269244181994,-659.6383232550305,5.0,8.04,3.0,-30462.09776791731,30462.09776791731,3138.0483456800653,15.0,116.83198947648592,14308.219178082192,0,1,0,0,0,0
2550,53.98,-1740.4519969710377,-659.6383232550305,5.0,8.04,3.0,-35607.27668930654,35607.27668930654,3138.0483456800653,15.0,116.83198947648592,14308.219178082192,0,1,0,0,0,0
2551,53.5,-1423.8256018086245,-659.6383232550305,5.0,8.04,3.0,-35290.650294144136,35290.650294144136,3138.0483456800653,15.0,116.83198947648592,14308.219178082192,0,1,0,0,0,0
2552,66.61,1015.399081605913,650.0,0,8.04,3.0,43296.5,-43296.5,15071.972825128516,0,556.8949724310688,14308.219178082192,1,0,0,0,0,0
2553,45.86,3615.811187859807,-659.6383232550305,5.0,8.04,3.0,-30251.0135044757,30251.0135044757,3138.0483456800653,15.0,116.83198947648592,14308.219178082192,0,1,0,0,0,0
2554,34.32,11228.037438222858,-659.6383232550305,5.0,8.04,3.0,-22638.78725411265,22638.78725411265,3138.0483456800653,15.0,116.83198947648592,14308.219178082192,0,1,0,0,0,0
2555,37.48,9143.580336736963,-659.6383232550305,5.0,8.04,3.0,-24723.24435559854,24723.24435559854,3138.0483456800653,15.0,116.83198947648592,14308.219178082192,0,1,0,0,0,0
2556,50.66,449.54723623565997,-659.6383232550305,5.0,8.04,3.0,-33417.277456099844,33417.277456099844,3138.0483456800653,15.0,116.83198947648592,14308.219178082192,0,1,0,0,0,0
2557,48.37,1960.1189964896807,-659.6383232550305,5.0,8.04,3.0,-31906.705695845823,31906.705695845823,3138.0483456800653,15.0,116.83198947648592,14308.219178082192,0,1,0,0,0,0
2558,50.35,654.0351164447134,-659.6383232550305,5.0,8.04,3.0,-33212.78957589079,33212.78957589079,3138.0483456800653,15.0,116.83198947648592,14308.219178082192,0,1,0,0,0,0
2559,55.66,-2848.6443800394914,-659.6383232550305,5.0,8.04,3.0,-36715.469072374995,36715.469072374995,3138.0483456800653,15.0,116.83198947648592,14308.219178082192,0,1,0,0,0,0
2560,39.87,7567.04474415744,-659.6383232550305,5.0,8.04,3.0,-26299.779948178064,26299.779948178064,3138.0483456800653,15.0,116.83198947648592,14308.219178082192,0,1,0,0,0,0
2561,49.69,1089.396409793037,-659.6383232550305,5.0,8.04,3.0,-32777.42828254247,32777.42828254247,3138.0483456800653,15.0,116.83198947648592,14308.219178082192,0,1,0,0,0,0
2562,50.65,456.14361946821055,-659.6383232550305,5.0,8.04,3.0,-33410.68107286729,33410.68107286729,3138.0483456800653,15.0,116.83198947648592,14308.219178082192,0,1,0,0,0,0
2563,11.99,25957.761196507687,-659.6383232550305,5.0,8.04,3.0,-7909.063495827816,7909.063495827816,3138.0483456800653,15.0,116.83198947648592,14308.219178082192,0,1,0,0,0,0
2564,18.26,21821.82890969865,-659.6383232550305,5.0,8.04,3.0,-12044.995782636859,12044.995782636859,3138.0483456800653,15.0,116.83198947648592,14308.219178082192,0,1,0,0,0,0
2565,58.28,-4399.100918394087,650.0,0,8.04,3.0,37882.0,-37882.0,15071.972825128516,0,556.8949724310688,14308.219178082192,1,0,0,0,0,0
2566,66.01,625.399081605913,650.0,0,8.04,3.0,42906.5,-42906.5,15071.972825128516,0,556.8949724310688,14308.219178082192,1,0,0,0,0,0
2567,90.87,16784.399081605916,650.0,0,8.04,3.0,59065.5,-59065.5,15071.972825128516,0,556.8949724310688,14308.219178082192,1,0,0,0,0,0
2568,52.96,-1067.620907250915,-659.6383232550305,5.0,8.04,3.0,-34934.44559958642,34934.44559958642,3138.0483456800653,15.0,116.83198947648592,14308.219178082192,0,1,0,0,0,0
2569,44.04,4816.352936183961,-659.6383232550305,5.0,8.04,3.0,-29050.471756151543,29050.471756151543,3138.0483456800653,15.0,116.83198947648592,14308.219178082192,0,1,0,0,0,0
2570,37.0,9460.206731899372,-659.6383232550305,5.0,8.04,3.0,-24406.617960436128,24406.617960436128,3138.0483456800653,15.0,116.83198947648592,14308.219178082192,0,1,0,0,0,0
2571,47.97,2223.9743257916894,-659.6383232550305,5.0,8.04,3.0,-31642.850366543815,31642.850366543815,3138.0483456800653,15.0,116.83198947648592,14308.219178082192,0,1,0,0,0,0
2572,66.03,638.399081605913,650.0,0,8.04,3.0,42919.5,-42919.5,15071.972825128516,0,556.8949724310688,14308.219178082192,1,0,0,0,0,0
2573,67.47,1574.3990816059131,650.0,0,8.04,3.0,43855.5,-43855.5,15071.972825128516,0,556.8949724310688,14308.219178082192,1,0,0,0,0,0
2574,62.86,-1422.1009183940869,650.0,0,8.04,3.0,40859.0,-40859.0,15071.972825128516,0,556.8949724310688,14308.219178082192,1,0,0,0,0,0
2575,44.16,4737.196337393358,-659.6383232550305,5.0,8.04,3.0,-29129.628354942146,29129.628354942146,3138.0483456800653,15.0,116.83198947648592,14308.219178082192,0,1,0,0,0,0
2576,59.86,-3372.100918394087,650.0,0,8.04,3.0,38909.0,-38909.0,15071.972825128516,0,556.8949724310688,14308.219178082192,1,0,0,0,0,0
2577,65.03,-11.600918394086989,650.0,0,8.04,3.0,42269.5,-42269.5,15071.972825128516,0,556.8949724310688,14308.219178082192,1,0,0,0,0,0
2578,60.32,-3073.100918394087,650.0,0,8.04,3.0,39208.0,-39208.0,15071.972825128516,0,556.8949724310688,14308.219178082192,1,0,0,0,0,0
2579,99.84,22614.899081605916,650.0,0,8.04,3.0,64896.0,-64896.0,15071.972825128516,0,556.8949724310688,14308.219178082192,1,0,0,0,0,0
2580,46.94,2903.4017987443735,-659.6383232550305,5.0,8.04,3.0,-30963.42289359113,30963.42289359113,3138.0483456800653,15.0,116.83198947648592,14308.219178082192,0,1,0,0,0,0
2581,49.53,1194.9385415138427,-659.6383232550305,5.0,8.04,3.0,-32671.88615082166,32671.88615082166,3138.0483456800653,15.0,116.83198947648592,14308.219178082192,0,1,0,0,0,0
2582,47.73,2382.2875233728996,-659.6383232550305,5.0,8.04,3.0,-31484.537168962604,31484.537168962604,3138.0483456800653,15.0,116.83198947648592,14308.219178082192,0,1,0,0,0,0
2583,40.82,6940.3883370651565,-659.6383232550305,5.0,8.04,3.0,-26926.436355270347,26926.436355270347,3138.0483456800653,15.0,116.83198947648592,14308.219178082192,0,1,0,0,0,0
2584,44.21,4704.214421230605,-659.6383232550305,5.0,8.04,3.0,-29162.6102711049,29162.6102711049,3138.0483456800653,15.0,116.83198947648592,14308.219178082192,0,1,0,0,0,0
2585,63.0,-1331.1009183940869,650.0,0,8.04,3.0,40950.0,-40950.0,15071.972825128516,0,556.8949724310688,14308.219178082192,1,0,0,0,0,0
2586,49.6,1148.7638588859922,-659.6383232550305,5.0,8.04,3.0,-32718.060833449515,32718.060833449515,3138.0483456800653,15.0,116.83198947648592,14308.219178082192,0,1,0,0,0,0
2587,60.53,-2936.600918394087,650.0,0,8.04,3.0,39344.5,-39344.5,15071.972825128516,0,556.8949724310688,14308.219178082192,1,0,0,0,0,0
2588,73.22,5311.899081605917,650.0,0,8.04,3.0,47593.0,-47593.0,15071.972825128516,0,556.8949724310688,14308.219178082192,1,0,0,0,0,0
2589,242.09,115077.39908160592,650.0,0,8.04,3.0,157358.5,-157358.5,15071.972825128516,0,556.8949724310688,14308.219178082192,1,0,0,0,0,0
2590,63.81,-804.600918394087,650.0,0,8.04,3.0,41476.5,-41476.5,15071.972825128516,0,556.8949724310688,14308.219178082192,1,0,0,0,0,0
2591,48.68,1755.63111628062,-659.6383232550305,5.0,8.04,3.0,-32111.193576054884,32111.193576054884,3138.0483456800653,15.0,116.83198947648592,14308.219178082192,0,1,0,0,0,0
2592,27.53,15706.981653124512,-659.6383232550305,5.0,8.04,3.0,-18159.84303921099,18159.84303921099,3138.0483456800653,15.0,116.83198947648592,14308.219178082192,0,1,0,0,0,0
2593,45.68,3734.54608604571,-659.6383232550305,5.0,8.04,3.0,-30132.278606289794,30132.278606289794,3138.0483456800653,15.0,116.83198947648592,14308.219178082192,0,1,0,0,0,0
2594,44.61,4440.359091928596,-659.6383232550305,5.0,8.04,3.0,-29426.46560040691,29426.46560040691,3138.0483456800653,15.0,116.83198947648592,14308.219178082192,0,1,0,0,0,0
2595,52.92,-1041.2353743207127,-659.6383232550305,5.0,8.04,3.0,-34908.06006665622,34908.06006665622,3138.0483456800653,15.0,116.83198947648592,14308.219178082192,0,1,0,0,0,0
2596,92.28,17700.899081605916,650.0,0,8.04,3.0,59982.0,-59982.0,15071.972825128516,0,556.8949724310688,14308.219178082192,1,0,0,0,0,0
2597,88.28,15100.899081605916,650.0,0,8.04,3.0,57382.0,-57382.0,15071.972825128516,0,556.8949724310688,14308.219178082192,1,0,0,0,0,0
2598,74.16,5922.899081605917,650.0,0,8.04,3.0,48204.0,-48204.0,15071.972825128516,0,556.8949724310688,14308.219178082192,1,0,0,0,0,0
2599,67.38,1515.8990816059131,650.0,0,8.04,3.0,43797.0,-43797.0,15071.972825128516,0,556.8949724310688,14308.219178082192,1,0,0,0,0,0
2600,81.96,10992.899081605901,650.0,0,8.04,3.0,53273.99999999999,-53273.99999999999,15071.972825128516,0,556.8949724310688,14308.219178082192,1,0,0,0,0,0
2601,68.18,2035.8990816059204,650.0,0,8.04,3.0,44317.00000000001,-44317.00000000001,15071.972825128516,0,556.8949724310688,14308.219178082192,1,0,0,0,0,0
2602,52.94,-1054.4281407858066,-659.6383232550305,5.0,8.04,3.0,-34921.25283312131,34921.25283312131,3138.0483456800653,15.0,116.83198947648592,14308.219178082192,0,1,0,0,0,0
2603,55.16,-2518.825218411977,-659.6383232550305,5.0,8.04,3.0,-36385.64991074748,36385.64991074748,3138.0483456800653,15.0,116.83198947648592,14308.219178082192,0,1,0,0,0,0
2604,50.46,581.4749008866643,-659.6383232550305,5.0,8.04,3.0,-33285.34979144884,33285.34979144884,3138.0483456800653,15.0,116.83198947648592,14308.219178082192,0,1,0,0,0,0
2605,53.48,-1410.6328353435233,-659.6383232550305,5.0,8.04,3.0,-35277.45752767903,35277.45752767903,3138.0483456800653,15.0,116.83198947648592,14308.219178082192,0,1,0,0,0,0
2606,41.3,6623.761941902747,-659.6383232550305,5.0,8.04,3.0,-27243.062750432757,27243.062750432757,3138.0483456800653,15.0,116.83198947648592,14308.219178082192,0,1,0,0,0,0
2607,41.12,6742.496840088654,-659.6383232550305,5.0,8.04,3.0,-27124.327852246854,27124.327852246854,3138.0483456800653,15.0,116.83198947648592,14308.219178082192,0,1,0,0,0,0
2608,44.93,4229.274828486981,-659.6383232550305,5.0,8.04,3.0,-29637.549863848522,29637.549863848522,3138.0483456800653,15.0,116.83198947648592,14308.219178082192,0,1,0,0,0,0
2609,53.31,-1298.494320390178,-659.6383232550305,5.0,8.04,3.0,-35165.319012725675,35165.319012725675,3138.0483456800653,15.0,116.83198947648592,14308.219178082192,0,1,0,0,0,0
2610,55.48,-2729.909481853588,-659.6383232550305,5.0,8.04,3.0,-36596.73417418909,36596.73417418909,3138.0483456800653,15.0,116.83198947648592,14308.219178082192,0,1,0,0,0,0
2611,53.36,-1331.4762365529236,-659.6383232550305,5.0,8.04,3.0,-35198.30092888843,35198.30092888843,3138.0483456800653,15.0,116.83198947648592,14308.219178082192,0,1,0,0,0,0
2612,52.94,-1054.4281407858066,-659.6383232550305,5.0,8.04,3.0,-34921.25283312131,34921.25283312131,3138.0483456800653,15.0,116.83198947648592,14308.219178082192,0,1,0,0,0,0
2613,62.23,-1831.6009183940869,650.0,0,8.04,3.0,40449.5,-40449.5,15071.972825128516,0,556.8949724310688,14308.219178082192,1,0,0,0,0,0
2614,30.24,13919.361797103382,-659.6383232550305,5.0,8.04,3.0,-19947.46289523212,19947.46289523212,3138.0483456800653,15.0,116.83198947648592,14308.219178082192,0,1,0,0,0,0
2615,28.92,14790.084383800018,-659.6383232550305,5.0,8.04,3.0,-19076.740308535485,19076.740308535485,3138.0483456800653,15.0,116.83198947648592,14308.219178082192,0,1,0,0,0,0
2616,28.24,15238.638443613443,-659.6383232550305,5.0,8.04,3.0,-18628.18624872206,18628.18624872206,3138.0483456800653,15.0,116.83198947648592,14308.219178082192,0,1,0,0,0,0
2617,9.98,27283.6342262503,-659.6383232550305,5.0,8.04,3.0,-6583.190466085205,6583.190466085205,3138.0483456800653,15.0,116.83198947648592,14308.219178082192,0,1,0,0,0,0
2618,20.69,20218.907784188923,-659.6383232550305,5.0,8.04,3.0,-13647.916908146583,13647.916908146583,3138.0483456800653,15.0,116.83198947648592,14308.219178082192,0,1,0,0,0,0
2619,25.92,16768.999353565112,-659.6383232550305,5.0,8.04,3.0,-17097.82533877039,17097.82533877039,3138.0483456800653,15.0,116.83198947648592,14308.219178082192,0,1,0,0,0,0
2620,32.93,12144.934707547352,-659.6383232550305,5.0,8.04,3.0,-21721.889984788155,21721.889984788155,3138.0483456800653,15.0,116.83198947648592,14308.219178082192,0,1,0,0,0,0
2621,67.91,1860.3990816059131,650.0,0,8.04,3.0,44141.5,-44141.5,15071.972825128516,0,556.8949724310688,14308.219178082192,1,0,0,0,0,0
2622,76.7,7573.899081605917,650.0,0,8.04,3.0,49855.0,-49855.0,15071.972825128516,0,556.8949724310688,14308.219178082192,1,0,0,0,0,0
2623,90.11,16290.399081605916,650.0,0,8.04,3.0,58571.5,-58571.5,15071.972825128516,0,556.8949724310688,14308.219178082192,1,0,0,0,0,0
2624,69.58,2945.899081605913,650.0,0,8.04,3.0,45227.0,-45227.0,15071.972825128516,0,556.8949724310688,14308.219178082192,1,0,0,0,0,0
2625,56.51,-3409.3369548062687,-659.6383232550305,5.0,8.04,3.0,-37276.16164714177,37276.16164714177,3138.0483456800653,15.0,116.83198947648592,14308.219178082192,0,1,0,0,0,0
2626,60.69,-2832.600918394087,650.0,0,8.04,3.0,39448.5,-39448.5,15071.972825128516,0,556.8949724310688,14308.219178082192,1,0,0,0,0,0
2627,65.01,-24.60091839408699,650.0,0,8.04,3.0,42256.5,-42256.5,15071.972825128516,0,556.8949724310688,14308.219178082192,1,0,0,0,0,0
2628,76.34,7339.899081605917,650.0,0,8.04,3.0,49621.0,-49621.0,15071.972825128516,0,556.8949724310688,14308.219178082192,1,0,0,0,0,0
2629,70.81,3745.399081605913,650.0,0,8.04,3.0,46026.5,-46026.5,15071.972825128516,0,556.8949724310688,14308.219178082192,1,0,0,0,0,0
2630,64.54,-330.1009183940797,650.0,0,8.04,3.0,41951.00000000001,-41951.00000000001,15071.972825128516,0,556.8949724310688,14308.219178082192,1,0,0,0,0,0
2631,73.24,5324.899081605917,650.0,0,8.04,3.0,47606.0,-47606.0,15071.972825128516,0,556.8949724310688,14308.219178082192,1,0,0,0,0,0
2632,93.94,18779.899081605916,650.0,0,8.04,3.0,61061.0,-61061.0,15071.972825128516,0,556.8949724310688,14308.219178082192,1,0,0,0,0,0
2633,130.51,42550.39908160592,650.0,0,8.04,3.0,84831.5,-84831.5,15071.972825128516,0,556.8949724310688,14308.219178082192,1,0,0,0,0,0
2634,88.35,15146.399081605901,650.0,0,8.04,3.0,57427.49999999999,-57427.49999999999,15071.972825128516,0,556.8949724310688,14308.219178082192,1,0,0,0,0,0
2635,94.33,19033.399081605916,650.0,0,8.04,3.0,61314.5,-61314.5,15071.972825128516,0,556.8949724310688,14308.219178082192,1,0,0,0,0,0
2636,82.07,11064.399081605901,650.0,0,8.04,3.0,53345.49999999999,-53345.49999999999,15071.972825128516,0,556.8949724310688,14308.219178082192,1,0,0,0,0,0
2637,57.43,-4016.204212200893,-659.6383232550305,5.0,8.04,3.0,-37883.028904536404,37883.028904536404,3138.0483456800653,15.0,116.83198947648592,14308.219178082192,0,1,0,0,0,0
2638,52.27,-612.4704642049469,-659.6383232550305,5.0,8.04,3.0,-34479.295156540444,34479.295156540444,3138.0483456800653,15.0,116.83198947648592,14308.219178082192,0,1,0,0,0,0
2639,42.15,6063.069367135966,-659.6383232550305,5.0,8.04,3.0,-27803.755325199534,27803.755325199534,3138.0483456800653,15.0,116.83198947648592,14308.219178082192,0,1,0,0,0,0
2640,32.78,12243.880456035604,-659.6383232550305,5.0,8.04,3.0,-21622.9442362999,21622.9442362999,3138.0483456800653,15.0,116.83198947648592,14308.219178082192,0,1,0,0,0,0
2641,33.33,11881.079378245337,-659.6383232550305,5.0,8.04,3.0,-21985.745314090167,21985.745314090167,3138.0483456800653,15.0,116.83198947648592,14308.219178082192,0,1,0,0,0,0
2642,33.49,11775.537246524531,-659.6383232550305,5.0,8.04,3.0,-22091.287445810973,22091.287445810973,3138.0483456800653,15.0,116.83198947648592,14308.219178082192,0,1,0,0,0,0
2643,34.01,11432.525318431919,-659.6383232550305,5.0,8.04,3.0,-22434.29937390359,22434.29937390359,3138.0483456800653,15.0,116.83198947648592,14308.219178082192,0,1,0,0,0,0
2644,39.33,7923.249438715156,-659.6383232550305,5.0,8.04,3.0,-25943.575253620347,25943.575253620347,3138.0483456800653,15.0,116.83198947648592,14308.219178082192,0,1,0,0,0,0
2645,43.9,4908.702301439662,-659.6383232550305,5.0,8.04,3.0,-28958.122390895838,28958.122390895838,3138.0483456800653,15.0,116.83198947648592,14308.219178082192,0,1,0,0,0,0
2646,78.16,8522.899081605916,650.0,0,8.04,3.0,50804.0,-50804.0,15071.972825128516,0,556.8949724310688,14308.219178082192,1,0,0,0,0,0
2647,68.12,1996.8990816059131,650.0,0,8.04,3.0,44278.0,-44278.0,15071.972825128516,0,556.8949724310688,14308.219178082192,1,0,0,0,0,0
2648,68.75,2406.399081605913,650.0,0,8.04,3.0,44687.5,-44687.5,15071.972825128516,0,556.8949724310688,14308.219178082192,1,0,0,0,0,0
2649,70.4,3478.8990816059204,650.0,0,8.04,3.0,45760.00000000001,-45760.00000000001,15071.972825128516,0,556.8949724310688,14308.219178082192,1,0,0,0,0,0
2650,82.44,11304.899081605916,650.0,0,8.04,3.0,53586.0,-53586.0,15071.972825128516,0,556.8949724310688,14308.219178082192,1,0,0,0,0,0
2651,74.4,6078.899081605917,650.0,0,8.04,3.0,48360.00000000001,-48360.00000000001,15071.972825128516,0,556.8949724310688,14308.219178082192,1,0,0,0,0,0
2652,97.8,21288.899081605916,650.0,0,8.04,3.0,63570.0,-63570.0,15071.972825128516,0,556.8949724310688,14308.219178082192,1,0,0,0,0,0
2653,87.58,14645.899081605916,650.0,0,8.04,3.0,56927.0,-56927.0,15071.972825128516,0,556.8949724310688,14308.219178082192,1,0,0,0,0,0
2654,68.03,1938.3990816059131,650.0,0,8.04,3.0,44219.5,-44219.5,15071.972825128516,0,556.8949724310688,14308.219178082192,1,0,0,0,0,0
2655,60.26,-3112.100918394087,650.0,0,8.04,3.0,39169.0,-39169.0,15071.972825128516,0,556.8949724310688,14308.219178082192,1,0,0,0,0,0
2656,53.38,-1344.6690030180248,-659.6383232550305,5.0,8.04,3.0,-35211.49369535353,35211.49369535353,3138.0483456800653,15.0,116.83198947648592,14308.219178082192,0,1,0,0,0,0
2657,47.54,2507.6188047913533,-659.6383232550305,5.0,8.04,3.0,-31359.20588754415,31359.20588754415,3138.0483456800653,15.0,116.83198947648592,14308.219178082192,0,1,0,0,0,0
2658,41.92,6214.786181484626,-659.6383232550305,5.0,8.04,3.0,-27652.03851085088,27652.03851085088,3138.0483456800653,15.0,116.83198947648592,14308.219178082192,0,1,0,0,0,0
2659,48.8,1676.4745174900204,-659.6383232550305,5.0,8.04,3.0,-32190.350174845487,32190.350174845487,3138.0483456800653,15.0,116.83198947648592,14308.219178082192,0,1,0,0,0,0
2660,35.96,10146.230588084603,-659.6383232550305,5.0,8.04,3.0,-23720.594104250897,23720.594104250897,3138.0483456800653,15.0,116.83198947648592,14308.219178082192,0,1,0,0,0,0
2661,20.69,20218.907784188923,-659.6383232550305,5.0,8.04,3.0,-13647.916908146583,13647.916908146583,3138.0483456800653,15.0,116.83198947648592,14308.219178082192,0,1,0,0,0,0
2662,22.15,19255.83583223658,-659.6383232550305,5.0,8.04,3.0,-14610.988860098925,14610.988860098925,3138.0483456800653,15.0,116.83198947648592,14308.219178082192,0,1,0,0,0,0
2663,13.53,24941.91817869494,-659.6383232550305,5.0,8.04,3.0,-8924.906513640562,8924.906513640562,3138.0483456800653,15.0,116.83198947648592,14308.219178082192,0,1,0,0,0,0
2664,15.06,23932.671544114746,-659.6383232550305,5.0,8.04,3.0,-9934.15314822076,9934.15314822076,3138.0483456800653,15.0,116.83198947648592,14308.219178082192,0,1,0,0,0,0
2665,9.69,27474.929339994258,-659.6383232550305,5.0,8.04,3.0,-6391.895352341246,6391.895352341246,3138.0483456800653,15.0,116.83198947648592,14308.219178082192,0,1,0,0,0,0
2666,0.13,33781.071710312346,-659.6383232550305,5.0,8.04,3.0,-85.75298202315398,85.75298202315398,3138.0483456800653,15.0,116.83198947648592,14308.219178082192,0,1,0,0,0,0
2667,-0.63,34282.396835986176,-659.6383232550305,5.0,8.04,3.0,415.5721436506692,-415.5721436506692,3138.0483456800653,15.0,116.83198947648592,14308.219178082192,0,1,0,0,0,0
2668,2.45,32250.710800360677,-659.6383232550305,5.0,8.04,3.0,-1616.1138919748248,1616.1138919748248,3138.0483456800653,15.0,116.83198947648592,14308.219178082192,0,1,0,0,0,0
2669,11.64,26188.63460964695,-659.6383232550305,5.0,8.04,3.0,-7678.190082688556,7678.190082688556,3138.0483456800653,15.0,116.83198947648592,14308.219178082192,0,1,0,0,0,0
2670,18.66,21557.973580396632,-659.6383232550305,5.0,8.04,3.0,-12308.85111193887,12308.85111193887,3138.0483456800653,15.0,116.83198947648592,14308.219178082192,0,1,0,0,0,0
2671,37.56,9090.809270876558,-659.6383232550305,5.0,8.04,3.0,-24776.01542145895,24776.01542145895,3138.0483456800653,15.0,116.83198947648592,14308.219178082192,0,1,0,0,0,0
2672,26.63,16300.656144054043,-659.6383232550305,5.0,8.04,3.0,-17566.16854828146,17566.16854828146,3138.0483456800653,15.0,116.83198947648592,14308.219178082192,0,1,0,0,0,0
2673,32.12,12679.241749383924,-659.6383232550305,5.0,8.04,3.0,-21187.58294295158,21187.58294295158,3138.0483456800653,15.0,116.83198947648592,14308.219178082192,0,1,0,0,0,0
2674,40.26,7309.785798087978,-659.6383232550305,5.0,8.04,3.0,-26557.038894247526,26557.038894247526,3138.0483456800653,15.0,116.83198947648592,14308.219178082192,0,1,0,0,0,0
2675,39.27,7962.827738110453,-659.6383232550305,5.0,8.04,3.0,-25903.99695422505,25903.99695422505,3138.0483456800653,15.0,116.83198947648592,14308.219178082192,0,1,0,0,0,0
2676,36.88,9539.36333068998,-659.6383232550305,5.0,8.04,3.0,-24327.461361645528,24327.461361645528,3138.0483456800653,15.0,116.83198947648592,14308.219178082192,0,1,0,0,0,0
2677,38.37,8556.502229039987,-659.6383232550305,5.0,8.04,3.0,-25310.32246329552,25310.32246329552,3138.0483456800653,15.0,116.83198947648592,14308.219178082192,0,1,0,0,0,0
2678,28.25,15232.042060380893,-659.6383232550305,5.0,8.04,3.0,-18634.78263195461,18634.78263195461,3138.0483456800653,15.0,116.83198947648592,14308.219178082192,0,1,0,0,0,0
2679,29.7,14275.566491661099,-659.6383232550305,5.0,8.04,3.0,-19591.258200674405,19591.258200674405,3138.0483456800653,15.0,116.83198947648592,14308.219178082192,0,1,0,0,0,0
2680,33.69,11643.609581873527,-659.6383232550305,5.0,8.04,3.0,-22223.215110461977,22223.215110461977,3138.0483456800653,15.0,116.83198947648592,14308.219178082192,0,1,0,0,0,0
2681,20.99,20021.016287212413,-659.6383232550305,5.0,8.04,3.0,-13845.808405123089,13845.808405123089,3138.0483456800653,15.0,116.83198947648592,14308.219178082192,0,1,0,0,0,0
2682,14.84,24077.79197523085,-659.6383232550305,5.0,8.04,3.0,-9789.032717104652,9789.032717104652,3138.0483456800653,15.0,116.83198947648592,14308.219178082192,0,1,0,0,0,0
2683,16.39,23055.352574185556,-659.6383232550305,5.0,8.04,3.0,-10811.47211814995,10811.47211814995,3138.0483456800653,15.0,116.83198947648592,14308.219178082192,0,1,0,0,0,0
2684,22.82,18813.878155655708,-659.6383232550305,5.0,8.04,3.0,-15052.946536679796,15052.946536679796,3138.0483456800653,15.0,116.83198947648592,14308.219178082192,0,1,0,0,0,0
2685,16.03,23292.822370557366,-659.6383232550305,5.0,8.04,3.0,-10574.00232177814,10574.00232177814,3138.0483456800653,15.0,116.83198947648592,14308.219178082192,0,1,0,0,0,0
2686,19.19,21208.365269071466,-659.6383232550305,5.0,8.04,3.0,-12658.459423264036,12658.459423264036,3138.0483456800653,15.0,116.83198947648592,14308.219178082192,0,1,0,0,0,0
2687,15.32,23761.165580068435,-659.6383232550305,5.0,8.04,3.0,-10105.659112267067,10105.659112267067,3138.0483456800653,15.0,116.83198947648592,14308.219178082192,0,1,0,0,0,0
2688,9.04,27903.694250110027,-659.6383232550305,5.0,8.04,3.0,-5963.130442225475,5963.130442225475,3138.0483456800653,15.0,116.83198947648592,14308.219178082192,0,1,0,0,0,0
2689,13.46,24988.09286132279,-659.6383232550305,5.0,8.04,3.0,-8878.731831012712,8878.731831012712,3138.0483456800653,15.0,116.83198947648592,14308.219178082192,0,1,0,0,0,0
2690,4.85,30667.578824548607,-659.6383232550305,5.0,8.04,3.0,-3199.2458677868976,3199.2458677868976,3138.0483456800653,15.0,116.83198947648592,14308.219178082192,0,1,0,0,0,0
2691,-0.83,34414.32450063718,-659.6383232550305,5.0,8.04,3.0,547.4998083016753,-547.4998083016753,3138.0483456800653,15.0,116.83198947648592,14308.219178082192,0,1,0,0,0,0
2692,-3.11,35918.29987765865,-659.6383232550305,5.0,8.04,3.0,2051.4751853231446,-2051.4751853231446,3138.0483456800653,15.0,116.83198947648592,14308.219178082192,0,1,0,0,0,0
2693,6.68,29460.4406929919,-659.6383232550305,5.0,8.04,3.0,-4406.383999343604,4406.383999343604,3138.0483456800653,15.0,116.83198947648592,14308.219178082192,0,1,0,0,0,0
2694,3.86,31320.620764571086,-659.6383232550305,5.0,8.04,3.0,-2546.2039277644176,2546.2039277644176,3138.0483456800653,15.0,116.83198947648592,14308.219178082192,0,1,0,0,0,0
2695,8.55,28226.91702850499,-659.6383232550305,5.0,8.04,3.0,-5639.907663830511,5639.907663830511,3138.0483456800653,15.0,116.83198947648592,14308.219178082192,0,1,0,0,0,0
2696,18.32,21782.250610303345,-659.6383232550305,5.0,8.04,3.0,-12084.574082032159,12084.574082032159,3138.0483456800653,15.0,116.83198947648592,14308.219178082192,0,1,0,0,0,0
2697,29.08,14684.542252079216,-659.6383232550305,5.0,8.04,3.0,-19182.282440256287,19182.282440256287,3138.0483456800653,15.0,116.83198947648592,14308.219178082192,0,1,0,0,0,0
2698,20.35,20443.18481409563,-659.6383232550305,5.0,8.04,3.0,-13423.639878239872,13423.639878239872,3138.0483456800653,15.0,116.83198947648592,14308.219178082192,0,1,0,0,0,0
2699,30.49,13754.452216289625,-659.6383232550305,5.0,8.04,3.0,-20112.37247604588,20112.37247604588,3138.0483456800653,15.0,116.83198947648592,14308.219178082192,0,1,0,0,0,0
2700,37.59,9071.020121178906,-659.6383232550305,5.0,8.04,3.0,-24795.8045711566,24795.8045711566,3138.0483456800653,15.0,116.83198947648592,14308.219178082192,0,1,0,0,0,0
2701,30.65,13648.910084568823,-659.6383232550305,5.0,8.04,3.0,-20217.914607766685,20217.914607766685,3138.0483456800653,15.0,116.83198947648592,14308.219178082192,0,1,0,0,0,0
2702,33.58,11716.16979743158,-659.6383232550305,5.0,8.04,3.0,-22150.654894903924,22150.654894903924,3138.0483456800653,15.0,116.83198947648592,14308.219178082192,0,1,0,0,0,0
2703,26.26,16544.7223236584,-659.6383232550305,5.0,8.04,3.0,-17322.102368677104,17322.102368677104,3138.0483456800653,15.0,116.83198947648592,14308.219178082192,0,1,0,0,0,0
2704,21.86,19447.130945980534,-659.6383232550305,5.0,8.04,3.0,-14419.693746354968,14419.693746354968,3138.0483456800653,15.0,116.83198947648592,14308.219178082192,0,1,0,0,0,0
2705,23.97,18055.294083912424,-659.6383232550305,5.0,8.04,3.0,-15811.530608423082,15811.530608423082,3138.0483456800653,15.0,116.83198947648592,14308.219178082192,0,1,0,0,0,0
2706,31.19,13292.705390011102,-659.6383232550305,5.0,8.04,3.0,-20574.1193023244,20574.1193023244,3138.0483456800653,15.0,116.83198947648592,14308.219178082192,0,1,0,0,0,0
2707,34.31,11234.633821455405,-659.6383232550305,5.0,8.04,3.0,-22632.1908708801,22632.1908708801,3138.0483456800653,15.0,116.83198947648592,14308.219178082192,0,1,0,0,0,0
2708,29.57,14361.319473684252,-659.6383232550305,5.0,8.04,3.0,-19505.50521865125,19505.50521865125,3138.0483456800653,15.0,116.83198947648592,14308.219178082192,0,1,0,0,0,0
2709,35.33,10561.802731735275,-659.6383232550305,5.0,8.04,3.0,-23305.02196060023,23305.02196060023,3138.0483456800653,15.0,116.83198947648592,14308.219178082192,0,1,0,0,0,0
2710,19.4,21069.84122118791,-659.6383232550305,5.0,8.04,3.0,-12796.98347114759,12796.98347114759,3138.0483456800653,15.0,116.83198947648592,14308.219178082192,0,1,0,0,0,0
2711,6.01,29902.39836957277,-659.6383232550305,5.0,8.04,3.0,-3964.4263227627334,3964.4263227627334,3138.0483456800653,15.0,116.83198947648592,14308.219178082192,0,1,0,0,0,0
2712,9.71,27461.736573529157,-659.6383232550305,5.0,8.04,3.0,-6405.088118806347,6405.088118806347,3138.0483456800653,15.0,116.83198947648592,14308.219178082192,0,1,0,0,0,0
2713,13.51,24955.110945160042,-659.6383232550305,5.0,8.04,3.0,-8911.713747175461,8911.713747175461,3138.0483456800653,15.0,116.83198947648592,14308.219178082192,0,1,0,0,0,0
2714,1.43,32923.54189008081,-659.6383232550305,5.0,8.04,3.0,-943.2828022546936,943.2828022546936,3138.0483456800653,15.0,116.83198947648592,14308.219178082192,0,1,0,0,0,0
2715,3.52,31544.897794477794,-659.6383232550305,5.0,8.04,3.0,-2321.9268978577074,2321.9268978577074,3138.0483456800653,15.0,116.83198947648592,14308.219178082192,0,1,0,0,0,0
2716,3.83,31340.409914268737,-659.6383232550305,5.0,8.04,3.0,-2526.4147780667668,2526.4147780667668,3138.0483456800653,15.0,116.83198947648592,14308.219178082192,0,1,0,0,0,0
2717,-0.84,34420.92088386973,-659.6383232550305,5.0,8.04,3.0,554.0961915342256,-554.0961915342256,3138.0483456800653,15.0,116.83198947648592,14308.219178082192,0,1,0,0,0,0
2718,-4.58,36887.968212843545,-659.6383232550305,5.0,8.04,3.0,3021.1435205080397,-3021.1435205080397,3138.0483456800653,15.0,116.83198947648592,14308.219178082192,0,1,0,0,0,0
2719,-2.21,35324.62538672912,-659.6383232550305,5.0,8.04,3.0,1457.8006943936175,-1457.8006943936175,3138.0483456800653,15.0,116.83198947648592,14308.219178082192,0,1,0,0,0,0
2720,2.3,32349.656548848932,-659.6383232550305,5.0,8.04,3.0,-1517.16814348657,1517.16814348657,3138.0483456800653,15.0,116.83198947648592,14308.219178082192,0,1,0,0,0,0
2721,22.88,18774.299856260404,-659.6383232550305,5.0,8.04,3.0,-15092.524836075097,15092.524836075097,3138.0483456800653,15.0,116.83198947648592,14308.219178082192,0,1,0,0,0,0
2722,7.53,28899.748118225125,-659.6383232550305,5.0,8.04,3.0,-4967.07657411038,4967.07657411038,3138.0483456800653,15.0,116.83198947648592,14308.219178082192,0,1,0,0,0,0
2723,10.74,26782.309100576476,-659.6383232550305,5.0,8.04,3.0,-7084.515591759028,7084.515591759028,3138.0483456800653,15.0,116.83198947648592,14308.219178082192,0,1,0,0,0,0
2724,12.35,25720.291400135877,-659.6383232550305,5.0,8.04,3.0,-8146.533292199627,8146.533292199627,3138.0483456800653,15.0,116.83198947648592,14308.219178082192,0,1,0,0,0,0
2725,10.62,26861.46569936708,-659.6383232550305,5.0,8.04,3.0,-7005.358992968424,7005.358992968424,3138.0483456800653,15.0,116.83198947648592,14308.219178082192,0,1,0,0,0,0
2726,6.14,29816.645387549615,-659.6383232550305,5.0,8.04,3.0,-4050.1793047858873,4050.1793047858873,3138.0483456800653,15.0,116.83198947648592,14308.219178082192,0,1,0,0,0,0
2727,6.03,29889.205603107668,-659.6383232550305,5.0,8.04,3.0,-3977.619089227834,3977.619089227834,3138.0483456800653,15.0,116.83198947648592,14308.219178082192,0,1,0,0,0,0
2728,10.72,26795.501867041577,-659.6383232550305,5.0,8.04,3.0,-7071.322825293928,7071.322825293928,3138.0483456800653,15.0,116.83198947648592,14308.219178082192,0,1,0,0,0,0
2729,24.0,18035.50493421477,-659.6383232550305,5.0,8.04,3.0,-15831.319758120731,15831.319758120731,3138.0483456800653,15.0,116.83198947648592,14308.219178082192,0,1,0,0,0,0
2730,47.85,2303.1309245822963,-659.6383232550305,5.0,8.04,3.0,-31563.69376775321,31563.69376775321,3138.0483456800653,15.0,116.83198947648592,14308.219178082192,0,1,0,0,0,0
2731,35.03,10759.694228711785,-659.6383232550305,5.0,8.04,3.0,-23107.13046362372,23107.13046362372,3138.0483456800653,15.0,116.83198947648592,14308.219178082192,0,1,0,0,0,0
2732,44.12,4763.58187032356,-659.6383232550305,5.0,8.04,3.0,-29103.242822011944,29103.242822011944,3138.0483456800653,15.0,116.83198947648592,14308.219178082192,0,1,0,0,0,0
2733,55.37,-2657.349266295532,-659.6383232550305,5.0,8.04,3.0,-36524.173958631036,36524.173958631036,3138.0483456800653,15.0,116.83198947648592,14308.219178082192,0,1,0,0,0,0
2734,28.63,14981.379497543981,-659.6383232550305,5.0,8.04,3.0,-18885.445194791522,18885.445194791522,3138.0483456800653,15.0,116.83198947648592,14308.219178082192,0,1,0,0,0,0
2735,31.85,12857.344096662779,-659.6383232550305,5.0,8.04,3.0,-21009.48059567272,21009.48059567272,3138.0483456800653,15.0,116.83198947648592,14308.219178082192,0,1,0,0,0,0
2736,26.68,16267.67422789129,-659.6383232550305,5.0,8.04,3.0,-17599.150464444214,17599.150464444214,3138.0483456800653,15.0,116.83198947648592,14308.219178082192,0,1,0,0,0,0
2737,17.92,22046.105939605353,-659.6383232550305,5.0,8.04,3.0,-11820.718752730148,11820.718752730148,3138.0483456800653,15.0,116.83198947648592,14308.219178082192,0,1,0,0,0,0
2738,30.74,13589.542635475867,-659.6383232550305,5.0,8.04,3.0,-20277.282056859636,20277.282056859636,3138.0483456800653,15.0,116.83198947648592,14308.219178082192,0,1,0,0,0,0
2739,30.49,13754.452216289625,-659.6383232550305,5.0,8.04,3.0,-20112.37247604588,20112.37247604588,3138.0483456800653,15.0,116.83198947648592,14308.219178082192,0,1,0,0,0,0
2740,28.83,14849.451832892973,-659.6383232550305,5.0,8.04,3.0,-19017.37285944253,19017.37285944253,3138.0483456800653,15.0,116.83198947648592,14308.219178082192,0,1,0,0,0,0
2741,55.6,-2809.066080644188,-659.6383232550305,5.0,8.04,3.0,-36675.8907729797,36675.8907729797,3138.0483456800653,15.0,116.83198947648592,14308.219178082192,0,1,0,0,0,0
2742,39.64,7718.761558506096,-659.6383232550305,5.0,8.04,3.0,-26148.06313382941,26148.06313382941,3138.0483456800653,15.0,116.83198947648592,14308.219178082192,0,1,0,0,0,0
2743,39.61,7738.550708203744,-659.6383232550305,5.0,8.04,3.0,-26128.27398413176,26128.27398413176,3138.0483456800653,15.0,116.83198947648592,14308.219178082192,0,1,0,0,0,0
2744,44.84,4288.642277579933,-659.6383232550305,5.0,8.04,3.0,-29578.18241475557,29578.18241475557,3138.0483456800653,15.0,116.83198947648592,14308.219178082192,0,1,0,0,0,0
2745,45.59,3793.9135351386617,-659.6383232550305,5.0,8.04,3.0,-30072.911157196842,30072.911157196842,3138.0483456800653,15.0,116.83198947648592,14308.219178082192,0,1,0,0,0,0
2746,43.96,4869.124002044362,-659.6383232550305,5.0,8.04,3.0,-28997.70069029114,28997.70069029114,3138.0483456800653,15.0,116.83198947648592,14308.219178082192,0,1,0,0,0,0
2747,41.31,6617.165558670193,-659.6383232550305,5.0,8.04,3.0,-27249.65913366531,27249.65913366531,3138.0483456800653,15.0,116.83198947648592,14308.219178082192,0,1,0,0,0,0
2748,47.53,2514.215188023904,-659.6383232550305,5.0,8.04,3.0,-31352.6095043116,31352.6095043116,3138.0483456800653,15.0,116.83198947648592,14308.219178082192,0,1,0,0,0,0
2749,42.41,5891.563403089662,-659.6383232550305,5.0,8.04,3.0,-27975.261289245842,27975.261289245842,3138.0483456800653,15.0,116.83198947648592,14308.219178082192,0,1,0,0,0,0
2750,45.81,3648.7931040225526,-659.6383232550305,5.0,8.04,3.0,-30218.031588312948,30218.031588312948,3138.0483456800653,15.0,116.83198947648592,14308.219178082192,0,1,0,0,0,0
2751,48.52,1861.173248001422,-659.6383232550305,5.0,8.04,3.0,-32005.651444334082,32005.651444334082,3138.0483456800653,15.0,116.83198947648592,14308.219178082192,0,1,0,0,0,0
2752,49.29,1353.2517390950493,-659.6383232550305,5.0,8.04,3.0,-32513.572953240455,32513.572953240455,3138.0483456800653,15.0,116.83198947648592,14308.219178082192,0,1,0,0,0,0
2753,45.32,3972.0158824175237,-659.6383232550305,5.0,8.04,3.0,-29894.808809917984,29894.808809917984,3138.0483456800653,15.0,116.83198947648592,14308.219178082192,0,1,0,0,0,0
2754,43.62,5093.401031951074,-659.6383232550305,5.0,8.04,3.0,-28773.42366038443,28773.42366038443,3138.0483456800653,15.0,116.83198947648592,14308.219178082192,0,1,0,0,0,0
2755,50.88,304.4268051195545,-659.6383232550305,5.0,8.04,3.0,-33562.39788721596,33562.39788721596,3138.0483456800653,15.0,116.83198947648592,14308.219178082192,0,1,0,0,0,0
2756,83.85,12221.399081605901,650.0,0,8.04,3.0,54502.49999999999,-54502.49999999999,15071.972825128516,0,556.8949724310688,14308.219178082192,1,0,0,0,0,0
2757,67.75,1756.3990816059131,650.0,0,8.04,3.0,44037.5,-44037.5,15071.972825128516,0,556.8949724310688,14308.219178082192,1,0,0,0,0,0
2758,65.15,66.39908160592029,650.0,0,8.04,3.0,42347.50000000001,-42347.50000000001,15071.972825128516,0,556.8949724310688,14308.219178082192,1,0,0,0,0,0
2759,60.34,-3060.100918394087,650.0,0,8.04,3.0,39221.0,-39221.0,15071.972825128516,0,556.8949724310688,14308.219178082192,1,0,0,0,0,0
2760,49.12,1465.3902540484055,-659.6383232550305,5.0,8.04,3.0,-32401.4344382871,32401.4344382871,3138.0483456800653,15.0,116.83198947648592,14308.219178082192,0,1,0,0,0,0
2761,43.76,5001.05166669537,-659.6383232550305,5.0,8.04,3.0,-28865.773025640134,28865.773025640134,3138.0483456800653,15.0,116.83198947648592,14308.219178082192,0,1,0,0,0,0
2762,42.82,5621.111690555099,-659.6383232550305,5.0,8.04,3.0,-28245.71300178041,28245.71300178041,3138.0483456800653,15.0,116.83198947648592,14308.219178082192,0,1,0,0,0,0
2763,45.46,3879.6665171618156,-659.6383232550305,5.0,8.04,3.0,-29987.15817517369,29987.15817517369,3138.0483456800653,15.0,116.83198947648592,14308.219178082192,0,1,0,0,0,0
2764,47.99,2210.781559326588,-659.6383232550305,5.0,8.04,3.0,-31656.043133008916,31656.043133008916,3138.0483456800653,15.0,116.83198947648592,14308.219178082192,0,1,0,0,0,0
2765,63.19,-1207.6009183940869,650.0,0,8.04,3.0,41073.5,-41073.5,15071.972825128516,0,556.8949724310688,14308.219178082192,1,0,0,0,0,0
2766,81.44,10654.899081605916,650.0,0,8.04,3.0,52936.0,-52936.0,15071.972825128516,0,556.8949724310688,14308.219178082192,1,0,0,0,0,0
2767,94.62,19221.899081605916,650.0,0,8.04,3.0,61503.0,-61503.0,15071.972825128516,0,556.8949724310688,14308.219178082192,1,0,0,0,0,0
2768,88.31,15120.399081605916,650.0,0,8.04,3.0,57401.5,-57401.5,15071.972825128516,0,556.8949724310688,14308.219178082192,1,0,0,0,0,0
2769,92.04,17544.899081605916,650.0,0,8.04,3.0,59826.00000000001,-59826.00000000001,15071.972825128516,0,556.8949724310688,14308.219178082192,1,0,0,0,0,0
2770,72.12,4596.899081605913,650.0,0,8.04,3.0,46878.0,-46878.0,15071.972825128516,0,556.8949724310688,14308.219178082192,1,0,0,0,0,0
2771,76.79,7632.399081605917,650.0,0,8.04,3.0,49913.50000000001,-49913.50000000001,15071.972825128516,0,556.8949724310688,14308.219178082192,1,0,0,0,0,0
2772,87.36,14502.899081605916,650.0,0,8.04,3.0,56784.0,-56784.0,15071.972825128516,0,556.8949724310688,14308.219178082192,1,0,0,0,0,0
2773,55.93,-3026.746727318357,-659.6383232550305,5.0,8.04,3.0,-36893.571419653854,36893.571419653854,3138.0483456800653,15.0,116.83198947648592,14308.219178082192,0,1,0,0,0,0
2774,57.51,-4068.9752780612976,-659.6383232550305,5.0,8.04,3.0,-37935.7999703968,37935.7999703968,3138.0483456800653,15.0,116.83198947648592,14308.219178082192,0,1,0,0,0,0
2775,47.99,2210.781559326588,-659.6383232550305,5.0,8.04,3.0,-31656.043133008916,31656.043133008916,3138.0483456800653,15.0,116.83198947648592,14308.219178082192,0,1,0,0,0,0
2776,47.18,2745.0886011631633,-659.6383232550305,5.0,8.04,3.0,-31121.73609117234,31121.73609117234,3138.0483456800653,15.0,116.83198947648592,14308.219178082192,0,1,0,0,0,0
2777,47.92,2256.9562419544422,-659.6383232550305,5.0,8.04,3.0,-31609.868450381062,31609.868450381062,3138.0483456800653,15.0,116.83198947648592,14308.219178082192,0,1,0,0,0,0
2778,40.35,7250.418348995023,-659.6383232550305,5.0,8.04,3.0,-26616.40634334048,26616.40634334048,3138.0483456800653,15.0,116.83198947648592,14308.219178082192,0,1,0,0,0,0
2779,44.56,4473.341008091342,-659.6383232550305,5.0,8.04,3.0,-29393.483684244162,29393.483684244162,3138.0483456800653,15.0,116.83198947648592,14308.219178082192,0,1,0,0,0,0
2780,46.52,3180.4498945114797,-659.6383232550305,5.0,8.04,3.0,-30686.37479782402,30686.37479782402,3138.0483456800653,15.0,116.83198947648592,14308.219178082192,0,1,0,0,0,0
2781,28.9,14803.277150265123,-659.6383232550305,5.0,8.04,3.0,-19063.54754207038,19063.54754207038,3138.0483456800653,15.0,116.83198947648592,14308.219178082192,0,1,0,0,0,0
2782,19.6,20937.913556536907,-659.6383232550305,5.0,8.04,3.0,-12928.911135798598,12928.911135798598,3138.0483456800653,15.0,116.83198947648592,14308.219178082192,0,1,0,0,0,0
2783,12.01,25944.568430042586,-659.6383232550305,5.0,8.04,3.0,-7922.256262292916,7922.256262292916,3138.0483456800653,15.0,116.83198947648592,14308.219178082192,0,1,0,0,0,0
2784,8.65,28160.95319617949,-659.6383232550305,5.0,8.04,3.0,-5705.8714961560145,5705.8714961560145,3138.0483456800653,15.0,116.83198947648592,14308.219178082192,0,1,0,0,0,0
2785,-0.31,34071.312572544564,-659.6383232550305,5.0,8.04,3.0,204.48788020905945,-204.48788020905945,3138.0483456800653,15.0,116.83198947648592,14308.219178082192,0,1,0,0,0,0
2786,1.49,32883.96359068551,-659.6383232550305,5.0,8.04,3.0,-982.8611016499955,982.8611016499955,3138.0483456800653,15.0,116.83198947648592,14308.219178082192,0,1,0,0,0,0
2787,12.11,25878.604597717087,-659.6383232550305,5.0,8.04,3.0,-7988.220094618419,7988.220094618419,3138.0483456800653,15.0,116.83198947648592,14308.219178082192,0,1,0,0,0,0
2788,27.95,15429.933557357403,-659.6383232550305,5.0,8.04,3.0,-18436.8911349781,18436.8911349781,3138.0483456800653,15.0,116.83198947648592,14308.219178082192,0,1,0,0,0,0
2789,52.91,-1034.6389910881549,-659.6383232550305,5.0,8.04,3.0,-34901.46368342366,34901.46368342366,3138.0483456800653,15.0,116.83198947648592,14308.219178082192,0,1,0,0,0,0
2790,22.18,19236.04668253893,-659.6383232550305,5.0,8.04,3.0,-14630.778009796577,14630.778009796577,3138.0483456800653,15.0,116.83198947648592,14308.219178082192,0,1,0,0,0,0
2791,50.81,350.6014877474013,-659.6383232550305,5.0,8.04,3.0,-33516.2232045881,33516.2232045881,3138.0483456800653,15.0,116.83198947648592,14308.219178082192,0,1,0,0,0,0
2792,15.26,23800.743879463742,-659.6383232550305,5.0,8.04,3.0,-10066.080812871765,10066.080812871765,3138.0483456800653,15.0,116.83198947648592,14308.219178082192,0,1,0,0,0,0
2793,7.13,29163.603447527137,-659.6383232550305,5.0,8.04,3.0,-4703.221244808367,4703.221244808367,3138.0483456800653,15.0,116.83198947648592,14308.219178082192,0,1,0,0,0,0
2794,5.51,30232.217531200287,-659.6383232550305,5.0,8.04,3.0,-3634.607161135218,3634.607161135218,3138.0483456800653,15.0,116.83198947648592,14308.219178082192,0,1,0,0,0,0
2795,10.76,26769.116334111375,-659.6383232550305,5.0,8.04,3.0,-7097.7083582241285,7097.7083582241285,3138.0483456800653,15.0,116.83198947648592,14308.219178082192,0,1,0,0,0,0
2796,11.9,26017.128645600642,-659.6383232550305,5.0,8.04,3.0,-7849.696046734864,7849.696046734864,3138.0483456800653,15.0,116.83198947648592,14308.219178082192,0,1,0,0,0,0
2797,14.1,24565.924334439573,-659.6383232550305,5.0,8.04,3.0,-9300.90035789593,9300.90035789593,3138.0483456800653,15.0,116.83198947648592,14308.219178082192,0,1,0,0,0,0
2798,11.97,25970.953962972788,-659.6383232550305,5.0,8.04,3.0,-7895.870729362716,7895.870729362716,3138.0483456800653,15.0,116.83198947648592,14308.219178082192,0,1,0,0,0,0
2799,5.66,30133.271782712032,-659.6383232550305,5.0,8.04,3.0,-3733.5529096234727,3733.5529096234727,3138.0483456800653,15.0,116.83198947648592,14308.219178082192,0,1,0,0,0,0
2800,5.4,30304.77774675834,-659.6383232550305,5.0,8.04,3.0,-3562.046945577165,3562.046945577165,3138.0483456800653,15.0,116.83198947648592,14308.219178082192,0,1,0,0,0,0
2801,6.1,29843.030920479818,-659.6383232550305,5.0,8.04,3.0,-4023.793771855686,4023.793771855686,3138.0483456800653,15.0,116.83198947648592,14308.219178082192,0,1,0,0,0,0
2802,10.7,26808.69463350668,-659.6383232550305,5.0,8.04,3.0,-7058.130058828826,7058.130058828826,3138.0483456800653,15.0,116.83198947648592,14308.219178082192,0,1,0,0,0,0
2803,15.72,23497.310250766423,-659.6383232550305,5.0,8.04,3.0,-10369.51444156908,10369.51444156908,3138.0483456800653,15.0,116.83198947648592,14308.219178082192,0,1,0,0,0,0
2804,38.35,8569.694995505084,-659.6383232550305,5.0,8.04,3.0,-25297.12969683042,25297.12969683042,3138.0483456800653,15.0,116.83198947648592,14308.219178082192,0,1,0,0,0,0
2805,16.14,23220.262154999313,-659.6383232550305,5.0,8.04,3.0,-10646.562537336193,10646.562537336193,3138.0483456800653,15.0,116.83198947648592,14308.219178082192,0,1,0,0,0,0
2806,14.26,24460.38220271877,-659.6383232550305,5.0,8.04,3.0,-9406.442489616735,9406.442489616735,3138.0483456800653,15.0,116.83198947648592,14308.219178082192,0,1,0,0,0,0
2807,6.04,29882.60921987512,-659.6383232550305,5.0,8.04,3.0,-3984.2154724603843,3984.2154724603843,3138.0483456800653,15.0,116.83198947648592,14308.219178082192,0,1,0,0,0,0
2808,12.22,25806.04438215903,-659.6383232550305,5.0,8.04,3.0,-8060.780310176473,8060.780310176473,3138.0483456800653,15.0,116.83198947648592,14308.219178082192,0,1,0,0,0,0
2809,1.99,32554.144429057993,-659.6383232550305,5.0,8.04,3.0,-1312.6802632775107,1312.6802632775107,3138.0483456800653,15.0,116.83198947648592,14308.219178082192,0,1,0,0,0,0
2810,9.04,27903.694250110027,-659.6383232550305,5.0,8.04,3.0,-5963.130442225475,5963.130442225475,3138.0483456800653,15.0,116.83198947648592,14308.219178082192,0,1,0,0,0,0
2811,28.71,14928.608431683577,-659.6383232550305,5.0,8.04,3.0,-18938.216260651927,18938.216260651927,3138.0483456800653,15.0,116.83198947648592,14308.219178082192,0,1,0,0,0,0
2812,-0.12,33945.98129112611,-659.6383232550305,5.0,8.04,3.0,79.15659879060365,-79.15659879060365,3138.0483456800653,15.0,116.83198947648592,14308.219178082192,0,1,0,0,0,0
2813,30.69,13622.524551638613,-659.6383232550305,5.0,8.04,3.0,-20244.300140696887,20244.300140696887,3138.0483456800653,15.0,116.83198947648592,14308.219178082192,0,1,0,0,0,0
2814,14.62,24222.912406346957,-659.6383232550305,5.0,8.04,3.0,-9643.912285988547,9643.912285988547,3138.0483456800653,15.0,116.83198947648592,14308.219178082192,0,1,0,0,0,0
2815,19.23,21181.979736141267,-659.6383232550305,5.0,8.04,3.0,-12684.844956194238,12684.844956194238,3138.0483456800653,15.0,116.83198947648592,14308.219178082192,0,1,0,0,0,0
2816,51.05,192.2882901662019,-659.6383232550305,5.0,8.04,3.0,-33674.53640216931,33674.53640216931,3138.0483456800653,15.0,116.83198947648592,14308.219178082192,0,1,0,0,0,0
2817,51.97,-414.5789672284295,-659.6383232550305,5.0,8.04,3.0,-34281.40365956393,34281.40365956393,3138.0483456800653,15.0,116.83198947648592,14308.219178082192,0,1,0,0,0,0
2818,38.46,8497.134779947031,-659.6383232550305,5.0,8.04,3.0,-25369.689912388476,25369.689912388476,3138.0483456800653,15.0,116.83198947648592,14308.219178082192,0,1,0,0,0,0
2819,58.0,-4392.198056456269,-659.6383232550305,5.0,8.04,3.0,-38259.02274879177,38259.02274879177,3138.0483456800653,15.0,116.83198947648592,14308.219178082192,0,1,0,0,0,0
2820,66.89,1197.3990816059131,650.0,0,8.04,3.0,43478.5,-43478.5,15071.972825128516,0,556.8949724310688,14308.219178082192,1,0,0,0,0,0
2821,49.51,1208.1313079789475,-659.6383232550305,5.0,8.04,3.0,-32658.69338435656,32658.69338435656,3138.0483456800653,15.0,116.83198947648592,14308.219178082192,0,1,0,0,0,0
2822,43.76,5001.05166669537,-659.6383232550305,5.0,8.04,3.0,-28865.773025640134,28865.773025640134,3138.0483456800653,15.0,116.83198947648592,14308.219178082192,0,1,0,0,0,0
2823,36.55,9757.043977364141,-659.6383232550305,5.0,8.04,3.0,-24109.780714971363,24109.780714971363,3138.0483456800653,15.0,116.83198947648592,14308.219178082192,0,1,0,0,0,0
2824,33.35,11867.886611780232,-659.6383232550305,5.0,8.04,3.0,-21998.93808055527,21998.93808055527,3138.0483456800653,15.0,116.83198947648592,14308.219178082192,0,1,0,0,0,0
2825,35.29,10588.188264665478,-659.6383232550305,5.0,8.04,3.0,-23278.636427670026,23278.636427670026,3138.0483456800653,15.0,116.83198947648592,14308.219178082192,0,1,0,0,0,0
2826,28.45,15100.114395729888,-659.6383232550305,5.0,8.04,3.0,-18766.71029660562,18766.71029660562,3138.0483456800653,15.0,116.83198947648592,14308.219178082192,0,1,0,0,0,0
2827,16.96,22679.358729930187,-659.6383232550305,5.0,8.04,3.0,-11187.465962405318,11187.465962405318,3138.0483456800653,15.0,116.83198947648592,14308.219178082192,0,1,0,0,0,0
2828,28.2,15265.023976543645,-659.6383232550305,5.0,8.04,3.0,-18601.80071579186,18601.80071579186,3138.0483456800653,15.0,116.83198947648592,14308.219178082192,0,1,0,0,0,0
2829,25.49,17052.64383256478,-659.6383232550305,5.0,8.04,3.0,-16814.180859770728,16814.180859770728,3138.0483456800653,15.0,116.83198947648592,14308.219178082192,0,1,0,0,0,0
2830,22.92,18747.914323330202,-659.6383232550305,5.0,8.04,3.0,-15118.9103690053,15118.9103690053,3138.0483456800653,15.0,116.83198947648592,14308.219178082192,0,1,0,0,0,0
2831,42.39,5904.756169554759,-659.6383232550305,5.0,8.04,3.0,-27962.068522780744,27962.068522780744,3138.0483456800653,15.0,116.83198947648592,14308.219178082192,0,1,0,0,0,0
2832,50.63,469.3363859333117,-659.6383232550305,5.0,8.04,3.0,-33397.4883064022,33397.4883064022,3138.0483456800653,15.0,116.83198947648592,14308.219178082192,0,1,0,0,0,0
2833,25.39,17118.607664890278,-659.6383232550305,5.0,8.04,3.0,-16748.217027445226,16748.217027445226,3138.0483456800653,15.0,116.83198947648592,14308.219178082192,0,1,0,0,0,0
2834,48.52,1861.173248001422,-659.6383232550305,5.0,8.04,3.0,-32005.651444334082,32005.651444334082,3138.0483456800653,15.0,116.83198947648592,14308.219178082192,0,1,0,0,0,0
2835,31.28,13233.33794091815,-659.6383232550305,5.0,8.04,3.0,-20633.486751417357,20633.486751417357,3138.0483456800653,15.0,116.83198947648592,14308.219178082192,0,1,0,0,0,0
2836,30.08,14024.903928824187,-659.6383232550305,5.0,8.04,3.0,-19841.920763511316,19841.920763511316,3138.0483456800653,15.0,116.83198947648592,14308.219178082192,0,1,0,0,0,0
2837,27.65,15627.825054333909,-659.6383232550305,5.0,8.04,3.0,-18238.999638001595,18238.999638001595,3138.0483456800653,15.0,116.83198947648592,14308.219178082192,0,1,0,0,0,0
2838,37.98,8813.761175109448,-659.6383232550305,5.0,8.04,3.0,-25053.063517226055,25053.063517226055,3138.0483456800653,15.0,116.83198947648592,14308.219178082192,0,1,0,0,0,0
2839,59.31,-3729.600918394087,650.0,0,8.04,3.0,38551.5,-38551.5,15071.972825128516,0,556.8949724310688,14308.219178082192,1,0,0,0,0,0
2840,57.93,-4346.023373828415,-659.6383232550305,5.0,8.04,3.0,-38212.84806616392,38212.84806616392,3138.0483456800653,15.0,116.83198947648592,14308.219178082192,0,1,0,0,0,0
2841,69.18,2685.8990816059204,650.0,0,8.04,3.0,44967.00000000001,-44967.00000000001,15071.972825128516,0,556.8949724310688,14308.219178082192,1,0,0,0,0,0
2842,56.72,-3547.8610026898236,-659.6383232550305,5.0,8.04,3.0,-37414.68569502533,37414.68569502533,3138.0483456800653,15.0,116.83198947648592,14308.219178082192,0,1,0,0,0,0
2843,43.89,4915.298684672212,-659.6383232550305,5.0,8.04,3.0,-28951.52600766329,28951.52600766329,3138.0483456800653,15.0,116.83198947648592,14308.219178082192,0,1,0,0,0,0
2844,50.02,871.7157631188752,-659.6383232550305,5.0,8.04,3.0,-32995.10892921663,32995.10892921663,3138.0483456800653,15.0,116.83198947648592,14308.219178082192,0,1,0,0,0,0
2845,33.41,11828.308312384936,-659.6383232550305,5.0,8.04,3.0,-22038.516379950568,22038.516379950568,3138.0483456800653,15.0,116.83198947648592,14308.219178082192,0,1,0,0,0,0
2846,24.32,17824.420670773165,-659.6383232550305,5.0,8.04,3.0,-16042.404021562343,16042.404021562343,3138.0483456800653,15.0,116.83198947648592,14308.219178082192,0,1,0,0,0,0
2847,24.26,17863.99897016846,-659.6383232550305,5.0,8.04,3.0,-16002.825722167041,16002.825722167041,3138.0483456800653,15.0,116.83198947648592,14308.219178082192,0,1,0,0,0,0
2848,18.88,21412.853149280527,-659.6383232550305,5.0,8.04,3.0,-12453.971543054975,12453.971543054975,3138.0483456800653,15.0,116.83198947648592,14308.219178082192,0,1,0,0,0,0
2849,13.72,24816.586897276484,-659.6383232550305,5.0,8.04,3.0,-9050.23779505902,9050.23779505902,3138.0483456800653,15.0,116.83198947648592,14308.219178082192,0,1,0,0,0,0
2850,11.59,26221.616525809703,-659.6383232550305,5.0,8.04,3.0,-7645.208166525804,7645.208166525804,3138.0483456800653,15.0,116.83198947648592,14308.219178082192,0,1,0,0,0,0
2851,22.17,19242.643065771474,-659.6383232550305,5.0,8.04,3.0,-14624.181626564028,14624.181626564028,3138.0483456800653,15.0,116.83198947648592,14308.219178082192,0,1,0,0,0,0
2852,28.19,15271.620359776192,-659.6383232550305,5.0,8.04,3.0,-18595.20433255931,18595.20433255931,3138.0483456800653,15.0,116.83198947648592,14308.219178082192,0,1,0,0,0,0
2853,21.09,19955.05245488691,-659.6383232550305,5.0,8.04,3.0,-13911.772237448593,13911.772237448593,3138.0483456800653,15.0,116.83198947648592,14308.219178082192,0,1,0,0,0,0
2854,1.96,32573.933578755645,-659.6383232550305,5.0,8.04,3.0,-1292.8911135798598,1292.8911135798598,3138.0483456800653,15.0,116.83198947648592,14308.219178082192,0,1,0,0,0,0
2855,11.74,26122.670777321444,-659.6383232550305,5.0,8.04,3.0,-7744.153915014058,7744.153915014058,3138.0483456800653,15.0,116.83198947648592,14308.219178082192,0,1,0,0,0,0
2856,15.77,23464.328334603673,-659.6383232550305,5.0,8.04,3.0,-10402.49635773183,10402.49635773183,3138.0483456800653,15.0,116.83198947648592,14308.219178082192,0,1,0,0,0,0
2857,10.14,27178.092094529493,-659.6383232550305,5.0,8.04,3.0,-6688.73259780601,6688.73259780601,3138.0483456800653,15.0,116.83198947648592,14308.219178082192,0,1,0,0,0,0
2858,7.82,28708.453004481165,-659.6383232550305,5.0,8.04,3.0,-5158.371687854339,5158.371687854339,3138.0483456800653,15.0,116.83198947648592,14308.219178082192,0,1,0,0,0,0
2859,12.23,25799.44799892648,-659.6383232550305,5.0,8.04,3.0,-8067.376693409024,8067.376693409024,3138.0483456800653,15.0,116.83198947648592,14308.219178082192,0,1,0,0,0,0
2860,15.01,23965.6534602775,-659.6383232550305,5.0,8.04,3.0,-9901.171232058008,9901.171232058008,3138.0483456800653,15.0,116.83198947648592,14308.219178082192,0,1,0,0,0,0
2861,20.5,20344.239065607377,-659.6383232550305,5.0,8.04,3.0,-13522.585626728125,13522.585626728125,3138.0483456800653,15.0,116.83198947648592,14308.219178082192,0,1,0,0,0,0
2862,36.7,9658.098228875882,-659.6383232550305,5.0,8.04,3.0,-24208.72646345962,24208.72646345962,3138.0483456800653,15.0,116.83198947648592,14308.219178082192,0,1,0,0,0,0
2863,24.34,17811.227904308063,-659.6383232550305,5.0,8.04,3.0,-16055.596788027442,16055.596788027442,3138.0483456800653,15.0,116.83198947648592,14308.219178082192,0,1,0,0,0,0
2864,26.94,16096.168263844982,-659.6383232550305,5.0,8.04,3.0,-17770.65642849052,17770.65642849052,3138.0483456800653,15.0,116.83198947648592,14308.219178082192,0,1,0,0,0,0
2865,30.52,13734.663066591977,-659.6383232550305,5.0,8.04,3.0,-20132.16162574353,20132.16162574353,3138.0483456800653,15.0,116.83198947648592,14308.219178082192,0,1,0,0,0,0
2866,28.41,15126.499928660087,-659.6383232550305,5.0,8.04,3.0,-18740.324763675417,18740.324763675417,3138.0483456800653,15.0,116.83198947648592,14308.219178082192,0,1,0,0,0,0
2867,30.14,13985.325629428884,-659.6383232550305,5.0,8.04,3.0,-19881.49906290662,19881.49906290662,3138.0483456800653,15.0,116.83198947648592,14308.219178082192,0,1,0,0,0,0
2868,37.05,9427.224815736627,-659.6383232550305,5.0,8.04,3.0,-24439.599876598877,24439.599876598877,3138.0483456800653,15.0,116.83198947648592,14308.219178082192,0,1,0,0,0,0
2869,40.29,7289.996648390326,-659.6383232550305,5.0,8.04,3.0,-26576.828043945177,26576.828043945177,3138.0483456800653,15.0,116.83198947648592,14308.219178082192,0,1,0,0,0,0
2870,55.98,-3059.7286434811026,-659.6383232550305,5.0,8.04,3.0,-36926.55333581661,36926.55333581661,3138.0483456800653,15.0,116.83198947648592,14308.219178082192,0,1,0,0,0,0
2871,32.04,12732.012815244325,-659.6383232550305,5.0,8.04,3.0,-21134.81187709118,21134.81187709118,3138.0483456800653,15.0,116.83198947648592,14308.219178082192,0,1,0,0,0,0
2872,25.03,17356.077461262088,-659.6383232550305,5.0,8.04,3.0,-16510.747231073416,16510.747231073416,3138.0483456800653,15.0,116.83198947648592,14308.219178082192,0,1,0,0,0,0
2873,45.35,3952.2267327198683,-659.6383232550305,5.0,8.04,3.0,-29914.597959615636,29914.597959615636,3138.0483456800653,15.0,116.83198947648592,14308.219178082192,0,1,0,0,0,0
2874,37.0,9460.206731899372,-659.6383232550305,5.0,8.04,3.0,-24406.617960436128,24406.617960436128,3138.0483456800653,15.0,116.83198947648592,14308.219178082192,0,1,0,0,0,0
2875,31.75,12923.307928988284,-659.6383232550305,5.0,8.04,3.0,-20943.51676334722,20943.51676334722,3138.0483456800653,15.0,116.83198947648592,14308.219178082192,0,1,0,0,0,0
2876,28.82,14856.048216125524,-659.6383232550305,5.0,8.04,3.0,-19010.77647620998,19010.77647620998,3138.0483456800653,15.0,116.83198947648592,14308.219178082192,0,1,0,0,0,0
2877,21.44,19724.17904174765,-659.6383232550305,5.0,8.04,3.0,-14142.645650587856,14142.645650587856,3138.0483456800653,15.0,116.83198947648592,14308.219178082192,0,1,0,0,0,0
2878,22.79,18833.66730535336,-659.6383232550305,5.0,8.04,3.0,-15033.157386982144,15033.157386982144,3138.0483456800653,15.0,116.83198947648592,14308.219178082192,0,1,0,0,0,0
2879,17.14,22560.62383174428,-659.6383232550305,5.0,8.04,3.0,-11306.200860591223,11306.200860591223,3138.0483456800653,15.0,116.83198947648592,14308.219178082192,0,1,0,0,0,0
2880,6.59,29519.808142084854,-659.6383232550305,5.0,8.04,3.0,-4347.016550250651,4347.016550250651,3138.0483456800653,15.0,116.83198947648592,14308.219178082192,0,1,0,0,0,0
2881,10.19,27145.110178366744,-659.6383232550305,5.0,8.04,3.0,-6721.714513968761,6721.714513968761,3138.0483456800653,15.0,116.83198947648592,14308.219178082192,0,1,0,0,0,0
2882,5.58,30186.042848572433,-659.6383232550305,5.0,8.04,3.0,-3680.7818437630704,3680.7818437630704,3138.0483456800653,15.0,116.83198947648592,14308.219178082192,0,1,0,0,0,0
2883,11.94,25990.74311267044,-659.6383232550305,5.0,8.04,3.0,-7876.081579665064,7876.081579665064,3138.0483456800653,15.0,116.83198947648592,14308.219178082192,0,1,0,0,0,0
2884,-1.62,34935.438776008654,-659.6383232550305,5.0,8.04,3.0,1068.6140836731495,-1068.6140836731495,3138.0483456800653,15.0,116.83198947648592,14308.219178082192,0,1,0,0,0,0
2885,1.9,32613.511878150945,-659.6383232550305,5.0,8.04,3.0,-1253.312814184558,1253.312814184558,3138.0483456800653,15.0,116.83198947648592,14308.219178082192,0,1,0,0,0,0
2886,7.39,28992.09748348083,-659.6383232550305,5.0,8.04,3.0,-4874.727208854675,4874.727208854675,3138.0483456800653,15.0,116.83198947648592,14308.219178082192,0,1,0,0,0,0
2887,9.13,27844.326801017076,-659.6383232550305,5.0,8.04,3.0,-6022.4978913184295,6022.4978913184295,3138.0483456800653,15.0,116.83198947648592,14308.219178082192,0,1,0,0,0,0
2888,12.78,25436.646921136213,-659.6383232550305,5.0,8.04,3.0,-8430.177771199289,8430.177771199289,3138.0483456800653,15.0,116.83198947648592,14308.219178082192,0,1,0,0,0,0
2889,18.34,21769.057843838244,-659.6383232550305,5.0,8.04,3.0,-12097.76684849726,12097.76684849726,3138.0483456800653,15.0,116.83198947648592,14308.219178082192,0,1,0,0,0,0
2890,15.4,23708.394514208034,-659.6383232550305,5.0,8.04,3.0,-10158.43017812747,10158.43017812747,3138.0483456800653,15.0,116.83198947648592,14308.219178082192,0,1,0,0,0,0
2891,12.45,25654.327567810375,-659.6383232550305,5.0,8.04,3.0,-8212.497124525129,8212.497124525129,3138.0483456800653,15.0,116.83198947648592,14308.219178082192,0,1,0,0,0,0
2892,13.0,25291.526490020107,-659.6383232550305,5.0,8.04,3.0,-8575.298202315396,8575.298202315396,3138.0483456800653,15.0,116.83198947648592,14308.219178082192,0,1,0,0,0,0
2893,12.9,25357.49032234561,-659.6383232550305,5.0,8.04,3.0,-8509.334369989894,8509.334369989894,3138.0483456800653,15.0,116.83198947648592,14308.219178082192,0,1,0,0,0,0
2894,12.22,25806.04438215903,-659.6383232550305,5.0,8.04,3.0,-8060.780310176473,8060.780310176473,3138.0483456800653,15.0,116.83198947648592,14308.219178082192,0,1,0,0,0,0
2895,27.79,15535.475689078205,-659.6383232550305,5.0,8.04,3.0,-18331.3490032573,18331.3490032573,3138.0483456800653,15.0,116.83198947648592,14308.219178082192,0,1,0,0,0,0
2896,8.78,28075.200214156335,-659.6383232550305,5.0,8.04,3.0,-5791.624478179167,5791.624478179167,3138.0483456800653,15.0,116.83198947648592,14308.219178082192,0,1,0,0,0,0
2897,14.8,24104.177508161054,-659.6383232550305,5.0,8.04,3.0,-9762.647184174451,9762.647184174451,3138.0483456800653,15.0,116.83198947648592,14308.219178082192,0,1,0,0,0,0
2898,19.55,20970.895472699656,-659.6383232550305,5.0,8.04,3.0,-12895.929219635847,12895.929219635847,3138.0483456800653,15.0,116.83198947648592,14308.219178082192,0,1,0,0,0,0
2899,45.93,3569.636505231953,-659.6383232550305,5.0,8.04,3.0,-30297.18818710355,30297.18818710355,3138.0483456800653,15.0,116.83198947648592,14308.219178082192,0,1,0,0,0,0
2900,51.8,-302.44045227507695,-659.6383232550305,5.0,8.04,3.0,-34169.26514461058,34169.26514461058,3138.0483456800653,15.0,116.83198947648592,14308.219178082192,0,1,0,0,0,0
2901,48.52,1861.173248001422,-659.6383232550305,5.0,8.04,3.0,-32005.651444334082,32005.651444334082,3138.0483456800653,15.0,116.83198947648592,14308.219178082192,0,1,0,0,0,0
2902,47.53,2514.215188023904,-659.6383232550305,5.0,8.04,3.0,-31352.6095043116,31352.6095043116,3138.0483456800653,15.0,116.83198947648592,14308.219178082192,0,1,0,0,0,0
2903,39.18,8022.195187203408,-659.6383232550305,5.0,8.04,3.0,-25844.629505132096,25844.629505132096,3138.0483456800653,15.0,116.83198947648592,14308.219178082192,0,1,0,0,0,0
2904,38.4,8536.713079342331,-659.6383232550305,5.0,8.04,3.0,-25330.111612993172,25330.111612993172,3138.0483456800653,15.0,116.83198947648592,14308.219178082192,0,1,0,0,0,0
2905,40.41,7210.840049599723,-659.6383232550305,5.0,8.04,3.0,-26655.98464273578,26655.98464273578,3138.0483456800653,15.0,116.83198947648592,14308.219178082192,0,1,0,0,0,0
2906,40.72,7006.352169390662,-659.6383232550305,5.0,8.04,3.0,-26860.47252294484,26860.47252294484,3138.0483456800653,15.0,116.83198947648592,14308.219178082192,0,1,0,0,0,0
2907,38.4,8536.713079342331,-659.6383232550305,5.0,8.04,3.0,-25330.111612993172,25330.111612993172,3138.0483456800653,15.0,116.83198947648592,14308.219178082192,0,1,0,0,0,0
2908,40.69,7026.141319088314,-659.6383232550305,5.0,8.04,3.0,-26840.68337324719,26840.68337324719,3138.0483456800653,15.0,116.83198947648592,14308.219178082192,0,1,0,0,0,0
2909,61.82,-2098.100918394087,650.0,0,8.04,3.0,40183.0,-40183.0,15071.972825128516,0,556.8949724310688,14308.219178082192,1,0,0,0,0,0
2910,77.88,8340.899081605916,650.0,0,8.04,3.0,50622.0,-50622.0,15071.972825128516,0,556.8949724310688,14308.219178082192,1,0,0,0,0,0
2911,81.18,10485.899081605916,650.0,0,8.04,3.0,52767.00000000001,-52767.00000000001,15071.972825128516,0,556.8949724310688,14308.219178082192,1,0,0,0,0,0
2912,80.37,9959.399081605916,650.0,0,8.04,3.0,52240.5,-52240.5,15071.972825128516,0,556.8949724310688,14308.219178082192,1,0,0,0,0,0
2913,66.07,664.3990816059057,650.0,0,8.04,3.0,42945.49999999999,-42945.49999999999,15071.972825128516,0,556.8949724310688,14308.219178082192,1,0,0,0,0,0
2914,76.18,7235.899081605917,650.0,0,8.04,3.0,49517.00000000001,-49517.00000000001,15071.972825128516,0,556.8949724310688,14308.219178082192,1,0,0,0,0,0
2915,80.43,9998.399081605916,650.0,0,8.04,3.0,52279.50000000001,-52279.50000000001,15071.972825128516,0,556.8949724310688,14308.219178082192,1,0,0,0,0,0
2916,83.49,11987.399081605916,650.0,0,8.04,3.0,54268.5,-54268.5,15071.972825128516,0,556.8949724310688,14308.219178082192,1,0,0,0,0,0
2917,77.43,8048.399081605917,650.0,0,8.04,3.0,50329.50000000001,-50329.50000000001,15071.972825128516,0,556.8949724310688,14308.219178082192,1,0,0,0,0,0
2918,78.91,9010.399081605916,650.0,0,8.04,3.0,51291.5,-51291.5,15071.972825128516,0,556.8949724310688,14308.219178082192,1,0,0,0,0,0
2919,77.41,8035.399081605917,650.0,0,8.04,3.0,50316.5,-50316.5,15071.972825128516,0,556.8949724310688,14308.219178082192,1,0,0,0,0,0
2920,72.29,4707.39908160592,650.0,0,8.04,3.0,46988.50000000001,-46988.50000000001,15071.972825128516,0,556.8949724310688,14308.219178082192,1,0,0,0,0,0
2921,64.6,-291.10091839409426,650.0,0,8.04,3.0,41989.99999999999,-41989.99999999999,15071.972825128516,0,556.8949724310688,14308.219178082192,1,0,0,0,0,0
2922,72.16,4622.899081605913,650.0,0,8.04,3.0,46904.0,-46904.0,15071.972825128516,0,556.8949724310688,14308.219178082192,1,0,0,0,0,0
2923,89.03,15588.399081605916,650.0,0,8.04,3.0,57869.5,-57869.5,15071.972825128516,0,556.8949724310688,14308.219178082192,1,0,0,0,0,0
2924,59.77,-3430.600918394087,650.0,0,8.04,3.0,38850.5,-38850.5,15071.972825128516,0,556.8949724310688,14308.219178082192,1,0,0,0,0,0
2925,60.71,-2819.600918394087,650.0,0,8.04,3.0,39461.5,-39461.5,15071.972825128516,0,556.8949724310688,14308.219178082192,1,0,0,0,0,0
2926,76.84,7664.899081605917,650.0,0,8.04,3.0,49946.0,-49946.0,15071.972825128516,0,556.8949724310688,14308.219178082192,1,0,0,0,0,0
2927,52.55,-797.1691947163486,-659.6383232550305,5.0,8.04,3.0,-34663.99388705185,34663.99388705185,3138.0483456800653,15.0,116.83198947648592,14308.219178082192,0,1,0,0,0,0
2928,50.27,706.806182305118,-659.6383232550305,5.0,8.04,3.0,-33160.018510030386,33160.018510030386,3138.0483456800653,15.0,116.83198947648592,14308.219178082192,0,1,0,0,0,0
2929,39.65,7712.165175273545,-659.6383232550305,5.0,8.04,3.0,-26154.65951706196,26154.65951706196,3138.0483456800653,15.0,116.83198947648592,14308.219178082192,0,1,0,0,0,0
2930,40.92,6874.424504739654,-659.6383232550305,5.0,8.04,3.0,-26992.40018759585,26992.40018759585,3138.0483456800653,15.0,116.83198947648592,14308.219178082192,0,1,0,0,0,0
2931,43.94,4882.316768509467,-659.6383232550305,5.0,8.04,3.0,-28984.50792382604,28984.50792382604,3138.0483456800653,15.0,116.83198947648592,14308.219178082192,0,1,0,0,0,0
2932,44.1,4776.7746367886575,-659.6383232550305,5.0,8.04,3.0,-29090.050055546846,29090.050055546846,3138.0483456800653,15.0,116.83198947648592,14308.219178082192,0,1,0,0,0,0
2933,54.95,-2380.301170528422,-659.6383232550305,5.0,8.04,3.0,-36247.125862863926,36247.125862863926,3138.0483456800653,15.0,116.83198947648592,14308.219178082192,0,1,0,0,0,0
2934,56.84,-3627.0176014804306,-659.6383232550305,5.0,8.04,3.0,-37493.842293815935,37493.842293815935,3138.0483456800653,15.0,116.83198947648592,14308.219178082192,0,1,0,0,0,0
2935,62.26,-1812.1009183940869,650.0,0,8.04,3.0,40469.0,-40469.0,15071.972825128516,0,556.8949724310688,14308.219178082192,1,0,0,0,0,0
2936,63.82,-798.100918394087,650.0,0,8.04,3.0,41483.0,-41483.0,15071.972825128516,0,556.8949724310688,14308.219178082192,1,0,0,0,0,0
2937,71.15,3966.3990816059204,650.0,0,8.04,3.0,46247.50000000001,-46247.50000000001,15071.972825128516,0,556.8949724310688,14308.219178082192,1,0,0,0,0,0
2938,65.63,378.399081605913,650.0,0,8.04,3.0,42659.5,-42659.5,15071.972825128516,0,556.8949724310688,14308.219178082192,1,0,0,0,0,0
2939,62.15,-1883.6009183940869,650.0,0,8.04,3.0,40397.5,-40397.5,15071.972825128516,0,556.8949724310688,14308.219178082192,1,0,0,0,0,0
2940,79.06,9107.899081605916,650.0,0,8.04,3.0,51389.0,-51389.0,15071.972825128516,0,556.8949724310688,14308.219178082192,1,0,0,0,0,0
2941,83.46,11967.899081605901,650.0,0,8.04,3.0,54248.99999999999,-54248.99999999999,15071.972825128516,0,556.8949724310688,14308.219178082192,1,0,0,0,0,0
2942,101.0,23368.899081605916,650.0,0,8.04,3.0,65650.0,-65650.0,15071.972825128516,0,556.8949724310688,14308.219178082192,1,0,0,0,0,0
2943,73.01,5175.399081605917,650.0,0,8.04,3.0,47456.5,-47456.5,15071.972825128516,0,556.8949724310688,14308.219178082192,1,0,0,0,0,0
2944,74.53,6163.399081605917,650.0,0,8.04,3.0,48444.5,-48444.5,15071.972825128516,0,556.8949724310688,14308.219178082192,1,0,0,0,0,0
2945,94.1,18883.8990816059,650.0,0,8.04,3.0,61164.99999999999,-61164.99999999999,15071.972825128516,0,556.8949724310688,14308.219178082192,1,0,0,0,0,0
2946,117.97,34399.39908160592,650.0,0,8.04,3.0,76680.5,-76680.5,15071.972825128516,0,556.8949724310688,14308.219178082192,1,0,0,0,0,0
2947,101.0,23368.899081605916,650.0,0,8.04,3.0,65650.0,-65650.0,15071.972825128516,0,556.8949724310688,14308.219178082192,1,0,0,0,0,0
2948,138.12,47496.89908160592,650.0,0,8.04,3.0,89778.0,-89778.0,15071.972825128516,0,556.8949724310688,14308.219178082192,1,0,0,0,0,0
2949,77.55,8126.399081605917,650.0,0,8.04,3.0,50407.5,-50407.5,15071.972825128516,0,556.8949724310688,14308.219178082192,1,0,0,0,0,0
2950,79.5,9393.899081605916,650.0,0,8.04,3.0,51675.0,-51675.0,15071.972825128516,0,556.8949724310688,14308.219178082192,1,0,0,0,0,0
2951,73.36,5402.899081605917,650.0,0,8.04,3.0,47684.0,-47684.0,15071.972825128516,0,556.8949724310688,14308.219178082192,1,0,0,0,0,0
2952,65.95,586.399081605913,650.0,0,8.04,3.0,42867.5,-42867.5,15071.972825128516,0,556.8949724310688,14308.219178082192,1,0,0,0,0,0
2953,62.09,-1922.6009183940869,650.0,0,8.04,3.0,40358.5,-40358.5,15071.972825128516,0,556.8949724310688,14308.219178082192,1,0,0,0,0,0
2954,74.36,6052.899081605917,650.0,0,8.04,3.0,48334.0,-48334.0,15071.972825128516,0,556.8949724310688,14308.219178082192,1,0,0,0,0,0
2955,77.24,7924.899081605917,650.0,0,8.04,3.0,50206.0,-50206.0,15071.972825128516,0,556.8949724310688,14308.219178082192,1,0,0,0,0,0
2956,69.93,3173.3990816059204,650.0,0,8.04,3.0,45454.50000000001,-45454.50000000001,15071.972825128516,0,556.8949724310688,14308.219178082192,1,0,0,0,0,0
2957,132.86,44077.89908160594,650.0,0,8.04,3.0,86359.00000000001,-86359.00000000001,15071.972825128516,0,556.8949724310688,14308.219178082192,1,0,0,0,0,0
2958,91.92,17466.899081605916,650.0,0,8.04,3.0,59748.0,-59748.0,15071.972825128516,0,556.8949724310688,14308.219178082192,1,0,0,0,0,0
2959,91.48,17180.899081605916,650.0,0,8.04,3.0,59462.0,-59462.0,15071.972825128516,0,556.8949724310688,14308.219178082192,1,0,0,0,0,0
2960,91.77,17369.399081605916,650.0,0,8.04,3.0,59650.5,-59650.5,15071.972825128516,0,556.8949724310688,14308.219178082192,1,0,0,0,0,0
2961,83.68,12110.899081605916,650.0,0,8.04,3.0,54392.00000000001,-54392.00000000001,15071.972825128516,0,556.8949724310688,14308.219178082192,1,0,0,0,0,0
2962,70.94,3829.899081605913,650.0,0,8.04,3.0,46111.0,-46111.0,15071.972825128516,0,556.8949724310688,14308.219178082192,1,0,0,0,0,0
2963,69.46,2867.899081605906,650.0,0,8.04,3.0,45148.99999999999,-45148.99999999999,15071.972825128516,0,556.8949724310688,14308.219178082192,1,0,0,0,0,0
2964,70.28,3400.899081605913,650.0,0,8.04,3.0,45682.0,-45682.0,15071.972825128516,0,556.8949724310688,14308.219178082192,1,0,0,0,0,0
2965,74.68,6260.899081605917,650.0,0,8.04,3.0,48542.00000000001,-48542.00000000001,15071.972825128516,0,556.8949724310688,14308.219178082192,1,0,0,0,0,0
2966,74.59,6202.399081605917,650.0,0,8.04,3.0,48483.5,-48483.5,15071.972825128516,0,556.8949724310688,14308.219178082192,1,0,0,0,0,0
2967,71.62,4271.899081605913,650.0,0,8.04,3.0,46553.0,-46553.0,15071.972825128516,0,556.8949724310688,14308.219178082192,1,0,0,0,0,0
2968,74.52,6156.899081605917,650.0,0,8.04,3.0,48438.0,-48438.0,15071.972825128516,0,556.8949724310688,14308.219178082192,1,0,0,0,0,0
2969,72.56,4882.899081605917,650.0,0,8.04,3.0,47164.0,-47164.0,15071.972825128516,0,556.8949724310688,14308.219178082192,1,0,0,0,0,0
2970,370.61,198615.39908160592,650.0,0,8.04,3.0,240896.5,-240896.5,15071.972825128516,0,556.8949724310688,14308.219178082192,1,0,0,0,0,0
2971,138.57,47789.39908160592,650.0,0,8.04,3.0,90070.5,-90070.5,15071.972825128516,0,556.8949724310688,14308.219178082192,1,0,0,0,0,0
2972,127.48,40580.89908160592,650.0,0,8.04,3.0,82862.0,-82862.0,15071.972825128516,0,556.8949724310688,14308.219178082192,1,0,0,0,0,0
2973,71.21,4005.399081605906,650.0,0,8.04,3.0,46286.49999999999,-46286.49999999999,15071.972825128516,0,556.8949724310688,14308.219178082192,1,0,0,0,0,0
2974,67.96,1892.8990816059058,650.0,0,8.04,3.0,44173.99999999999,-44173.99999999999,15071.972825128516,0,556.8949724310688,14308.219178082192,1,0,0,0,0,0
2975,52.51,-770.7836617861462,-659.6383232550305,5.0,8.04,3.0,-34637.60835412165,34637.60835412165,3138.0483456800653,15.0,116.83198947648592,14308.219178082192,0,1,0,0,0,0
2976,57.45,-4029.3969786660014,-659.6383232550305,5.0,8.04,3.0,-37896.221671001505,37896.221671001505,3138.0483456800653,15.0,116.83198947648592,14308.219178082192,0,1,0,0,0,0
2977,48.79,1683.0709007225673,-659.6383232550305,5.0,8.04,3.0,-32183.753791612937,32183.753791612937,3138.0483456800653,15.0,116.83198947648592,14308.219178082192,0,1,0,0,0,0
2978,55.69,-2868.433529737143,-659.6383232550305,5.0,8.04,3.0,-36735.25822207265,36735.25822207265,3138.0483456800653,15.0,116.83198947648592,14308.219178082192,0,1,0,0,0,0
2979,71.6,4258.899081605906,650.0,0,8.04,3.0,46539.99999999999,-46539.99999999999,15071.972825128516,0,556.8949724310688,14308.219178082192,1,0,0,0,0,0
2980,188.0,79918.89908160592,650.0,0,8.04,3.0,122200.0,-122200.0,15071.972825128516,0,556.8949724310688,14308.219178082192,1,0,0,0,0,0
2981,73.26,5337.899081605917,650.0,0,8.04,3.0,47619.0,-47619.0,15071.972825128516,0,556.8949724310688,14308.219178082192,1,0,0,0,0,0
2982,152.55,56876.39908160594,650.0,0,8.04,3.0,99157.50000000001,-99157.50000000001,15071.972825128516,0,556.8949724310688,14308.219178082192,1,0,0,0,0,0
2983,148.68,54360.89908160592,650.0,0,8.04,3.0,96642.0,-96642.0,15071.972825128516,0,556.8949724310688,14308.219178082192,1,0,0,0,0,0
2984,85.39,13222.399081605916,650.0,0,8.04,3.0,55503.5,-55503.5,15071.972825128516,0,556.8949724310688,14308.219178082192,1,0,0,0,0,0
2985,167.11,66340.39908160594,650.0,0,8.04,3.0,108621.50000000001,-108621.50000000001,15071.972825128516,0,556.8949724310688,14308.219178082192,1,0,0,0,0,0
2986,75.14,6559.899081605917,650.0,0,8.04,3.0,48841.0,-48841.0,15071.972825128516,0,556.8949724310688,14308.219178082192,1,0,0,0,0,0
2987,73.6,5558.899081605902,650.0,0,8.04,3.0,47839.99999999999,-47839.99999999999,15071.972825128516,0,556.8949724310688,14308.219178082192,1,0,0,0,0,0
2988,76.07,7164.399081605902,650.0,0,8.04,3.0,49445.49999999999,-49445.49999999999,15071.972825128516,0,556.8949724310688,14308.219178082192,1,0,0,0,0,0
2989,70.89,3797.399081605913,650.0,0,8.04,3.0,46078.5,-46078.5,15071.972825128516,0,556.8949724310688,14308.219178082192,1,0,0,0,0,0
2990,72.75,5006.399081605917,650.0,0,8.04,3.0,47287.5,-47287.5,15071.972825128516,0,556.8949724310688,14308.219178082192,1,0,0,0,0,0
2991,72.09,4577.399081605913,650.0,0,8.04,3.0,46858.5,-46858.5,15071.972825128516,0,556.8949724310688,14308.219178082192,1,0,0,0,0,0
2992,68.03,1938.3990816059131,650.0,0,8.04,3.0,44219.5,-44219.5,15071.972825128516,0,556.8949724310688,14308.219178082192,1,0,0,0,0,0
2993,71.43,4148.39908160592,650.0,0,8.04,3.0,46429.50000000001,-46429.50000000001,15071.972825128516,0,556.8949724310688,14308.219178082192,1,0,0,0,0,0
2994,80.4,9978.899081605916,650.0,0,8.04,3.0,52260.00000000001,-52260.00000000001,15071.972825128516,0,556.8949724310688,14308.219178082192,1,0,0,0,0,0
2995,110.99,29862.399081605916,650.0,0,8.04,3.0,72143.5,-72143.5,15071.972825128516,0,556.8949724310688,14308.219178082192,1,0,0,0,0,0
2996,127.13,40353.39908160592,650.0,0,8.04,3.0,82634.5,-82634.5,15071.972825128516,0,556.8949724310688,14308.219178082192,1,0,0,0,0,0
2997,89.01,15575.399081605916,650.0,0,8.04,3.0,57856.5,-57856.5,15071.972825128516,0,556.8949724310688,14308.219178082192,1,0,0,0,0,0
2998,78.75,8906.399081605916,650.0,0,8.04,3.0,51187.5,-51187.5,15071.972825128516,0,556.8949724310688,14308.219178082192,1,0,0,0,0,0
2999,78.39,8672.399081605916,650.0,0,8.04,3.0,50953.5,-50953.5,15071.972825128516,0,556.8949724310688,14308.219178082192,1,0,0,0,0,0
3000,52.98,-1080.813673716009,-659.6383232550305,5.0,8.04,3.0,-34947.63836605151,34947.63836605151,3138.0483456800653,15.0,116.83198947648592,14308.219178082192,0,1,0,0,0,0
3001,53.7,-1555.753266459636,-659.6383232550305,5.0,8.04,3.0,-35422.57795879514,35422.57795879514,3138.0483456800653,15.0,116.83198947648592,14308.219178082192,0,1,0,0,0,0
3002,52.02,-447.5608833911824,-659.6383232550305,5.0,8.04,3.0,-34314.38557572669,34314.38557572669,3138.0483456800653,15.0,116.83198947648592,14308.219178082192,0,1,0,0,0,0
3003,50.22,739.7880984678709,-659.6383232550305,5.0,8.04,3.0,-33127.03659386763,33127.03659386763,3138.0483456800653,15.0,116.83198947648592,14308.219178082192,0,1,0,0,0,0
3004,53.17,-1206.14495513447,-659.6383232550305,5.0,8.04,3.0,-35072.969647469974,35072.969647469974,3138.0483456800653,15.0,116.83198947648592,14308.219178082192,0,1,0,0,0,0
3005,57.72,-4207.499325944853,-659.6383232550305,5.0,8.04,3.0,-38074.324018280364,38074.324018280364,3138.0483456800653,15.0,116.83198947648592,14308.219178082192,0,1,0,0,0,0
3006,76.46,7417.899081605902,650.0,0,8.04,3.0,49698.99999999999,-49698.99999999999,15071.972825128516,0,556.8949724310688,14308.219178082192,1,0,0,0,0,0
3007,92.12,17596.899081605916,650.0,0,8.04,3.0,59878.0,-59878.0,15071.972825128516,0,556.8949724310688,14308.219178082192,1,0,0,0,0,0
3008,91.32,17076.8990816059,650.0,0,8.04,3.0,59357.99999999999,-59357.99999999999,15071.972825128516,0,556.8949724310688,14308.219178082192,1,0,0,0,0,0
3009,75.92,7066.899081605917,650.0,0,8.04,3.0,49348.0,-49348.0,15071.972825128516,0,556.8949724310688,14308.219178082192,1,0,0,0,0,0
3010,68.94,2529.899081605913,650.0,0,8.04,3.0,44811.0,-44811.0,15071.972825128516,0,556.8949724310688,14308.219178082192,1,0,0,0,0,0
3011,61.05,-2598.600918394087,650.0,0,8.04,3.0,39682.5,-39682.5,15071.972825128516,0,556.8949724310688,14308.219178082192,1,0,0,0,0,0
3012,58.84,-4035.100918394087,650.0,0,8.04,3.0,38246.0,-38246.0,15071.972825128516,0,556.8949724310688,14308.219178082192,1,0,0,0,0,0
3013,53.37,-1338.0726197854742,-659.6383232550305,5.0,8.04,3.0,-35204.89731212098,35204.89731212098,3138.0483456800653,15.0,116.83198947648592,14308.219178082192,0,1,0,0,0,0
3014,56.01,-3079.5177931787543,-659.6383232550305,5.0,8.04,3.0,-36946.34248551426,36946.34248551426,3138.0483456800653,15.0,116.83198947648592,14308.219178082192,0,1,0,0,0,0
3015,60.81,-2754.600918394087,650.0,0,8.04,3.0,39526.5,-39526.5,15071.972825128516,0,556.8949724310688,14308.219178082192,1,0,0,0,0,0
3016,66.18,735.8990816059203,650.0,0,8.04,3.0,43017.00000000001,-43017.00000000001,15071.972825128516,0,556.8949724310688,14308.219178082192,1,0,0,0,0,0
3017,60.41,-3014.600918394087,650.0,0,8.04,3.0,39266.5,-39266.5,15071.972825128516,0,556.8949724310688,14308.219178082192,1,0,0,0,0,0
3018,58.93,-3976.600918394087,650.0,0,8.04,3.0,38304.5,-38304.5,15071.972825128516,0,556.8949724310688,14308.219178082192,1,0,0,0,0,0
3019,62.6,-1591.1009183940869,650.0,0,8.04,3.0,40690.0,-40690.0,15071.972825128516,0,556.8949724310688,14308.219178082192,1,0,0,0,0,0
3020,59.17,-3820.600918394087,650.0,0,8.04,3.0,38460.5,-38460.5,15071.972825128516,0,556.8949724310688,14308.219178082192,1,0,0,0,0,0
3021,46.89,2936.3837149071264,-659.6383232550305,5.0,8.04,3.0,-30930.44097742838,30930.44097742838,3138.0483456800653,15.0,116.83198947648592,14308.219178082192,0,1,0,0,0,0
3022,30.75,13582.946252243317,-659.6383232550305,5.0,8.04,3.0,-20283.878440092187,20283.878440092187,3138.0483456800653,15.0,116.83198947648592,14308.219178082192,0,1,0,0,0,0
3023,-1.67,34968.42069217141,-659.6383232550305,5.0,8.04,3.0,1101.595999835901,-1101.595999835901,3138.0483456800653,15.0,116.83198947648592,14308.219178082192,0,1,0,0,0,0
3024,10.8,26742.730801181173,-659.6383232550305,5.0,8.04,3.0,-7124.09389115433,7124.09389115433,3138.0483456800653,15.0,116.83198947648592,14308.219178082192,0,1,0,0,0,0
3025,-1.59,34915.649626311,-659.6383232550305,5.0,8.04,3.0,1048.8249339754987,-1048.8249339754987,3138.0483456800653,15.0,116.83198947648592,14308.219178082192,0,1,0,0,0,0
3026,-2.82,35727.00476391469,-659.6383232550305,5.0,8.04,3.0,1860.180071579186,-1860.180071579186,3138.0483456800653,15.0,116.83198947648592,14308.219178082192,0,1,0,0,0,0
3027,1.54,32850.98167452276,-659.6383232550305,5.0,8.04,3.0,-1015.843017812747,1015.843017812747,3138.0483456800653,15.0,116.83198947648592,14308.219178082192,0,1,0,0,0,0
3028,9.01,27923.48339980768,-659.6383232550305,5.0,8.04,3.0,-5943.341292527824,5943.341292527824,3138.0483456800653,15.0,116.83198947648592,14308.219178082192,0,1,0,0,0,0
3029,-1.64,34948.631542473755,-659.6383232550305,5.0,8.04,3.0,1081.80685013825,-1081.80685013825,3138.0483456800653,15.0,116.83198947648592,14308.219178082192,0,1,0,0,0,0
3030,-1.48,34843.089410752946,-659.6383232550305,5.0,8.04,3.0,976.2647184174451,-976.2647184174451,3138.0483456800653,15.0,116.83198947648592,14308.219178082192,0,1,0,0,0,0
3031,4.69,30773.12095626941,-659.6383232550305,5.0,8.04,3.0,-3093.7037360660934,3093.7037360660934,3138.0483456800653,15.0,116.83198947648592,14308.219178082192,0,1,0,0,0,0
3032,11.84,26056.70694499594,-659.6383232550305,5.0,8.04,3.0,-7810.117747339561,7810.117747339561,3138.0483456800653,15.0,116.83198947648592,14308.219178082192,0,1,0,0,0,0
3033,6.74,29420.8623935966,-659.6383232550305,5.0,8.04,3.0,-4445.962298738906,4445.962298738906,3138.0483456800653,15.0,116.83198947648592,14308.219178082192,0,1,0,0,0,0
3034,6.99,29255.952812782838,-659.6383232550305,5.0,8.04,3.0,-4610.871879552664,4610.871879552664,3138.0483456800653,15.0,116.83198947648592,14308.219178082192,0,1,0,0,0,0
3035,5.74,30080.500716851628,-659.6383232550305,5.0,8.04,3.0,-3786.323975483875,3786.323975483875,3138.0483456800653,15.0,116.83198947648592,14308.219178082192,0,1,0,0,0,0
3036,8.99,27936.67616627278,-659.6383232550305,5.0,8.04,3.0,-5930.148526062724,5930.148526062724,3138.0483456800653,15.0,116.83198947648592,14308.219178082192,0,1,0,0,0,0
3037,6.19,29783.663471386866,-659.6383232550305,5.0,8.04,3.0,-4083.1612209486393,4083.1612209486393,3138.0483456800653,15.0,116.83198947648592,14308.219178082192,0,1,0,0,0,0
3038,10.9,26676.76696885567,-659.6383232550305,5.0,8.04,3.0,-7190.057723479833,7190.057723479833,3138.0483456800653,15.0,116.83198947648592,14308.219178082192,0,1,0,0,0,0
3039,13.55,24928.72541222984,-659.6383232550305,5.0,8.04,3.0,-8938.099280105664,8938.099280105664,3138.0483456800653,15.0,116.83198947648592,14308.219178082192,0,1,0,0,0,0
3040,11.55,26248.0020587399,-659.6383232550305,5.0,8.04,3.0,-7618.822633595603,7618.822633595603,3138.0483456800653,15.0,116.83198947648592,14308.219178082192,0,1,0,0,0,0
3041,9.77,27422.158274133857,-659.6383232550305,5.0,8.04,3.0,-6444.6664182016475,6444.6664182016475,3138.0483456800653,15.0,116.83198947648592,14308.219178082192,0,1,0,0,0,0
3042,12.93,25337.70117264796,-659.6383232550305,5.0,8.04,3.0,-8529.123519687544,8529.123519687544,3138.0483456800653,15.0,116.83198947648592,14308.219178082192,0,1,0,0,0,0
3043,14.42,24354.840070997965,-659.6383232550305,5.0,8.04,3.0,-9511.98462133754,9511.98462133754,3138.0483456800653,15.0,116.83198947648592,14308.219178082192,0,1,0,0,0,0
3044,11.89,26023.72502883319,-659.6383232550305,5.0,8.04,3.0,-7843.099663502313,7843.099663502313,3138.0483456800653,15.0,116.83198947648592,14308.219178082192,0,1,0,0,0,0
3045,8.18,28470.983208109355,-659.6383232550305,5.0,8.04,3.0,-5395.841484226149,5395.841484226149,3138.0483456800653,15.0,116.83198947648592,14308.219178082192,0,1,0,0,0,0
3046,3.01,31881.313339337863,-659.6383232550305,5.0,8.04,3.0,-1985.5113529976418,1985.5113529976418,3138.0483456800653,15.0,116.83198947648592,14308.219178082192,0,1,0,0,0,0
3047,0.45,33569.98744687074,-659.6383232550305,5.0,8.04,3.0,-296.8372454647637,296.8372454647637,3138.0483456800653,15.0,116.83198947648592,14308.219178082192,0,1,0,0,0,0
3048,4.19,31102.940117896927,-659.6383232550305,5.0,8.04,3.0,-2763.884574438578,2763.884574438578,3138.0483456800653,15.0,116.83198947648592,14308.219178082192,0,1,0,0,0,0
3049,1.79,32686.072093709,-659.6383232550305,5.0,8.04,3.0,-1180.7525986265046,1180.7525986265046,3138.0483456800653,15.0,116.83198947648592,14308.219178082192,0,1,0,0,0,0
3050,5.05,30535.6511598976,-659.6383232550305,5.0,8.04,3.0,-3331.1735324379038,3331.1735324379038,3138.0483456800653,15.0,116.83198947648592,14308.219178082192,0,1,0,0,0,0
3051,9.46,27626.646154342914,-659.6383232550305,5.0,8.04,3.0,-6240.17853799259,6240.17853799259,3138.0483456800653,15.0,116.83198947648592,14308.219178082192,0,1,0,0,0,0
3052,-1.85,35087.15559035731,-659.6383232550305,5.0,8.04,3.0,1220.3308980218064,-1220.3308980218064,3138.0483456800653,15.0,116.83198947648592,14308.219178082192,0,1,0,0,0,0
3053,-17.3,45278.56768464753,-659.6383232550305,5.0,8.04,3.0,11411.742992312029,-11411.742992312029,3138.0483456800653,15.0,116.83198947648592,14308.219178082192,0,1,0,0,0,0
3054,2.94,31927.488021965713,-659.6383232550305,5.0,8.04,3.0,-1939.3366703697898,1939.3366703697898,3138.0483456800653,15.0,116.83198947648592,14308.219178082192,0,1,0,0,0,0
3055,22.61,18952.402203539263,-659.6383232550305,5.0,8.04,3.0,-14914.42248879624,14914.42248879624,3138.0483456800653,15.0,116.83198947648592,14308.219178082192,0,1,0,0,0,0
3056,26.82,16175.324862635585,-659.6383232550305,5.0,8.04,3.0,-17691.49982969992,17691.49982969992,3138.0483456800653,15.0,116.83198947648592,14308.219178082192,0,1,0,0,0,0
3057,51.81,-309.03683550762753,-659.6383232550305,5.0,8.04,3.0,-34175.86152784313,34175.86152784313,3138.0483456800653,15.0,116.83198947648592,14308.219178082192,0,1,0,0,0,0
3058,62.2,-1851.1009183940869,650.0,0,8.04,3.0,40430.0,-40430.0,15071.972825128516,0,556.8949724310688,14308.219178082192,1,0,0,0,0,0
3059,56.23,-3224.63822429486,-659.6383232550305,5.0,8.04,3.0,-37091.462916630364,37091.462916630364,3138.0483456800653,15.0,116.83198947648592,14308.219178082192,0,1,0,0,0,0
3060,60.41,-3014.600918394087,650.0,0,8.04,3.0,39266.5,-39266.5,15071.972825128516,0,556.8949724310688,14308.219178082192,1,0,0,0,0,0
3061,71.09,3927.399081605913,650.0,0,8.04,3.0,46208.5,-46208.5,15071.972825128516,0,556.8949724310688,14308.219178082192,1,0,0,0,0,0
3062,55.14,-2505.632451946883,-659.6383232550305,5.0,8.04,3.0,-36372.45714428238,36372.45714428238,3138.0483456800653,15.0,116.83198947648592,14308.219178082192,0,1,0,0,0,0
3063,59.46,-3632.100918394087,650.0,0,8.04,3.0,38649.0,-38649.0,15071.972825128516,0,556.8949724310688,14308.219178082192,1,0,0,0,0,0
3064,57.32,-3943.643996642844,-659.6383232550305,5.0,8.04,3.0,-37810.46868897835,37810.46868897835,3138.0483456800653,15.0,116.83198947648592,14308.219178082192,0,1,0,0,0,0
3065,61.97,-2000.6009183940869,650.0,0,8.04,3.0,40280.5,-40280.5,15071.972825128516,0,556.8949724310688,14308.219178082192,1,0,0,0,0,0
3066,70.16,3322.899081605913,650.0,0,8.04,3.0,45604.0,-45604.0,15071.972825128516,0,556.8949724310688,14308.219178082192,1,0,0,0,0,0
3067,60.96,-2657.100918394087,650.0,0,8.04,3.0,39624.0,-39624.0,15071.972825128516,0,556.8949724310688,14308.219178082192,1,0,0,0,0,0
3068,71.08,3920.899081605913,650.0,0,8.04,3.0,46202.0,-46202.0,15071.972825128516,0,556.8949724310688,14308.219178082192,1,0,0,0,0,0
3069,38.34,8576.291378737635,-659.6383232550305,5.0,8.04,3.0,-25290.533313597873,25290.533313597873,3138.0483456800653,15.0,116.83198947648592,14308.219178082192,0,1,0,0,0,0
3070,18.12,21914.17827495435,-659.6383232550305,5.0,8.04,3.0,-11952.646417381153,11952.646417381153,3138.0483456800653,15.0,116.83198947648592,14308.219178082192,0,1,0,0,0,0
3071,8.75,28094.989363853987,-659.6383232550305,5.0,8.04,3.0,-5771.835328481517,5771.835328481517,3138.0483456800653,15.0,116.83198947648592,14308.219178082192,0,1,0,0,0,0
3072,-9.29,39994.86471537474,-659.6383232550305,5.0,8.04,3.0,6128.040023039233,-6128.040023039233,3138.0483456800653,15.0,116.83198947648592,14308.219178082192,0,1,0,0,0,0
3073,-17.59,45469.86279839149,-659.6383232550305,5.0,8.04,3.0,11603.038106055987,-11603.038106055987,3138.0483456800653,15.0,116.83198947648592,14308.219178082192,0,1,0,0,0,0
3074,-27.23,51828.77623456999,-659.6383232550305,5.0,8.04,3.0,17961.95154223448,-17961.95154223448,3138.0483456800653,15.0,116.83198947648592,14308.219178082192,0,1,0,0,0,0
3075,-23.14,49130.85549245691,-659.6383232550305,5.0,8.04,3.0,15264.030800121407,-15264.030800121407,3138.0483456800653,15.0,116.83198947648592,14308.219178082192,0,1,0,0,0,0
3076,-19.89,46987.03094187806,-659.6383232550305,5.0,8.04,3.0,13120.206249542558,-13120.206249542558,3138.0483456800653,15.0,116.83198947648592,14308.219178082192,0,1,0,0,0,0
3077,-14.27,43279.86356518479,-659.6383232550305,5.0,8.04,3.0,9413.038872849285,-9413.038872849285,3138.0483456800653,15.0,116.83198947648592,14308.219178082192,0,1,0,0,0,0
3078,14.39,24374.629220695613,-659.6383232550305,5.0,8.04,3.0,-9492.195471639889,9492.195471639889,3138.0483456800653,15.0,116.83198947648592,14308.219178082192,0,1,0,0,0,0
3079,-2.78,35700.61923098449,-659.6383232550305,5.0,8.04,3.0,1833.7945386489846,-1833.7945386489846,3138.0483456800653,15.0,116.83198947648592,14308.219178082192,0,1,0,0,0,0
3080,9.32,27718.99551959862,-659.6383232550305,5.0,8.04,3.0,-6147.829172736884,6147.829172736884,3138.0483456800653,15.0,116.83198947648592,14308.219178082192,0,1,0,0,0,0
3081,21.47,19704.38989205,-659.6383232550305,5.0,8.04,3.0,-14162.434800285504,14162.434800285504,3138.0483456800653,15.0,116.83198947648592,14308.219178082192,0,1,0,0,0,0
3082,15.35,23741.376430370787,-659.6383232550305,5.0,8.04,3.0,-10125.448261964719,10125.448261964719,3138.0483456800653,15.0,116.83198947648592,14308.219178082192,0,1,0,0,0,0
3083,53.24,-1252.3196377623167,-659.6383232550305,5.0,8.04,3.0,-35119.14433009783,35119.14433009783,3138.0483456800653,15.0,116.83198947648592,14308.219178082192,0,1,0,0,0,0
3084,45.6,3787.317151906111,-659.6383232550305,5.0,8.04,3.0,-30079.507540429393,30079.507540429393,3138.0483456800653,15.0,116.83198947648592,14308.219178082192,0,1,0,0,0,0
3085,27.57,15680.59612019431,-659.6383232550305,5.0,8.04,3.0,-18186.22857214119,18186.22857214119,3138.0483456800653,15.0,116.83198947648592,14308.219178082192,0,1,0,0,0,0
3086,1.24,33048.87317149927,-659.6383232550305,5.0,8.04,3.0,-817.9515208362378,817.9515208362378,3138.0483456800653,15.0,116.83198947648592,14308.219178082192,0,1,0,0,0,0
3087,-0.06,33906.40299173081,-659.6383232550305,5.0,8.04,3.0,39.578299395301826,-39.578299395301826,3138.0483456800653,15.0,116.83198947648592,14308.219178082192,0,1,0,0,0,0
3088,-0.21,34005.34874021906,-659.6383232550305,5.0,8.04,3.0,138.5240478835564,-138.5240478835564,3138.0483456800653,15.0,116.83198947648592,14308.219178082192,0,1,0,0,0,0
3089,4.17,31116.13288436203,-659.6383232550305,5.0,8.04,3.0,-2750.6918079734774,2750.6918079734774,3138.0483456800653,15.0,116.83198947648592,14308.219178082192,0,1,0,0,0,0
3090,5.66,30133.271782712032,-659.6383232550305,5.0,8.04,3.0,-3733.5529096234727,3733.5529096234727,3138.0483456800653,15.0,116.83198947648592,14308.219178082192,0,1,0,0,0,0
3091,20.0,20674.058227234895,-659.6383232550305,5.0,8.04,3.0,-13192.76646510061,13192.76646510061,3138.0483456800653,15.0,116.83198947648592,14308.219178082192,0,1,0,0,0,0
3092,29.31,14532.82543773056,-659.6383232550305,5.0,8.04,3.0,-19333.999254604943,19333.999254604943,3138.0483456800653,15.0,116.83198947648592,14308.219178082192,0,1,0,0,0,0
3093,28.21,15258.427593311091,-659.6383232550305,5.0,8.04,3.0,-18608.397099024412,18608.397099024412,3138.0483456800653,15.0,116.83198947648592,14308.219178082192,0,1,0,0,0,0
3094,12.3,25753.273316298626,-659.6383232550305,5.0,8.04,3.0,-8113.551376036876,8113.551376036876,3138.0483456800653,15.0,116.83198947648592,14308.219178082192,0,1,0,0,0,0
3095,42.6,5766.232121671204,-659.6383232550305,5.0,8.04,3.0,-28100.5925706643,28100.5925706643,3138.0483456800653,15.0,116.83198947648592,14308.219178082192,0,1,0,0,0,0
3096,12.82,25410.26138820601,-659.6383232550305,5.0,8.04,3.0,-8456.563304129491,8456.563304129491,3138.0483456800653,15.0,116.83198947648592,14308.219178082192,0,1,0,0,0,0
3097,9.23,27778.36296869157,-659.6383232550305,5.0,8.04,3.0,-6088.461723643932,6088.461723643932,3138.0483456800653,15.0,116.83198947648592,14308.219178082192,0,1,0,0,0,0
3098,33.72,11623.820432175879,-659.6383232550305,5.0,8.04,3.0,-22243.00426015963,22243.00426015963,3138.0483456800653,15.0,116.83198947648592,14308.219178082192,0,1,0,0,0,0
3099,22.67,18912.82390414396,-659.6383232550305,5.0,8.04,3.0,-14954.000788191543,14954.000788191543,3138.0483456800653,15.0,116.83198947648592,14308.219178082192,0,1,0,0,0,0
3100,24.38,17784.84237137786,-659.6383232550305,5.0,8.04,3.0,-16081.982320957643,16081.982320957643,3138.0483456800653,15.0,116.83198947648592,14308.219178082192,0,1,0,0,0,0
3101,32.08,12705.627282314126,-659.6383232550305,5.0,8.04,3.0,-21161.197410021377,21161.197410021377,3138.0483456800653,15.0,116.83198947648592,14308.219178082192,0,1,0,0,0,0
3102,44.27,4664.636121835301,-659.6383232550305,5.0,8.04,3.0,-29202.188570500202,29202.188570500202,3138.0483456800653,15.0,116.83198947648592,14308.219178082192,0,1,0,0,0,0
3103,49.58,1161.9566253510934,-659.6383232550305,5.0,8.04,3.0,-32704.86806698441,32704.86806698441,3138.0483456800653,15.0,116.83198947648592,14308.219178082192,0,1,0,0,0,0
3104,56.21,-3211.4454578297587,-659.6383232550305,5.0,8.04,3.0,-37078.27015016526,37078.27015016526,3138.0483456800653,15.0,116.83198947648592,14308.219178082192,0,1,0,0,0,0
3105,59.22,-3788.100918394087,650.0,0,8.04,3.0,38493.0,-38493.0,15071.972825128516,0,556.8949724310688,14308.219178082192,1,0,0,0,0,0
3106,17.86,22085.68423900066,-659.6383232550305,5.0,8.04,3.0,-11781.140453334845,11781.140453334845,3138.0483456800653,15.0,116.83198947648592,14308.219178082192,0,1,0,0,0,0
3107,16.21,23174.08747237146,-659.6383232550305,5.0,8.04,3.0,-10692.737219964045,10692.737219964045,3138.0483456800653,15.0,116.83198947648592,14308.219178082192,0,1,0,0,0,0
3108,8.22,28444.597675179153,-659.6383232550305,5.0,8.04,3.0,-5422.227017156351,5422.227017156351,3138.0483456800653,15.0,116.83198947648592,14308.219178082192,0,1,0,0,0,0
3109,12.23,25799.44799892648,-659.6383232550305,5.0,8.04,3.0,-8067.376693409024,8067.376693409024,3138.0483456800653,15.0,116.83198947648592,14308.219178082192,0,1,0,0,0,0
3110,23.99,18042.101317447323,-659.6383232550305,5.0,8.04,3.0,-15824.72337488818,15824.72337488818,3138.0483456800653,15.0,116.83198947648592,14308.219178082192,0,1,0,0,0,0
3111,44.95,4216.08206202188,-659.6383232550305,5.0,8.04,3.0,-29650.742630313624,29650.742630313624,3138.0483456800653,15.0,116.83198947648592,14308.219178082192,0,1,0,0,0,0
3112,45.61,3780.720768673564,-659.6383232550305,5.0,8.04,3.0,-30086.10392366194,30086.10392366194,3138.0483456800653,15.0,116.83198947648592,14308.219178082192,0,1,0,0,0,0
3113,100.62,23121.899081605916,650.0,0,8.04,3.0,65403.0,-65403.0,15071.972825128516,0,556.8949724310688,14308.219178082192,1,0,0,0,0,0
3114,60.33,-3066.600918394087,650.0,0,8.04,3.0,39214.5,-39214.5,15071.972825128516,0,556.8949724310688,14308.219178082192,1,0,0,0,0,0
3115,95.73,19943.399081605916,650.0,0,8.04,3.0,62224.5,-62224.5,15071.972825128516,0,556.8949724310688,14308.219178082192,1,0,0,0,0,0
3116,80.45,10011.399081605916,650.0,0,8.04,3.0,52292.5,-52292.5,15071.972825128516,0,556.8949724310688,14308.219178082192,1,0,0,0,0,0
3117,44.72,4367.79887637054,-659.6383232550305,5.0,8.04,3.0,-29499.025815964964,29499.025815964964,3138.0483456800653,15.0,116.83198947648592,14308.219178082192,0,1,0,0,0,0
3118,35.38,10528.820815572522,-659.6383232550305,5.0,8.04,3.0,-23338.00387676298,23338.00387676298,3138.0483456800653,15.0,116.83198947648592,14308.219178082192,0,1,0,0,0,0
3119,29.0,14737.313317939617,-659.6383232550305,5.0,8.04,3.0,-19129.511374395886,19129.511374395886,3138.0483456800653,15.0,116.83198947648592,14308.219178082192,0,1,0,0,0,0
3120,15.23,23820.533029161386,-659.6383232550305,5.0,8.04,3.0,-10046.291663174115,10046.291663174115,3138.0483456800653,15.0,116.83198947648592,14308.219178082192,0,1,0,0,0,0
3121,12.71,25482.821603764067,-659.6383232550305,5.0,8.04,3.0,-8384.003088571439,8384.003088571439,3138.0483456800653,15.0,116.83198947648592,14308.219178082192,0,1,0,0,0,0
3122,11.97,25970.953962972788,-659.6383232550305,5.0,8.04,3.0,-7895.870729362716,7895.870729362716,3138.0483456800653,15.0,116.83198947648592,14308.219178082192,0,1,0,0,0,0
3123,12.24,25792.85161569393,-659.6383232550305,5.0,8.04,3.0,-8073.973076641573,8073.973076641573,3138.0483456800653,15.0,116.83198947648592,14308.219178082192,0,1,0,0,0,0
3124,17.06,22613.39489760468,-659.6383232550305,5.0,8.04,3.0,-11253.42979473082,11253.42979473082,3138.0483456800653,15.0,116.83198947648592,14308.219178082192,0,1,0,0,0,0
3125,17.01,22646.376813767434,-659.6383232550305,5.0,8.04,3.0,-11220.44787856807,11220.44787856807,3138.0483456800653,15.0,116.83198947648592,14308.219178082192,0,1,0,0,0,0
3126,35.1,10713.519546083935,-659.6383232550305,5.0,8.04,3.0,-23153.305146251572,23153.305146251572,3138.0483456800653,15.0,116.83198947648592,14308.219178082192,0,1,0,0,0,0
3127,32.78,12243.880456035604,-659.6383232550305,5.0,8.04,3.0,-21622.9442362999,21622.9442362999,3138.0483456800653,15.0,116.83198947648592,14308.219178082192,0,1,0,0,0,0
3128,34.0,11439.121701664466,-659.6383232550305,5.0,8.04,3.0,-22427.702990671038,22427.702990671038,3138.0483456800653,15.0,116.83198947648592,14308.219178082192,0,1,0,0,0,0
3129,80.62,10121.899081605916,650.0,0,8.04,3.0,52403.0,-52403.0,15071.972825128516,0,556.8949724310688,14308.219178082192,1,0,0,0,0,0
3130,51.99,-427.7717336935307,-659.6383232550305,5.0,8.04,3.0,-34294.596426029035,34294.596426029035,3138.0483456800653,15.0,116.83198947648592,14308.219178082192,0,1,0,0,0,0
3131,31.16,13312.494539708754,-659.6383232550305,5.0,8.04,3.0,-20554.33015262675,20554.33015262675,3138.0483456800653,15.0,116.83198947648592,14308.219178082192,0,1,0,0,0,0
3132,-17.78,45595.194079809946,-659.6383232550305,5.0,8.04,3.0,11728.369387474444,-11728.369387474444,3138.0483456800653,15.0,116.83198947648592,14308.219178082192,0,1,0,0,0,0
3133,-33.4,55898.74468905352,-659.6383232550305,5.0,8.04,3.0,22031.919996718018,-22031.919996718018,3138.0483456800653,15.0,116.83198947648592,14308.219178082192,0,1,0,0,0,0
3134,6.98,29262.54919601539,-659.6383232550305,5.0,8.04,3.0,-4604.275496320113,4604.275496320113,3138.0483456800653,15.0,116.83198947648592,14308.219178082192,0,1,0,0,0,0
3135,11.58,26228.21290904225,-659.6383232550305,5.0,8.04,3.0,-7638.611783293253,7638.611783293253,3138.0483456800653,15.0,116.83198947648592,14308.219178082192,0,1,0,0,0,0
3136,9.93,27316.61614241305,-659.6383232550305,5.0,8.04,3.0,-6550.208549922453,6550.208549922453,3138.0483456800653,15.0,116.83198947648592,14308.219178082192,0,1,0,0,0,0
3137,30.65,13648.910084568823,-659.6383232550305,5.0,8.04,3.0,-20217.914607766685,20217.914607766685,3138.0483456800653,15.0,116.83198947648592,14308.219178082192,0,1,0,0,0,0
3138,34.19,11313.790420246012,-659.6383232550305,5.0,8.04,3.0,-22553.03427208949,22553.03427208949,3138.0483456800653,15.0,116.83198947648592,14308.219178082192,0,1,0,0,0,0
3139,55.65,-2842.047996806941,-659.6383232550305,5.0,8.04,3.0,-36708.872689142445,36708.872689142445,3138.0483456800653,15.0,116.83198947648592,14308.219178082192,0,1,0,0,0,0
3140,71.43,4148.39908160592,650.0,0,8.04,3.0,46429.50000000001,-46429.50000000001,15071.972825128516,0,556.8949724310688,14308.219178082192,1,0,0,0,0,0
3141,53.26,-1265.5124042274178,-659.6383232550305,5.0,8.04,3.0,-35132.33709656292,35132.33709656292,3138.0483456800653,15.0,116.83198947648592,14308.219178082192,0,1,0,0,0,0
3142,64.58,-304.100918394087,650.0,0,8.04,3.0,41977.0,-41977.0,15071.972825128516,0,556.8949724310688,14308.219178082192,1,0,0,0,0,0
3143,28.01,15390.3552579621,-659.6383232550305,5.0,8.04,3.0,-18476.469434373405,18476.469434373405,3138.0483456800653,15.0,116.83198947648592,14308.219178082192,0,1,0,0,0,0
3144,19.39,21076.437604420462,-659.6383232550305,5.0,8.04,3.0,-12790.387087915042,12790.387087915042,3138.0483456800653,15.0,116.83198947648592,14308.219178082192,0,1,0,0,0,0
3145,23.54,18338.938562912088,-659.6383232550305,5.0,8.04,3.0,-15527.886129423418,15527.886129423418,3138.0483456800653,15.0,116.83198947648592,14308.219178082192,0,1,0,0,0,0
3146,24.77,17527.583425308396,-659.6383232550305,5.0,8.04,3.0,-16339.241267027106,16339.241267027106,3138.0483456800653,15.0,116.83198947648592,14308.219178082192,0,1,0,0,0,0
3147,9.91,27329.808908878153,-659.6383232550305,5.0,8.04,3.0,-6537.015783457353,6537.015783457353,3138.0483456800653,15.0,116.83198947648592,14308.219178082192,0,1,0,0,0,0
3148,17.98,22006.527640210054,-659.6383232550305,5.0,8.04,3.0,-11860.297052125448,11860.297052125448,3138.0483456800653,15.0,116.83198947648592,14308.219178082192,0,1,0,0,0,0
3149,5.17,30456.494561106996,-659.6383232550305,5.0,8.04,3.0,-3410.3301312285075,3410.3301312285075,3138.0483456800653,15.0,116.83198947648592,14308.219178082192,0,1,0,0,0,0
3150,12.4,25687.309483973127,-659.6383232550305,5.0,8.04,3.0,-8179.515208362379,8179.515208362379,3138.0483456800653,15.0,116.83198947648592,14308.219178082192,0,1,0,0,0,0
3151,82.07,11064.399081605901,650.0,0,8.04,3.0,53345.49999999999,-53345.49999999999,15071.972825128516,0,556.8949724310688,14308.219178082192,1,0,0,0,0,0
3152,81.3,10563.899081605916,650.0,0,8.04,3.0,52845.0,-52845.0,15071.972825128516,0,556.8949724310688,14308.219178082192,1,0,0,0,0,0
3153,89.07,15614.399081605901,650.0,0,8.04,3.0,57895.49999999999,-57895.49999999999,15071.972825128516,0,556.8949724310688,14308.219178082192,1,0,0,0,0,0
3154,65.78,475.899081605913,650.0,0,8.04,3.0,42757.0,-42757.0,15071.972825128516,0,556.8949724310688,14308.219178082192,1,0,0,0,0,0
3155,16.81,22778.304478418442,-659.6383232550305,5.0,8.04,3.0,-11088.520213917061,11088.520213917061,3138.0483456800653,15.0,116.83198947648592,14308.219178082192,0,1,0,0,0,0
3156,16.45,23015.774274790252,-659.6383232550305,5.0,8.04,3.0,-10851.050417545252,10851.050417545252,3138.0483456800653,15.0,116.83198947648592,14308.219178082192,0,1,0,0,0,0
3157,-0.74,34354.957051544225,-659.6383232550305,5.0,8.04,3.0,488.13235920872256,-488.13235920872256,3138.0483456800653,15.0,116.83198947648592,14308.219178082192,0,1,0,0,0,0
3158,-4.47,36815.40799728549,-659.6383232550305,5.0,8.04,3.0,2948.583304949986,-2948.583304949986,3138.0483456800653,15.0,116.83198947648592,14308.219178082192,0,1,0,0,0,0
3159,18.35,21762.461460605693,-659.6383232550305,5.0,8.04,3.0,-12104.36323172981,12104.36323172981,3138.0483456800653,15.0,116.83198947648592,14308.219178082192,0,1,0,0,0,0
3160,25.6,16980.083617006723,-659.6383232550305,5.0,8.04,3.0,-16886.74107532878,16886.74107532878,3138.0483456800653,15.0,116.83198947648592,14308.219178082192,0,1,0,0,0,0
3161,90.9,16803.899081605916,650.0,0,8.04,3.0,59085.00000000001,-59085.00000000001,15071.972825128516,0,556.8949724310688,14308.219178082192,1,0,0,0,0,0
3162,125.45,39261.39908160592,650.0,0,8.04,3.0,81542.5,-81542.5,15071.972825128516,0,556.8949724310688,14308.219178082192,1,0,0,0,0,0
3163,120.66,36147.89908160592,650.0,0,8.04,3.0,78429.0,-78429.0,15071.972825128516,0,556.8949724310688,14308.219178082192,1,0,0,0,0,0
3164,84.28,12500.899081605916,650.0,0,8.04,3.0,54782.0,-54782.0,15071.972825128516,0,556.8949724310688,14308.219178082192,1,0,0,0,0,0
3165,65.31,170.399081605913,650.0,0,8.04,3.0,42451.5,-42451.5,15071.972825128516,0,556.8949724310688,14308.219178082192,1,0,0,0,0,0
3166,66.53,963.399081605913,650.0,0,8.04,3.0,43244.5,-43244.5,15071.972825128516,0,556.8949724310688,14308.219178082192,1,0,0,0,0,0
3167,33.96,11465.507234594665,-659.6383232550305,5.0,8.04,3.0,-22401.317457740835,22401.317457740835,3138.0483456800653,15.0,116.83198947648592,14308.219178082192,0,1,0,0,0,0
3168,21.48,19697.79350881745,-659.6383232550305,5.0,8.04,3.0,-14169.031183518056,14169.031183518056,3138.0483456800653,15.0,116.83198947648592,14308.219178082192,0,1,0,0,0,0
3169,12.36,25713.695016903326,-659.6383232550305,5.0,8.04,3.0,-8153.129675432177,8153.129675432177,3138.0483456800653,15.0,116.83198947648592,14308.219178082192,0,1,0,0,0,0
3170,6.57,29533.000908549955,-659.6383232550305,5.0,8.04,3.0,-4333.82378378555,4333.82378378555,3138.0483456800653,15.0,116.83198947648592,14308.219178082192,0,1,0,0,0,0
3171,13.24,25133.2132924389,-659.6383232550305,5.0,8.04,3.0,-8733.611399896605,8733.611399896605,3138.0483456800653,15.0,116.83198947648592,14308.219178082192,0,1,0,0,0,0
3172,22.98,18708.336023934902,-659.6383232550305,5.0,8.04,3.0,-15158.488668400601,15158.488668400601,3138.0483456800653,15.0,116.83198947648592,14308.219178082192,0,1,0,0,0,0
3173,30.8,13549.964336080564,-659.6383232550305,5.0,8.04,3.0,-20316.86035625494,20316.86035625494,3138.0483456800653,15.0,116.83198947648592,14308.219178082192,0,1,0,0,0,0
3174,20.45,20377.22098177013,-659.6383232550305,5.0,8.04,3.0,-13489.603710565374,13489.603710565374,3138.0483456800653,15.0,116.83198947648592,14308.219178082192,0,1,0,0,0,0
3175,31.36,13180.56687505775,-659.6383232550305,5.0,8.04,3.0,-20686.257817277758,20686.257817277758,3138.0483456800653,15.0,116.83198947648592,14308.219178082192,0,1,0,0,0,0
3176,37.84,8906.110540365149,-659.6383232550305,5.0,8.04,3.0,-24960.71415197036,24960.71415197036,3138.0483456800653,15.0,116.83198947648592,14308.219178082192,0,1,0,0,0,0
3177,31.93,12804.573030802378,-659.6383232550305,5.0,8.04,3.0,-21062.251661533122,21062.251661533122,3138.0483456800653,15.0,116.83198947648592,14308.219178082192,0,1,0,0,0,0
3178,20.54,20317.853532677178,-659.6383232550305,5.0,8.04,3.0,-13548.971159658326,13548.971159658326,3138.0483456800653,15.0,116.83198947648592,14308.219178082192,0,1,0,0,0,0
3179,34.67,10997.164025083595,-659.6383232550305,5.0,8.04,3.0,-22869.66066725191,22869.66066725191,3138.0483456800653,15.0,116.83198947648592,14308.219178082192,0,1,0,0,0,0
3180,60.28,-3099.100918394087,650.0,0,8.04,3.0,39182.0,-39182.0,15071.972825128516,0,556.8949724310688,14308.219178082192,1,0,0,0,0,0
3181,38.46,8497.134779947031,-659.6383232550305,5.0,8.04,3.0,-25369.689912388476,25369.689912388476,3138.0483456800653,15.0,116.83198947648592,14308.219178082192,0,1,0,0,0,0
3182,17.14,22560.62383174428,-659.6383232550305,5.0,8.04,3.0,-11306.200860591223,11306.200860591223,3138.0483456800653,15.0,116.83198947648592,14308.219178082192,0,1,0,0,0,0
3183,27.32,15845.50570100807,-659.6383232550305,5.0,8.04,3.0,-18021.318991327433,18021.318991327433,3138.0483456800653,15.0,116.83198947648592,14308.219178082192,0,1,0,0,0,0
3184,84.81,12845.399081605916,650.0,0,8.04,3.0,55126.5,-55126.5,15071.972825128516,0,556.8949724310688,14308.219178082192,1,0,0,0,0,0
3185,57.24,-3890.8729307824465,-659.6383232550305,5.0,8.04,3.0,-37757.69762311795,37757.69762311795,3138.0483456800653,15.0,116.83198947648592,14308.219178082192,0,1,0,0,0,0
3186,92.91,18110.399081605916,650.0,0,8.04,3.0,60391.5,-60391.5,15071.972825128516,0,556.8949724310688,14308.219178082192,1,0,0,0,0,0
3187,111.5,30193.899081605916,650.0,0,8.04,3.0,72475.0,-72475.0,15071.972825128516,0,556.8949724310688,14308.219178082192,1,0,0,0,0,0
3188,91.49,17187.399081605916,650.0,0,8.04,3.0,59468.5,-59468.5,15071.972825128516,0,556.8949724310688,14308.219178082192,1,0,0,0,0,0
3189,84.74,12799.899081605916,650.0,0,8.04,3.0,55081.0,-55081.0,15071.972825128516,0,556.8949724310688,14308.219178082192,1,0,0,0,0,0
3190,83.47,11974.399081605916,650.0,0,8.04,3.0,54255.5,-54255.5,15071.972825128516,0,556.8949724310688,14308.219178082192,1,0,0,0,0,0
3191,65.4,228.8990816059203,650.0,0,8.04,3.0,42510.00000000001,-42510.00000000001,15071.972825128516,0,556.8949724310688,14308.219178082192,1,0,0,0,0,0
3192,48.78,1689.6672839551143,-659.6383232550305,5.0,8.04,3.0,-32177.15740838039,32177.15740838039,3138.0483456800653,15.0,116.83198947648592,14308.219178082192,0,1,0,0,0,0
3193,46.81,2989.1547807675274,-659.6383232550305,5.0,8.04,3.0,-30877.66991156798,30877.66991156798,3138.0483456800653,15.0,116.83198947648592,14308.219178082192,0,1,0,0,0,0
3194,30.52,13734.663066591977,-659.6383232550305,5.0,8.04,3.0,-20132.16162574353,20132.16162574353,3138.0483456800653,15.0,116.83198947648592,14308.219178082192,0,1,0,0,0,0
3195,18.8,21465.62421514093,-659.6383232550305,5.0,8.04,3.0,-12401.200477194574,12401.200477194574,3138.0483456800653,15.0,116.83198947648592,14308.219178082192,0,1,0,0,0,0
3196,17.33,22435.292550325827,-659.6383232550305,5.0,8.04,3.0,-11431.532142009677,11431.532142009677,3138.0483456800653,15.0,116.83198947648592,14308.219178082192,0,1,0,0,0,0
3197,18.06,21953.756574349653,-659.6383232550305,5.0,8.04,3.0,-11913.068117985851,11913.068117985851,3138.0483456800653,15.0,116.83198947648592,14308.219178082192,0,1,0,0,0,0
3198,19.55,20970.895472699656,-659.6383232550305,5.0,8.04,3.0,-12895.929219635847,12895.929219635847,3138.0483456800653,15.0,116.83198947648592,14308.219178082192,0,1,0,0,0,0
3199,107.54,27619.899081605916,650.0,0,8.04,3.0,69901.0,-69901.0,15071.972825128516,0,556.8949724310688,14308.219178082192,1,0,0,0,0,0
3200,147.78,53775.89908160592,650.0,0,8.04,3.0,96057.0,-96057.0,15071.972825128516,0,556.8949724310688,14308.219178082192,1,0,0,0,0,0
3201,49.42,1267.4987570718954,-659.6383232550305,5.0,8.04,3.0,-32599.32593526361,32599.32593526361,3138.0483456800653,15.0,116.83198947648592,14308.219178082192,0,1,0,0,0,0
3202,26.04,16689.84275477451,-659.6383232550305,5.0,8.04,3.0,-17176.981937560995,17176.981937560995,3138.0483456800653,15.0,116.83198947648592,14308.219178082192,0,1,0,0,0,0
3203,20.9,20080.383736305368,-659.6383232550305,5.0,8.04,3.0,-13786.440956030137,13786.440956030137,3138.0483456800653,15.0,116.83198947648592,14308.219178082192,0,1,0,0,0,0
3204,-5.52,37508.02823670327,-659.6383232550305,5.0,8.04,3.0,3641.2035443677682,-3641.2035443677682,3138.0483456800653,15.0,116.83198947648592,14308.219178082192,0,1,0,0,0,0
3205,-7.33,38701.973601794874,-659.6383232550305,5.0,8.04,3.0,4835.1489094593735,-4835.1489094593735,3138.0483456800653,15.0,116.83198947648592,14308.219178082192,0,1,0,0,0,0
3206,4.85,30667.578824548607,-659.6383232550305,5.0,8.04,3.0,-3199.2458677868976,3199.2458677868976,3138.0483456800653,15.0,116.83198947648592,14308.219178082192,0,1,0,0,0,0
3207,8.41,28319.2663937607,-659.6383232550305,5.0,8.04,3.0,-5547.558298574807,5547.558298574807,3138.0483456800653,15.0,116.83198947648592,14308.219178082192,0,1,0,0,0,0
3208,4.35,30997.39798617612,-659.6383232550305,5.0,8.04,3.0,-2869.4267061593823,2869.4267061593823,3138.0483456800653,15.0,116.83198947648592,14308.219178082192,0,1,0,0,0,0
3209,14.23,24480.17135241642,-659.6383232550305,5.0,8.04,3.0,-9386.653339919085,9386.653339919085,3138.0483456800653,15.0,116.83198947648592,14308.219178082192,0,1,0,0,0,0
3210,14.35,24401.014753625816,-659.6383232550305,5.0,8.04,3.0,-9465.809938709688,9465.809938709688,3138.0483456800653,15.0,116.83198947648592,14308.219178082192,0,1,0,0,0,0
3211,60.78,-2774.100918394087,650.0,0,8.04,3.0,39507.0,-39507.0,15071.972825128516,0,556.8949724310688,14308.219178082192,1,0,0,0,0,0
3212,66.41,885.399081605913,650.0,0,8.04,3.0,43166.5,-43166.5,15071.972825128516,0,556.8949724310688,14308.219178082192,1,0,0,0,0,0
3213,65.66,397.899081605913,650.0,0,8.04,3.0,42679.0,-42679.0,15071.972825128516,0,556.8949724310688,14308.219178082192,1,0,0,0,0,0
3214,59.77,-3430.600918394087,650.0,0,8.04,3.0,38850.5,-38850.5,15071.972825128516,0,556.8949724310688,14308.219178082192,1,0,0,0,0,0
3215,53.39,-1351.2653862505754,-659.6383232550305,5.0,8.04,3.0,-35218.09007858608,35218.09007858608,3138.0483456800653,15.0,116.83198947648592,14308.219178082192,0,1,0,0,0,0
3216,59.27,-3755.600918394087,650.0,0,8.04,3.0,38525.5,-38525.5,15071.972825128516,0,556.8949724310688,14308.219178082192,1,0,0,0,0,0
3217,46.1,3457.4979902786004,-659.6383232550305,5.0,8.04,3.0,-30409.326702056907,30409.326702056907,3138.0483456800653,15.0,116.83198947648592,14308.219178082192,0,1,0,0,0,0
3218,46.98,2877.016265814175,-659.6383232550305,5.0,8.04,3.0,-30989.808426521333,30989.808426521333,3138.0483456800653,15.0,116.83198947648592,14308.219178082192,0,1,0,0,0,0
3219,36.74,9631.71269594568,-659.6383232550305,5.0,8.04,3.0,-24235.111996389824,24235.111996389824,3138.0483456800653,15.0,116.83198947648592,14308.219178082192,0,1,0,0,0,0
3220,21.33,19796.739257305704,-659.6383232550305,5.0,8.04,3.0,-14070.0854350298,14070.0854350298,3138.0483456800653,15.0,116.83198947648592,14308.219178082192,0,1,0,0,0,0
3221,32.96,12125.145557849697,-659.6383232550305,5.0,8.04,3.0,-21741.679134485807,21741.679134485807,3138.0483456800653,15.0,116.83198947648592,14308.219178082192,0,1,0,0,0,0
3222,34.44,11148.880839432255,-659.6383232550305,5.0,8.04,3.0,-22717.94385290325,22717.94385290325,3138.0483456800653,15.0,116.83198947648592,14308.219178082192,0,1,0,0,0,0
3223,41.42,6544.60534311214,-659.6383232550305,5.0,8.04,3.0,-27322.219349223364,27322.219349223364,3138.0483456800653,15.0,116.83198947648592,14308.219178082192,0,1,0,0,0,0
3224,61.41,-2364.600918394087,650.0,0,8.04,3.0,39916.5,-39916.5,15071.972825128516,0,556.8949724310688,14308.219178082192,1,0,0,0,0,0
3225,64.93,-76.60091839407971,650.0,0,8.04,3.0,42204.50000000001,-42204.50000000001,15071.972825128516,0,556.8949724310688,14308.219178082192,1,0,0,0,0,0
3226,65.5,293.899081605913,650.0,0,8.04,3.0,42575.0,-42575.0,15071.972825128516,0,556.8949724310688,14308.219178082192,1,0,0,0,0,0
3227,60.16,-3177.100918394087,650.0,0,8.04,3.0,39104.0,-39104.0,15071.972825128516,0,556.8949724310688,14308.219178082192,1,0,0,0,0,0
3228,42.91,5561.744241462147,-659.6383232550305,5.0,8.04,3.0,-28305.080450873356,28305.080450873356,3138.0483456800653,15.0,116.83198947648592,14308.219178082192,0,1,0,0,0,0
3229,28.62,14987.975880776528,-659.6383232550305,5.0,8.04,3.0,-18878.848811558975,18878.848811558975,3138.0483456800653,15.0,116.83198947648592,14308.219178082192,0,1,0,0,0,0
3230,21.61,19612.040526794295,-659.6383232550305,5.0,8.04,3.0,-14254.784165541208,14254.784165541208,3138.0483456800653,15.0,116.83198947648592,14308.219178082192,0,1,0,0,0,0
3231,27.29,15865.294850705723,-659.6383232550305,5.0,8.04,3.0,-18001.52984162978,18001.52984162978,3138.0483456800653,15.0,116.83198947648592,14308.219178082192,0,1,0,0,0,0
3232,10.25,27105.53187897144,-659.6383232550305,5.0,8.04,3.0,-6761.292813364063,6761.292813364063,3138.0483456800653,15.0,116.83198947648592,14308.219178082192,0,1,0,0,0,0
3233,16.49,22989.38874186005,-659.6383232550305,5.0,8.04,3.0,-10877.435950475452,10877.435950475452,3138.0483456800653,15.0,116.83198947648592,14308.219178082192,0,1,0,0,0,0
3234,23.54,18338.938562912088,-659.6383232550305,5.0,8.04,3.0,-15527.886129423418,15527.886129423418,3138.0483456800653,15.0,116.83198947648592,14308.219178082192,0,1,0,0,0,0
3235,37.62,9051.230971481255,-659.6383232550305,5.0,8.04,3.0,-24815.593720854245,24815.593720854245,3138.0483456800653,15.0,116.83198947648592,14308.219178082192,0,1,0,0,0,0
3236,59.75,-3443.600918394087,650.0,0,8.04,3.0,38837.5,-38837.5,15071.972825128516,0,556.8949724310688,14308.219178082192,1,0,0,0,0,0
3237,61.97,-2000.6009183940869,650.0,0,8.04,3.0,40280.5,-40280.5,15071.972825128516,0,556.8949724310688,14308.219178082192,1,0,0,0,0,0
3238,50.86,317.61957158465566,-659.6383232550305,5.0,8.04,3.0,-33549.20512075085,33549.20512075085,3138.0483456800653,15.0,116.83198947648592,14308.219178082192,0,1,0,0,0,0
3239,41.05,6788.671522716504,-659.6383232550305,5.0,8.04,3.0,-27078.153169619,27078.153169619,3138.0483456800653,15.0,116.83198947648592,14308.219178082192,0,1,0,0,0,0
3240,35.94,10159.423354549708,-659.6383232550305,5.0,8.04,3.0,-23707.401337785795,23707.401337785795,3138.0483456800653,15.0,116.83198947648592,14308.219178082192,0,1,0,0,0,0
3241,25.24,17217.553413378537,-659.6383232550305,5.0,8.04,3.0,-16649.27127895697,16649.27127895697,3138.0483456800653,15.0,116.83198947648592,14308.219178082192,0,1,0,0,0,0
3242,30.83,13530.175186382916,-659.6383232550305,5.0,8.04,3.0,-20336.64950595259,20336.64950595259,3138.0483456800653,15.0,116.83198947648592,14308.219178082192,0,1,0,0,0,0
3243,39.32,7929.845821947703,-659.6383232550305,5.0,8.04,3.0,-25936.9788703878,25936.9788703878,3138.0483456800653,15.0,116.83198947648592,14308.219178082192,0,1,0,0,0,0
3244,43.68,5053.822732555771,-659.6383232550305,5.0,8.04,3.0,-28813.001959779733,28813.001959779733,3138.0483456800653,15.0,116.83198947648592,14308.219178082192,0,1,0,0,0,0
3245,43.02,5489.184025904087,-659.6383232550305,5.0,8.04,3.0,-28377.640666431416,28377.640666431416,3138.0483456800653,15.0,116.83198947648592,14308.219178082192,0,1,0,0,0,0
3246,46.96,2890.2090322792724,-659.6383232550305,5.0,8.04,3.0,-30976.61566005623,30976.61566005623,3138.0483456800653,15.0,116.83198947648592,14308.219178082192,0,1,0,0,0,0
3247,55.23,-2564.999901039831,-659.6383232550305,5.0,8.04,3.0,-36431.824593375335,36431.824593375335,3138.0483456800653,15.0,116.83198947648592,14308.219178082192,0,1,0,0,0,0
3248,70.71,3680.399081605906,650.0,0,8.04,3.0,45961.49999999999,-45961.49999999999,15071.972825128516,0,556.8949724310688,14308.219178082192,1,0,0,0,0,0
3249,65.38,215.899081605913,650.0,0,8.04,3.0,42497.0,-42497.0,15071.972825128516,0,556.8949724310688,14308.219178082192,1,0,0,0,0,0
3250,58.0,-4392.198056456269,-659.6383232550305,5.0,8.04,3.0,-38259.02274879177,38259.02274879177,3138.0483456800653,15.0,116.83198947648592,14308.219178082192,0,1,0,0,0,0
3251,47.75,2369.0947569077985,-659.6383232550305,5.0,8.04,3.0,-31497.729935427706,31497.729935427706,3138.0483456800653,15.0,116.83198947648592,14308.219178082192,0,1,0,0,0,0
3252,41.97,6181.804265321873,-659.6383232550305,5.0,8.04,3.0,-27685.02042701363,27685.02042701363,3138.0483456800653,15.0,116.83198947648592,14308.219178082192,0,1,0,0,0,0
3253,59.47,-3625.600918394087,650.0,0,8.04,3.0,38655.5,-38655.5,15071.972825128516,0,556.8949724310688,14308.219178082192,1,0,0,0,0,0
3254,64.55,-323.600918394087,650.0,0,8.04,3.0,41957.5,-41957.5,15071.972825128516,0,556.8949724310688,14308.219178082192,1,0,0,0,0,0
3255,71.45,4161.399081605913,650.0,0,8.04,3.0,46442.5,-46442.5,15071.972825128516,0,556.8949724310688,14308.219178082192,1,0,0,0,0,0
3256,70.63,3628.399081605913,650.0,0,8.04,3.0,45909.5,-45909.5,15071.972825128516,0,556.8949724310688,14308.219178082192,1,0,0,0,0,0
3257,61.61,-2234.600918394087,650.0,0,8.04,3.0,40046.5,-40046.5,15071.972825128516,0,556.8949724310688,14308.219178082192,1,0,0,0,0,0
3258,39.07,8094.755402761461,-659.6383232550305,5.0,8.04,3.0,-25772.069289574043,25772.069289574043,3138.0483456800653,15.0,116.83198947648592,14308.219178082192,0,1,0,0,0,0
3259,40.21,7342.767714250727,-659.6383232550305,5.0,8.04,3.0,-26524.056978084776,26524.056978084776,3138.0483456800653,15.0,116.83198947648592,14308.219178082192,0,1,0,0,0,0
3260,35.82,10238.579953340311,-659.6383232550305,5.0,8.04,3.0,-23628.244738995192,23628.244738995192,3138.0483456800653,15.0,116.83198947648592,14308.219178082192,0,1,0,0,0,0
3261,22.98,18708.336023934902,-659.6383232550305,5.0,8.04,3.0,-15158.488668400601,15158.488668400601,3138.0483456800653,15.0,116.83198947648592,14308.219178082192,0,1,0,0,0,0
3262,5.22,30423.512644944243,-659.6383232550305,5.0,8.04,3.0,-3443.312047391259,3443.312047391259,3138.0483456800653,15.0,116.83198947648592,14308.219178082192,0,1,0,0,0,0
3263,15.27,23794.147496231188,-659.6383232550305,5.0,8.04,3.0,-10072.677196104316,10072.677196104316,3138.0483456800653,15.0,116.83198947648592,14308.219178082192,0,1,0,0,0,0
3264,14.29,24440.59305302112,-659.6383232550305,5.0,8.04,3.0,-9426.231639314385,9426.231639314385,3138.0483456800653,15.0,116.83198947648592,14308.219178082192,0,1,0,0,0,0
3265,15.59,23583.06323278958,-659.6383232550305,5.0,8.04,3.0,-10283.761459545925,10283.761459545925,3138.0483456800653,15.0,116.83198947648592,14308.219178082192,0,1,0,0,0,0
3266,17.62,22243.997436581863,-659.6383232550305,5.0,8.04,3.0,-11622.827255753638,11622.827255753638,3138.0483456800653,15.0,116.83198947648592,14308.219178082192,0,1,0,0,0,0
3267,30.72,13602.735401940965,-659.6383232550305,5.0,8.04,3.0,-20264.089290394535,20264.089290394535,3138.0483456800653,15.0,116.83198947648592,14308.219178082192,0,1,0,0,0,0
3268,34.4,11175.266372362457,-659.6383232550305,5.0,8.04,3.0,-22691.55831997305,22691.55831997305,3138.0483456800653,15.0,116.83198947648592,14308.219178082192,0,1,0,0,0,0
3269,41.15,6722.707690390998,-659.6383232550305,5.0,8.04,3.0,-27144.117001944505,27144.117001944505,3138.0483456800653,15.0,116.83198947648592,14308.219178082192,0,1,0,0,0,0
3270,49.36,1307.0770564671989,-659.6383232550305,5.0,8.04,3.0,-32559.747635868305,32559.747635868305,3138.0483456800653,15.0,116.83198947648592,14308.219178082192,0,1,0,0,0,0
3271,65.05,1.3990816059130111,650.0,0,8.04,3.0,42282.5,-42282.5,15071.972825128516,0,556.8949724310688,14308.219178082192,1,0,0,0,0,0
3272,77.55,8126.399081605917,650.0,0,8.04,3.0,50407.5,-50407.5,15071.972825128516,0,556.8949724310688,14308.219178082192,1,0,0,0,0,0
3273,74.24,5974.899081605917,650.0,0,8.04,3.0,48256.0,-48256.0,15071.972825128516,0,556.8949724310688,14308.219178082192,1,0,0,0,0,0
3274,82.76,11512.899081605916,650.0,0,8.04,3.0,53794.0,-53794.0,15071.972825128516,0,556.8949724310688,14308.219178082192,1,0,0,0,0,0
3275,85.81,13495.399081605916,650.0,0,8.04,3.0,55776.5,-55776.5,15071.972825128516,0,556.8949724310688,14308.219178082192,1,0,0,0,0,0
3276,49.75,1049.8181103977408,-659.6383232550305,5.0,8.04,3.0,-32817.00658193777,32817.00658193777,3138.0483456800653,15.0,116.83198947648592,14308.219178082192,0,1,0,0,0,0
3277,40.89,6894.213654437306,-659.6383232550305,5.0,8.04,3.0,-26972.611037898198,26972.611037898198,3138.0483456800653,15.0,116.83198947648592,14308.219178082192,0,1,0,0,0,0
3278,43.66,5067.015499020876,-659.6383232550305,5.0,8.04,3.0,-28799.80919331463,28799.80919331463,3138.0483456800653,15.0,116.83198947648592,14308.219178082192,0,1,0,0,0,0
3279,52.2,-566.2957815770856,-659.6383232550305,5.0,8.04,3.0,-34433.1204739126,34433.1204739126,3138.0483456800653,15.0,116.83198947648592,14308.219178082192,0,1,0,0,0,0
3280,34.24,11280.80850408326,-659.6383232550305,5.0,8.04,3.0,-22586.016188252244,22586.016188252244,3138.0483456800653,15.0,116.83198947648592,14308.219178082192,0,1,0,0,0,0
3281,45.24,4024.7869482779247,-659.6383232550305,5.0,8.04,3.0,-29842.037744057583,29842.037744057583,3138.0483456800653,15.0,116.83198947648592,14308.219178082192,0,1,0,0,0,0
3282,56.68,-3521.4754697596213,-659.6383232550305,5.0,8.04,3.0,-37388.30016209513,37388.30016209513,3138.0483456800653,15.0,116.83198947648592,14308.219178082192,0,1,0,0,0,0
3283,67.28,1450.8990816059131,650.0,0,8.04,3.0,43732.0,-43732.0,15071.972825128516,0,556.8949724310688,14308.219178082192,1,0,0,0,0,0
3284,86.54,13969.899081605916,650.0,0,8.04,3.0,56251.00000000001,-56251.00000000001,15071.972825128516,0,556.8949724310688,14308.219178082192,1,0,0,0,0,0
3285,53.61,-1496.3858173666808,-659.6383232550305,5.0,8.04,3.0,-35363.210509702185,35363.210509702185,3138.0483456800653,15.0,116.83198947648592,14308.219178082192,0,1,0,0,0,0
3286,33.29,11907.464911175539,-659.6383232550305,5.0,8.04,3.0,-21959.359781159965,21959.359781159965,3138.0483456800653,15.0,116.83198947648592,14308.219178082192,0,1,0,0,0,0
3287,42.44,5871.774253392014,-659.6383232550305,5.0,8.04,3.0,-27995.050438943494,27995.050438943494,3138.0483456800653,15.0,116.83198947648592,14308.219178082192,0,1,0,0,0,0
3288,43.47,5192.346780439329,-659.6383232550305,5.0,8.04,3.0,-28674.477911896174,28674.477911896174,3138.0483456800653,15.0,116.83198947648592,14308.219178082192,0,1,0,0,0,0
3289,38.82,8259.664983575218,-659.6383232550305,5.0,8.04,3.0,-25607.159708760286,25607.159708760286,3138.0483456800653,15.0,116.83198947648592,14308.219178082192,0,1,0,0,0,0
3290,44.38,4592.075906277249,-659.6383232550305,5.0,8.04,3.0,-29274.748786058255,29274.748786058255,3138.0483456800653,15.0,116.83198947648592,14308.219178082192,0,1,0,0,0,0
3291,45.75,3688.3714034178597,-659.6383232550305,5.0,8.04,3.0,-30178.453288917644,30178.453288917644,3138.0483456800653,15.0,116.83198947648592,14308.219178082192,0,1,0,0,0,0
3292,52.06,-473.94641632138473,-659.6383232550305,5.0,8.04,3.0,-34340.77110865689,34340.77110865689,3138.0483456800653,15.0,116.83198947648592,14308.219178082192,0,1,0,0,0,0
3293,61.37,-2390.600918394087,650.0,0,8.04,3.0,39890.5,-39890.5,15071.972825128516,0,556.8949724310688,14308.219178082192,1,0,0,0,0,0
3294,86.24,13774.899081605916,650.0,0,8.04,3.0,56056.0,-56056.0,15071.972825128516,0,556.8949724310688,14308.219178082192,1,0,0,0,0,0
3295,94.9,19403.899081605916,650.0,0,8.04,3.0,61685.00000000001,-61685.00000000001,15071.972825128516,0,556.8949724310688,14308.219178082192,1,0,0,0,0,0
3296,79.7,9523.899081605916,650.0,0,8.04,3.0,51805.0,-51805.0,15071.972825128516,0,556.8949724310688,14308.219178082192,1,0,0,0,0,0
3297,75.12,6546.899081605917,650.0,0,8.04,3.0,48828.0,-48828.0,15071.972825128516,0,556.8949724310688,14308.219178082192,1,0,0,0,0,0
3298,72.96,5142.899081605902,650.0,0,8.04,3.0,47423.99999999999,-47423.99999999999,15071.972825128516,0,556.8949724310688,14308.219178082192,1,0,0,0,0,0
3299,84.35,12546.399081605901,650.0,0,8.04,3.0,54827.49999999999,-54827.49999999999,15071.972825128516,0,556.8949724310688,14308.219178082192,1,0,0,0,0,0
3300,92.13,17603.399081605916,650.0,0,8.04,3.0,59884.5,-59884.5,15071.972825128516,0,556.8949724310688,14308.219178082192,1,0,0,0,0,0
3301,103.95,25286.399081605916,650.0,0,8.04,3.0,67567.5,-67567.5,15071.972825128516,0,556.8949724310688,14308.219178082192,1,0,0,0,0,0
3302,89.96,16192.899081605901,650.0,0,8.04,3.0,58473.99999999999,-58473.99999999999,15071.972825128516,0,556.8949724310688,14308.219178082192,1,0,0,0,0,0
3303,84.07,12364.399081605901,650.0,0,8.04,3.0,54645.49999999999,-54645.49999999999,15071.972825128516,0,556.8949724310688,14308.219178082192,1,0,0,0,0,0
3304,57.63,-4148.131876851905,-659.6383232550305,5.0,8.04,3.0,-38014.95656918741,38014.95656918741,3138.0483456800653,15.0,116.83198947648592,14308.219178082192,0,1,0,0,0,0
3305,60.66,-2852.100918394087,650.0,0,8.04,3.0,39429.0,-39429.0,15071.972825128516,0,556.8949724310688,14308.219178082192,1,0,0,0,0,0
3306,71.42,4141.899081605913,650.0,0,8.04,3.0,46423.0,-46423.0,15071.972825128516,0,556.8949724310688,14308.219178082192,1,0,0,0,0,0
3307,106.96,27242.899081605916,650.0,0,8.04,3.0,69524.0,-69524.0,15071.972825128516,0,556.8949724310688,14308.219178082192,1,0,0,0,0,0
3308,147.6,53658.89908160592,650.0,0,8.04,3.0,95940.0,-95940.0,15071.972825128516,0,556.8949724310688,14308.219178082192,1,0,0,0,0,0
3309,81.61,10765.399081605916,650.0,0,8.04,3.0,53046.5,-53046.5,15071.972825128516,0,556.8949724310688,14308.219178082192,1,0,0,0,0,0
3310,75.32,6676.899081605902,650.0,0,8.04,3.0,48957.99999999999,-48957.99999999999,15071.972825128516,0,556.8949724310688,14308.219178082192,1,0,0,0,0,0
3311,56.42,-3349.969505713321,-659.6383232550305,5.0,8.04,3.0,-37216.794198048825,37216.794198048825,3138.0483456800653,15.0,116.83198947648592,14308.219178082192,0,1,0,0,0,0
3312,60.33,-3066.600918394087,650.0,0,8.04,3.0,39214.5,-39214.5,15071.972825128516,0,556.8949724310688,14308.219178082192,1,0,0,0,0,0
3313,51.88,-355.2115181354816,-659.6383232550305,5.0,8.04,3.0,-34222.036210470986,34222.036210470986,3138.0483456800653,15.0,116.83198947648592,14308.219178082192,0,1,0,0,0,0
3314,53.76,-1595.3315658549323,-659.6383232550305,5.0,8.04,3.0,-35462.156258190436,35462.156258190436,3138.0483456800653,15.0,116.83198947648592,14308.219178082192,0,1,0,0,0,0
3315,58.3,-4386.100918394087,650.0,0,8.04,3.0,37895.0,-37895.0,15071.972825128516,0,556.8949724310688,14308.219178082192,1,0,0,0,0,0
3316,55.17,-2525.4216016445275,-659.6383232550305,5.0,8.04,3.0,-36392.24629398003,36392.24629398003,3138.0483456800653,15.0,116.83198947648592,14308.219178082192,0,1,0,0,0,0
3317,68.18,2035.8990816059204,650.0,0,8.04,3.0,44317.00000000001,-44317.00000000001,15071.972825128516,0,556.8949724310688,14308.219178082192,1,0,0,0,0,0
3318,65.37,209.399081605913,650.0,0,8.04,3.0,42490.5,-42490.5,15071.972825128516,0,556.8949724310688,14308.219178082192,1,0,0,0,0,0
3319,64.18,-564.1009183940797,650.0,0,8.04,3.0,41717.00000000001,-41717.00000000001,15071.972825128516,0,556.8949724310688,14308.219178082192,1,0,0,0,0,0
3320,66.56,982.899081605913,650.0,0,8.04,3.0,43264.0,-43264.0,15071.972825128516,0,556.8949724310688,14308.219178082192,1,0,0,0,0,0
3321,44.89,4255.660361417184,-659.6383232550305,5.0,8.04,3.0,-29611.16433091832,29611.16433091832,3138.0483456800653,15.0,116.83198947648592,14308.219178082192,0,1,0,0,0,0
3322,42.55,5799.214037833957,-659.6383232550305,5.0,8.04,3.0,-28067.610654501546,28067.610654501546,3138.0483456800653,15.0,116.83198947648592,14308.219178082192,0,1,0,0,0,0
3323,29.28,14552.614587428212,-659.6383232550305,5.0,8.04,3.0,-19314.210104907295,19314.210104907295,3138.0483456800653,15.0,116.83198947648592,14308.219178082192,0,1,0,0,0,0
3324,28.45,15100.114395729888,-659.6383232550305,5.0,8.04,3.0,-18766.71029660562,18766.71029660562,3138.0483456800653,15.0,116.83198947648592,14308.219178082192,0,1,0,0,0,0
3325,37.09,9400.839282806417,-659.6383232550305,5.0,8.04,3.0,-24465.985409529083,24465.985409529083,3138.0483456800653,15.0,116.83198947648592,14308.219178082192,0,1,0,0,0,0
3326,32.53,12408.790036849361,-659.6383232550305,5.0,8.04,3.0,-21458.034655486143,21458.034655486143,3138.0483456800653,15.0,116.83198947648592,14308.219178082192,0,1,0,0,0,0
3327,31.51,13081.621126569491,-659.6383232550305,5.0,8.04,3.0,-20785.203565766013,20785.203565766013,3138.0483456800653,15.0,116.83198947648592,14308.219178082192,0,1,0,0,0,0
3328,29.02,14724.12055147452,-659.6383232550305,5.0,8.04,3.0,-19142.704140860984,19142.704140860984,3138.0483456800653,15.0,116.83198947648592,14308.219178082192,0,1,0,0,0,0
3329,37.83,8912.706923597703,-659.6383232550305,5.0,8.04,3.0,-24954.117768737804,24954.117768737804,3138.0483456800653,15.0,116.83198947648592,14308.219178082192,0,1,0,0,0,0
3330,44.74,4354.606109905439,-659.6383232550305,5.0,8.04,3.0,-29512.218582430065,29512.218582430065,3138.0483456800653,15.0,116.83198947648592,14308.219178082192,0,1,0,0,0,0
3331,54.52,-2096.6566915287617,-659.6383232550305,5.0,8.04,3.0,-35963.481383864266,35963.481383864266,3138.0483456800653,15.0,116.83198947648592,14308.219178082192,0,1,0,0,0,0
3332,38.55,8437.76733085408,-659.6383232550305,5.0,8.04,3.0,-25429.057361481424,25429.057361481424,3138.0483456800653,15.0,116.83198947648592,14308.219178082192,0,1,0,0,0,0
3333,25.68,16927.312551146322,-659.6383232550305,5.0,8.04,3.0,-16939.512141189185,16939.512141189185,3138.0483456800653,15.0,116.83198947648592,14308.219178082192,0,1,0,0,0,0
3334,53.91,-1694.277314343191,-659.6383232550305,5.0,8.04,3.0,-35561.102006678695,35561.102006678695,3138.0483456800653,15.0,116.83198947648592,14308.219178082192,0,1,0,0,0,0
3335,23.01,18688.546874237254,-659.6383232550305,5.0,8.04,3.0,-15178.277818098253,15178.277818098253,3138.0483456800653,15.0,116.83198947648592,14308.219178082192,0,1,0,0,0,0
3336,43.17,5390.238277415836,-659.6383232550305,5.0,8.04,3.0,-28476.586414919668,28476.586414919668,3138.0483456800653,15.0,116.83198947648592,14308.219178082192,0,1,0,0,0,0
3337,27.11,15984.029748891626,-659.6383232550305,5.0,8.04,3.0,-17882.794943443878,17882.794943443878,3138.0483456800653,15.0,116.83198947648592,14308.219178082192,0,1,0,0,0,0
3338,11.19,26485.47185511171,-659.6383232550305,5.0,8.04,3.0,-7381.3528372237915,7381.3528372237915,3138.0483456800653,15.0,116.83198947648592,14308.219178082192,0,1,0,0,0,0
3339,12.79,25430.050537903662,-659.6383232550305,5.0,8.04,3.0,-8436.77415443184,8436.77415443184,3138.0483456800653,15.0,116.83198947648592,14308.219178082192,0,1,0,0,0,0
3340,32.52,12415.386420081912,-659.6383232550305,5.0,8.04,3.0,-21451.438272253596,21451.438272253596,3138.0483456800653,15.0,116.83198947648592,14308.219178082192,0,1,0,0,0,0
3341,44.96,4209.485678789333,-659.6383232550305,5.0,8.04,3.0,-29657.339013546174,29657.339013546174,3138.0483456800653,15.0,116.83198947648592,14308.219178082192,0,1,0,0,0,0
3342,72.89,5097.399081605917,650.0,0,8.04,3.0,47378.5,-47378.5,15071.972825128516,0,556.8949724310688,14308.219178082192,1,0,0,0,0,0
3343,82.46,11317.899081605901,650.0,0,8.04,3.0,53598.99999999999,-53598.99999999999,15071.972825128516,0,556.8949724310688,14308.219178082192,1,0,0,0,0,0
3344,87.84,14814.899081605916,650.0,0,8.04,3.0,57096.0,-57096.0,15071.972825128516,0,556.8949724310688,14308.219178082192,1,0,0,0,0,0
3345,79.03,9088.399081605916,650.0,0,8.04,3.0,51369.5,-51369.5,15071.972825128516,0,556.8949724310688,14308.219178082192,1,0,0,0,0,0
3346,84.66,12747.899081605916,650.0,0,8.04,3.0,55029.0,-55029.0,15071.972825128516,0,556.8949724310688,14308.219178082192,1,0,0,0,0,0
3347,64.49,-362.600918394087,650.0,0,8.04,3.0,41918.5,-41918.5,15071.972825128516,0,556.8949724310688,14308.219178082192,1,0,0,0,0,0
3348,43.0,5502.376792369192,-659.6383232550305,5.0,8.04,3.0,-28364.44789996631,28364.44789996631,3138.0483456800653,15.0,116.83198947648592,14308.219178082192,0,1,0,0,0,0
3349,33.28,11914.06129440809,-659.6383232550305,5.0,8.04,3.0,-21952.763397927418,21952.763397927418,3138.0483456800653,15.0,116.83198947648592,14308.219178082192,0,1,0,0,0,0
3350,37.26,9288.700767853068,-659.6383232550305,5.0,8.04,3.0,-24578.123924482436,24578.123924482436,3138.0483456800653,15.0,116.83198947648592,14308.219178082192,0,1,0,0,0,0
3351,34.67,10997.164025083595,-659.6383232550305,5.0,8.04,3.0,-22869.66066725191,22869.66066725191,3138.0483456800653,15.0,116.83198947648592,14308.219178082192,0,1,0,0,0,0
3352,31.78,12903.518779290633,-659.6383232550305,5.0,8.04,3.0,-20963.30591304487,20963.30591304487,3138.0483456800653,15.0,116.83198947648592,14308.219178082192,0,1,0,0,0,0
3353,20.17,20561.91971228154,-659.6383232550305,5.0,8.04,3.0,-13304.904980053967,13304.904980053967,3138.0483456800653,15.0,116.83198947648592,14308.219178082192,0,1,0,0,0,0
3354,20.84,20119.962035700668,-659.6383232550305,5.0,8.04,3.0,-13746.862656634836,13746.862656634836,3138.0483456800653,15.0,116.83198947648592,14308.219178082192,0,1,0,0,0,0
3355,23.52,18352.131329377185,-659.6383232550305,5.0,8.04,3.0,-15514.693362958318,15514.693362958318,3138.0483456800653,15.0,116.83198947648592,14308.219178082192,0,1,0,0,0,0
3356,23.17,18583.004742516445,-659.6383232550305,5.0,8.04,3.0,-15283.819949819059,15283.819949819059,3138.0483456800653,15.0,116.83198947648592,14308.219178082192,0,1,0,0,0,0
3357,20.5,20344.239065607377,-659.6383232550305,5.0,8.04,3.0,-13522.585626728125,13522.585626728125,3138.0483456800653,15.0,116.83198947648592,14308.219178082192,0,1,0,0,0,0
3358,18.85,21432.64229897818,-659.6383232550305,5.0,8.04,3.0,-12434.182393357327,12434.182393357327,3138.0483456800653,15.0,116.83198947648592,14308.219178082192,0,1,0,0,0,0
3359,21.41,19743.968191445303,-659.6383232550305,5.0,8.04,3.0,-14122.856500890204,14122.856500890204,3138.0483456800653,15.0,116.83198947648592,14308.219178082192,0,1,0,0,0,0
3360,16.32,23101.527256813402,-659.6383232550305,5.0,8.04,3.0,-10765.297435522098,10765.297435522098,3138.0483456800653,15.0,116.83198947648592,14308.219178082192,0,1,0,0,0,0
3361,12.54,25594.96011871742,-659.6383232550305,5.0,8.04,3.0,-8271.864573618082,8271.864573618082,3138.0483456800653,15.0,116.83198947648592,14308.219178082192,0,1,0,0,0,0
3362,15.72,23497.310250766423,-659.6383232550305,5.0,8.04,3.0,-10369.51444156908,10369.51444156908,3138.0483456800653,15.0,116.83198947648592,14308.219178082192,0,1,0,0,0,0
3363,14.3,24433.99666978857,-659.6383232550305,5.0,8.04,3.0,-9432.828022546937,9432.828022546937,3138.0483456800653,15.0,116.83198947648592,14308.219178082192,0,1,0,0,0,0
3364,38.82,8259.664983575218,-659.6383232550305,5.0,8.04,3.0,-25607.159708760286,25607.159708760286,3138.0483456800653,15.0,116.83198947648592,14308.219178082192,0,1,0,0,0,0
3365,51.61,-177.10917085661598,-659.6383232550305,5.0,8.04,3.0,-34043.93386319213,34043.93386319213,3138.0483456800653,15.0,116.83198947648592,14308.219178082192,0,1,0,0,0,0
3366,57.59,-4121.74634392171,-659.6383232550305,5.0,8.04,3.0,-37988.571036257206,37988.571036257206,3138.0483456800653,15.0,116.83198947648592,14308.219178082192,0,1,0,0,0,0
3367,87.0,14268.899081605916,650.0,0,8.04,3.0,56550.0,-56550.0,15071.972825128516,0,556.8949724310688,14308.219178082192,1,0,0,0,0,0
3368,46.81,2989.1547807675274,-659.6383232550305,5.0,8.04,3.0,-30877.66991156798,30877.66991156798,3138.0483456800653,15.0,116.83198947648592,14308.219178082192,0,1,0,0,0,0
3369,85.8,13488.899081605916,650.0,0,8.04,3.0,55770.0,-55770.0,15071.972825128516,0,556.8949724310688,14308.219178082192,1,0,0,0,0,0
3370,60.44,-2995.100918394087,650.0,0,8.04,3.0,39286.0,-39286.0,15071.972825128516,0,556.8949724310688,14308.219178082192,1,0,0,0,0,0
3371,52.04,-460.7536498562836,-659.6383232550305,5.0,8.04,3.0,-34327.57834219179,34327.57834219179,3138.0483456800653,15.0,116.83198947648592,14308.219178082192,0,1,0,0,0,0
3372,66.04,644.8990816059203,650.0,0,8.04,3.0,42926.00000000001,-42926.00000000001,15071.972825128516,0,556.8949724310688,14308.219178082192,1,0,0,0,0,0
3373,52.75,-929.0968593673529,-659.6383232550305,5.0,8.04,3.0,-34795.92155170286,34795.92155170286,3138.0483456800653,15.0,116.83198947648592,14308.219178082192,0,1,0,0,0,0
3374,42.42,5884.9670198571075,-659.6383232550305,5.0,8.04,3.0,-27981.857672478396,27981.857672478396,3138.0483456800653,15.0,116.83198947648592,14308.219178082192,0,1,0,0,0,0
3375,19.34,21109.419520583215,-659.6383232550305,5.0,8.04,3.0,-12757.40517175229,12757.40517175229,3138.0483456800653,15.0,116.83198947648592,14308.219178082192,0,1,0,0,0,0
3376,23.21,18556.619209586243,-659.6383232550305,5.0,8.04,3.0,-15310.20548274926,15310.20548274926,3138.0483456800653,15.0,116.83198947648592,14308.219178082192,0,1,0,0,0,0
3377,46.27,3345.359475325244,-659.6383232550305,5.0,8.04,3.0,-30521.465217010264,30521.465217010264,3138.0483456800653,15.0,116.83198947648592,14308.219178082192,0,1,0,0,0,0
3378,48.09,2144.817727001086,-659.6383232550305,5.0,8.04,3.0,-31722.006965334418,31722.006965334418,3138.0483456800653,15.0,116.83198947648592,14308.219178082192,0,1,0,0,0,0
3379,32.74,12270.265988965803,-659.6383232550305,5.0,8.04,3.0,-21596.5587033697,21596.5587033697,3138.0483456800653,15.0,116.83198947648592,14308.219178082192,0,1,0,0,0,0
3380,50.79,363.7942542125097,-659.6383232550305,5.0,8.04,3.0,-33503.030438123,33503.030438123,3138.0483456800653,15.0,116.83198947648592,14308.219178082192,0,1,0,0,0,0
3381,55.5,-2743.1022483186894,-659.6383232550305,5.0,8.04,3.0,-36609.92694065419,36609.92694065419,3138.0483456800653,15.0,116.83198947648592,14308.219178082192,0,1,0,0,0,0
3382,47.81,2329.516457512495,-659.6383232550305,5.0,8.04,3.0,-31537.30823482301,31537.30823482301,3138.0483456800653,15.0,116.83198947648592,14308.219178082192,0,1,0,0,0,0
3383,50.2,752.980864932972,-659.6383232550305,5.0,8.04,3.0,-33113.84382740253,33113.84382740253,3138.0483456800653,15.0,116.83198947648592,14308.219178082192,0,1,0,0,0,0
3384,55.56,-2782.680547713993,-659.6383232550305,5.0,8.04,3.0,-36649.5052400495,36649.5052400495,3138.0483456800653,15.0,116.83198947648592,14308.219178082192,0,1,0,0,0,0
3385,47.56,2494.4260383262485,-659.6383232550305,5.0,8.04,3.0,-31372.398654009252,31372.398654009252,3138.0483456800653,15.0,116.83198947648592,14308.219178082192,0,1,0,0,0,0
3386,38.46,8497.134779947031,-659.6383232550305,5.0,8.04,3.0,-25369.689912388476,25369.689912388476,3138.0483456800653,15.0,116.83198947648592,14308.219178082192,0,1,0,0,0,0
3387,38.12,8721.41180985374,-659.6383232550305,5.0,8.04,3.0,-25145.41288248176,25145.41288248176,3138.0483456800653,15.0,116.83198947648592,14308.219178082192,0,1,0,0,0,0
3388,35.26,10607.97741436313,-659.6383232550305,5.0,8.04,3.0,-23258.847277972374,23258.847277972374,3138.0483456800653,15.0,116.83198947648592,14308.219178082192,0,1,0,0,0,0
3389,29.53,14387.705006614451,-659.6383232550305,5.0,8.04,3.0,-19479.119685721053,19479.119685721053,3138.0483456800653,15.0,116.83198947648592,14308.219178082192,0,1,0,0,0,0
3390,40.63,7065.719618483614,-659.6383232550305,5.0,8.04,3.0,-26801.10507385189,26801.10507385189,3138.0483456800653,15.0,116.83198947648592,14308.219178082192,0,1,0,0,0,0
3391,47.73,2382.2875233728996,-659.6383232550305,5.0,8.04,3.0,-31484.537168962604,31484.537168962604,3138.0483456800653,15.0,116.83198947648592,14308.219178082192,0,1,0,0,0,0
3392,49.0,1544.5468528390088,-659.6383232550305,5.0,8.04,3.0,-32322.277839496495,32322.277839496495,3138.0483456800653,15.0,116.83198947648592,14308.219178082192,0,1,0,0,0,0
3393,41.24,6663.340241298043,-659.6383232550305,5.0,8.04,3.0,-27203.48445103746,27203.48445103746,3138.0483456800653,15.0,116.83198947648592,14308.219178082192,0,1,0,0,0,0
3394,19.94,20713.636526630195,-659.6383232550305,5.0,8.04,3.0,-13153.188165705309,13153.188165705309,3138.0483456800653,15.0,116.83198947648592,14308.219178082192,0,1,0,0,0,0
3395,12.58,25568.57458578722,-659.6383232550305,5.0,8.04,3.0,-8298.250106548285,8298.250106548285,3138.0483456800653,15.0,116.83198947648592,14308.219178082192,0,1,0,0,0,0
3396,14.16,24526.346035044273,-659.6383232550305,5.0,8.04,3.0,-9340.478657291233,9340.478657291233,3138.0483456800653,15.0,116.83198947648592,14308.219178082192,0,1,0,0,0,0
3397,3.59,31498.723111849944,-659.6383232550305,5.0,8.04,3.0,-2368.101580485559,2368.101580485559,3138.0483456800653,15.0,116.83198947648592,14308.219178082192,0,1,0,0,0,0
3398,10.44,26980.200597552986,-659.6383232550305,5.0,8.04,3.0,-6886.624094782518,6886.624094782518,3138.0483456800653,15.0,116.83198947648592,14308.219178082192,0,1,0,0,0,0
3399,28.76,14895.626515520828,-659.6383232550305,5.0,8.04,3.0,-18971.19817681468,18971.19817681468,3138.0483456800653,15.0,116.83198947648592,14308.219178082192,0,1,0,0,0,0
3400,46.66,3088.1005292557825,-659.6383232550305,5.0,8.04,3.0,-30778.72416307972,30778.72416307972,3138.0483456800653,15.0,116.83198947648592,14308.219178082192,0,1,0,0,0,0
3401,61.42,-2358.100918394087,650.0,0,8.04,3.0,39923.0,-39923.0,15071.972825128516,0,556.8949724310688,14308.219178082192,1,0,0,0,0,0
3402,72.88,5090.899081605917,650.0,0,8.04,3.0,47372.0,-47372.0,15071.972825128516,0,556.8949724310688,14308.219178082192,1,0,0,0,0,0
3403,83.58,12045.899081605916,650.0,0,8.04,3.0,54327.0,-54327.0,15071.972825128516,0,556.8949724310688,14308.219178082192,1,0,0,0,0,0
3404,77.52,8106.899081605917,650.0,0,8.04,3.0,50388.0,-50388.0,15071.972825128516,0,556.8949724310688,14308.219178082192,1,0,0,0,0,0
3405,69.29,2757.3990816059204,650.0,0,8.04,3.0,45038.50000000001,-45038.50000000001,15071.972825128516,0,556.8949724310688,14308.219178082192,1,0,0,0,0,0
3406,61.67,-2195.600918394087,650.0,0,8.04,3.0,40085.5,-40085.5,15071.972825128516,0,556.8949724310688,14308.219178082192,1,0,0,0,0,0
3407,49.44,1254.3059906067979,-659.6383232550305,5.0,8.04,3.0,-32612.518701728706,32612.518701728706,3138.0483456800653,15.0,116.83198947648592,14308.219178082192,0,1,0,0,0,0
3408,45.88,3602.618421394702,-659.6383232550305,5.0,8.04,3.0,-30264.206270940802,30264.206270940802,3138.0483456800653,15.0,116.83198947648592,14308.219178082192,0,1,0,0,0,0
3409,40.11,7408.731546576229,-659.6383232550305,5.0,8.04,3.0,-26458.093145759274,26458.093145759274,3138.0483456800653,15.0,116.83198947648592,14308.219178082192,0,1,0,0,0,0
3410,10.95,26643.785052692918,-659.6383232550305,5.0,8.04,3.0,-7223.039639642584,7223.039639642584,3138.0483456800653,15.0,116.83198947648592,14308.219178082192,0,1,0,0,0,0
3411,28.51,15060.536096334585,-659.6383232550305,5.0,8.04,3.0,-18806.288596000923,18806.288596000923,3138.0483456800653,15.0,116.83198947648592,14308.219178082192,0,1,0,0,0,0
3412,3.63,31472.33757891974,-659.6383232550305,5.0,8.04,3.0,-2394.4871134157606,2394.4871134157606,3138.0483456800653,15.0,116.83198947648592,14308.219178082192,0,1,0,0,0,0
3413,13.54,24935.32179546239,-659.6383232550305,5.0,8.04,3.0,-8931.502896873113,8931.502896873113,3138.0483456800653,15.0,116.83198947648592,14308.219178082192,0,1,0,0,0,0
3414,21.07,19968.24522135201,-659.6383232550305,5.0,8.04,3.0,-13898.579470983494,13898.579470983494,3138.0483456800653,15.0,116.83198947648592,14308.219178082192,0,1,0,0,0,0
3415,43.74,5014.244433160471,-659.6383232550305,5.0,8.04,3.0,-28852.580259175036,28852.580259175036,3138.0483456800653,15.0,116.83198947648592,14308.219178082192,0,1,0,0,0,0
3416,63.23,-1181.6009183940869,650.0,0,8.04,3.0,41099.5,-41099.5,15071.972825128516,0,556.8949724310688,14308.219178082192,1,0,0,0,0,0
3417,58.77,-4080.600918394087,650.0,0,8.04,3.0,38200.5,-38200.5,15071.972825128516,0,556.8949724310688,14308.219178082192,1,0,0,0,0,0
3418,59.0,-3931.100918394087,650.0,0,8.04,3.0,38350.0,-38350.0,15071.972825128516,0,556.8949724310688,14308.219178082192,1,0,0,0,0,0
3419,64.95,-63.60091839408699,650.0,0,8.04,3.0,42217.5,-42217.5,15071.972825128516,0,556.8949724310688,14308.219178082192,1,0,0,0,0,0
3420,66.73,1093.3990816059131,650.0,0,8.04,3.0,43374.5,-43374.5,15071.972825128516,0,556.8949724310688,14308.219178082192,1,0,0,0,0,0
3421,73.53,5513.399081605917,650.0,0,8.04,3.0,47794.5,-47794.5,15071.972825128516,0,556.8949724310688,14308.219178082192,1,0,0,0,0,0
3422,67.73,1743.3990816059131,650.0,0,8.04,3.0,44024.5,-44024.5,15071.972825128516,0,556.8949724310688,14308.219178082192,1,0,0,0,0,0
3423,65.67,404.399081605913,650.0,0,8.04,3.0,42685.5,-42685.5,15071.972825128516,0,556.8949724310688,14308.219178082192,1,0,0,0,0,0
3424,66.21,755.3990816059057,650.0,0,8.04,3.0,43036.49999999999,-43036.49999999999,15071.972825128516,0,556.8949724310688,14308.219178082192,1,0,0,0,0,0
3425,57.52,-4075.571661293848,-659.6383232550305,5.0,8.04,3.0,-37942.39635362936,37942.39635362936,3138.0483456800653,15.0,116.83198947648592,14308.219178082192,0,1,0,0,0,0
3426,48.68,1755.63111628062,-659.6383232550305,5.0,8.04,3.0,-32111.193576054884,32111.193576054884,3138.0483456800653,15.0,116.83198947648592,14308.219178082192,0,1,0,0,0,0
3427,55.11,-2485.843302249224,-659.6383232550305,5.0,8.04,3.0,-36352.66799458473,36352.66799458473,3138.0483456800653,15.0,116.83198947648592,14308.219178082192,0,1,0,0,0,0
3428,65.56,332.899081605913,650.0,0,8.04,3.0,42614.0,-42614.0,15071.972825128516,0,556.8949724310688,14308.219178082192,1,0,0,0,0,0
3429,59.38,-3684.100918394087,650.0,0,8.04,3.0,38597.0,-38597.0,15071.972825128516,0,556.8949724310688,14308.219178082192,1,0,0,0,0,0
3430,55.18,-2532.017984877078,-659.6383232550305,5.0,8.04,3.0,-36398.84267721258,36398.84267721258,3138.0483456800653,15.0,116.83198947648592,14308.219178082192,0,1,0,0,0,0
3431,53.98,-1740.4519969710377,-659.6383232550305,5.0,8.04,3.0,-35607.27668930654,35607.27668930654,3138.0483456800653,15.0,116.83198947648592,14308.219178082192,0,1,0,0,0,0
3432,32.22,12613.277917058425,-659.6383232550305,5.0,8.04,3.0,-21253.546775277082,21253.546775277082,3138.0483456800653,15.0,116.83198947648592,14308.219178082192,0,1,0,0,0,0
3433,35.31,10574.995498200376,-659.6383232550305,5.0,8.04,3.0,-23291.829194135127,23291.829194135127,3138.0483456800653,15.0,116.83198947648592,14308.219178082192,0,1,0,0,0,0
3434,31.16,13312.494539708754,-659.6383232550305,5.0,8.04,3.0,-20554.33015262675,20554.33015262675,3138.0483456800653,15.0,116.83198947648592,14308.219178082192,0,1,0,0,0,0
3435,38.55,8437.76733085408,-659.6383232550305,5.0,8.04,3.0,-25429.057361481424,25429.057361481424,3138.0483456800653,15.0,116.83198947648592,14308.219178082192,0,1,0,0,0,0
3436,35.02,10766.290611944336,-659.6383232550305,5.0,8.04,3.0,-23100.53408039117,23100.53408039117,3138.0483456800653,15.0,116.83198947648592,14308.219178082192,0,1,0,0,0,0
3437,54.94,-2373.7047872958715,-659.6383232550305,5.0,8.04,3.0,-36240.529479631376,36240.529479631376,3138.0483456800653,15.0,116.83198947648592,14308.219178082192,0,1,0,0,0,0
3438,50.45,588.0712841192149,-659.6383232550305,5.0,8.04,3.0,-33278.75340821629,33278.75340821629,3138.0483456800653,15.0,116.83198947648592,14308.219178082192,0,1,0,0,0,0
3439,67.89,1847.3990816059131,650.0,0,8.04,3.0,44128.5,-44128.5,15071.972825128516,0,556.8949724310688,14308.219178082192,1,0,0,0,0,0
3440,70.41,3485.399081605913,650.0,0,8.04,3.0,45766.5,-45766.5,15071.972825128516,0,556.8949724310688,14308.219178082192,1,0,0,0,0,0
3441,52.45,-731.2053623908428,-659.6383232550305,5.0,8.04,3.0,-34598.030054726354,34598.030054726354,3138.0483456800653,15.0,116.83198947648592,14308.219178082192,0,1,0,0,0,0
3442,32.5,12428.579186547013,-659.6383232550305,5.0,8.04,3.0,-21438.24550578849,21438.24550578849,3138.0483456800653,15.0,116.83198947648592,14308.219178082192,0,1,0,0,0,0
3443,29.07,14691.138635311767,-659.6383232550305,5.0,8.04,3.0,-19175.686057023737,19175.686057023737,3138.0483456800653,15.0,116.83198947648592,14308.219178082192,0,1,0,0,0,0
3444,46.96,2890.2090322792724,-659.6383232550305,5.0,8.04,3.0,-30976.61566005623,30976.61566005623,3138.0483456800653,15.0,116.83198947648592,14308.219178082192,0,1,0,0,0,0
3445,31.84,12863.940479895333,-659.6383232550305,5.0,8.04,3.0,-21002.88421244017,21002.88421244017,3138.0483456800653,15.0,116.83198947648592,14308.219178082192,0,1,0,0,0,0
3446,33.07,12052.585342291644,-659.6383232550305,5.0,8.04,3.0,-21814.23935004386,21814.23935004386,3138.0483456800653,15.0,116.83198947648592,14308.219178082192,0,1,0,0,0,0
3447,14.21,24493.36411888152,-659.6383232550305,5.0,8.04,3.0,-9373.460573453984,9373.460573453984,3138.0483456800653,15.0,116.83198947648592,14308.219178082192,0,1,0,0,0,0
3448,13.02,25278.333723555006,-659.6383232550305,5.0,8.04,3.0,-8588.490968780497,8588.490968780497,3138.0483456800653,15.0,116.83198947648592,14308.219178082192,0,1,0,0,0,0
3449,33.81,11564.452983082923,-659.6383232550305,5.0,8.04,3.0,-22302.371709252584,22302.371709252584,3138.0483456800653,15.0,116.83198947648592,14308.219178082192,0,1,0,0,0,0
3450,36.3,9921.953558177898,-659.6383232550305,5.0,8.04,3.0,-23944.871134157605,23944.871134157605,3138.0483456800653,15.0,116.83198947648592,14308.219178082192,0,1,0,0,0,0
3451,31.52,13075.024743336944,-659.6383232550305,5.0,8.04,3.0,-20791.799948998563,20791.799948998563,3138.0483456800653,15.0,116.83198947648592,14308.219178082192,0,1,0,0,0,0
3452,54.61,-2156.0241406217096,-659.6383232550305,5.0,8.04,3.0,-36022.848832957214,36022.848832957214,3138.0483456800653,15.0,116.83198947648592,14308.219178082192,0,1,0,0,0,0
3453,15.62,23563.27408309193,-659.6383232550305,5.0,8.04,3.0,-10303.550609243575,10303.550609243575,3138.0483456800653,15.0,116.83198947648592,14308.219178082192,0,1,0,0,0,0
3454,8.71,28121.37489678419,-659.6383232550305,5.0,8.04,3.0,-5745.449795551316,5745.449795551316,3138.0483456800653,15.0,116.83198947648592,14308.219178082192,0,1,0,0,0,0
3455,-9.29,39994.86471537474,-659.6383232550305,5.0,8.04,3.0,6128.040023039233,-6128.040023039233,3138.0483456800653,15.0,116.83198947648592,14308.219178082192,0,1,0,0,0,0
3456,-2.47,35496.13135077543,-659.6383232550305,5.0,8.04,3.0,1629.3066584399255,-1629.3066584399255,3138.0483456800653,15.0,116.83198947648592,14308.219178082192,0,1,0,0,0,0
3457,1.49,32883.96359068551,-659.6383232550305,5.0,8.04,3.0,-982.8611016499955,982.8611016499955,3138.0483456800653,15.0,116.83198947648592,14308.219178082192,0,1,0,0,0,0
3458,2.75,32052.81930338417,-659.6383232550305,5.0,8.04,3.0,-1814.005388951334,1814.005388951334,3138.0483456800653,15.0,116.83198947648592,14308.219178082192,0,1,0,0,0,0
3459,5.23,30416.916261711693,-659.6383232550305,5.0,8.04,3.0,-3449.90843062381,3449.90843062381,3138.0483456800653,15.0,116.83198947648592,14308.219178082192,0,1,0,0,0,0
3460,9.73,27448.543807064056,-659.6383232550305,5.0,8.04,3.0,-6418.280885271447,6418.280885271447,3138.0483456800653,15.0,116.83198947648592,14308.219178082192,0,1,0,0,0,0
3461,16.15,23213.665771766762,-659.6383232550305,5.0,8.04,3.0,-10653.158920568741,10653.158920568741,3138.0483456800653,15.0,116.83198947648592,14308.219178082192,0,1,0,0,0,0
3462,40.19,7355.960480715828,-659.6383232550305,5.0,8.04,3.0,-26510.864211619675,26510.864211619675,3138.0483456800653,15.0,116.83198947648592,14308.219178082192,0,1,0,0,0,0
3463,59.71,-3469.600918394087,650.0,0,8.04,3.0,38811.5,-38811.5,15071.972825128516,0,556.8949724310688,14308.219178082192,1,0,0,0,0,0
3464,58.06,-4431.776355851565,-659.6383232550305,5.0,8.04,3.0,-38298.601048187076,38298.601048187076,3138.0483456800653,15.0,116.83198947648592,14308.219178082192,0,1,0,0,0,0
3465,30.49,13754.452216289625,-659.6383232550305,5.0,8.04,3.0,-20112.37247604588,20112.37247604588,3138.0483456800653,15.0,116.83198947648592,14308.219178082192,0,1,0,0,0,0
3466,40.05,7448.309845971533,-659.6383232550305,5.0,8.04,3.0,-26418.51484636397,26418.51484636397,3138.0483456800653,15.0,116.83198947648592,14308.219178082192,0,1,0,0,0,0
3467,51.51,-111.14533853111746,-659.6383232550305,5.0,8.04,3.0,-33977.97003086662,33977.97003086662,3138.0483456800653,15.0,116.83198947648592,14308.219178082192,0,1,0,0,0,0
3468,75.54,6819.899081605917,650.0,0,8.04,3.0,49101.00000000001,-49101.00000000001,15071.972825128516,0,556.8949724310688,14308.219178082192,1,0,0,0,0,0
3469,53.82,-1634.9098652502357,-659.6383232550305,5.0,8.04,3.0,-35501.73455758574,35501.73455758574,3138.0483456800653,15.0,116.83198947648592,14308.219178082192,0,1,0,0,0,0
3470,61.97,-2000.6009183940869,650.0,0,8.04,3.0,40280.5,-40280.5,15071.972825128516,0,556.8949724310688,14308.219178082192,1,0,0,0,0,0
3471,63.15,-1233.6009183940869,650.0,0,8.04,3.0,41047.5,-41047.5,15071.972825128516,0,556.8949724310688,14308.219178082192,1,0,0,0,0,0
3472,74.86,6377.899081605917,650.0,0,8.04,3.0,48659.0,-48659.0,15071.972825128516,0,556.8949724310688,14308.219178082192,1,0,0,0,0,0
3473,83.82,12201.899081605901,650.0,0,8.04,3.0,54482.99999999999,-54482.99999999999,15071.972825128516,0,556.8949724310688,14308.219178082192,1,0,0,0,0,0
3474,59.31,-3729.600918394087,650.0,0,8.04,3.0,38551.5,-38551.5,15071.972825128516,0,556.8949724310688,14308.219178082192,1,0,0,0,0,0
3475,60.88,-2709.100918394087,650.0,0,8.04,3.0,39572.0,-39572.0,15071.972825128516,0,556.8949724310688,14308.219178082192,1,0,0,0,0,0
3476,56.75,-3567.6501523874754,-659.6383232550305,5.0,8.04,3.0,-37434.47484472298,37434.47484472298,3138.0483456800653,15.0,116.83198947648592,14308.219178082192,0,1,0,0,0,0
3477,22.09,19295.41413163188,-659.6383232550305,5.0,8.04,3.0,-14571.410560703624,14571.410560703624,3138.0483456800653,15.0,116.83198947648592,14308.219178082192,0,1,0,0,0,0
3478,23.47,18385.11324553994,-659.6383232550305,5.0,8.04,3.0,-15481.711446795565,15481.711446795565,3138.0483456800653,15.0,116.83198947648592,14308.219178082192,0,1,0,0,0,0
3479,8.32,28378.63384285365,-659.6383232550305,5.0,8.04,3.0,-5488.1908494818545,5488.1908494818545,3138.0483456800653,15.0,116.83198947648592,14308.219178082192,0,1,0,0,0,0
3480,35.34,10555.206348502721,-659.6383232550305,5.0,8.04,3.0,-23311.61834383278,23311.61834383278,3138.0483456800653,15.0,116.83198947648592,14308.219178082192,0,1,0,0,0,0
3481,30.16,13972.132862963783,-659.6383232550305,5.0,8.04,3.0,-19894.69182937172,19894.69182937172,3138.0483456800653,15.0,116.83198947648592,14308.219178082192,0,1,0,0,0,0
3482,34.52,11096.10977357185,-659.6383232550305,5.0,8.04,3.0,-22770.714918763657,22770.714918763657,3138.0483456800653,15.0,116.83198947648592,14308.219178082192,0,1,0,0,0,0
3483,12.24,25792.85161569393,-659.6383232550305,5.0,8.04,3.0,-8073.973076641573,8073.973076641573,3138.0483456800653,15.0,116.83198947648592,14308.219178082192,0,1,0,0,0,0
3484,12.2,25819.23714862413,-659.6383232550305,5.0,8.04,3.0,-8047.587543711372,8047.587543711372,3138.0483456800653,15.0,116.83198947648592,14308.219178082192,0,1,0,0,0,0
3485,17.01,22646.376813767434,-659.6383232550305,5.0,8.04,3.0,-11220.44787856807,11220.44787856807,3138.0483456800653,15.0,116.83198947648592,14308.219178082192,0,1,0,0,0,0
3486,41.86,6254.364480879925,-659.6383232550305,5.0,8.04,3.0,-27612.46021145558,27612.46021145558,3138.0483456800653,15.0,116.83198947648592,14308.219178082192,0,1,0,0,0,0
3487,71.53,4213.399081605913,650.0,0,8.04,3.0,46494.5,-46494.5,15071.972825128516,0,556.8949724310688,14308.219178082192,1,0,0,0,0,0
3488,64.99,-37.60091839408699,650.0,0,8.04,3.0,42243.5,-42243.5,15071.972825128516,0,556.8949724310688,14308.219178082192,1,0,0,0,0,0
3489,68.24,2074.899081605913,650.0,0,8.04,3.0,44356.0,-44356.0,15071.972825128516,0,556.8949724310688,14308.219178082192,1,0,0,0,0,0
3490,79.0,9068.899081605916,650.0,0,8.04,3.0,51350.0,-51350.0,15071.972825128516,0,556.8949724310688,14308.219178082192,1,0,0,0,0,0
3491,44.86,4275.449511114835,-659.6383232550305,5.0,8.04,3.0,-29591.37518122067,29591.37518122067,3138.0483456800653,15.0,116.83198947648592,14308.219178082192,0,1,0,0,0,0
3492,42.71,5693.671906113152,-659.6383232550305,5.0,8.04,3.0,-28173.152786222352,28173.152786222352,3138.0483456800653,15.0,116.83198947648592,14308.219178082192,0,1,0,0,0,0
3493,58.34,-4360.100918394087,650.0,0,8.04,3.0,37921.0,-37921.0,15071.972825128516,0,556.8949724310688,14308.219178082192,1,0,0,0,0,0
3494,22.59,18965.594970004364,-659.6383232550305,5.0,8.04,3.0,-14901.22972233114,14901.22972233114,3138.0483456800653,15.0,116.83198947648592,14308.219178082192,0,1,0,0,0,0
3495,42.47,5851.985103694358,-659.6383232550305,5.0,8.04,3.0,-28014.839588641145,28014.839588641145,3138.0483456800653,15.0,116.83198947648592,14308.219178082192,0,1,0,0,0,0
3496,59.4,-3671.100918394087,650.0,0,8.04,3.0,38610.0,-38610.0,15071.972825128516,0,556.8949724310688,14308.219178082192,1,0,0,0,0,0
3497,72.43,4798.399081605917,650.0,0,8.04,3.0,47079.50000000001,-47079.50000000001,15071.972825128516,0,556.8949724310688,14308.219178082192,1,0,0,0,0,0
3498,87.3,14463.899081605916,650.0,0,8.04,3.0,56745.0,-56745.0,15071.972825128516,0,556.8949724310688,14308.219178082192,1,0,0,0,0,0
3499,102.06,24057.899081605916,650.0,0,8.04,3.0,66339.0,-66339.0,15071.972825128516,0,556.8949724310688,14308.219178082192,1,0,0,0,0,0
3500,95.84,20014.899081605916,650.0,0,8.04,3.0,62296.0,-62296.0,15071.972825128516,0,556.8949724310688,14308.219178082192,1,0,0,0,0,0
3501,96.32,20326.8990816059,650.0,0,8.04,3.0,62607.99999999999,-62607.99999999999,15071.972825128516,0,556.8949724310688,14308.219178082192,1,0,0,0,0,0
3502,79.97,9699.399081605916,650.0,0,8.04,3.0,51980.5,-51980.5,15071.972825128516,0,556.8949724310688,14308.219178082192,1,0,0,0,0,0
3503,78.46,8717.899081605901,650.0,0,8.04,3.0,50998.99999999999,-50998.99999999999,15071.972825128516,0,556.8949724310688,14308.219178082192,1,0,0,0,0,0
3504,77.0,7768.899081605917,650.0,0,8.04,3.0,50050.0,-50050.0,15071.972825128516,0,556.8949724310688,14308.219178082192,1,0,0,0,0,0
3505,62.16,-1877.1009183940869,650.0,0,8.04,3.0,40404.0,-40404.0,15071.972825128516,0,556.8949724310688,14308.219178082192,1,0,0,0,0,0
3506,52.6,-830.1511108791015,-659.6383232550305,5.0,8.04,3.0,-34696.975803214606,34696.975803214606,3138.0483456800653,15.0,116.83198947648592,14308.219178082192,0,1,0,0,0,0
3507,33.12,12019.603426128895,-659.6383232550305,5.0,8.04,3.0,-21847.22126620661,21847.22126620661,3138.0483456800653,15.0,116.83198947648592,14308.219178082192,0,1,0,0,0,0
3508,47.02,2850.6307328839653,-659.6383232550305,5.0,8.04,3.0,-31016.193959451535,31016.193959451535,3138.0483456800653,15.0,116.83198947648592,14308.219178082192,0,1,0,0,0,0
3509,41.55,6458.85236108899,-659.6383232550305,5.0,8.04,3.0,-27407.972331246518,27407.972331246518,3138.0483456800653,15.0,116.83198947648592,14308.219178082192,0,1,0,0,0,0
3510,51.5,-104.54895529856688,-659.6383232550305,5.0,8.04,3.0,-33971.37364763407,33971.37364763407,3138.0483456800653,15.0,116.83198947648592,14308.219178082192,0,1,0,0,0,0
3511,60.68,-2839.100918394087,650.0,0,8.04,3.0,39442.0,-39442.0,15071.972825128516,0,556.8949724310688,14308.219178082192,1,0,0,0,0,0
3512,82.33,11233.399081605916,650.0,0,8.04,3.0,53514.5,-53514.5,15071.972825128516,0,556.8949724310688,14308.219178082192,1,0,0,0,0,0
3513,80.33,9933.399081605916,650.0,0,8.04,3.0,52214.5,-52214.5,15071.972825128516,0,556.8949724310688,14308.219178082192,1,0,0,0,0,0
3514,77.69,8217.399081605916,650.0,0,8.04,3.0,50498.5,-50498.5,15071.972825128516,0,556.8949724310688,14308.219178082192,1,0,0,0,0,0
3515,85.31,13170.399081605916,650.0,0,8.04,3.0,55451.5,-55451.5,15071.972825128516,0,556.8949724310688,14308.219178082192,1,0,0,0,0,0
3516,87.77,14769.399081605916,650.0,0,8.04,3.0,57050.5,-57050.5,15071.972825128516,0,556.8949724310688,14308.219178082192,1,0,0,0,0,0
3517,89.07,15614.399081605901,650.0,0,8.04,3.0,57895.49999999999,-57895.49999999999,15071.972825128516,0,556.8949724310688,14308.219178082192,1,0,0,0,0,0
3518,88.35,15146.399081605901,650.0,0,8.04,3.0,57427.49999999999,-57427.49999999999,15071.972825128516,0,556.8949724310688,14308.219178082192,1,0,0,0,0,0
3519,86.99,14262.399081605916,650.0,0,8.04,3.0,56543.5,-56543.5,15071.972825128516,0,556.8949724310688,14308.219178082192,1,0,0,0,0,0
3520,88.62,15321.899081605916,650.0,0,8.04,3.0,57603.0,-57603.0,15071.972825128516,0,556.8949724310688,14308.219178082192,1,0,0,0,0,0
3521,87.38,14515.899081605916,650.0,0,8.04,3.0,56797.0,-56797.0,15071.972825128516,0,556.8949724310688,14308.219178082192,1,0,0,0,0,0
3522,79.9,9653.899081605916,650.0,0,8.04,3.0,51935.00000000001,-51935.00000000001,15071.972825128516,0,556.8949724310688,14308.219178082192,1,0,0,0,0,0
3523,74.77,6319.399081605917,650.0,0,8.04,3.0,48600.5,-48600.5,15071.972825128516,0,556.8949724310688,14308.219178082192,1,0,0,0,0,0
3524,73.7,5623.899081605917,650.0,0,8.04,3.0,47905.0,-47905.0,15071.972825128516,0,556.8949724310688,14308.219178082192,1,0,0,0,0,0
3525,86.11,13690.399081605916,650.0,0,8.04,3.0,55971.5,-55971.5,15071.972825128516,0,556.8949724310688,14308.219178082192,1,0,0,0,0,0
3526,40.02,7468.098995669181,-659.6383232550305,5.0,8.04,3.0,-26398.725696666323,26398.725696666323,3138.0483456800653,15.0,116.83198947648592,14308.219178082192,0,1,0,0,0,0
3527,21.36,19776.950107608052,-659.6383232550305,5.0,8.04,3.0,-14089.874584727451,14089.874584727451,3138.0483456800653,15.0,116.83198947648592,14308.219178082192,0,1,0,0,0,0
3528,10.25,27105.53187897144,-659.6383232550305,5.0,8.04,3.0,-6761.292813364063,6761.292813364063,3138.0483456800653,15.0,116.83198947648592,14308.219178082192,0,1,0,0,0,0
3529,5.26,30397.127112014045,-659.6383232550305,5.0,8.04,3.0,-3469.6975803214605,3469.6975803214605,3138.0483456800653,15.0,116.83198947648592,14308.219178082192,0,1,0,0,0,0
3530,2.21,32409.023997941888,-659.6383232550305,5.0,8.04,3.0,-1457.8006943936175,1457.8006943936175,3138.0483456800653,15.0,116.83198947648592,14308.219178082192,0,1,0,0,0,0
3531,8.72,28114.77851355164,-659.6383232550305,5.0,8.04,3.0,-5752.046178783867,5752.046178783867,3138.0483456800653,15.0,116.83198947648592,14308.219178082192,0,1,0,0,0,0
3532,18.33,21775.654227070794,-659.6383232550305,5.0,8.04,3.0,-12091.170465264708,12091.170465264708,3138.0483456800653,15.0,116.83198947648592,14308.219178082192,0,1,0,0,0,0
3533,10.7,26808.69463350668,-659.6383232550305,5.0,8.04,3.0,-7058.130058828826,7058.130058828826,3138.0483456800653,15.0,116.83198947648592,14308.219178082192,0,1,0,0,0,0
3534,24.74,17547.37257500605,-659.6383232550305,5.0,8.04,3.0,-16319.452117329454,16319.452117329454,3138.0483456800653,15.0,116.83198947648592,14308.219178082192,0,1,0,0,0,0
3535,27.25,15891.680383635921,-659.6383232550305,5.0,8.04,3.0,-17975.144308699582,17975.144308699582,3138.0483456800653,15.0,116.83198947648592,14308.219178082192,0,1,0,0,0,0
3536,50.62,475.9327691658623,-659.6383232550305,5.0,8.04,3.0,-33390.89192316964,33390.89192316964,3138.0483456800653,15.0,116.83198947648592,14308.219178082192,0,1,0,0,0,0
3537,62.03,-1961.6009183940869,650.0,0,8.04,3.0,40319.5,-40319.5,15071.972825128516,0,556.8949724310688,14308.219178082192,1,0,0,0,0,0
3538,60.5,-2956.100918394087,650.0,0,8.04,3.0,39325.0,-39325.0,15071.972825128516,0,556.8949724310688,14308.219178082192,1,0,0,0,0,0
3539,68.01,1925.3990816059131,650.0,0,8.04,3.0,44206.5,-44206.5,15071.972825128516,0,556.8949724310688,14308.219178082192,1,0,0,0,0,0
3540,76.46,7417.899081605902,650.0,0,8.04,3.0,49698.99999999999,-49698.99999999999,15071.972825128516,0,556.8949724310688,14308.219178082192,1,0,0,0,0,0
3541,76.93,7723.399081605917,650.0,0,8.04,3.0,50004.50000000001,-50004.50000000001,15071.972825128516,0,556.8949724310688,14308.219178082192,1,0,0,0,0,0
3542,55.18,-2532.017984877078,-659.6383232550305,5.0,8.04,3.0,-36398.84267721258,36398.84267721258,3138.0483456800653,15.0,116.83198947648592,14308.219178082192,0,1,0,0,0,0
3543,49.62,1135.571092420891,-659.6383232550305,5.0,8.04,3.0,-32731.253599914613,32731.253599914613,3138.0483456800653,15.0,116.83198947648592,14308.219178082192,0,1,0,0,0,0
3544,57.67,-4174.517409782107,-659.6383232550305,5.0,8.04,3.0,-38041.34210211761,38041.34210211761,3138.0483456800653,15.0,116.83198947648592,14308.219178082192,0,1,0,0,0,0
3545,76.62,7521.899081605917,650.0,0,8.04,3.0,49803.0,-49803.0,15071.972825128516,0,556.8949724310688,14308.219178082192,1,0,0,0,0,0
3546,90.79,16732.399081605916,650.0,0,8.04,3.0,59013.50000000001,-59013.50000000001,15071.972825128516,0,556.8949724310688,14308.219178082192,1,0,0,0,0,0
3547,127.42,40541.89908160592,650.0,0,8.04,3.0,82823.0,-82823.0,15071.972825128516,0,556.8949724310688,14308.219178082192,1,0,0,0,0,0
3548,102.1,24083.899081605916,650.0,0,8.04,3.0,66365.0,-66365.0,15071.972825128516,0,556.8949724310688,14308.219178082192,1,0,0,0,0,0
3549,53.09,-1153.3738892740653,-659.6383232550305,5.0,8.04,3.0,-35020.19858160957,35020.19858160957,3138.0483456800653,15.0,116.83198947648592,14308.219178082192,0,1,0,0,0,0
3550,27.02,16043.397197984581,-659.6383232550305,5.0,8.04,3.0,-17823.427494350923,17823.427494350923,3138.0483456800653,15.0,116.83198947648592,14308.219178082192,0,1,0,0,0,0
3551,27.4,15792.73463514767,-659.6383232550305,5.0,8.04,3.0,-18074.090057187834,18074.090057187834,3138.0483456800653,15.0,116.83198947648592,14308.219178082192,0,1,0,0,0,0
3552,21.05,19981.43798781711,-659.6383232550305,5.0,8.04,3.0,-13885.386704518392,13885.386704518392,3138.0483456800653,15.0,116.83198947648592,14308.219178082192,0,1,0,0,0,0
3553,11.57,26234.8092922748,-659.6383232550305,5.0,8.04,3.0,-7632.0154000607035,7632.0154000607035,3138.0483456800653,15.0,116.83198947648592,14308.219178082192,0,1,0,0,0,0
3554,4.43,30944.626920315717,-659.6383232550305,5.0,8.04,3.0,-2922.197772019785,2922.197772019785,3138.0483456800653,15.0,116.83198947648592,14308.219178082192,0,1,0,0,0,0
3555,19.36,21096.226754118114,-659.6383232550305,5.0,8.04,3.0,-12770.59793821739,12770.59793821739,3138.0483456800653,15.0,116.83198947648592,14308.219178082192,0,1,0,0,0,0
3556,25.79,16854.75233558827,-659.6383232550305,5.0,8.04,3.0,-17012.072356747238,17012.072356747238,3138.0483456800653,15.0,116.83198947648592,14308.219178082192,0,1,0,0,0,0
3557,6.78,29394.476860666397,-659.6383232550305,5.0,8.04,3.0,-4472.347831669107,4472.347831669107,3138.0483456800653,15.0,116.83198947648592,14308.219178082192,0,1,0,0,0,0
3558,-3.02,35858.9324285657,-659.6383232550305,5.0,8.04,3.0,1992.1077362301921,-1992.1077362301921,3138.0483456800653,15.0,116.83198947648592,14308.219178082192,0,1,0,0,0,0
3559,2.77,32039.62653691907,-659.6383232550305,5.0,8.04,3.0,-1827.1981554164345,1827.1981554164345,3138.0483456800653,15.0,116.83198947648592,14308.219178082192,0,1,0,0,0,0
3560,22.96,18721.528790400003,-659.6383232550305,5.0,8.04,3.0,-15145.2959019355,15145.2959019355,3138.0483456800653,15.0,116.83198947648592,14308.219178082192,0,1,0,0,0,0
3561,35.25,10614.573797595676,-659.6383232550305,5.0,8.04,3.0,-23252.250894739827,23252.250894739827,3138.0483456800653,15.0,116.83198947648592,14308.219178082192,0,1,0,0,0,0
3562,34.92,10832.254444269834,-659.6383232550305,5.0,8.04,3.0,-23034.570248065666,23034.570248065666,3138.0483456800653,15.0,116.83198947648592,14308.219178082192,0,1,0,0,0,0
3563,60.09,-3222.600918394087,650.0,0,8.04,3.0,39058.5,-39058.5,15071.972825128516,0,556.8949724310688,14308.219178082192,1,0,0,0,0,0
3564,77.04,7794.899081605917,650.0,0,8.04,3.0,50076.00000000001,-50076.00000000001,15071.972825128516,0,556.8949724310688,14308.219178082192,1,0,0,0,0,0
3565,86.69,14067.399081605916,650.0,0,8.04,3.0,56348.5,-56348.5,15071.972825128516,0,556.8949724310688,14308.219178082192,1,0,0,0,0,0
3566,72.23,4668.399081605913,650.0,0,8.04,3.0,46949.5,-46949.5,15071.972825128516,0,556.8949724310688,14308.219178082192,1,0,0,0,0,0
3567,33.76,11597.434899245676,-659.6383232550305,5.0,8.04,3.0,-22269.389793089827,22269.389793089827,3138.0483456800653,15.0,116.83198947648592,14308.219178082192,0,1,0,0,0,0
3568,47.79,2342.709223977596,-659.6383232550305,5.0,8.04,3.0,-31524.115468357908,31524.115468357908,3138.0483456800653,15.0,116.83198947648592,14308.219178082192,0,1,0,0,0,0
3569,60.17,-3170.600918394087,650.0,0,8.04,3.0,39110.5,-39110.5,15071.972825128516,0,556.8949724310688,14308.219178082192,1,0,0,0,0,0
3570,96.58,20495.899081605916,650.0,0,8.04,3.0,62777.0,-62777.0,15071.972825128516,0,556.8949724310688,14308.219178082192,1,0,0,0,0,0
3571,96.09,20177.399081605916,650.0,0,8.04,3.0,62458.5,-62458.5,15071.972825128516,0,556.8949724310688,14308.219178082192,1,0,0,0,0,0
3572,109.94,29179.899081605916,650.0,0,8.04,3.0,71461.0,-71461.0,15071.972825128516,0,556.8949724310688,14308.219178082192,1,0,0,0,0,0
3573,77.98,8405.899081605916,650.0,0,8.04,3.0,50687.0,-50687.0,15071.972825128516,0,556.8949724310688,14308.219178082192,1,0,0,0,0,0
3574,63.09,-1272.6009183940869,650.0,0,8.04,3.0,41008.5,-41008.5,15071.972825128516,0,556.8949724310688,14308.219178082192,1,0,0,0,0,0
3575,44.01,4836.142085881613,-659.6383232550305,5.0,8.04,3.0,-29030.68260645389,29030.68260645389,3138.0483456800653,15.0,116.83198947648592,14308.219178082192,0,1,0,0,0,0
3576,16.45,23015.774274790252,-659.6383232550305,5.0,8.04,3.0,-10851.050417545252,10851.050417545252,3138.0483456800653,15.0,116.83198947648592,14308.219178082192,0,1,0,0,0,0
3577,14.13,24546.13518474192,-659.6383232550305,5.0,8.04,3.0,-9320.68950759358,9320.68950759358,3138.0483456800653,15.0,116.83198947648592,14308.219178082192,0,1,0,0,0,0
3578,2.7,32085.80121954692,-659.6383232550305,5.0,8.04,3.0,-1781.0234727885825,1781.0234727885825,3138.0483456800653,15.0,116.83198947648592,14308.219178082192,0,1,0,0,0,0
3579,-1.67,34968.42069217141,-659.6383232550305,5.0,8.04,3.0,1101.595999835901,-1101.595999835901,3138.0483456800653,15.0,116.83198947648592,14308.219178082192,0,1,0,0,0,0
3580,2.05,32514.56612966269,-659.6383232550305,5.0,8.04,3.0,-1352.2585626728123,1352.2585626728123,3138.0483456800653,15.0,116.83198947648592,14308.219178082192,0,1,0,0,0,0
3581,4.12,31149.114800524778,-659.6383232550305,5.0,8.04,3.0,-2717.709891810726,2717.709891810726,3138.0483456800653,15.0,116.83198947648592,14308.219178082192,0,1,0,0,0,0
3582,6.17,29796.856237851964,-659.6383232550305,5.0,8.04,3.0,-4069.968454483538,4069.968454483538,3138.0483456800653,15.0,116.83198947648592,14308.219178082192,0,1,0,0,0,0
3583,20.69,20218.907784188923,-659.6383232550305,5.0,8.04,3.0,-13647.916908146583,13647.916908146583,3138.0483456800653,15.0,116.83198947648592,14308.219178082192,0,1,0,0,0,0
3584,36.85,9559.152480387631,-659.6383232550305,5.0,8.04,3.0,-24307.672211947876,24307.672211947876,3138.0483456800653,15.0,116.83198947648592,14308.219178082192,0,1,0,0,0,0
3585,22.87,18780.896239492955,-659.6383232550305,5.0,8.04,3.0,-15085.928452842549,15085.928452842549,3138.0483456800653,15.0,116.83198947648592,14308.219178082192,0,1,0,0,0,0
3586,16.81,22778.304478418442,-659.6383232550305,5.0,8.04,3.0,-11088.520213917061,11088.520213917061,3138.0483456800653,15.0,116.83198947648592,14308.219178082192,0,1,0,0,0,0
3587,11.23,26459.08632218151,-659.6383232550305,5.0,8.04,3.0,-7407.738370153993,7407.738370153993,3138.0483456800653,15.0,116.83198947648592,14308.219178082192,0,1,0,0,0,0
3588,34.85,10878.429126897692,-659.6383232550305,5.0,8.04,3.0,-22988.395565437815,22988.395565437815,3138.0483456800653,15.0,116.83198947648592,14308.219178082192,0,1,0,0,0,0
3589,28.81,14862.644599358075,-659.6383232550305,5.0,8.04,3.0,-19004.18009297743,19004.18009297743,3138.0483456800653,15.0,116.83198947648592,14308.219178082192,0,1,0,0,0,0
3590,33.01,12092.163641686951,-659.6383232550305,5.0,8.04,3.0,-21774.661050648556,21774.661050648556,3138.0483456800653,15.0,116.83198947648592,14308.219178082192,0,1,0,0,0,0
3591,76.15,7216.399081605917,650.0,0,8.04,3.0,49497.50000000001,-49497.50000000001,15071.972825128516,0,556.8949724310688,14308.219178082192,1,0,0,0,0,0
3592,136.42,46391.89908160591,650.0,0,8.04,3.0,88672.99999999999,-88672.99999999999,15071.972825128516,0,556.8949724310688,14308.219178082192,1,0,0,0,0,0
3593,173.28,70350.89908160592,650.0,0,8.04,3.0,112632.0,-112632.0,15071.972825128516,0,556.8949724310688,14308.219178082192,1,0,0,0,0,0
3594,173.39,70422.39908160591,650.0,0,8.04,3.0,112703.49999999999,-112703.49999999999,15071.972825128516,0,556.8949724310688,14308.219178082192,1,0,0,0,0,0
3595,103.3,24863.899081605916,650.0,0,8.04,3.0,67145.0,-67145.0,15071.972825128516,0,556.8949724310688,14308.219178082192,1,0,0,0,0,0
3596,4.88,30647.789674850956,-659.6383232550305,5.0,8.04,3.0,-3219.035017484549,3219.035017484549,3138.0483456800653,15.0,116.83198947648592,14308.219178082192,0,1,0,0,0,0
3597,9.59,27540.89317231976,-659.6383232550305,5.0,8.04,3.0,-6325.9315200157425,6325.9315200157425,3138.0483456800653,15.0,116.83198947648592,14308.219178082192,0,1,0,0,0,0
3598,6.29,29717.699639061364,-659.6383232550305,5.0,8.04,3.0,-4149.125053274142,4149.125053274142,3138.0483456800653,15.0,116.83198947648592,14308.219178082192,0,1,0,0,0,0
3599,-8.73,39625.46725435192,-659.6383232550305,5.0,8.04,3.0,5758.642562016416,-5758.642562016416,3138.0483456800653,15.0,116.83198947648592,14308.219178082192,0,1,0,0,0,0
3600,-10.22,40608.32835600192,-659.6383232550305,5.0,8.04,3.0,6741.503663666413,-6741.503663666413,3138.0483456800653,15.0,116.83198947648592,14308.219178082192,0,1,0,0,0,0
3601,-19.21,46538.47688206464,-659.6383232550305,5.0,8.04,3.0,12671.652189729137,-12671.652189729137,3138.0483456800653,15.0,116.83198947648592,14308.219178082192,0,1,0,0,0,0
3602,-44.33,63108.591562231006,-659.6383232550305,5.0,8.04,3.0,29241.766869895502,-29241.766869895502,3138.0483456800653,15.0,116.83198947648592,14308.219178082192,0,1,0,0,0,0
3603,-43.95,62857.92899939409,-659.6383232550305,5.0,8.04,3.0,28991.104307058595,-28991.104307058595,3138.0483456800653,15.0,116.83198947648592,14308.219178082192,0,1,0,0,0,0
3604,-45.87,64124.43458004375,-659.6383232550305,5.0,8.04,3.0,30257.609887708248,-30257.609887708248,3138.0483456800653,15.0,116.83198947648592,14308.219178082192,0,1,0,0,0,0
3605,-57.56,71835.60657889507,-659.6383232550305,5.0,8.04,3.0,37968.781886559555,-37968.781886559555,3138.0483456800653,15.0,116.83198947648592,14308.219178082192,0,1,0,0,0,0
3606,59.91,-3339.600918394087,650.0,0,8.04,3.0,38941.5,-38941.5,15071.972825128516,0,556.8949724310688,14308.219178082192,1,0,0,0,0,0
3607,46.7,3061.71499632558,-659.6383232550305,5.0,8.04,3.0,-30805.109696009928,30805.109696009928,3138.0483456800653,15.0,116.83198947648592,14308.219178082192,0,1,0,0,0,0
3608,58.37,-4340.600918394087,650.0,0,8.04,3.0,37940.5,-37940.5,15071.972825128516,0,556.8949724310688,14308.219178082192,1,0,0,0,0,0
3609,75.25,6631.399081605917,650.0,0,8.04,3.0,48912.5,-48912.5,15071.972825128516,0,556.8949724310688,14308.219178082192,1,0,0,0,0,0
3610,108.05,27951.399081605916,650.0,0,8.04,3.0,70232.5,-70232.5,15071.972825128516,0,556.8949724310688,14308.219178082192,1,0,0,0,0,0
3611,88.2,15048.899081605916,650.0,0,8.04,3.0,57330.0,-57330.0,15071.972825128516,0,556.8949724310688,14308.219178082192,1,0,0,0,0,0
3612,121.39,36622.39908160592,650.0,0,8.04,3.0,78903.5,-78903.5,15071.972825128516,0,556.8949724310688,14308.219178082192,1,0,0,0,0,0
3613,97.65,21191.399081605916,650.0,0,8.04,3.0,63472.50000000001,-63472.50000000001,15071.972825128516,0,556.8949724310688,14308.219178082192,1,0,0,0,0,0
3614,96.81,20645.399081605916,650.0,0,8.04,3.0,62926.5,-62926.5,15071.972825128516,0,556.8949724310688,14308.219178082192,1,0,0,0,0,0
3615,62.99,-1337.6009183940869,650.0,0,8.04,3.0,40943.5,-40943.5,15071.972825128516,0,556.8949724310688,14308.219178082192,1,0,0,0,0,0
3616,71.92,4466.899081605913,650.0,0,8.04,3.0,46748.0,-46748.0,15071.972825128516,0,556.8949724310688,14308.219178082192,1,0,0,0,0,0
3617,140.03,48738.39908160592,650.0,0,8.04,3.0,91019.5,-91019.5,15071.972825128516,0,556.8949724310688,14308.219178082192,1,0,0,0,0,0
3618,149.93,55173.39908160592,650.0,0,8.04,3.0,97454.5,-97454.5,15071.972825128516,0,556.8949724310688,14308.219178082192,1,0,0,0,0,0
3619,124.15,38416.39908160592,650.0,0,8.04,3.0,80697.5,-80697.5,15071.972825128516,0,556.8949724310688,14308.219178082192,1,0,0,0,0,0
3620,58.47,-4275.600918394087,650.0,0,8.04,3.0,38005.5,-38005.5,15071.972825128516,0,556.8949724310688,14308.219178082192,1,0,0,0,0,0
3621,93.07,18214.3990816059,650.0,0,8.04,3.0,60495.49999999999,-60495.49999999999,15071.972825128516,0,556.8949724310688,14308.219178082192,1,0,0,0,0,0
3622,40.1,7415.32792980878,-659.6383232550305,5.0,8.04,3.0,-26451.496762526724,26451.496762526724,3138.0483456800653,15.0,116.83198947648592,14308.219178082192,0,1,0,0,0,0
3623,45.98,3536.6545890692037,-659.6383232550305,5.0,8.04,3.0,-30330.1701032663,30330.1701032663,3138.0483456800653,15.0,116.83198947648592,14308.219178082192,0,1,0,0,0,0
3624,24.27,17857.402586935914,-659.6383232550305,5.0,8.04,3.0,-16009.42210539959,16009.42210539959,3138.0483456800653,15.0,116.83198947648592,14308.219178082192,0,1,0,0,0,0
3625,51.36,-12.199590042858773,-659.6383232550305,5.0,8.04,3.0,-33879.02428237837,33879.02428237837,3138.0483456800653,15.0,116.83198947648592,14308.219178082192,0,1,0,0,0,0
3626,42.3,5964.1236186477145,-659.6383232550305,5.0,8.04,3.0,-27902.70107368779,27902.70107368779,3138.0483456800653,15.0,116.83198947648592,14308.219178082192,0,1,0,0,0,0
3627,46.31,3318.973942395038,-659.6383232550305,5.0,8.04,3.0,-30547.850749940466,30547.850749940466,3138.0483456800653,15.0,116.83198947648592,14308.219178082192,0,1,0,0,0,0
3628,64.53,-336.600918394087,650.0,0,8.04,3.0,41944.5,-41944.5,15071.972825128516,0,556.8949724310688,14308.219178082192,1,0,0,0,0,0
3629,65.59,352.399081605913,650.0,0,8.04,3.0,42633.5,-42633.5,15071.972825128516,0,556.8949724310688,14308.219178082192,1,0,0,0,0,0
3630,55.74,-2901.415445899896,-659.6383232550305,5.0,8.04,3.0,-36768.2401382354,36768.2401382354,3138.0483456800653,15.0,116.83198947648592,14308.219178082192,0,1,0,0,0,0
3631,72.43,4798.399081605917,650.0,0,8.04,3.0,47079.50000000001,-47079.50000000001,15071.972825128516,0,556.8949724310688,14308.219178082192,1,0,0,0,0,0
3632,72.9,5103.899081605917,650.0,0,8.04,3.0,47385.00000000001,-47385.00000000001,15071.972825128516,0,556.8949724310688,14308.219178082192,1,0,0,0,0,0
3633,73.77,5669.399081605917,650.0,0,8.04,3.0,47950.5,-47950.5,15071.972825128516,0,556.8949724310688,14308.219178082192,1,0,0,0,0,0
3634,100.22,22861.899081605916,650.0,0,8.04,3.0,65143.0,-65143.0,15071.972825128516,0,556.8949724310688,14308.219178082192,1,0,0,0,0,0
3635,47.26,2692.3175353027623,-659.6383232550305,5.0,8.04,3.0,-31174.50715703274,31174.50715703274,3138.0483456800653,15.0,116.83198947648592,14308.219178082192,0,1,0,0,0,0
3636,73.29,5357.399081605917,650.0,0,8.04,3.0,47638.50000000001,-47638.50000000001,15071.972825128516,0,556.8949724310688,14308.219178082192,1,0,0,0,0,0
3637,48.26,2032.679212047737,-659.6383232550305,5.0,8.04,3.0,-31834.14548028777,31834.14548028777,3138.0483456800653,15.0,116.83198947648592,14308.219178082192,0,1,0,0,0,0
3638,27.55,15693.788886659415,-659.6383232550305,5.0,8.04,3.0,-18173.035805676092,18173.035805676092,3138.0483456800653,15.0,116.83198947648592,14308.219178082192,0,1,0,0,0,0
3639,22.25,19189.871999911076,-659.6383232550305,5.0,8.04,3.0,-14676.95269242443,14676.95269242443,3138.0483456800653,15.0,116.83198947648592,14308.219178082192,0,1,0,0,0,0
3640,13.02,25278.333723555006,-659.6383232550305,5.0,8.04,3.0,-8588.490968780497,8588.490968780497,3138.0483456800653,15.0,116.83198947648592,14308.219178082192,0,1,0,0,0,0
3641,26.31,16511.740407495654,-659.6383232550305,5.0,8.04,3.0,-17355.084284839853,17355.084284839853,3138.0483456800653,15.0,116.83198947648592,14308.219178082192,0,1,0,0,0,0
3642,26.02,16703.03552123961,-659.6383232550305,5.0,8.04,3.0,-17163.789171095894,17163.789171095894,3138.0483456800653,15.0,116.83198947648592,14308.219178082192,0,1,0,0,0,0
3643,44.34,4618.461439207447,-659.6383232550305,5.0,8.04,3.0,-29248.363253128056,29248.363253128056,3138.0483456800653,15.0,116.83198947648592,14308.219178082192,0,1,0,0,0,0
3644,66.79,1132.3990816059204,650.0,0,8.04,3.0,43413.50000000001,-43413.50000000001,15071.972825128516,0,556.8949724310688,14308.219178082192,1,0,0,0,0,0
3645,59.87,-3365.600918394087,650.0,0,8.04,3.0,38915.5,-38915.5,15071.972825128516,0,556.8949724310688,14308.219178082192,1,0,0,0,0,0
3646,23.25,18530.233676656044,-659.6383232550305,5.0,8.04,3.0,-15336.59101567946,15336.59101567946,3138.0483456800653,15.0,116.83198947648592,14308.219178082192,0,1,0,0,0,0
3647,17.12,22573.81659820938,-659.6383232550305,5.0,8.04,3.0,-11293.008094126122,11293.008094126122,3138.0483456800653,15.0,116.83198947648592,14308.219178082192,0,1,0,0,0,0
3648,46.33,3305.7811759299407,-659.6383232550305,5.0,8.04,3.0,-30561.043516405563,30561.043516405563,3138.0483456800653,15.0,116.83198947648592,14308.219178082192,0,1,0,0,0,0
3649,39.41,7870.478372854755,-659.6383232550305,5.0,8.04,3.0,-25996.346319480752,25996.346319480752,3138.0483456800653,15.0,116.83198947648592,14308.219178082192,0,1,0,0,0,0
3650,15.85,23411.557268743272,-659.6383232550305,5.0,8.04,3.0,-10455.267423592233,10455.267423592233,3138.0483456800653,15.0,116.83198947648592,14308.219178082192,0,1,0,0,0,0
3651,32.99,12105.356408152045,-659.6383232550305,5.0,8.04,3.0,-21761.46828418346,21761.46828418346,3138.0483456800653,15.0,116.83198947648592,14308.219178082192,0,1,0,0,0,0
3652,-24.14,49790.49381571194,-659.6383232550305,5.0,8.04,3.0,15923.669123376438,-15923.669123376438,3138.0483456800653,15.0,116.83198947648592,14308.219178082192,0,1,0,0,0,0
3653,-6.41,38095.10634440025,-659.6383232550305,5.0,8.04,3.0,4228.281652064746,-4228.281652064746,3138.0483456800653,15.0,116.83198947648592,14308.219178082192,0,1,0,0,0,0
3654,-0.18,33985.55959052141,-659.6383232550305,5.0,8.04,3.0,118.7348981859055,-118.7348981859055,3138.0483456800653,15.0,116.83198947648592,14308.219178082192,0,1,0,0,0,0
3655,17.7,22191.226370721466,-659.6383232550305,5.0,8.04,3.0,-11675.59832161404,11675.59832161404,3138.0483456800653,15.0,116.83198947648592,14308.219178082192,0,1,0,0,0,0
3656,50.77,376.9870206776036,-659.6383232550305,5.0,8.04,3.0,-33489.8376716579,33489.8376716579,3138.0483456800653,15.0,116.83198947648592,14308.219178082192,0,1,0,0,0,0
3657,-0.65,34295.58960245128,-659.6383232550305,5.0,8.04,3.0,428.76491011576985,-428.76491011576985,3138.0483456800653,15.0,116.83198947648592,14308.219178082192,0,1,0,0,0,0
3658,14.78,24117.370274626155,-659.6383232550305,5.0,8.04,3.0,-9749.45441770935,9749.45441770935,3138.0483456800653,15.0,116.83198947648592,14308.219178082192,0,1,0,0,0,0
3659,24.74,17547.37257500605,-659.6383232550305,5.0,8.04,3.0,-16319.452117329454,16319.452117329454,3138.0483456800653,15.0,116.83198947648592,14308.219178082192,0,1,0,0,0,0
3660,21.9,19420.745413050336,-659.6383232550305,5.0,8.04,3.0,-14446.079279285168,14446.079279285168,3138.0483456800653,15.0,116.83198947648592,14308.219178082192,0,1,0,0,0,0
3661,34.04,11412.736168734264,-659.6383232550305,5.0,8.04,3.0,-22454.088523601236,22454.088523601236,3138.0483456800653,15.0,116.83198947648592,14308.219178082192,0,1,0,0,0,0
3662,20.93,20060.594586607716,-659.6383232550305,5.0,8.04,3.0,-13806.23010572779,13806.23010572779,3138.0483456800653,15.0,116.83198947648592,14308.219178082192,0,1,0,0,0,0
3663,8.12,28510.56150750466,-659.6383232550305,5.0,8.04,3.0,-5356.263184830847,5356.263184830847,3138.0483456800653,15.0,116.83198947648592,14308.219178082192,0,1,0,0,0,0
3664,19.11,21261.13633493187,-659.6383232550305,5.0,8.04,3.0,-12605.688357403633,12605.688357403633,3138.0483456800653,15.0,116.83198947648592,14308.219178082192,0,1,0,0,0,0
3665,25.85,16815.174036192966,-659.6383232550305,5.0,8.04,3.0,-17051.65065614254,17051.65065614254,3138.0483456800653,15.0,116.83198947648592,14308.219178082192,0,1,0,0,0,0
3666,11.16,26505.261004809363,-659.6383232550305,5.0,8.04,3.0,-7361.563687526141,7361.563687526141,3138.0483456800653,15.0,116.83198947648592,14308.219178082192,0,1,0,0,0,0
3667,41.02,6808.460672414149,-659.6383232550305,5.0,8.04,3.0,-27058.364019921355,27058.364019921355,3138.0483456800653,15.0,116.83198947648592,14308.219178082192,0,1,0,0,0,0
3668,94.85,19371.3990816059,650.0,0,8.04,3.0,61652.49999999999,-61652.49999999999,15071.972825128516,0,556.8949724310688,14308.219178082192,1,0,0,0,0,0
3669,74.76,6312.899081605917,650.0,0,8.04,3.0,48594.0,-48594.0,15071.972825128516,0,556.8949724310688,14308.219178082192,1,0,0,0,0,0
3670,60.63,-2871.600918394087,650.0,0,8.04,3.0,39409.5,-39409.5,15071.972825128516,0,556.8949724310688,14308.219178082192,1,0,0,0,0,0
3671,67.63,1678.3990816059131,650.0,0,8.04,3.0,43959.5,-43959.5,15071.972825128516,0,556.8949724310688,14308.219178082192,1,0,0,0,0,0
3672,61.21,-2494.600918394087,650.0,0,8.04,3.0,39786.5,-39786.5,15071.972825128516,0,556.8949724310688,14308.219178082192,1,0,0,0,0,0
3673,54.37,-1997.710943040503,-659.6383232550305,5.0,8.04,3.0,-35864.53563537601,35864.53563537601,3138.0483456800653,15.0,116.83198947648592,14308.219178082192,0,1,0,0,0,0
3674,50.09,825.5410804910211,-659.6383232550305,5.0,8.04,3.0,-33041.28361184448,33041.28361184448,3138.0483456800653,15.0,116.83198947648592,14308.219178082192,0,1,0,0,0,0
3675,39.76,7639.604959715492,-659.6383232550305,5.0,8.04,3.0,-26227.21973262001,26227.21973262001,3138.0483456800653,15.0,116.83198947648592,14308.219178082192,0,1,0,0,0,0
3676,34.83,10891.62189336279,-659.6383232550305,5.0,8.04,3.0,-22975.20279897271,22975.20279897271,3138.0483456800653,15.0,116.83198947648592,14308.219178082192,0,1,0,0,0,0
3677,41.0,6821.653438879253,-659.6383232550305,5.0,8.04,3.0,-27045.17125345625,27045.17125345625,3138.0483456800653,15.0,116.83198947648592,14308.219178082192,0,1,0,0,0,0
3678,41.02,6808.460672414149,-659.6383232550305,5.0,8.04,3.0,-27058.364019921355,27058.364019921355,3138.0483456800653,15.0,116.83198947648592,14308.219178082192,0,1,0,0,0,0
3679,57.64,-4154.7282600844555,-659.6383232550305,5.0,8.04,3.0,-38021.55295241996,38021.55295241996,3138.0483456800653,15.0,116.83198947648592,14308.219178082192,0,1,0,0,0,0
3680,60.0,-3281.100918394087,650.0,0,8.04,3.0,39000.0,-39000.0,15071.972825128516,0,556.8949724310688,14308.219178082192,1,0,0,0,0,0
3681,70.74,3699.899081605913,650.0,0,8.04,3.0,45981.0,-45981.0,15071.972825128516,0,556.8949724310688,14308.219178082192,1,0,0,0,0,0
3682,79.19,9192.399081605916,650.0,0,8.04,3.0,51473.5,-51473.5,15071.972825128516,0,556.8949724310688,14308.219178082192,1,0,0,0,0,0
3683,75.59,6852.399081605917,650.0,0,8.04,3.0,49133.5,-49133.5,15071.972825128516,0,556.8949724310688,14308.219178082192,1,0,0,0,0,0
3684,85.9,13553.899081605916,650.0,0,8.04,3.0,55835.00000000001,-55835.00000000001,15071.972825128516,0,556.8949724310688,14308.219178082192,1,0,0,0,0,0
3685,87.93,14873.399081605916,650.0,0,8.04,3.0,57154.50000000001,-57154.50000000001,15071.972825128516,0,556.8949724310688,14308.219178082192,1,0,0,0,0,0
3686,138.14,47509.89908160591,650.0,0,8.04,3.0,89790.99999999999,-89790.99999999999,15071.972825128516,0,556.8949724310688,14308.219178082192,1,0,0,0,0,0
3687,94.45,19111.399081605916,650.0,0,8.04,3.0,61392.5,-61392.5,15071.972825128516,0,556.8949724310688,14308.219178082192,1,0,0,0,0,0
3688,102.25,24181.399081605916,650.0,0,8.04,3.0,66462.5,-66462.5,15071.972825128516,0,556.8949724310688,14308.219178082192,1,0,0,0,0,0
3689,91.31,17070.399081605916,650.0,0,8.04,3.0,59351.5,-59351.5,15071.972825128516,0,556.8949724310688,14308.219178082192,1,0,0,0,0,0
3690,88.72,15386.899081605916,650.0,0,8.04,3.0,57668.0,-57668.0,15071.972825128516,0,556.8949724310688,14308.219178082192,1,0,0,0,0,0
3691,76.46,7417.899081605902,650.0,0,8.04,3.0,49698.99999999999,-49698.99999999999,15071.972825128516,0,556.8949724310688,14308.219178082192,1,0,0,0,0,0
3692,72.29,4707.39908160592,650.0,0,8.04,3.0,46988.50000000001,-46988.50000000001,15071.972825128516,0,556.8949724310688,14308.219178082192,1,0,0,0,0,0
3693,67.77,1769.3990816059131,650.0,0,8.04,3.0,44050.5,-44050.5,15071.972825128516,0,556.8949724310688,14308.219178082192,1,0,0,0,0,0
3694,62.39,-1727.6009183940869,650.0,0,8.04,3.0,40553.5,-40553.5,15071.972825128516,0,556.8949724310688,14308.219178082192,1,0,0,0,0,0
3695,65.2,98.89908160591301,650.0,0,8.04,3.0,42380.0,-42380.0,15071.972825128516,0,556.8949724310688,14308.219178082192,1,0,0,0,0,0
3696,55.72,-2888.222679434795,-659.6383232550305,5.0,8.04,3.0,-36755.0473717703,36755.0473717703,3138.0483456800653,15.0,116.83198947648592,14308.219178082192,0,1,0,0,0,0
3697,51.76,-276.05491934487463,-659.6383232550305,5.0,8.04,3.0,-34142.87961168038,34142.87961168038,3138.0483456800653,15.0,116.83198947648592,14308.219178082192,0,1,0,0,0,0
3698,50.44,594.6676673517727,-659.6383232550305,5.0,8.04,3.0,-33272.15702498374,33272.15702498374,3138.0483456800653,15.0,116.83198947648592,14308.219178082192,0,1,0,0,0,0
3699,56.95,-3699.577817038487,-659.6383232550305,5.0,8.04,3.0,-37566.40250937399,37566.40250937399,3138.0483456800653,15.0,116.83198947648592,14308.219178082192,0,1,0,0,0,0
3700,53.25,-1258.9160209948673,-659.6383232550305,5.0,8.04,3.0,-35125.74071333037,35125.74071333037,3138.0483456800653,15.0,116.83198947648592,14308.219178082192,0,1,0,0,0,0
3701,52.65,-863.1330270418471,-659.6383232550305,5.0,8.04,3.0,-34729.95771937736,34729.95771937736,3138.0483456800653,15.0,116.83198947648592,14308.219178082192,0,1,0,0,0,0
3702,49.9,950.8723619094822,-659.6383232550305,5.0,8.04,3.0,-32915.95233042602,32915.95233042602,3138.0483456800653,15.0,116.83198947648592,14308.219178082192,0,1,0,0,0,0
3703,68.15,2016.3990816059204,650.0,0,8.04,3.0,44297.50000000001,-44297.50000000001,15071.972825128516,0,556.8949724310688,14308.219178082192,1,0,0,0,0,0
3704,73.33,5383.399081605917,650.0,0,8.04,3.0,47664.5,-47664.5,15071.972825128516,0,556.8949724310688,14308.219178082192,1,0,0,0,0,0
3705,71.12,3946.899081605913,650.0,0,8.04,3.0,46228.0,-46228.0,15071.972825128516,0,556.8949724310688,14308.219178082192,1,0,0,0,0,0
3706,57.18,-3851.2946313871357,-659.6383232550305,5.0,8.04,3.0,-37718.11932372265,37718.11932372265,3138.0483456800653,15.0,116.83198947648592,14308.219178082192,0,1,0,0,0,0
3707,68.17,2029.3990816059131,650.0,0,8.04,3.0,44310.5,-44310.5,15071.972825128516,0,556.8949724310688,14308.219178082192,1,0,0,0,0,0
3708,75.88,7040.899081605917,650.0,0,8.04,3.0,49322.0,-49322.0,15071.972825128516,0,556.8949724310688,14308.219178082192,1,0,0,0,0,0
3709,76.24,7274.899081605917,650.0,0,8.04,3.0,49556.0,-49556.0,15071.972825128516,0,556.8949724310688,14308.219178082192,1,0,0,0,0,0
3710,68.25,2081.399081605913,650.0,0,8.04,3.0,44362.5,-44362.5,15071.972825128516,0,556.8949724310688,14308.219178082192,1,0,0,0,0,0
3711,63.8,-811.100918394087,650.0,0,8.04,3.0,41470.0,-41470.0,15071.972825128516,0,556.8949724310688,14308.219178082192,1,0,0,0,0,0
3712,76.62,7521.899081605917,650.0,0,8.04,3.0,49803.0,-49803.0,15071.972825128516,0,556.8949724310688,14308.219178082192,1,0,0,0,0,0
3713,83.13,11753.399081605916,650.0,0,8.04,3.0,54034.5,-54034.5,15071.972825128516,0,556.8949724310688,14308.219178082192,1,0,0,0,0,0
3714,74.3,6013.899081605917,650.0,0,8.04,3.0,48295.0,-48295.0,15071.972825128516,0,556.8949724310688,14308.219178082192,1,0,0,0,0,0
3715,75.08,6520.899081605917,650.0,0,8.04,3.0,48802.0,-48802.0,15071.972825128516,0,556.8949724310688,14308.219178082192,1,0,0,0,0,0
3716,65.32,176.89908160590574,650.0,0,8.04,3.0,42457.99999999999,-42457.99999999999,15071.972825128516,0,556.8949724310688,14308.219178082192,1,0,0,0,0,0
3717,52.64,-856.5366438093038,-659.6383232550305,5.0,8.04,3.0,-34723.36133614481,34723.36133614481,3138.0483456800653,15.0,116.83198947648592,14308.219178082192,0,1,0,0,0,0
3718,47.38,2613.1609365121553,-659.6383232550305,5.0,8.04,3.0,-31253.66375582335,31253.66375582335,3138.0483456800653,15.0,116.83198947648592,14308.219178082192,0,1,0,0,0,0
3719,49.59,1155.3602421185392,-659.6383232550305,5.0,8.04,3.0,-32711.464450216965,32711.464450216965,3138.0483456800653,15.0,116.83198947648592,14308.219178082192,0,1,0,0,0,0
3720,44.1,4776.7746367886575,-659.6383232550305,5.0,8.04,3.0,-29090.050055546846,29090.050055546846,3138.0483456800653,15.0,116.83198947648592,14308.219178082192,0,1,0,0,0,0
3721,42.92,5555.147858229593,-659.6383232550305,5.0,8.04,3.0,-28311.67683410591,28311.67683410591,3138.0483456800653,15.0,116.83198947648592,14308.219178082192,0,1,0,0,0,0
3722,44.45,4545.901223649398,-659.6383232550305,5.0,8.04,3.0,-29320.92346868611,29320.92346868611,3138.0483456800653,15.0,116.83198947648592,14308.219178082192,0,1,0,0,0,0
3723,38.15,8701.622660156092,-659.6383232550305,5.0,8.04,3.0,-25165.20203217941,25165.20203217941,3138.0483456800653,15.0,116.83198947648592,14308.219178082192,0,1,0,0,0,0
3724,39.25,7976.020504575557,-659.6383232550305,5.0,8.04,3.0,-25890.804187759946,25890.804187759946,3138.0483456800653,15.0,116.83198947648592,14308.219178082192,0,1,0,0,0,0
3725,40.26,7309.785798087978,-659.6383232550305,5.0,8.04,3.0,-26557.038894247526,26557.038894247526,3138.0483456800653,15.0,116.83198947648592,14308.219178082192,0,1,0,0,0,0
3726,33.94,11478.70000105977,-659.6383232550305,5.0,8.04,3.0,-22388.124691275734,22388.124691275734,3138.0483456800653,15.0,116.83198947648592,14308.219178082192,0,1,0,0,0,0
3727,42.99,5508.973175601743,-659.6383232550305,5.0,8.04,3.0,-28357.851516733765,28357.851516733765,3138.0483456800653,15.0,116.83198947648592,14308.219178082192,0,1,0,0,0,0
3728,46.26,3351.9558585577947,-659.6383232550305,5.0,8.04,3.0,-30514.86883377771,30514.86883377771,3138.0483456800653,15.0,116.83198947648592,14308.219178082192,0,1,0,0,0,0
3729,49.23,1392.8300384903564,-659.6383232550305,5.0,8.04,3.0,-32473.99465384515,32473.99465384515,3138.0483456800653,15.0,116.83198947648592,14308.219178082192,0,1,0,0,0,0
3730,52.98,-1080.813673716009,-659.6383232550305,5.0,8.04,3.0,-34947.63836605151,34947.63836605151,3138.0483456800653,15.0,116.83198947648592,14308.219178082192,0,1,0,0,0,0
3731,56.36,-3310.3912063180173,-659.6383232550305,5.0,8.04,3.0,-37177.21589865352,37177.21589865352,3138.0483456800653,15.0,116.83198947648592,14308.219178082192,0,1,0,0,0,0
3732,50.21,746.3844817004215,-659.6383232550305,5.0,8.04,3.0,-33120.44021063508,33120.44021063508,3138.0483456800653,15.0,116.83198947648592,14308.219178082192,0,1,0,0,0,0
3733,57.98,-4379.005289991161,-659.6383232550305,5.0,8.04,3.0,-38245.829982326664,38245.829982326664,3138.0483456800653,15.0,116.83198947648592,14308.219178082192,0,1,0,0,0,0
3734,35.7,10317.736552130911,-659.6383232550305,5.0,8.04,3.0,-23549.088140204592,23549.088140204592,3138.0483456800653,15.0,116.83198947648592,14308.219178082192,0,1,0,0,0,0
3735,21.2,19882.492239328858,-659.6383232550305,5.0,8.04,3.0,-13984.332453006646,13984.332453006646,3138.0483456800653,15.0,116.83198947648592,14308.219178082192,0,1,0,0,0,0
3736,47.23,2712.1066850004177,-659.6383232550305,5.0,8.04,3.0,-31154.71800733509,31154.71800733509,3138.0483456800653,15.0,116.83198947648592,14308.219178082192,0,1,0,0,0,0
3737,51.99,-427.7717336935307,-659.6383232550305,5.0,8.04,3.0,-34294.596426029035,34294.596426029035,3138.0483456800653,15.0,116.83198947648592,14308.219178082192,0,1,0,0,0,0
3738,54.31,-1958.1326436451996,-659.6383232550305,5.0,8.04,3.0,-35824.95733598071,35824.95733598071,3138.0483456800653,15.0,116.83198947648592,14308.219178082192,0,1,0,0,0,0
3739,58.73,-4106.600918394087,650.0,0,8.04,3.0,38174.5,-38174.5,15071.972825128516,0,556.8949724310688,14308.219178082192,1,0,0,0,0,0
3740,66.76,1112.8990816059131,650.0,0,8.04,3.0,43394.0,-43394.0,15071.972825128516,0,556.8949724310688,14308.219178082192,1,0,0,0,0,0
3741,68.15,2016.3990816059204,650.0,0,8.04,3.0,44297.50000000001,-44297.50000000001,15071.972825128516,0,556.8949724310688,14308.219178082192,1,0,0,0,0,0
3742,53.16,-1199.548571901912,-659.6383232550305,5.0,8.04,3.0,-35066.37326423742,35066.37326423742,3138.0483456800653,15.0,116.83198947648592,14308.219178082192,0,1,0,0,0,0
3743,47.0,2863.82349934907,-659.6383232550305,5.0,8.04,3.0,-31003.001192986434,31003.001192986434,3138.0483456800653,15.0,116.83198947648592,14308.219178082192,0,1,0,0,0,0
3744,51.11,152.70999077089843,-659.6383232550305,5.0,8.04,3.0,-33714.114701564606,33714.114701564606,3138.0483456800653,15.0,116.83198947648592,14308.219178082192,0,1,0,0,0,0
3745,45.56,3813.70268483631,-659.6383232550305,5.0,8.04,3.0,-30053.12200749919,30053.12200749919,3138.0483456800653,15.0,116.83198947648592,14308.219178082192,0,1,0,0,0,0
3746,42.04,6135.629582694022,-659.6383232550305,5.0,8.04,3.0,-27731.19510964148,27731.19510964148,3138.0483456800653,15.0,116.83198947648592,14308.219178082192,0,1,0,0,0,0
3747,43.11,5429.816576811136,-659.6383232550305,5.0,8.04,3.0,-28437.008115524364,28437.008115524364,3138.0483456800653,15.0,116.83198947648592,14308.219178082192,0,1,0,0,0,0
3748,32.97,12118.549174617146,-659.6383232550305,5.0,8.04,3.0,-21748.275517718354,21748.275517718354,3138.0483456800653,15.0,116.83198947648592,14308.219178082192,0,1,0,0,0,0
3749,49.71,1076.2036433279359,-659.6383232550305,5.0,8.04,3.0,-32790.62104900757,32790.62104900757,3138.0483456800653,15.0,116.83198947648592,14308.219178082192,0,1,0,0,0,0
3750,61.25,-2468.600918394087,650.0,0,8.04,3.0,39812.5,-39812.5,15071.972825128516,0,556.8949724310688,14308.219178082192,1,0,0,0,0,0
3751,67.96,1892.8990816059058,650.0,0,8.04,3.0,44173.99999999999,-44173.99999999999,15071.972825128516,0,556.8949724310688,14308.219178082192,1,0,0,0,0,0
3752,68.59,2302.399081605913,650.0,0,8.04,3.0,44583.5,-44583.5,15071.972825128516,0,556.8949724310688,14308.219178082192,1,0,0,0,0,0
3753,61.98,-1994.1009183940869,650.0,0,8.04,3.0,40287.0,-40287.0,15071.972825128516,0,556.8949724310688,14308.219178082192,1,0,0,0,0,0
3754,38.37,8556.502229039987,-659.6383232550305,5.0,8.04,3.0,-25310.32246329552,25310.32246329552,3138.0483456800653,15.0,116.83198947648592,14308.219178082192,0,1,0,0,0,0
3755,50.43,601.264050584316,-659.6383232550305,5.0,8.04,3.0,-33265.56064175119,33265.56064175119,3138.0483456800653,15.0,116.83198947648592,14308.219178082192,0,1,0,0,0,0
3756,52.03,-454.157266623733,-659.6383232550305,5.0,8.04,3.0,-34320.98195895924,34320.98195895924,3138.0483456800653,15.0,116.83198947648592,14308.219178082192,0,1,0,0,0,0
3757,77.9,8353.899081605916,650.0,0,8.04,3.0,50635.00000000001,-50635.00000000001,15071.972825128516,0,556.8949724310688,14308.219178082192,1,0,0,0,0,0
3758,110.54,29569.899081605916,650.0,0,8.04,3.0,71851.0,-71851.0,15071.972825128516,0,556.8949724310688,14308.219178082192,1,0,0,0,0,0
3759,105.57,26339.399081605916,650.0,0,8.04,3.0,68620.5,-68620.5,15071.972825128516,0,556.8949724310688,14308.219178082192,1,0,0,0,0,0
3760,81.86,10927.899081605916,650.0,0,8.04,3.0,53209.0,-53209.0,15071.972825128516,0,556.8949724310688,14308.219178082192,1,0,0,0,0,0
3761,85.15,13066.399081605916,650.0,0,8.04,3.0,55347.50000000001,-55347.50000000001,15071.972825128516,0,556.8949724310688,14308.219178082192,1,0,0,0,0,0
3762,101.95,23986.399081605916,650.0,0,8.04,3.0,66267.5,-66267.5,15071.972825128516,0,556.8949724310688,14308.219178082192,1,0,0,0,0,0
3763,89.35,15796.399081605901,650.0,0,8.04,3.0,58077.49999999999,-58077.49999999999,15071.972825128516,0,556.8949724310688,14308.219178082192,1,0,0,0,0,0
3764,77.73,8243.399081605916,650.0,0,8.04,3.0,50524.5,-50524.5,15071.972825128516,0,556.8949724310688,14308.219178082192,1,0,0,0,0,0
3765,70.13,3303.399081605913,650.0,0,8.04,3.0,45584.5,-45584.5,15071.972825128516,0,556.8949724310688,14308.219178082192,1,0,0,0,0,0
3766,63.36,-1097.1009183940869,650.0,0,8.04,3.0,41184.0,-41184.0,15071.972825128516,0,556.8949724310688,14308.219178082192,1,0,0,0,0,0
3767,48.09,2144.817727001086,-659.6383232550305,5.0,8.04,3.0,-31722.006965334418,31722.006965334418,3138.0483456800653,15.0,116.83198947648592,14308.219178082192,0,1,0,0,0,0
3768,35.51,10443.067833549372,-659.6383232550305,5.0,8.04,3.0,-23423.75685878613,23423.75685878613,3138.0483456800653,15.0,116.83198947648592,14308.219178082192,0,1,0,0,0,0
3769,28.16,15291.409509473844,-659.6383232550305,5.0,8.04,3.0,-18575.41518286166,18575.41518286166,3138.0483456800653,15.0,116.83198947648592,14308.219178082192,0,1,0,0,0,0
3770,26.71,16247.885078193638,-659.6383232550305,5.0,8.04,3.0,-17618.939614141866,17618.939614141866,3138.0483456800653,15.0,116.83198947648592,14308.219178082192,0,1,0,0,0,0
3771,28.03,15377.162491496998,-659.6383232550305,5.0,8.04,3.0,-18489.662200838506,18489.662200838506,3138.0483456800653,15.0,116.83198947648592,14308.219178082192,0,1,0,0,0,0
3772,33.43,11815.11554591983,-659.6383232550305,5.0,8.04,3.0,-22051.70914641567,22051.70914641567,3138.0483456800653,15.0,116.83198947648592,14308.219178082192,0,1,0,0,0,0
3773,47.3,2665.93200237256,-659.6383232550305,5.0,8.04,3.0,-31200.89268996294,31200.89268996294,3138.0483456800653,15.0,116.83198947648592,14308.219178082192,0,1,0,0,0,0
3774,35.39,10522.224432339975,-659.6383232550305,5.0,8.04,3.0,-23344.60025999553,23344.60025999553,3138.0483456800653,15.0,116.83198947648592,14308.219178082192,0,1,0,0,0,0
3775,88.46,15217.899081605901,650.0,0,8.04,3.0,57498.99999999999,-57498.99999999999,15071.972825128516,0,556.8949724310688,14308.219178082192,1,0,0,0,0,0
3776,66.95,1236.3990816059131,650.0,0,8.04,3.0,43517.5,-43517.5,15071.972825128516,0,556.8949724310688,14308.219178082192,1,0,0,0,0,0
3777,54.36,-1991.1145598079524,-659.6383232550305,5.0,8.04,3.0,-35857.93925214346,35857.93925214346,3138.0483456800653,15.0,116.83198947648592,14308.219178082192,0,1,0,0,0,0
3778,52.92,-1041.2353743207127,-659.6383232550305,5.0,8.04,3.0,-34908.06006665622,34908.06006665622,3138.0483456800653,15.0,116.83198947648592,14308.219178082192,0,1,0,0,0,0
3779,53.16,-1199.548571901912,-659.6383232550305,5.0,8.04,3.0,-35066.37326423742,35066.37326423742,3138.0483456800653,15.0,116.83198947648592,14308.219178082192,0,1,0,0,0,0
3780,52.23,-586.0849312747373,-659.6383232550305,5.0,8.04,3.0,-34452.90962361024,34452.90962361024,3138.0483456800653,15.0,116.83198947648592,14308.219178082192,0,1,0,0,0,0
3781,54.72,-2228.5843561797587,-659.6383232550305,5.0,8.04,3.0,-36095.40904851527,36095.40904851527,3138.0483456800653,15.0,116.83198947648592,14308.219178082192,0,1,0,0,0,0
3782,62.99,-1337.6009183940869,650.0,0,8.04,3.0,40943.5,-40943.5,15071.972825128516,0,556.8949724310688,14308.219178082192,1,0,0,0,0,0
3783,76.76,7612.899081605917,650.0,0,8.04,3.0,49894.0,-49894.0,15071.972825128516,0,556.8949724310688,14308.219178082192,1,0,0,0,0,0
3784,73.05,5201.399081605917,650.0,0,8.04,3.0,47482.5,-47482.5,15071.972825128516,0,556.8949724310688,14308.219178082192,1,0,0,0,0,0
3785,62.4,-1721.1009183940869,650.0,0,8.04,3.0,40560.0,-40560.0,15071.972825128516,0,556.8949724310688,14308.219178082192,1,0,0,0,0,0
3786,55.14,-2505.632451946883,-659.6383232550305,5.0,8.04,3.0,-36372.45714428238,36372.45714428238,3138.0483456800653,15.0,116.83198947648592,14308.219178082192,0,1,0,0,0,0
3787,49.98,898.1012960490775,-659.6383232550305,5.0,8.04,3.0,-32968.72339628643,32968.72339628643,3138.0483456800653,15.0,116.83198947648592,14308.219178082192,0,1,0,0,0,0
3788,56.99,-3725.963349968682,-659.6383232550305,5.0,8.04,3.0,-37592.78804230419,37592.78804230419,3138.0483456800653,15.0,116.83198947648592,14308.219178082192,0,1,0,0,0,0
3789,57.18,-3851.2946313871357,-659.6383232550305,5.0,8.04,3.0,-37718.11932372265,37718.11932372265,3138.0483456800653,15.0,116.83198947648592,14308.219178082192,0,1,0,0,0,0
3790,23.18,18576.408359283898,-659.6383232550305,5.0,8.04,3.0,-15290.416333051608,15290.416333051608,3138.0483456800653,15.0,116.83198947648592,14308.219178082192,0,1,0,0,0,0
3791,13.43,25007.882011020443,-659.6383232550305,5.0,8.04,3.0,-8858.94268131506,8858.94268131506,3138.0483456800653,15.0,116.83198947648592,14308.219178082192,0,1,0,0,0,0
3792,8.74,28101.585747086538,-659.6383232550305,5.0,8.04,3.0,-5765.238945248967,5765.238945248967,3138.0483456800653,15.0,116.83198947648592,14308.219178082192,0,1,0,0,0,0
3793,5.94,29948.573052200623,-659.6383232550305,5.0,8.04,3.0,-3918.2516401348817,3918.2516401348817,3138.0483456800653,15.0,116.83198947648592,14308.219178082192,0,1,0,0,0,0
3794,18.37,21749.268694140592,-659.6383232550305,5.0,8.04,3.0,-12117.555998194912,12117.555998194912,3138.0483456800653,15.0,116.83198947648592,14308.219178082192,0,1,0,0,0,0
3795,14.27,24453.78581948622,-659.6383232550305,5.0,8.04,3.0,-9413.038872849285,9413.038872849285,3138.0483456800653,15.0,116.83198947648592,14308.219178082192,0,1,0,0,0,0
3796,13.56,24922.12902899729,-659.6383232550305,5.0,8.04,3.0,-8944.695663338214,8944.695663338214,3138.0483456800653,15.0,116.83198947648592,14308.219178082192,0,1,0,0,0,0
3797,11.13,26525.050154507015,-659.6383232550305,5.0,8.04,3.0,-7341.77453782849,7341.77453782849,3138.0483456800653,15.0,116.83198947648592,14308.219178082192,0,1,0,0,0,0
3798,13.5,24961.707328392593,-659.6383232550305,5.0,8.04,3.0,-8905.117363942913,8905.117363942913,3138.0483456800653,15.0,116.83198947648592,14308.219178082192,0,1,0,0,0,0
3799,24.85,17474.812359447995,-659.6383232550305,5.0,8.04,3.0,-16392.01233288751,16392.01233288751,3138.0483456800653,15.0,116.83198947648592,14308.219178082192,0,1,0,0,0,0
3800,30.72,13602.735401940965,-659.6383232550305,5.0,8.04,3.0,-20264.089290394535,20264.089290394535,3138.0483456800653,15.0,116.83198947648592,14308.219178082192,0,1,0,0,0,0
3801,23.85,18134.450682703027,-659.6383232550305,5.0,8.04,3.0,-15732.374009632478,15732.374009632478,3138.0483456800653,15.0,116.83198947648592,14308.219178082192,0,1,0,0,0,0
3802,17.93,22039.509556372806,-659.6383232550305,5.0,8.04,3.0,-11827.315135962697,11827.315135962697,3138.0483456800653,15.0,116.83198947648592,14308.219178082192,0,1,0,0,0,0
3803,12.67,25509.20713669427,-659.6383232550305,5.0,8.04,3.0,-8357.617555641236,8357.617555641236,3138.0483456800653,15.0,116.83198947648592,14308.219178082192,0,1,0,0,0,0
3804,27.99,15403.5480244272,-659.6383232550305,5.0,8.04,3.0,-18463.276667908303,18463.276667908303,3138.0483456800653,15.0,116.83198947648592,14308.219178082192,0,1,0,0,0,0
3805,31.07,13371.861988801706,-659.6383232550305,5.0,8.04,3.0,-20494.962703533798,20494.962703533798,3138.0483456800653,15.0,116.83198947648592,14308.219178082192,0,1,0,0,0,0
3806,29.89,14150.235210242641,-659.6383232550305,5.0,8.04,3.0,-19716.589482092862,19716.589482092862,3138.0483456800653,15.0,116.83198947648592,14308.219178082192,0,1,0,0,0,0
3807,29.43,14453.668838939957,-659.6383232550305,5.0,8.04,3.0,-19413.155853395547,19413.155853395547,3138.0483456800653,15.0,116.83198947648592,14308.219178082192,0,1,0,0,0,0
3808,29.46,14433.879689242305,-659.6383232550305,5.0,8.04,3.0,-19432.9450030932,19432.9450030932,3138.0483456800653,15.0,116.83198947648592,14308.219178082192,0,1,0,0,0,0
3809,42.09,6102.647666531269,-659.6383232550305,5.0,8.04,3.0,-27764.177025804238,27764.177025804238,3138.0483456800653,15.0,116.83198947648592,14308.219178082192,0,1,0,0,0,0
3810,50.98,238.46297279405596,-659.6383232550305,5.0,8.04,3.0,-33628.361719541455,33628.361719541455,3138.0483456800653,15.0,116.83198947648592,14308.219178082192,0,1,0,0,0,0
3811,62.18,-1864.1009183940869,650.0,0,8.04,3.0,40417.0,-40417.0,15071.972825128516,0,556.8949724310688,14308.219178082192,1,0,0,0,0,0
3812,70.58,3595.899081605913,650.0,0,8.04,3.0,45877.0,-45877.0,15071.972825128516,0,556.8949724310688,14308.219178082192,1,0,0,0,0,0
3813,55.14,-2505.632451946883,-659.6383232550305,5.0,8.04,3.0,-36372.45714428238,36372.45714428238,3138.0483456800653,15.0,116.83198947648592,14308.219178082192,0,1,0,0,0,0
3814,42.74,5673.8827564155,-659.6383232550305,5.0,8.04,3.0,-28192.941935920004,28192.941935920004,3138.0483456800653,15.0,116.83198947648592,14308.219178082192,0,1,0,0,0,0
3815,28.35,15166.078228055387,-659.6383232550305,5.0,8.04,3.0,-18700.746464280117,18700.746464280117,3138.0483456800653,15.0,116.83198947648592,14308.219178082192,0,1,0,0,0,0
3816,27.55,15693.788886659415,-659.6383232550305,5.0,8.04,3.0,-18173.035805676092,18173.035805676092,3138.0483456800653,15.0,116.83198947648592,14308.219178082192,0,1,0,0,0,0
3817,26.86,16148.939329705383,-659.6383232550305,5.0,8.04,3.0,-17717.88536263012,17717.88536263012,3138.0483456800653,15.0,116.83198947648592,14308.219178082192,0,1,0,0,0,0
3818,32.1,12692.434515849021,-659.6383232550305,5.0,8.04,3.0,-21174.390176486482,21174.390176486482,3138.0483456800653,15.0,116.83198947648592,14308.219178082192,0,1,0,0,0,0
3819,25.96,16742.61382063491,-659.6383232550305,5.0,8.04,3.0,-17124.210871700594,17124.210871700594,3138.0483456800653,15.0,116.83198947648592,14308.219178082192,0,1,0,0,0,0
3820,33.04,12072.374491989296,-659.6383232550305,5.0,8.04,3.0,-21794.450200346208,21794.450200346208,3138.0483456800653,15.0,116.83198947648592,14308.219178082192,0,1,0,0,0,0
3821,95.46,19767.8990816059,650.0,0,8.04,3.0,62048.99999999999,-62048.99999999999,15071.972825128516,0,556.8949724310688,14308.219178082192,1,0,0,0,0,0
3822,63.76,-837.100918394087,650.0,0,8.04,3.0,41444.0,-41444.0,15071.972825128516,0,556.8949724310688,14308.219178082192,1,0,0,0,0,0
3823,76.45,7411.399081605917,650.0,0,8.04,3.0,49692.5,-49692.5,15071.972825128516,0,556.8949724310688,14308.219178082192,1,0,0,0,0,0
3824,89.36,15802.899081605916,650.0,0,8.04,3.0,58084.0,-58084.0,15071.972825128516,0,556.8949724310688,14308.219178082192,1,0,0,0,0,0
3825,98.0,21418.899081605916,650.0,0,8.04,3.0,63700.0,-63700.0,15071.972825128516,0,556.8949724310688,14308.219178082192,1,0,0,0,0,0
3826,79.89,9647.399081605916,650.0,0,8.04,3.0,51928.5,-51928.5,15071.972825128516,0,556.8949724310688,14308.219178082192,1,0,0,0,0,0
3827,83.91,12260.399081605916,650.0,0,8.04,3.0,54541.5,-54541.5,15071.972825128516,0,556.8949724310688,14308.219178082192,1,0,0,0,0,0
3828,92.65,17941.399081605916,650.0,0,8.04,3.0,60222.50000000001,-60222.50000000001,15071.972825128516,0,556.8949724310688,14308.219178082192,1,0,0,0,0,0
3829,87.83,14808.399081605916,650.0,0,8.04,3.0,57089.5,-57089.5,15071.972825128516,0,556.8949724310688,14308.219178082192,1,0,0,0,0,0
3830,98.13,21503.399081605916,650.0,0,8.04,3.0,63784.5,-63784.5,15071.972825128516,0,556.8949724310688,14308.219178082192,1,0,0,0,0,0
3831,117.71,34230.39908160592,650.0,0,8.04,3.0,76511.5,-76511.5,15071.972825128516,0,556.8949724310688,14308.219178082192,1,0,0,0,0,0
3832,83.54,12019.899081605916,650.0,0,8.04,3.0,54301.00000000001,-54301.00000000001,15071.972825128516,0,556.8949724310688,14308.219178082192,1,0,0,0,0,0
3833,75.75,6956.399081605917,650.0,0,8.04,3.0,49237.5,-49237.5,15071.972825128516,0,556.8949724310688,14308.219178082192,1,0,0,0,0,0
3834,73.91,5760.399081605917,650.0,0,8.04,3.0,48041.5,-48041.5,15071.972825128516,0,556.8949724310688,14308.219178082192,1,0,0,0,0,0
3835,64.3,-486.100918394087,650.0,0,8.04,3.0,41795.0,-41795.0,15071.972825128516,0,556.8949724310688,14308.219178082192,1,0,0,0,0,0
3836,71.76,4362.899081605913,650.0,0,8.04,3.0,46644.0,-46644.0,15071.972825128516,0,556.8949724310688,14308.219178082192,1,0,0,0,0,0
3837,70.77,3719.399081605913,650.0,0,8.04,3.0,46000.5,-46000.5,15071.972825128516,0,556.8949724310688,14308.219178082192,1,0,0,0,0,0
3838,64.64,-265.100918394087,650.0,0,8.04,3.0,42016.0,-42016.0,15071.972825128516,0,556.8949724310688,14308.219178082192,1,0,0,0,0,0
3839,62.86,-1422.1009183940869,650.0,0,8.04,3.0,40859.0,-40859.0,15071.972825128516,0,556.8949724310688,14308.219178082192,1,0,0,0,0,0
3840,47.16,2758.281367628268,-659.6383232550305,5.0,8.04,3.0,-31108.543324707236,31108.543324707236,3138.0483456800653,15.0,116.83198947648592,14308.219178082192,0,1,0,0,0,0
3841,30.09,14018.307545591637,-659.6383232550305,5.0,8.04,3.0,-19848.517146743867,19848.517146743867,3138.0483456800653,15.0,116.83198947648592,14308.219178082192,0,1,0,0,0,0
3842,28.06,15357.37334179935,-659.6383232550305,5.0,8.04,3.0,-18509.451350536154,18509.451350536154,3138.0483456800653,15.0,116.83198947648592,14308.219178082192,0,1,0,0,0,0
3843,23.18,18576.408359283898,-659.6383232550305,5.0,8.04,3.0,-15290.416333051608,15290.416333051608,3138.0483456800653,15.0,116.83198947648592,14308.219178082192,0,1,0,0,0,0
3844,23.79,18174.02898209833,-659.6383232550305,5.0,8.04,3.0,-15692.795710237175,15692.795710237175,3138.0483456800653,15.0,116.83198947648592,14308.219178082192,0,1,0,0,0,0
3845,27.91,15456.319090287601,-659.6383232550305,5.0,8.04,3.0,-18410.505602047902,18410.505602047902,3138.0483456800653,15.0,116.83198947648592,14308.219178082192,0,1,0,0,0,0
3846,32.94,12138.338324314802,-659.6383232550305,5.0,8.04,3.0,-21728.486368020705,21728.486368020705,3138.0483456800653,15.0,116.83198947648592,14308.219178082192,0,1,0,0,0,0
3847,52.42,-711.4162126931983,-659.6383232550305,5.0,8.04,3.0,-34578.2409050287,34578.2409050287,3138.0483456800653,15.0,116.83198947648592,14308.219178082192,0,1,0,0,0,0
3848,64.59,-297.600918394087,650.0,0,8.04,3.0,41983.5,-41983.5,15071.972825128516,0,556.8949724310688,14308.219178082192,1,0,0,0,0,0
3849,55.53,-2762.891398016341,-659.6383232550305,5.0,8.04,3.0,-36629.716090351845,36629.716090351845,3138.0483456800653,15.0,116.83198947648592,14308.219178082192,0,1,0,0,0,0
3850,66.87,1184.3990816059131,650.0,0,8.04,3.0,43465.5,-43465.5,15071.972825128516,0,556.8949724310688,14308.219178082192,1,0,0,0,0,0
3851,68.54,2269.8990816059204,650.0,0,8.04,3.0,44551.00000000001,-44551.00000000001,15071.972825128516,0,556.8949724310688,14308.219178082192,1,0,0,0,0,0
3852,73.02,5181.899081605917,650.0,0,8.04,3.0,47463.0,-47463.0,15071.972825128516,0,556.8949724310688,14308.219178082192,1,0,0,0,0,0
3853,70.83,3758.399081605913,650.0,0,8.04,3.0,46039.5,-46039.5,15071.972825128516,0,556.8949724310688,14308.219178082192,1,0,0,0,0,0
3854,71.05,3901.399081605913,650.0,0,8.04,3.0,46182.5,-46182.5,15071.972825128516,0,556.8949724310688,14308.219178082192,1,0,0,0,0,0
3855,69.83,3108.399081605913,650.0,0,8.04,3.0,45389.5,-45389.5,15071.972825128516,0,556.8949724310688,14308.219178082192,1,0,0,0,0,0
3856,68.74,2399.899081605913,650.0,0,8.04,3.0,44681.0,-44681.0,15071.972825128516,0,556.8949724310688,14308.219178082192,1,0,0,0,0,0
3857,66.56,982.899081605913,650.0,0,8.04,3.0,43264.0,-43264.0,15071.972825128516,0,556.8949724310688,14308.219178082192,1,0,0,0,0,0
3858,61.26,-2462.100918394087,650.0,0,8.04,3.0,39819.0,-39819.0,15071.972825128516,0,556.8949724310688,14308.219178082192,1,0,0,0,0,0
3859,55.24,-2571.5962842723816,-659.6383232550305,5.0,8.04,3.0,-36438.420976607886,36438.420976607886,3138.0483456800653,15.0,116.83198947648592,14308.219178082192,0,1,0,0,0,0
3860,50.04,858.5229966537813,-659.6383232550305,5.0,8.04,3.0,-33008.30169568172,33008.30169568172,3138.0483456800653,15.0,116.83198947648592,14308.219178082192,0,1,0,0,0,0
3861,43.74,5014.244433160471,-659.6383232550305,5.0,8.04,3.0,-28852.580259175036,28852.580259175036,3138.0483456800653,15.0,116.83198947648592,14308.219178082192,0,1,0,0,0,0
3862,29.97,14097.46414438224,-659.6383232550305,5.0,8.04,3.0,-19769.360547953263,19769.360547953263,3138.0483456800653,15.0,116.83198947648592,14308.219178082192,0,1,0,0,0,0
3863,21.46,19710.98627528255,-659.6383232550305,5.0,8.04,3.0,-14155.838417052955,14155.838417052955,3138.0483456800653,15.0,116.83198947648592,14308.219178082192,0,1,0,0,0,0
3864,14.8,24104.177508161054,-659.6383232550305,5.0,8.04,3.0,-9762.647184174451,9762.647184174451,3138.0483456800653,15.0,116.83198947648592,14308.219178082192,0,1,0,0,0,0
3865,-1.03,34546.252165288184,-659.6383232550305,5.0,8.04,3.0,679.4274729526815,-679.4274729526815,3138.0483456800653,15.0,116.83198947648592,14308.219178082192,0,1,0,0,0,0
3866,-3.48,36162.36605726301,-659.6383232550305,5.0,8.04,3.0,2295.541364927506,-2295.541364927506,3138.0483456800653,15.0,116.83198947648592,14308.219178082192,0,1,0,0,0,0
3867,7.68,28800.80236973687,-659.6383232550305,5.0,8.04,3.0,-5066.022322598634,5066.022322598634,3138.0483456800653,15.0,116.83198947648592,14308.219178082192,0,1,0,0,0,0
3868,8.78,28075.200214156335,-659.6383232550305,5.0,8.04,3.0,-5791.624478179167,5791.624478179167,3138.0483456800653,15.0,116.83198947648592,14308.219178082192,0,1,0,0,0,0
3869,20.74,20185.92586802617,-659.6383232550305,5.0,8.04,3.0,-13680.898824309332,13680.898824309332,3138.0483456800653,15.0,116.83198947648592,14308.219178082192,0,1,0,0,0,0
3870,18.99,21340.292933722478,-659.6383232550305,5.0,8.04,3.0,-12526.531758613028,12526.531758613028,3138.0483456800653,15.0,116.83198947648592,14308.219178082192,0,1,0,0,0,0
3871,20.11,20601.498011676842,-659.6383232550305,5.0,8.04,3.0,-13265.326680658663,13265.326680658663,3138.0483456800653,15.0,116.83198947648592,14308.219178082192,0,1,0,0,0,0
3872,25.3,17177.97511398323,-659.6383232550305,5.0,8.04,3.0,-16688.849578352274,16688.849578352274,3138.0483456800653,15.0,116.83198947648592,14308.219178082192,0,1,0,0,0,0
3873,28.47,15086.921629264787,-659.6383232550305,5.0,8.04,3.0,-18779.903063070717,18779.903063070717,3138.0483456800653,15.0,116.83198947648592,14308.219178082192,0,1,0,0,0,0
3874,53.01,-1100.6028234136606,-659.6383232550305,5.0,8.04,3.0,-34967.427515749165,34967.427515749165,3138.0483456800653,15.0,116.83198947648592,14308.219178082192,0,1,0,0,0,0
3875,68.53,2263.399081605913,650.0,0,8.04,3.0,44544.5,-44544.5,15071.972825128516,0,556.8949724310688,14308.219178082192,1,0,0,0,0,0
3876,76.81,7645.399081605917,650.0,0,8.04,3.0,49926.5,-49926.5,15071.972825128516,0,556.8949724310688,14308.219178082192,1,0,0,0,0,0
3877,87.68,14710.899081605916,650.0,0,8.04,3.0,56992.00000000001,-56992.00000000001,15071.972825128516,0,556.8949724310688,14308.219178082192,1,0,0,0,0,0
3878,91.83,17408.399081605916,650.0,0,8.04,3.0,59689.5,-59689.5,15071.972825128516,0,556.8949724310688,14308.219178082192,1,0,0,0,0,0
3879,114.63,32228.39908160592,650.0,0,8.04,3.0,74509.5,-74509.5,15071.972825128516,0,556.8949724310688,14308.219178082192,1,0,0,0,0,0
3880,90.27,16394.399081605916,650.0,0,8.04,3.0,58675.5,-58675.5,15071.972825128516,0,556.8949724310688,14308.219178082192,1,0,0,0,0,0
3881,92.58,17895.899081605916,650.0,0,8.04,3.0,60177.0,-60177.0,15071.972825128516,0,556.8949724310688,14308.219178082192,1,0,0,0,0,0
3882,87.69,14717.399081605916,650.0,0,8.04,3.0,56998.5,-56998.5,15071.972825128516,0,556.8949724310688,14308.219178082192,1,0,0,0,0,0
3883,89.24,15724.899081605916,650.0,0,8.04,3.0,58006.0,-58006.0,15071.972825128516,0,556.8949724310688,14308.219178082192,1,0,0,0,0,0
3884,82.09,11077.399081605916,650.0,0,8.04,3.0,53358.5,-53358.5,15071.972825128516,0,556.8949724310688,14308.219178082192,1,0,0,0,0,0
3885,78.08,8470.899081605916,650.0,0,8.04,3.0,50752.0,-50752.0,15071.972825128516,0,556.8949724310688,14308.219178082192,1,0,0,0,0,0
3886,62.78,-1474.1009183940869,650.0,0,8.04,3.0,40807.0,-40807.0,15071.972825128516,0,556.8949724310688,14308.219178082192,1,0,0,0,0,0
3887,68.75,2406.399081605913,650.0,0,8.04,3.0,44687.5,-44687.5,15071.972825128516,0,556.8949724310688,14308.219178082192,1,0,0,0,0,0
3888,30.69,13622.524551638613,-659.6383232550305,5.0,8.04,3.0,-20244.300140696887,20244.300140696887,3138.0483456800653,15.0,116.83198947648592,14308.219178082192,0,1,0,0,0,0
3889,27.13,15970.836982426525,-659.6383232550305,5.0,8.04,3.0,-17895.987709908975,17895.987709908975,3138.0483456800653,15.0,116.83198947648592,14308.219178082192,0,1,0,0,0,0
3890,25.25,17210.957030145983,-659.6383232550305,5.0,8.04,3.0,-16655.86766218952,16655.86766218952,3138.0483456800653,15.0,116.83198947648592,14308.219178082192,0,1,0,0,0,0
3891,25.49,17052.64383256478,-659.6383232550305,5.0,8.04,3.0,-16814.180859770728,16814.180859770728,3138.0483456800653,15.0,116.83198947648592,14308.219178082192,0,1,0,0,0,0
3892,20.9,20080.383736305368,-659.6383232550305,5.0,8.04,3.0,-13786.440956030137,13786.440956030137,3138.0483456800653,15.0,116.83198947648592,14308.219178082192,0,1,0,0,0,0
3893,11.39,26353.544190460707,-659.6383232550305,5.0,8.04,3.0,-7513.280501874798,7513.280501874798,3138.0483456800653,15.0,116.83198947648592,14308.219178082192,0,1,0,0,0,0
3894,10.36,27032.971663413387,-659.6383232550305,5.0,8.04,3.0,-6833.853028922115,6833.853028922115,3138.0483456800653,15.0,116.83198947648592,14308.219178082192,0,1,0,0,0,0
3895,42.76,5660.689989950399,-659.6383232550305,5.0,8.04,3.0,-28206.134702385105,28206.134702385105,3138.0483456800653,15.0,116.83198947648592,14308.219178082192,0,1,0,0,0,0
3896,39.58,7758.339857901399,-659.6383232550305,5.0,8.04,3.0,-26108.484834434108,26108.484834434108,3138.0483456800653,15.0,116.83198947648592,14308.219178082192,0,1,0,0,0,0
3897,28.34,15172.674611287941,-659.6383232550305,5.0,8.04,3.0,-18694.150081047566,18694.150081047566,3138.0483456800653,15.0,116.83198947648592,14308.219178082192,0,1,0,0,0,0
3898,37.13,9374.453749876222,-659.6383232550305,5.0,8.04,3.0,-24492.370942459285,24492.370942459285,3138.0483456800653,15.0,116.83198947648592,14308.219178082192,0,1,0,0,0,0
3899,54.72,-2228.5843561797587,-659.6383232550305,5.0,8.04,3.0,-36095.40904851527,36095.40904851527,3138.0483456800653,15.0,116.83198947648592,14308.219178082192,0,1,0,0,0,0
3900,66.82,1151.8990816059058,650.0,0,8.04,3.0,43432.99999999999,-43432.99999999999,15071.972825128516,0,556.8949724310688,14308.219178082192,1,0,0,0,0,0
3901,85.96,13592.899081605901,650.0,0,8.04,3.0,55873.99999999999,-55873.99999999999,15071.972825128516,0,556.8949724310688,14308.219178082192,1,0,0,0,0,0
3902,64.21,-544.6009183940943,650.0,0,8.04,3.0,41736.49999999999,-41736.49999999999,15071.972825128516,0,556.8949724310688,14308.219178082192,1,0,0,0,0,0
3903,71.9,4453.89908160592,650.0,0,8.04,3.0,46735.00000000001,-46735.00000000001,15071.972825128516,0,556.8949724310688,14308.219178082192,1,0,0,0,0,0
3904,143.51,51000.39908160592,650.0,0,8.04,3.0,93281.5,-93281.5,15071.972825128516,0,556.8949724310688,14308.219178082192,1,0,0,0,0,0
3905,234.66,110247.89908160592,650.0,0,8.04,3.0,152529.0,-152529.0,15071.972825128516,0,556.8949724310688,14308.219178082192,1,0,0,0,0,0
3906,125.32,39176.89908160592,650.0,0,8.04,3.0,81458.0,-81458.0,15071.972825128516,0,556.8949724310688,14308.219178082192,1,0,0,0,0,0
3907,94.52,19156.899081605916,650.0,0,8.04,3.0,61438.0,-61438.0,15071.972825128516,0,556.8949724310688,14308.219178082192,1,0,0,0,0,0
3908,67.99,1912.3990816059131,650.0,0,8.04,3.0,44193.5,-44193.5,15071.972825128516,0,556.8949724310688,14308.219178082192,1,0,0,0,0,0
3909,33.75,11604.031282478223,-659.6383232550305,5.0,8.04,3.0,-22262.79340985728,22262.79340985728,3138.0483456800653,15.0,116.83198947648592,14308.219178082192,0,1,0,0,0,0
3910,26.05,16683.246371541958,-659.6383232550305,5.0,8.04,3.0,-17183.578320793546,17183.578320793546,3138.0483456800653,15.0,116.83198947648592,14308.219178082192,0,1,0,0,0,0
3911,13.67,24849.568813439237,-659.6383232550305,5.0,8.04,3.0,-9017.255878896267,9017.255878896267,3138.0483456800653,15.0,116.83198947648592,14308.219178082192,0,1,0,0,0,0
3912,7.91,28649.085555388214,-659.6383232550305,5.0,8.04,3.0,-5217.739136947292,5217.739136947292,3138.0483456800653,15.0,116.83198947648592,14308.219178082192,0,1,0,0,0,0
3913,3.51,31551.494177710345,-659.6383232550305,5.0,8.04,3.0,-2315.330514625157,2315.330514625157,3138.0483456800653,15.0,116.83198947648592,14308.219178082192,0,1,0,0,0,0
3914,8.07,28543.54342366741,-659.6383232550305,5.0,8.04,3.0,-5323.281268668096,5323.281268668096,3138.0483456800653,15.0,116.83198947648592,14308.219178082192,0,1,0,0,0,0
3915,11.0,26610.80313653017,-659.6383232550305,5.0,8.04,3.0,-7256.021555805336,7256.021555805336,3138.0483456800653,15.0,116.83198947648592,14308.219178082192,0,1,0,0,0,0
3916,-5.36,37402.48610498247,-659.6383232550305,5.0,8.04,3.0,3535.661412646964,-3535.661412646964,3138.0483456800653,15.0,116.83198947648592,14308.219178082192,0,1,0,0,0,0
3917,-3.92,36452.60691949522,-659.6383232550305,5.0,8.04,3.0,2585.7822271597197,-2585.7822271597197,3138.0483456800653,15.0,116.83198947648592,14308.219178082192,0,1,0,0,0,0
3918,40.96,6848.038971809456,-659.6383232550305,5.0,8.04,3.0,-27018.78572052605,27018.78572052605,3138.0483456800653,15.0,116.83198947648592,14308.219178082192,0,1,0,0,0,0
3919,105.02,25981.899081605916,650.0,0,8.04,3.0,68263.0,-68263.0,15071.972825128516,0,556.8949724310688,14308.219178082192,1,0,0,0,0,0
3920,229.43,106848.39908160592,650.0,0,8.04,3.0,149129.5,-149129.5,15071.972825128516,0,556.8949724310688,14308.219178082192,1,0,0,0,0,0
3921,73.35,5396.399081605902,650.0,0,8.04,3.0,47677.49999999999,-47677.49999999999,15071.972825128516,0,556.8949724310688,14308.219178082192,1,0,0,0,0,0
3922,87.51,14600.399081605916,650.0,0,8.04,3.0,56881.5,-56881.5,15071.972825128516,0,556.8949724310688,14308.219178082192,1,0,0,0,0,0
3923,88.14,15009.899081605916,650.0,0,8.04,3.0,57291.0,-57291.0,15071.972825128516,0,556.8949724310688,14308.219178082192,1,0,0,0,0,0
3924,66.61,1015.399081605913,650.0,0,8.04,3.0,43296.5,-43296.5,15071.972825128516,0,556.8949724310688,14308.219178082192,1,0,0,0,0,0
3925,19.58,20951.106323002008,-659.6383232550305,5.0,8.04,3.0,-12915.718369333496,12915.718369333496,3138.0483456800653,15.0,116.83198947648592,14308.219178082192,0,1,0,0,0,0
3926,41.59,6432.466828158784,-659.6383232550305,5.0,8.04,3.0,-27434.35786417672,27434.35786417672,3138.0483456800653,15.0,116.83198947648592,14308.219178082192,0,1,0,0,0,0
3927,82.03,11038.399081605916,650.0,0,8.04,3.0,53319.5,-53319.5,15071.972825128516,0,556.8949724310688,14308.219178082192,1,0,0,0,0,0
3928,81.05,10401.399081605916,650.0,0,8.04,3.0,52682.5,-52682.5,15071.972825128516,0,556.8949724310688,14308.219178082192,1,0,0,0,0,0
3929,83.87,12234.399081605916,650.0,0,8.04,3.0,54515.5,-54515.5,15071.972825128516,0,556.8949724310688,14308.219178082192,1,0,0,0,0,0
3930,73.74,5649.899081605917,650.0,0,8.04,3.0,47931.0,-47931.0,15071.972825128516,0,556.8949724310688,14308.219178082192,1,0,0,0,0,0
3931,61.06,-2592.100918394087,650.0,0,8.04,3.0,39689.0,-39689.0,15071.972825128516,0,556.8949724310688,14308.219178082192,1,0,0,0,0,0
3932,39.99,7487.888145366833,-659.6383232550305,5.0,8.04,3.0,-26378.93654696867,26378.93654696867,3138.0483456800653,15.0,116.83198947648592,14308.219178082192,0,1,0,0,0,0
3933,17.65,22224.20828688422,-659.6383232550305,5.0,8.04,3.0,-11642.616405451288,11642.616405451288,3138.0483456800653,15.0,116.83198947648592,14308.219178082192,0,1,0,0,0,0
3934,15.97,23332.400669952665,-659.6383232550305,5.0,8.04,3.0,-10534.424022382838,10534.424022382838,3138.0483456800653,15.0,116.83198947648592,14308.219178082192,0,1,0,0,0,0
3935,10.0,27270.4414597852,-659.6383232550305,5.0,8.04,3.0,-6596.383232550305,6596.383232550305,3138.0483456800653,15.0,116.83198947648592,14308.219178082192,0,1,0,0,0,0
3936,2.82,32006.644620756317,-659.6383232550305,5.0,8.04,3.0,-1860.180071579186,1860.180071579186,3138.0483456800653,15.0,116.83198947648592,14308.219178082192,0,1,0,0,0,0
3937,7.12,29170.199830759688,-659.6383232550305,5.0,8.04,3.0,-4696.624861575818,4696.624861575818,3138.0483456800653,15.0,116.83198947648592,14308.219178082192,0,1,0,0,0,0
3938,9.37,27686.01360343587,-659.6383232550305,5.0,8.04,3.0,-6180.811088899635,6180.811088899635,3138.0483456800653,15.0,116.83198947648592,14308.219178082192,0,1,0,0,0,0
3939,7.41,28978.90471701573,-659.6383232550305,5.0,8.04,3.0,-4887.919975319776,4887.919975319776,3138.0483456800653,15.0,116.83198947648592,14308.219178082192,0,1,0,0,0,0
3940,7.17,29137.217914596935,-659.6383232550305,5.0,8.04,3.0,-4729.606777738569,4729.606777738569,3138.0483456800653,15.0,116.83198947648592,14308.219178082192,0,1,0,0,0,0
3941,12.54,25594.96011871742,-659.6383232550305,5.0,8.04,3.0,-8271.864573618082,8271.864573618082,3138.0483456800653,15.0,116.83198947648592,14308.219178082192,0,1,0,0,0,0
3942,3.67,31445.952045989543,-659.6383232550305,5.0,8.04,3.0,-2420.872646345962,2420.872646345962,3138.0483456800653,15.0,116.83198947648592,14308.219178082192,0,1,0,0,0,0
3943,21.81,19480.112862143287,-659.6383232550305,5.0,8.04,3.0,-14386.711830192215,14386.711830192215,3138.0483456800653,15.0,116.83198947648592,14308.219178082192,0,1,0,0,0,0
3944,32.99,12105.356408152045,-659.6383232550305,5.0,8.04,3.0,-21761.46828418346,21761.46828418346,3138.0483456800653,15.0,116.83198947648592,14308.219178082192,0,1,0,0,0,0
3945,32.3,12560.506851198017,-659.6383232550305,5.0,8.04,3.0,-21306.317841137483,21306.317841137483,3138.0483456800653,15.0,116.83198947648592,14308.219178082192,0,1,0,0,0,0
3946,29.45,14440.476072474856,-659.6383232550305,5.0,8.04,3.0,-19426.348619860648,19426.348619860648,3138.0483456800653,15.0,116.83198947648592,14308.219178082192,0,1,0,0,0,0
3947,32.77,12250.476839268154,-659.6383232550305,5.0,8.04,3.0,-21616.347853067353,21616.347853067353,3138.0483456800653,15.0,116.83198947648592,14308.219178082192,0,1,0,0,0,0
3948,30.65,13648.910084568823,-659.6383232550305,5.0,8.04,3.0,-20217.914607766685,20217.914607766685,3138.0483456800653,15.0,116.83198947648592,14308.219178082192,0,1,0,0,0,0
3949,31.61,13015.657294243993,-659.6383232550305,5.0,8.04,3.0,-20851.167398091515,20851.167398091515,3138.0483456800653,15.0,116.83198947648592,14308.219178082192,0,1,0,0,0,0
3950,18.63,21577.762730094284,-659.6383232550305,5.0,8.04,3.0,-12289.061962241218,12289.061962241218,3138.0483456800653,15.0,116.83198947648592,14308.219178082192,0,1,0,0,0,0
3951,21.1,19948.45607165436,-659.6383232550305,5.0,8.04,3.0,-13918.368620681145,13918.368620681145,3138.0483456800653,15.0,116.83198947648592,14308.219178082192,0,1,0,0,0,0
3952,31.5,13088.217509802042,-659.6383232550305,5.0,8.04,3.0,-20778.607182533462,20778.607182533462,3138.0483456800653,15.0,116.83198947648592,14308.219178082192,0,1,0,0,0,0
3953,30.45,13780.837749219827,-659.6383232550305,5.0,8.04,3.0,-20085.98694311568,20085.98694311568,3138.0483456800653,15.0,116.83198947648592,14308.219178082192,0,1,0,0,0,0
3954,27.54,15700.385269891965,-659.6383232550305,5.0,8.04,3.0,-18166.43942244354,18166.43942244354,3138.0483456800653,15.0,116.83198947648592,14308.219178082192,0,1,0,0,0,0
3955,35.25,10614.573797595676,-659.6383232550305,5.0,8.04,3.0,-23252.250894739827,23252.250894739827,3138.0483456800653,15.0,116.83198947648592,14308.219178082192,0,1,0,0,0,0
3956,46.28,3338.7630920926936,-659.6383232550305,5.0,8.04,3.0,-30528.061600242814,30528.061600242814,3138.0483456800653,15.0,116.83198947648592,14308.219178082192,0,1,0,0,0,0
3957,35.95,10152.826971317154,-659.6383232550305,5.0,8.04,3.0,-23713.99772101835,23713.99772101835,3138.0483456800653,15.0,116.83198947648592,14308.219178082192,0,1,0,0,0,0
3958,47.55,2501.0224215588028,-659.6383232550305,5.0,8.04,3.0,-31365.802270776698,31365.802270776698,3138.0483456800653,15.0,116.83198947648592,14308.219178082192,0,1,0,0,0,0
3959,13.62,24882.55072960199,-659.6383232550305,5.0,8.04,3.0,-8984.273962733516,8984.273962733516,3138.0483456800653,15.0,116.83198947648592,14308.219178082192,0,1,0,0,0,0
3960,25.6,16980.083617006723,-659.6383232550305,5.0,8.04,3.0,-16886.74107532878,16886.74107532878,3138.0483456800653,15.0,116.83198947648592,14308.219178082192,0,1,0,0,0,0
3961,23.1,18629.1794251443,-659.6383232550305,5.0,8.04,3.0,-15237.645267191207,15237.645267191207,3138.0483456800653,15.0,116.83198947648592,14308.219178082192,0,1,0,0,0,0
3962,26.12,16637.071688914108,-659.6383232550305,5.0,8.04,3.0,-17229.753003421396,17229.753003421396,3138.0483456800653,15.0,116.83198947648592,14308.219178082192,0,1,0,0,0,0
3963,6.34,29684.71772289861,-659.6383232550305,5.0,8.04,3.0,-4182.106969436893,4182.106969436893,3138.0483456800653,15.0,116.83198947648592,14308.219178082192,0,1,0,0,0,0
3964,5.93,29955.169435433174,-659.6383232550305,5.0,8.04,3.0,-3911.6552569023306,3911.6552569023306,3138.0483456800653,15.0,116.83198947648592,14308.219178082192,0,1,0,0,0,0
3965,6.92,29302.127495410692,-659.6383232550305,5.0,8.04,3.0,-4564.697196924811,4564.697196924811,3138.0483456800653,15.0,116.83198947648592,14308.219178082192,0,1,0,0,0,0
3966,9.22,27784.959351924124,-659.6383232550305,5.0,8.04,3.0,-6081.865340411382,6081.865340411382,3138.0483456800653,15.0,116.83198947648592,14308.219178082192,0,1,0,0,0,0
3967,25.98,16729.421054169812,-659.6383232550305,5.0,8.04,3.0,-17137.40363816569,17137.40363816569,3138.0483456800653,15.0,116.83198947648592,14308.219178082192,0,1,0,0,0,0
3968,41.24,6663.340241298043,-659.6383232550305,5.0,8.04,3.0,-27203.48445103746,27203.48445103746,3138.0483456800653,15.0,116.83198947648592,14308.219178082192,0,1,0,0,0,0
3969,21.0,20014.419903979862,-659.6383232550305,5.0,8.04,3.0,-13852.404788355641,13852.404788355641,3138.0483456800653,15.0,116.83198947648592,14308.219178082192,0,1,0,0,0,0
3970,24.4,17771.64960491276,-659.6383232550305,5.0,8.04,3.0,-16095.175087422744,16095.175087422744,3138.0483456800653,15.0,116.83198947648592,14308.219178082192,0,1,0,0,0,0
3971,21.18,19895.68500579396,-659.6383232550305,5.0,8.04,3.0,-13971.139686541546,13971.139686541546,3138.0483456800653,15.0,116.83198947648592,14308.219178082192,0,1,0,0,0,0
3972,28.17,15284.813126241294,-659.6383232550305,5.0,8.04,3.0,-18582.01156609421,18582.01156609421,3138.0483456800653,15.0,116.83198947648592,14308.219178082192,0,1,0,0,0,0
3973,45.21,4044.576097975573,-659.6383232550305,5.0,8.04,3.0,-29822.24859435993,29822.24859435993,3138.0483456800653,15.0,116.83198947648592,14308.219178082192,0,1,0,0,0,0
3974,-13.02,42455.315661116,-659.6383232550305,5.0,8.04,3.0,8588.490968780497,-8588.490968780497,3138.0483456800653,15.0,116.83198947648592,14308.219178082192,0,1,0,0,0,0
3975,-62.28,74949.09946465881,-659.6383232550305,5.0,8.04,3.0,41082.274772323304,-41082.274772323304,3138.0483456800653,15.0,116.83198947648592,14308.219178082192,0,1,0,0,0,0
3976,-40.76,60753.682748210544,-659.6383232550305,5.0,8.04,3.0,26886.858055875044,-26886.858055875044,3138.0483456800653,15.0,116.83198947648592,14308.219178082192,0,1,0,0,0,0
3977,-1.3,34724.35451256704,-659.6383232550305,5.0,8.04,3.0,857.5298202315397,-857.5298202315397,3138.0483456800653,15.0,116.83198947648592,14308.219178082192,0,1,0,0,0,0
3978,20.88,20093.57650277047,-659.6383232550305,5.0,8.04,3.0,-13773.248189565036,13773.248189565036,3138.0483456800653,15.0,116.83198947648592,14308.219178082192,0,1,0,0,0,0
3979,24.85,17474.812359447995,-659.6383232550305,5.0,8.04,3.0,-16392.01233288751,16392.01233288751,3138.0483456800653,15.0,116.83198947648592,14308.219178082192,0,1,0,0,0,0
3980,23.29,18503.848143725845,-659.6383232550305,5.0,8.04,3.0,-15362.97654860966,15362.97654860966,3138.0483456800653,15.0,116.83198947648592,14308.219178082192,0,1,0,0,0,0
3981,9.96,27296.8269927154,-659.6383232550305,5.0,8.04,3.0,-6569.997699620105,6569.997699620105,3138.0483456800653,15.0,116.83198947648592,14308.219178082192,0,1,0,0,0,0
3982,10.07,27224.266777157347,-659.6383232550305,5.0,8.04,3.0,-6642.557915178158,6642.557915178158,3138.0483456800653,15.0,116.83198947648592,14308.219178082192,0,1,0,0,0,0
3983,-47.41,65140.2775978565,-659.6383232550305,5.0,8.04,3.0,31273.452905520993,-31273.452905520993,3138.0483456800653,15.0,116.83198947648592,14308.219178082192,0,1,0,0,0,0
3984,-32.55,55338.05211428675,-659.6383232550305,5.0,8.04,3.0,21471.22742195124,-21471.22742195124,3138.0483456800653,15.0,116.83198947648592,14308.219178082192,0,1,0,0,0,0
3985,-22.15,48477.813552434425,-659.6383232550305,5.0,8.04,3.0,14610.988860098925,-14610.988860098925,3138.0483456800653,15.0,116.83198947648592,14308.219178082192,0,1,0,0,0,0
3986,-14.19,43227.09249932438,-659.6383232550305,5.0,8.04,3.0,9360.267806988883,-9360.267806988883,3138.0483456800653,15.0,116.83198947648592,14308.219178082192,0,1,0,0,0,0
3987,-7.19,38609.62423653917,-659.6383232550305,5.0,8.04,3.0,4742.79954420367,-4742.79954420367,3138.0483456800653,15.0,116.83198947648592,14308.219178082192,0,1,0,0,0,0
3988,-2.59,35575.28794956603,-659.6383232550305,5.0,8.04,3.0,1708.4632572305288,-1708.4632572305288,3138.0483456800653,15.0,116.83198947648592,14308.219178082192,0,1,0,0,0,0
3989,-6.01,37831.251015098234,-659.6383232550305,5.0,8.04,3.0,3964.4263227627334,-3964.4263227627334,3138.0483456800653,15.0,116.83198947648592,14308.219178082192,0,1,0,0,0,0
3990,-18.16,45845.85664264686,-659.6383232550305,5.0,8.04,3.0,11979.031950311355,-11979.031950311355,3138.0483456800653,15.0,116.83198947648592,14308.219178082192,0,1,0,0,0,0
3991,-26.19,51142.75237838476,-659.6383232550305,5.0,8.04,3.0,17275.92768604925,-17275.92768604925,3138.0483456800653,15.0,116.83198947648592,14308.219178082192,0,1,0,0,0,0
3992,-10.25,40628.11750569956,-659.6383232550305,5.0,8.04,3.0,6761.292813364063,-6761.292813364063,3138.0483456800653,15.0,116.83198947648592,14308.219178082192,0,1,0,0,0,0
3993,-9.47,40113.59961356064,-659.6383232550305,5.0,8.04,3.0,6246.774921225139,-6246.774921225139,3138.0483456800653,15.0,116.83198947648592,14308.219178082192,0,1,0,0,0,0
3994,-18.26,45911.82047497236,-659.6383232550305,5.0,8.04,3.0,12044.995782636859,-12044.995782636859,3138.0483456800653,15.0,116.83198947648592,14308.219178082192,0,1,0,0,0,0
3995,-30.21,53794.498437869974,-659.6383232550305,5.0,8.04,3.0,19927.673745534474,-19927.673745534474,3138.0483456800653,15.0,116.83198947648592,14308.219178082192,0,1,0,0,0,0
3996,-43.1,62297.23642462732,-659.6383232550305,5.0,8.04,3.0,28430.411732291817,-28430.411732291817,3138.0483456800653,15.0,116.83198947648592,14308.219178082192,0,1,0,0,0,0
3997,-45.85,64111.24181357866,-659.6383232550305,5.0,8.04,3.0,30244.41712124315,-30244.41712124315,3138.0483456800653,15.0,116.83198947648592,14308.219178082192,0,1,0,0,0,0
3998,-6.88,38405.13635633011,-659.6383232550305,5.0,8.04,3.0,4538.31166399461,-4538.31166399461,3138.0483456800653,15.0,116.83198947648592,14308.219178082192,0,1,0,0,0,0
3999,-3.44,36135.98052433281,-659.6383232550305,5.0,8.04,3.0,2269.155831997305,-2269.155831997305,3138.0483456800653,15.0,116.83198947648592,14308.219178082192,0,1,0,0,0,0
4000,-2.43,35469.74581784523,-659.6383232550305,5.0,8.04,3.0,1602.9211255097243,-1602.9211255097243,3138.0483456800653,15.0,116.83198947648592,14308.219178082192,0,1,0,0,0,0
4001,14.06,24592.309867369775,-659.6383232550305,5.0,8.04,3.0,-9274.514824965729,9274.514824965729,3138.0483456800653,15.0,116.83198947648592,14308.219178082192,0,1,0,0,0,0
4002,21.08,19961.648838119465,-659.6383232550305,5.0,8.04,3.0,-13905.175854216042,13905.175854216042,3138.0483456800653,15.0,116.83198947648592,14308.219178082192,0,1,0,0,0,0
4003,42.27,5983.912768345363,-659.6383232550305,5.0,8.04,3.0,-27882.91192399014,27882.91192399014,3138.0483456800653,15.0,116.83198947648592,14308.219178082192,0,1,0,0,0,0
4004,106.88,27190.899081605916,650.0,0,8.04,3.0,69472.0,-69472.0,15071.972825128516,0,556.8949724310688,14308.219178082192,1,0,0,0,0,0
4005,89.63,15978.399081605916,650.0,0,8.04,3.0,58259.5,-58259.5,15071.972825128516,0,556.8949724310688,14308.219178082192,1,0,0,0,0,0
4006,66.4,878.8990816059203,650.0,0,8.04,3.0,43160.00000000001,-43160.00000000001,15071.972825128516,0,556.8949724310688,14308.219178082192,1,0,0,0,0,0
4007,38.43,8516.923929644683,-659.6383232550305,5.0,8.04,3.0,-25349.900762690824,25349.900762690824,3138.0483456800653,15.0,116.83198947648592,14308.219178082192,0,1,0,0,0,0
4008,41.76,6320.328313205431,-659.6383232550305,5.0,8.04,3.0,-27546.496379130072,27546.496379130072,3138.0483456800653,15.0,116.83198947648592,14308.219178082192,0,1,0,0,0,0
4009,31.58,13035.44644394164,-659.6383232550305,5.0,8.04,3.0,-20831.378248393863,20831.378248393863,3138.0483456800653,15.0,116.83198947648592,14308.219178082192,0,1,0,0,0,0
4010,36.73,9638.309079178234,-659.6383232550305,5.0,8.04,3.0,-24228.51561315727,24228.51561315727,3138.0483456800653,15.0,116.83198947648592,14308.219178082192,0,1,0,0,0,0
4011,26.67,16274.27061112384,-659.6383232550305,5.0,8.04,3.0,-17592.554081211663,17592.554081211663,3138.0483456800653,15.0,116.83198947648592,14308.219178082192,0,1,0,0,0,0
4012,35.9,10185.80888747991,-659.6383232550305,5.0,8.04,3.0,-23681.015804855593,23681.015804855593,3138.0483456800653,15.0,116.83198947648592,14308.219178082192,0,1,0,0,0,0
4013,32.52,12415.386420081912,-659.6383232550305,5.0,8.04,3.0,-21451.438272253596,21451.438272253596,3138.0483456800653,15.0,116.83198947648592,14308.219178082192,0,1,0,0,0,0
4014,25.8,16848.155952355715,-659.6383232550305,5.0,8.04,3.0,-17018.66873997979,17018.66873997979,3138.0483456800653,15.0,116.83198947648592,14308.219178082192,0,1,0,0,0,0
4015,26.92,16109.36103031008,-659.6383232550305,5.0,8.04,3.0,-17757.463662025424,17757.463662025424,3138.0483456800653,15.0,116.83198947648592,14308.219178082192,0,1,0,0,0,0
4016,52.24,-592.6813145072879,-659.6383232550305,5.0,8.04,3.0,-34459.50600684279,34459.50600684279,3138.0483456800653,15.0,116.83198947648592,14308.219178082192,0,1,0,0,0,0
4017,61.2,-2501.100918394087,650.0,0,8.04,3.0,39780.0,-39780.0,15071.972825128516,0,556.8949724310688,14308.219178082192,1,0,0,0,0,0
4018,66.44,904.899081605913,650.0,0,8.04,3.0,43186.0,-43186.0,15071.972825128516,0,556.8949724310688,14308.219178082192,1,0,0,0,0,0
4019,63.15,-1233.6009183940869,650.0,0,8.04,3.0,41047.5,-41047.5,15071.972825128516,0,556.8949724310688,14308.219178082192,1,0,0,0,0,0
4020,63.93,-726.600918394087,650.0,0,8.04,3.0,41554.5,-41554.5,15071.972825128516,0,556.8949724310688,14308.219178082192,1,0,0,0,0,0
4021,57.78,-4247.077625340156,-659.6383232550305,5.0,8.04,3.0,-38113.90231767567,38113.90231767567,3138.0483456800653,15.0,116.83198947648592,14308.219178082192,0,1,0,0,0,0
4022,61.92,-2033.1009183940869,650.0,0,8.04,3.0,40248.0,-40248.0,15071.972825128516,0,556.8949724310688,14308.219178082192,1,0,0,0,0,0
4023,63.03,-1311.6009183940869,650.0,0,8.04,3.0,40969.5,-40969.5,15071.972825128516,0,556.8949724310688,14308.219178082192,1,0,0,0,0,0
4024,68.11,1990.3990816059131,650.0,0,8.04,3.0,44271.5,-44271.5,15071.972825128516,0,556.8949724310688,14308.219178082192,1,0,0,0,0,0
4025,87.22,14411.899081605916,650.0,0,8.04,3.0,56693.0,-56693.0,15071.972825128516,0,556.8949724310688,14308.219178082192,1,0,0,0,0,0
4026,92.39,17772.399081605916,650.0,0,8.04,3.0,60053.5,-60053.5,15071.972825128516,0,556.8949724310688,14308.219178082192,1,0,0,0,0,0
4027,86.3,13813.899081605916,650.0,0,8.04,3.0,56095.0,-56095.0,15071.972825128516,0,556.8949724310688,14308.219178082192,1,0,0,0,0,0
4028,68.15,2016.3990816059204,650.0,0,8.04,3.0,44297.50000000001,-44297.50000000001,15071.972825128516,0,556.8949724310688,14308.219178082192,1,0,0,0,0,0
4029,43.35,5271.503379229929,-659.6383232550305,5.0,8.04,3.0,-28595.321313105575,28595.321313105575,3138.0483456800653,15.0,116.83198947648592,14308.219178082192,0,1,0,0,0,0
4030,31.32,13206.952407987948,-659.6383232550305,5.0,8.04,3.0,-20659.872284347555,20659.872284347555,3138.0483456800653,15.0,116.83198947648592,14308.219178082192,0,1,0,0,0,0
4031,3.57,31511.915878315045,-659.6383232550305,5.0,8.04,3.0,-2354.908814020459,2354.908814020459,3138.0483456800653,15.0,116.83198947648592,14308.219178082192,0,1,0,0,0,0
4032,-1.18,34645.19791377644,-659.6383232550305,5.0,8.04,3.0,778.3732214409359,-778.3732214409359,3138.0483456800653,15.0,116.83198947648592,14308.219178082192,0,1,0,0,0,0
4033,13.54,24935.32179546239,-659.6383232550305,5.0,8.04,3.0,-8931.502896873113,8931.502896873113,3138.0483456800653,15.0,116.83198947648592,14308.219178082192,0,1,0,0,0,0
4034,14.08,24579.117100904674,-659.6383232550305,5.0,8.04,3.0,-9287.70759143083,9287.70759143083,3138.0483456800653,15.0,116.83198947648592,14308.219178082192,0,1,0,0,0,0
4035,13.12,25212.369891229504,-659.6383232550305,5.0,8.04,3.0,-8654.454801106,8654.454801106,3138.0483456800653,15.0,116.83198947648592,14308.219178082192,0,1,0,0,0,0
4036,9.0,27930.07978304023,-659.6383232550305,5.0,8.04,3.0,-5936.744909295275,5936.744909295275,3138.0483456800653,15.0,116.83198947648592,14308.219178082192,0,1,0,0,0,0
4037,8.55,28226.91702850499,-659.6383232550305,5.0,8.04,3.0,-5639.907663830511,5639.907663830511,3138.0483456800653,15.0,116.83198947648592,14308.219178082192,0,1,0,0,0,0
4038,10.23,27118.72464543654,-659.6383232550305,5.0,8.04,3.0,-6748.100046898962,6748.100046898962,3138.0483456800653,15.0,116.83198947648592,14308.219178082192,0,1,0,0,0,0
4039,12.41,25680.713100740577,-659.6383232550305,5.0,8.04,3.0,-8186.1115915949285,8186.1115915949285,3138.0483456800653,15.0,116.83198947648592,14308.219178082192,0,1,0,0,0,0
4040,10.33,27052.76081311104,-659.6383232550305,5.0,8.04,3.0,-6814.063879224465,6814.063879224465,3138.0483456800653,15.0,116.83198947648592,14308.219178082192,0,1,0,0,0,0
4041,6.73,29427.458776829146,-659.6383232550305,5.0,8.04,3.0,-4439.365915506356,4439.365915506356,3138.0483456800653,15.0,116.83198947648592,14308.219178082192,0,1,0,0,0,0
4042,12.22,25806.04438215903,-659.6383232550305,5.0,8.04,3.0,-8060.780310176473,8060.780310176473,3138.0483456800653,15.0,116.83198947648592,14308.219178082192,0,1,0,0,0,0
4043,13.35,25060.653076880844,-659.6383232550305,5.0,8.04,3.0,-8806.171615454658,8806.171615454658,3138.0483456800653,15.0,116.83198947648592,14308.219178082192,0,1,0,0,0,0
4044,10.25,27105.53187897144,-659.6383232550305,5.0,8.04,3.0,-6761.292813364063,6761.292813364063,3138.0483456800653,15.0,116.83198947648592,14308.219178082192,0,1,0,0,0,0
4045,11.26,26439.29717248386,-659.6383232550305,5.0,8.04,3.0,-7427.527519851644,7427.527519851644,3138.0483456800653,15.0,116.83198947648592,14308.219178082192,0,1,0,0,0,0
4046,18.16,21887.79274202415,-659.6383232550305,5.0,8.04,3.0,-11979.031950311355,11979.031950311355,3138.0483456800653,15.0,116.83198947648592,14308.219178082192,0,1,0,0,0,0
4047,19.98,20687.250993699992,-659.6383232550305,5.0,8.04,3.0,-13179.57369863551,13179.57369863551,3138.0483456800653,15.0,116.83198947648592,14308.219178082192,0,1,0,0,0,0
4048,23.74,18207.010898261084,-659.6383232550305,5.0,8.04,3.0,-15659.813794074424,15659.813794074424,3138.0483456800653,15.0,116.83198947648592,14308.219178082192,0,1,0,0,0,0
4049,46.08,3470.690756743698,-659.6383232550305,5.0,8.04,3.0,-30396.133935591806,30396.133935591806,3138.0483456800653,15.0,116.83198947648592,14308.219178082192,0,1,0,0,0,0
4050,29.29,14546.018204195661,-659.6383232550305,5.0,8.04,3.0,-19320.806488139842,19320.806488139842,3138.0483456800653,15.0,116.83198947648592,14308.219178082192,0,1,0,0,0,0
4051,36.6,9724.062061201388,-659.6383232550305,5.0,8.04,3.0,-24142.76263113412,24142.76263113412,3138.0483456800653,15.0,116.83198947648592,14308.219178082192,0,1,0,0,0,0
4052,24.79,17514.3906588433,-659.6383232550305,5.0,8.04,3.0,-16352.434033492205,16352.434033492205,3138.0483456800653,15.0,116.83198947648592,14308.219178082192,0,1,0,0,0,0
4053,21.49,19691.1971255849,-659.6383232550305,5.0,8.04,3.0,-14175.627566750605,14175.627566750605,3138.0483456800653,15.0,116.83198947648592,14308.219178082192,0,1,0,0,0,0
4054,16.37,23068.545340650653,-659.6383232550305,5.0,8.04,3.0,-10798.27935168485,10798.27935168485,3138.0483456800653,15.0,116.83198947648592,14308.219178082192,0,1,0,0,0,0
4055,8.89,28002.639998598283,-659.6383232550305,5.0,8.04,3.0,-5864.184693737222,5864.184693737222,3138.0483456800653,15.0,116.83198947648592,14308.219178082192,0,1,0,0,0,0
4056,-3.12,35924.8962608912,-659.6383232550305,5.0,8.04,3.0,2058.071568555695,-2058.071568555695,3138.0483456800653,15.0,116.83198947648592,14308.219178082192,0,1,0,0,0,0
4057,-1.34,34750.740045497245,-659.6383232550305,5.0,8.04,3.0,883.915353161741,-883.915353161741,3138.0483456800653,15.0,116.83198947648592,14308.219178082192,0,1,0,0,0,0
4058,0.99,33213.782752313025,-659.6383232550305,5.0,8.04,3.0,-653.0419400224802,653.0419400224802,3138.0483456800653,15.0,116.83198947648592,14308.219178082192,0,1,0,0,0,0
4059,-0.25,34031.73427314926,-659.6383232550305,5.0,8.04,3.0,164.90958081375763,-164.90958081375763,3138.0483456800653,15.0,116.83198947648592,14308.219178082192,0,1,0,0,0,0
4060,0.19,33741.49341091705,-659.6383232550305,5.0,8.04,3.0,-125.3312814184558,125.3312814184558,3138.0483456800653,15.0,116.83198947648592,14308.219178082192,0,1,0,0,0,0
4061,2.87,31973.662704593567,-659.6383232550305,5.0,8.04,3.0,-1893.1619877419375,1893.1619877419375,3138.0483456800653,15.0,116.83198947648592,14308.219178082192,0,1,0,0,0,0
4062,-1.68,34975.01707540396,-659.6383232550305,5.0,8.04,3.0,1108.1923830684511,-1108.1923830684511,3138.0483456800653,15.0,116.83198947648592,14308.219178082192,0,1,0,0,0,0
4063,2.09,32488.18059673249,-659.6383232550305,5.0,8.04,3.0,-1378.6440956030137,1378.6440956030137,3138.0483456800653,15.0,116.83198947648592,14308.219178082192,0,1,0,0,0,0
4064,4.97,30588.422225758004,-659.6383232550305,5.0,8.04,3.0,-3278.4024665775014,3278.4024665775014,3138.0483456800653,15.0,116.83198947648592,14308.219178082192,0,1,0,0,0,0
4065,21.32,19803.33564053825,-659.6383232550305,5.0,8.04,3.0,-14063.48905179725,14063.48905179725,3138.0483456800653,15.0,116.83198947648592,14308.219178082192,0,1,0,0,0,0
4066,32.86,12191.109390175203,-659.6383232550305,5.0,8.04,3.0,-21675.7153021603,21675.7153021603,3138.0483456800653,15.0,116.83198947648592,14308.219178082192,0,1,0,0,0,0
4067,25.59,16986.680000239274,-659.6383232550305,5.0,8.04,3.0,-16880.14469209623,16880.14469209623,3138.0483456800653,15.0,116.83198947648592,14308.219178082192,0,1,0,0,0,0
4068,41.19,6696.322157460796,-659.6383232550305,5.0,8.04,3.0,-27170.502534874704,27170.502534874704,3138.0483456800653,15.0,116.83198947648592,14308.219178082192,0,1,0,0,0,0
4069,35.57,10403.489534154069,-659.6383232550305,5.0,8.04,3.0,-23463.335158181435,23463.335158181435,3138.0483456800653,15.0,116.83198947648592,14308.219178082192,0,1,0,0,0,0
4070,46.21,3384.937774720544,-659.6383232550305,5.0,8.04,3.0,-30481.88691761496,30481.88691761496,3138.0483456800653,15.0,116.83198947648592,14308.219178082192,0,1,0,0,0,0
4071,53.12,-1173.163038971717,-659.6383232550305,5.0,8.04,3.0,-35039.98773130722,35039.98773130722,3138.0483456800653,15.0,116.83198947648592,14308.219178082192,0,1,0,0,0,0
4072,114.32,32026.899081605916,650.0,0,8.04,3.0,74308.0,-74308.0,15071.972825128516,0,556.8949724310688,14308.219178082192,1,0,0,0,0,0
4073,173.92,70766.89908160591,650.0,0,8.04,3.0,113047.99999999999,-113047.99999999999,15071.972825128516,0,556.8949724310688,14308.219178082192,1,0,0,0,0,0
4074,157.97,60399.39908160592,650.0,0,8.04,3.0,102680.5,-102680.5,15071.972825128516,0,556.8949724310688,14308.219178082192,1,0,0,0,0,0
4075,209.46,93867.89908160592,650.0,0,8.04,3.0,136149.0,-136149.0,15071.972825128516,0,556.8949724310688,14308.219178082192,1,0,0,0,0,0
4076,179.39,74322.39908160591,650.0,0,8.04,3.0,116603.49999999999,-116603.49999999999,15071.972825128516,0,556.8949724310688,14308.219178082192,1,0,0,0,0,0
4077,182.5,76343.89908160592,650.0,0,8.04,3.0,118625.0,-118625.0,15071.972825128516,0,556.8949724310688,14308.219178082192,1,0,0,0,0,0
4078,130.81,42745.39908160592,650.0,0,8.04,3.0,85026.5,-85026.5,15071.972825128516,0,556.8949724310688,14308.219178082192,1,0,0,0,0,0
4079,107.09,27327.399081605916,650.0,0,8.04,3.0,69608.5,-69608.5,15071.972825128516,0,556.8949724310688,14308.219178082192,1,0,0,0,0,0
4080,56.36,-3310.3912063180173,-659.6383232550305,5.0,8.04,3.0,-37177.21589865352,37177.21589865352,3138.0483456800653,15.0,116.83198947648592,14308.219178082192,0,1,0,0,0,0
4081,36.91,9519.574180992327,-659.6383232550305,5.0,8.04,3.0,-24347.250511343173,24347.250511343173,3138.0483456800653,15.0,116.83198947648592,14308.219178082192,0,1,0,0,0,0
4082,24.88,17455.023209750347,-659.6383232550305,5.0,8.04,3.0,-16411.801482585157,16411.801482585157,3138.0483456800653,15.0,116.83198947648592,14308.219178082192,0,1,0,0,0,0
4083,23.88,18114.661533005376,-659.6383232550305,5.0,8.04,3.0,-15752.163159330128,15752.163159330128,3138.0483456800653,15.0,116.83198947648592,14308.219178082192,0,1,0,0,0,0
4084,25.69,16920.716167913768,-659.6383232550305,5.0,8.04,3.0,-16946.108524421736,16946.108524421736,3138.0483456800653,15.0,116.83198947648592,14308.219178082192,0,1,0,0,0,0
4085,30.56,13708.277533661774,-659.6383232550305,5.0,8.04,3.0,-20158.547158673733,20158.547158673733,3138.0483456800653,15.0,116.83198947648592,14308.219178082192,0,1,0,0,0,0
4086,50.8,357.19787097995913,-659.6383232550305,5.0,8.04,3.0,-33509.626821355545,33509.626821355545,3138.0483456800653,15.0,116.83198947648592,14308.219178082192,0,1,0,0,0,0
4087,87.79,14782.399081605916,650.0,0,8.04,3.0,57063.50000000001,-57063.50000000001,15071.972825128516,0,556.8949724310688,14308.219178082192,1,0,0,0,0,0
4088,97.85,21321.3990816059,650.0,0,8.04,3.0,63602.49999999999,-63602.49999999999,15071.972825128516,0,556.8949724310688,14308.219178082192,1,0,0,0,0,0
4089,125.8,39488.89908160592,650.0,0,8.04,3.0,81770.0,-81770.0,15071.972825128516,0,556.8949724310688,14308.219178082192,1,0,0,0,0,0
4090,134.61,45215.39908160594,650.0,0,8.04,3.0,87496.50000000001,-87496.50000000001,15071.972825128516,0,556.8949724310688,14308.219178082192,1,0,0,0,0,0
4091,142.02,50031.89908160592,650.0,0,8.04,3.0,92313.0,-92313.0,15071.972825128516,0,556.8949724310688,14308.219178082192,1,0,0,0,0,0
4092,159.17,61179.39908160591,650.0,0,8.04,3.0,103460.49999999999,-103460.49999999999,15071.972825128516,0,556.8949724310688,14308.219178082192,1,0,0,0,0,0
4093,97.36,21002.899081605916,650.0,0,8.04,3.0,63284.0,-63284.0,15071.972825128516,0,556.8949724310688,14308.219178082192,1,0,0,0,0,0
4094,143.35,50896.39908160592,650.0,0,8.04,3.0,93177.5,-93177.5,15071.972825128516,0,556.8949724310688,14308.219178082192,1,0,0,0,0,0
4095,106.7,27073.899081605916,650.0,0,8.04,3.0,69355.0,-69355.0,15071.972825128516,0,556.8949724310688,14308.219178082192,1,0,0,0,0,0
4096,60.69,-2832.600918394087,650.0,0,8.04,3.0,39448.5,-39448.5,15071.972825128516,0,556.8949724310688,14308.219178082192,1,0,0,0,0,0
4097,61.09,-2572.600918394087,650.0,0,8.04,3.0,39708.5,-39708.5,15071.972825128516,0,556.8949724310688,14308.219178082192,1,0,0,0,0,0
4098,137.76,47262.89908160592,650.0,0,8.04,3.0,89544.0,-89544.0,15071.972825128516,0,556.8949724310688,14308.219178082192,1,0,0,0,0,0
4099,189.0,80568.89908160592,650.0,0,8.04,3.0,122850.0,-122850.0,15071.972825128516,0,556.8949724310688,14308.219178082192,1,0,0,0,0,0
4100,139.7,48523.89908160591,650.0,0,8.04,3.0,90804.99999999999,-90804.99999999999,15071.972825128516,0,556.8949724310688,14308.219178082192,1,0,0,0,0,0
4101,86.45,13911.399081605916,650.0,0,8.04,3.0,56192.5,-56192.5,15071.972825128516,0,556.8949724310688,14308.219178082192,1,0,0,0,0,0
4102,33.24,11940.446827338288,-659.6383232550305,5.0,8.04,3.0,-21926.377864997216,21926.377864997216,3138.0483456800653,15.0,116.83198947648592,14308.219178082192,0,1,0,0,0,0
4103,23.58,18312.553029981886,-659.6383232550305,5.0,8.04,3.0,-15554.271662353618,15554.271662353618,3138.0483456800653,15.0,116.83198947648592,14308.219178082192,0,1,0,0,0,0
4104,26.72,16241.288694961091,-659.6383232550305,5.0,8.04,3.0,-17625.535997374416,17625.535997374416,3138.0483456800653,15.0,116.83198947648592,14308.219178082192,0,1,0,0,0,0
4105,22.44,19064.54071849262,-659.6383232550305,5.0,8.04,3.0,-14802.283973842885,14802.283973842885,3138.0483456800653,15.0,116.83198947648592,14308.219178082192,0,1,0,0,0,0
4106,8.59,28200.531495574793,-659.6383232550305,5.0,8.04,3.0,-5666.293196760712,5666.293196760712,3138.0483456800653,15.0,116.83198947648592,14308.219178082192,0,1,0,0,0,0
4107,3.79,31366.79544719894,-659.6383232550305,5.0,8.04,3.0,-2500.029245136566,2500.029245136566,3138.0483456800653,15.0,116.83198947648592,14308.219178082192,0,1,0,0,0,0
4108,17.14,22560.62383174428,-659.6383232550305,5.0,8.04,3.0,-11306.200860591223,11306.200860591223,3138.0483456800653,15.0,116.83198947648592,14308.219178082192,0,1,0,0,0,0
4109,17.21,22514.44914911643,-659.6383232550305,5.0,8.04,3.0,-11352.375543219076,11352.375543219076,3138.0483456800653,15.0,116.83198947648592,14308.219178082192,0,1,0,0,0,0
4110,15.8,23444.539184906018,-659.6383232550305,5.0,8.04,3.0,-10422.285507429482,10422.285507429482,3138.0483456800653,15.0,116.83198947648592,14308.219178082192,0,1,0,0,0,0
4111,26.24,16557.915090123504,-659.6383232550305,5.0,8.04,3.0,-17308.909602212,17308.909602212,3138.0483456800653,15.0,116.83198947648592,14308.219178082192,0,1,0,0,0,0
4112,55.82,-2954.1865117603006,-659.6383232550305,5.0,8.04,3.0,-36821.011204095805,36821.011204095805,3138.0483456800653,15.0,116.83198947648592,14308.219178082192,0,1,0,0,0,0
4113,56.65,-3501.6863200619696,-659.6383232550305,5.0,8.04,3.0,-37368.51101239748,37368.51101239748,3138.0483456800653,15.0,116.83198947648592,14308.219178082192,0,1,0,0,0,0
4114,52.0,-434.36811692608126,-659.6383232550305,5.0,8.04,3.0,-34301.192809261585,34301.192809261585,3138.0483456800653,15.0,116.83198947648592,14308.219178082192,0,1,0,0,0,0
4115,30.33,13859.99434801043,-659.6383232550305,5.0,8.04,3.0,-20006.830344325073,20006.830344325073,3138.0483456800653,15.0,116.83198947648592,14308.219178082192,0,1,0,0,0,0
4116,40.8,6953.581103530261,-659.6383232550305,5.0,8.04,3.0,-26913.243588805242,26913.243588805242,3138.0483456800653,15.0,116.83198947648592,14308.219178082192,0,1,0,0,0,0
4117,51.23,73.55339198029876,-659.6383232550305,5.0,8.04,3.0,-33793.27130035521,33793.27130035521,3138.0483456800653,15.0,116.83198947648592,14308.219178082192,0,1,0,0,0,0
4118,24.02,18022.31216774967,-659.6383232550305,5.0,8.04,3.0,-15844.512524585833,15844.512524585833,3138.0483456800653,15.0,116.83198947648592,14308.219178082192,0,1,0,0,0,0
4119,50.56,515.5110685611585,-659.6383232550305,5.0,8.04,3.0,-33351.313623774346,33351.313623774346,3138.0483456800653,15.0,116.83198947648592,14308.219178082192,0,1,0,0,0,0
4120,28.26,15225.445677148342,-659.6383232550305,5.0,8.04,3.0,-18641.37901518716,18641.37901518716,3138.0483456800653,15.0,116.83198947648592,14308.219178082192,0,1,0,0,0,0
4121,25.97,16736.017437402363,-659.6383232550305,5.0,8.04,3.0,-17130.80725493314,17130.80725493314,3138.0483456800653,15.0,116.83198947648592,14308.219178082192,0,1,0,0,0,0
4122,35.01,10772.88699517689,-659.6383232550305,5.0,8.04,3.0,-23093.937697158617,23093.937697158617,3138.0483456800653,15.0,116.83198947648592,14308.219178082192,0,1,0,0,0,0
4123,42.62,5753.039355206107,-659.6383232550305,5.0,8.04,3.0,-28113.7853371294,28113.7853371294,3138.0483456800653,15.0,116.83198947648592,14308.219178082192,0,1,0,0,0,0
4124,37.49,9136.983953504408,-659.6383232550305,5.0,8.04,3.0,-24729.840738831095,24729.840738831095,3138.0483456800653,15.0,116.83198947648592,14308.219178082192,0,1,0,0,0,0
4125,32.92,12151.5310907799,-659.6383232550305,5.0,8.04,3.0,-21715.293601555604,21715.293601555604,3138.0483456800653,15.0,116.83198947648592,14308.219178082192,0,1,0,0,0,0
4126,26.56,16346.830826681893,-659.6383232550305,5.0,8.04,3.0,-17519.99386565361,17519.99386565361,3138.0483456800653,15.0,116.83198947648592,14308.219178082192,0,1,0,0,0,0
4127,46.02,3510.2690561390013,-659.6383232550305,5.0,8.04,3.0,-30356.555636196506,30356.555636196506,3138.0483456800653,15.0,116.83198947648592,14308.219178082192,0,1,0,0,0,0
4128,25.39,17118.607664890278,-659.6383232550305,5.0,8.04,3.0,-16748.217027445226,16748.217027445226,3138.0483456800653,15.0,116.83198947648592,14308.219178082192,0,1,0,0,0,0
4129,27.57,15680.59612019431,-659.6383232550305,5.0,8.04,3.0,-18186.22857214119,18186.22857214119,3138.0483456800653,15.0,116.83198947648592,14308.219178082192,0,1,0,0,0,0
4130,38.5,8470.749247016833,-659.6383232550305,5.0,8.04,3.0,-25396.075445318675,25396.075445318675,3138.0483456800653,15.0,116.83198947648592,14308.219178082192,0,1,0,0,0,0
4131,34.05,11406.13978550172,-659.6383232550305,5.0,8.04,3.0,-22460.684906833787,22460.684906833787,3138.0483456800653,15.0,116.83198947648592,14308.219178082192,0,1,0,0,0,0
4132,35.9,10185.80888747991,-659.6383232550305,5.0,8.04,3.0,-23681.015804855593,23681.015804855593,3138.0483456800653,15.0,116.83198947648592,14308.219178082192,0,1,0,0,0,0
4133,29.44,14447.072455707403,-659.6383232550305,5.0,8.04,3.0,-19419.7522366281,19419.7522366281,3138.0483456800653,15.0,116.83198947648592,14308.219178082192,0,1,0,0,0,0
4134,26.52,16373.216359612095,-659.6383232550305,5.0,8.04,3.0,-17493.60833272341,17493.60833272341,3138.0483456800653,15.0,116.83198947648592,14308.219178082192,0,1,0,0,0,0
4135,53.16,-1199.548571901912,-659.6383232550305,5.0,8.04,3.0,-35066.37326423742,35066.37326423742,3138.0483456800653,15.0,116.83198947648592,14308.219178082192,0,1,0,0,0,0
4136,63.4,-1071.1009183940869,650.0,0,8.04,3.0,41210.0,-41210.0,15071.972825128516,0,556.8949724310688,14308.219178082192,1,0,0,0,0,0
4137,58.91,-3989.600918394087,650.0,0,8.04,3.0,38291.5,-38291.5,15071.972825128516,0,556.8949724310688,14308.219178082192,1,0,0,0,0,0
4138,54.45,-2050.4820089009077,-659.6383232550305,5.0,8.04,3.0,-35917.30670123641,35917.30670123641,3138.0483456800653,15.0,116.83198947648592,14308.219178082192,0,1,0,0,0,0
4139,48.53,1854.576864768875,-659.6383232550305,5.0,8.04,3.0,-32012.247827566633,32012.247827566633,3138.0483456800653,15.0,116.83198947648592,14308.219178082192,0,1,0,0,0,0
4140,45.32,3972.0158824175237,-659.6383232550305,5.0,8.04,3.0,-29894.808809917984,29894.808809917984,3138.0483456800653,15.0,116.83198947648592,14308.219178082192,0,1,0,0,0,0
4141,51.46,-78.16342236836456,-659.6383232550305,5.0,8.04,3.0,-33944.98811470387,33944.98811470387,3138.0483456800653,15.0,116.83198947648592,14308.219178082192,0,1,0,0,0,0
4142,65.66,397.899081605913,650.0,0,8.04,3.0,42679.0,-42679.0,15071.972825128516,0,556.8949724310688,14308.219178082192,1,0,0,0,0,0
4143,94.04,18844.899081605916,650.0,0,8.04,3.0,61126.00000000001,-61126.00000000001,15071.972825128516,0,556.8949724310688,14308.219178082192,1,0,0,0,0,0
4144,93.07,18214.3990816059,650.0,0,8.04,3.0,60495.49999999999,-60495.49999999999,15071.972825128516,0,556.8949724310688,14308.219178082192,1,0,0,0,0,0
4145,88.15,15016.399081605916,650.0,0,8.04,3.0,57297.50000000001,-57297.50000000001,15071.972825128516,0,556.8949724310688,14308.219178082192,1,0,0,0,0,0
4146,91.61,17265.399081605916,650.0,0,8.04,3.0,59546.5,-59546.5,15071.972825128516,0,556.8949724310688,14308.219178082192,1,0,0,0,0,0
4147,123.67,38104.39908160592,650.0,0,8.04,3.0,80385.5,-80385.5,15071.972825128516,0,556.8949724310688,14308.219178082192,1,0,0,0,0,0
4148,80.41,9985.399081605916,650.0,0,8.04,3.0,52266.5,-52266.5,15071.972825128516,0,556.8949724310688,14308.219178082192,1,0,0,0,0,0
4149,65.54,319.8990816059203,650.0,0,8.04,3.0,42601.00000000001,-42601.00000000001,15071.972825128516,0,556.8949724310688,14308.219178082192,1,0,0,0,0,0
4150,38.87,8226.683067412472,-659.6383232550305,5.0,8.04,3.0,-25640.141624923035,25640.141624923035,3138.0483456800653,15.0,116.83198947648592,14308.219178082192,0,1,0,0,0,0
4151,21.88,19433.938179515437,-659.6383232550305,5.0,8.04,3.0,-14432.886512820067,14432.886512820067,3138.0483456800653,15.0,116.83198947648592,14308.219178082192,0,1,0,0,0,0
4152,1.73,32725.650393104304,-659.6383232550305,5.0,8.04,3.0,-1141.1742992312027,1141.1742992312027,3138.0483456800653,15.0,116.83198947648592,14308.219178082192,0,1,0,0,0,0
4153,9.43,27646.435304040566,-659.6383232550305,5.0,8.04,3.0,-6220.389388294938,6220.389388294938,3138.0483456800653,15.0,116.83198947648592,14308.219178082192,0,1,0,0,0,0
4154,16.74,22824.479161046293,-659.6383232550305,5.0,8.04,3.0,-11042.34553128921,11042.34553128921,3138.0483456800653,15.0,116.83198947648592,14308.219178082192,0,1,0,0,0,0
4155,16.68,22864.057460441596,-659.6383232550305,5.0,8.04,3.0,-11002.76723189391,11002.76723189391,3138.0483456800653,15.0,116.83198947648592,14308.219178082192,0,1,0,0,0,0
4156,22.01,19348.185197492283,-659.6383232550305,5.0,8.04,3.0,-14518.639494843223,14518.639494843223,3138.0483456800653,15.0,116.83198947648592,14308.219178082192,0,1,0,0,0,0
4157,25.0,17375.86661095974,-659.6383232550305,5.0,8.04,3.0,-16490.958081375764,16490.958081375764,3138.0483456800653,15.0,116.83198947648592,14308.219178082192,0,1,0,0,0,0
4158,35.6,10383.700384456417,-659.6383232550305,5.0,8.04,3.0,-23483.124307879087,23483.124307879087,3138.0483456800653,15.0,116.83198947648592,14308.219178082192,0,1,0,0,0,0
4159,49.38,1293.884290002094,-659.6383232550305,5.0,8.04,3.0,-32572.94040233341,32572.94040233341,3138.0483456800653,15.0,116.83198947648592,14308.219178082192,0,1,0,0,0,0
4160,61.63,-2221.600918394087,650.0,0,8.04,3.0,40059.5,-40059.5,15071.972825128516,0,556.8949724310688,14308.219178082192,1,0,0,0,0,0
4161,50.44,594.6676673517727,-659.6383232550305,5.0,8.04,3.0,-33272.15702498374,33272.15702498374,3138.0483456800653,15.0,116.83198947648592,14308.219178082192,0,1,0,0,0,0
4162,34.99,10786.079761641984,-659.6383232550305,5.0,8.04,3.0,-23080.74493069352,23080.74493069352,3138.0483456800653,15.0,116.83198947648592,14308.219178082192,0,1,0,0,0,0
4163,35.46,10476.049749712121,-659.6383232550305,5.0,8.04,3.0,-23390.774942623382,23390.774942623382,3138.0483456800653,15.0,116.83198947648592,14308.219178082192,0,1,0,0,0,0
4164,45.38,3932.4375830222166,-659.6383232550305,5.0,8.04,3.0,-29934.387109313288,29934.387109313288,3138.0483456800653,15.0,116.83198947648592,14308.219178082192,0,1,0,0,0,0
4165,58.69,-4132.600918394087,650.0,0,8.04,3.0,38148.5,-38148.5,15071.972825128516,0,556.8949724310688,14308.219178082192,1,0,0,0,0,0
4166,61.6,-2241.100918394087,650.0,0,8.04,3.0,40040.0,-40040.0,15071.972825128516,0,556.8949724310688,14308.219178082192,1,0,0,0,0,0
4167,55.98,-3059.7286434811026,-659.6383232550305,5.0,8.04,3.0,-36926.55333581661,36926.55333581661,3138.0483456800653,15.0,116.83198947648592,14308.219178082192,0,1,0,0,0,0
4168,74.25,5981.399081605917,650.0,0,8.04,3.0,48262.5,-48262.5,15071.972825128516,0,556.8949724310688,14308.219178082192,1,0,0,0,0,0
4169,89.72,16036.899081605916,650.0,0,8.04,3.0,58318.0,-58318.0,15071.972825128516,0,556.8949724310688,14308.219178082192,1,0,0,0,0,0
4170,80.73,10193.399081605916,650.0,0,8.04,3.0,52474.5,-52474.5,15071.972825128516,0,556.8949724310688,14308.219178082192,1,0,0,0,0,0
4171,86.27,13794.399081605916,650.0,0,8.04,3.0,56075.5,-56075.5,15071.972825128516,0,556.8949724310688,14308.219178082192,1,0,0,0,0,0
4172,84.39,12572.399081605916,650.0,0,8.04,3.0,54853.5,-54853.5,15071.972825128516,0,556.8949724310688,14308.219178082192,1,0,0,0,0,0
4173,60.39,-3027.600918394087,650.0,0,8.04,3.0,39253.5,-39253.5,15071.972825128516,0,556.8949724310688,14308.219178082192,1,0,0,0,0,0
4174,46.88,2942.9800981396734,-659.6383232550305,5.0,8.04,3.0,-30923.84459419583,30923.84459419583,3138.0483456800653,15.0,116.83198947648592,14308.219178082192,0,1,0,0,0,0
4175,29.36,14499.843521567807,-659.6383232550305,5.0,8.04,3.0,-19366.981170767696,19366.981170767696,3138.0483456800653,15.0,116.83198947648592,14308.219178082192,0,1,0,0,0,0
4176,27.53,15706.981653124512,-659.6383232550305,5.0,8.04,3.0,-18159.84303921099,18159.84303921099,3138.0483456800653,15.0,116.83198947648592,14308.219178082192,0,1,0,0,0,0
4177,29.33,14519.632671265459,-659.6383232550305,5.0,8.04,3.0,-19347.192021070045,19347.192021070045,3138.0483456800653,15.0,116.83198947648592,14308.219178082192,0,1,0,0,0,0
4178,27.91,15456.319090287601,-659.6383232550305,5.0,8.04,3.0,-18410.505602047902,18410.505602047902,3138.0483456800653,15.0,116.83198947648592,14308.219178082192,0,1,0,0,0,0
4179,32.99,12105.356408152045,-659.6383232550305,5.0,8.04,3.0,-21761.46828418346,21761.46828418346,3138.0483456800653,15.0,116.83198947648592,14308.219178082192,0,1,0,0,0,0
4180,36.41,9849.393342619845,-659.6383232550305,5.0,8.04,3.0,-24017.431349715658,24017.431349715658,3138.0483456800653,15.0,116.83198947648592,14308.219178082192,0,1,0,0,0,0
4181,38.41,8530.116696109788,-659.6383232550305,5.0,8.04,3.0,-25336.70799622572,25336.70799622572,3138.0483456800653,15.0,116.83198947648592,14308.219178082192,0,1,0,0,0,0
4182,24.57,17659.511089959407,-659.6383232550305,5.0,8.04,3.0,-16207.3136023761,16207.3136023761,3138.0483456800653,15.0,116.83198947648592,14308.219178082192,0,1,0,0,0,0
4183,26.91,16115.957413542634,-659.6383232550305,5.0,8.04,3.0,-17750.86727879287,17750.86727879287,3138.0483456800653,15.0,116.83198947648592,14308.219178082192,0,1,0,0,0,0
4184,44.36,4605.268672742353,-659.6383232550305,5.0,8.04,3.0,-29261.556019593154,29261.556019593154,3138.0483456800653,15.0,116.83198947648592,14308.219178082192,0,1,0,0,0,0
4185,48.12,2125.028577303438,-659.6383232550305,5.0,8.04,3.0,-31741.796115032066,31741.796115032066,3138.0483456800653,15.0,116.83198947648592,14308.219178082192,0,1,0,0,0,0
4186,44.03,4822.949319416512,-659.6383232550305,5.0,8.04,3.0,-29043.875372918996,29043.875372918996,3138.0483456800653,15.0,116.83198947648592,14308.219178082192,0,1,0,0,0,0
4187,46.94,2903.4017987443735,-659.6383232550305,5.0,8.04,3.0,-30963.42289359113,30963.42289359113,3138.0483456800653,15.0,116.83198947648592,14308.219178082192,0,1,0,0,0,0
4188,44.82,4301.835044045038,-659.6383232550305,5.0,8.04,3.0,-29564.98964829047,29564.98964829047,3138.0483456800653,15.0,116.83198947648592,14308.219178082192,0,1,0,0,0,0
4189,60.36,-3047.100918394087,650.0,0,8.04,3.0,39234.0,-39234.0,15071.972825128516,0,556.8949724310688,14308.219178082192,1,0,0,0,0,0
4190,26.4,16452.3729584027,-659.6383232550305,5.0,8.04,3.0,-17414.451733932805,17414.451733932805,3138.0483456800653,15.0,116.83198947648592,14308.219178082192,0,1,0,0,0,0
4191,44.22,4697.618037998054,-659.6383232550305,5.0,8.04,3.0,-29169.20665433745,29169.20665433745,3138.0483456800653,15.0,116.83198947648592,14308.219178082192,0,1,0,0,0,0
4192,53.55,-1456.8075179713774,-659.6383232550305,5.0,8.04,3.0,-35323.63221030688,35323.63221030688,3138.0483456800653,15.0,116.83198947648592,14308.219178082192,0,1,0,0,0,0
4193,48.55,1841.3840983037776,-659.6383232550305,5.0,8.04,3.0,-32025.44059403173,32025.44059403173,3138.0483456800653,15.0,116.83198947648592,14308.219178082192,0,1,0,0,0,0
4194,41.98,6175.207882089322,-659.6383232550305,5.0,8.04,3.0,-27691.616810246178,27691.616810246178,3138.0483456800653,15.0,116.83198947648592,14308.219178082192,0,1,0,0,0,0
4195,47.77,2355.9019904426973,-659.6383232550305,5.0,8.04,3.0,-31510.92270189281,31510.92270189281,3138.0483456800653,15.0,116.83198947648592,14308.219178082192,0,1,0,0,0,0
4196,330.06,172257.89908160592,650.0,0,8.04,3.0,214539.0,-214539.0,15071.972825128516,0,556.8949724310688,14308.219178082192,1,0,0,0,0,0
4197,51.38,-25.392356507967207,-659.6383232550305,5.0,8.04,3.0,-33892.21704884347,33892.21704884347,3138.0483456800653,15.0,116.83198947648592,14308.219178082192,0,1,0,0,0,0
4198,61.55,-2273.600918394087,650.0,0,8.04,3.0,40007.5,-40007.5,15071.972825128516,0,556.8949724310688,14308.219178082192,1,0,0,0,0,0
4199,46.17,3411.3233076507427,-659.6383232550305,5.0,8.04,3.0,-30455.50138468476,30455.50138468476,3138.0483456800653,15.0,116.83198947648592,14308.219178082192,0,1,0,0,0,0
4200,41.86,6254.364480879925,-659.6383232550305,5.0,8.04,3.0,-27612.46021145558,27612.46021145558,3138.0483456800653,15.0,116.83198947648592,14308.219178082192,0,1,0,0,0,0
4201,46.8,2995.751164000078,-659.6383232550305,5.0,8.04,3.0,-30871.073528335426,30871.073528335426,3138.0483456800653,15.0,116.83198947648592,14308.219178082192,0,1,0,0,0,0
4202,37.69,9005.056288853404,-659.6383232550305,5.0,8.04,3.0,-24861.7684034821,24861.7684034821,3138.0483456800653,15.0,116.83198947648592,14308.219178082192,0,1,0,0,0,0
4203,25.89,16788.788503262764,-659.6383232550305,5.0,8.04,3.0,-17078.03618907274,17078.03618907274,3138.0483456800653,15.0,116.83198947648592,14308.219178082192,0,1,0,0,0,0
4204,32.26,12586.89238412822,-659.6383232550305,5.0,8.04,3.0,-21279.932308207284,21279.932308207284,3138.0483456800653,15.0,116.83198947648592,14308.219178082192,0,1,0,0,0,0
4205,33.91,11498.489150757421,-659.6383232550305,5.0,8.04,3.0,-22368.335541578082,22368.335541578082,3138.0483456800653,15.0,116.83198947648592,14308.219178082192,0,1,0,0,0,0
4206,26.09,16656.860838611756,-659.6383232550305,5.0,8.04,3.0,-17209.963853723744,17209.963853723744,3138.0483456800653,15.0,116.83198947648592,14308.219178082192,0,1,0,0,0,0
4207,85.62,13371.899081605916,650.0,0,8.04,3.0,55653.0,-55653.0,15071.972825128516,0,556.8949724310688,14308.219178082192,1,0,0,0,0,0
4208,96.5,20443.899081605916,650.0,0,8.04,3.0,62725.0,-62725.0,15071.972825128516,0,556.8949724310688,14308.219178082192,1,0,0,0,0,0
4209,175.31,71670.39908160592,650.0,0,8.04,3.0,113951.5,-113951.5,15071.972825128516,0,556.8949724310688,14308.219178082192,1,0,0,0,0,0
4210,40.33,7263.611115460128,-659.6383232550305,5.0,8.04,3.0,-26603.21357687538,26603.21357687538,3138.0483456800653,15.0,116.83198947648592,14308.219178082192,0,1,0,0,0,0
4211,41.0,6821.653438879253,-659.6383232550305,5.0,8.04,3.0,-27045.17125345625,27045.17125345625,3138.0483456800653,15.0,116.83198947648592,14308.219178082192,0,1,0,0,0,0
4212,33.68,11650.205965106077,-659.6383232550305,5.0,8.04,3.0,-22216.618727229426,22216.618727229426,3138.0483456800653,15.0,116.83198947648592,14308.219178082192,0,1,0,0,0,0
4213,26.53,16366.619976379545,-659.6383232550305,5.0,8.04,3.0,-17500.20471595596,17500.20471595596,3138.0483456800653,15.0,116.83198947648592,14308.219178082192,0,1,0,0,0,0
4214,22.48,19038.15518556242,-659.6383232550305,5.0,8.04,3.0,-14828.669506773087,14828.669506773087,3138.0483456800653,15.0,116.83198947648592,14308.219178082192,0,1,0,0,0,0
4215,28.75,14902.222898753374,-659.6383232550305,5.0,8.04,3.0,-18964.601793582126,18964.601793582126,3138.0483456800653,15.0,116.83198947648592,14308.219178082192,0,1,0,0,0,0
4216,20.44,20383.81736500268,-659.6383232550305,5.0,8.04,3.0,-13483.007327332825,13483.007327332825,3138.0483456800653,15.0,116.83198947648592,14308.219178082192,0,1,0,0,0,0
4217,24.51,17699.089389354704,-659.6383232550305,5.0,8.04,3.0,-16167.735302980798,16167.735302980798,3138.0483456800653,15.0,116.83198947648592,14308.219178082192,0,1,0,0,0,0
4218,24.66,17600.143640866452,-659.6383232550305,5.0,8.04,3.0,-16266.681051469053,16266.681051469053,3138.0483456800653,15.0,116.83198947648592,14308.219178082192,0,1,0,0,0,0
4219,39.47,7830.900073459452,-659.6383232550305,5.0,8.04,3.0,-26035.924618876055,26035.924618876055,3138.0483456800653,15.0,116.83198947648592,14308.219178082192,0,1,0,0,0,0
4220,19.66,20898.335257141604,-659.6383232550305,5.0,8.04,3.0,-12968.4894351939,12968.4894351939,3138.0483456800653,15.0,116.83198947648592,14308.219178082192,0,1,0,0,0,0
4221,32.71,12290.055138663454,-659.6383232550305,5.0,8.04,3.0,-21576.76955367205,21576.76955367205,3138.0483456800653,15.0,116.83198947648592,14308.219178082192,0,1,0,0,0,0
4222,21.9,19420.745413050336,-659.6383232550305,5.0,8.04,3.0,-14446.079279285168,14446.079279285168,3138.0483456800653,15.0,116.83198947648592,14308.219178082192,0,1,0,0,0,0
4223,15.74,23484.117484301325,-659.6383232550305,5.0,8.04,3.0,-10382.70720803418,10382.70720803418,3138.0483456800653,15.0,116.83198947648592,14308.219178082192,0,1,0,0,0,0
4224,11.2,26478.87547187916,-659.6383232550305,5.0,8.04,3.0,-7387.949220456341,7387.949220456341,3138.0483456800653,15.0,116.83198947648592,14308.219178082192,0,1,0,0,0,0
4225,12.1,25885.200980949634,-659.6383232550305,5.0,8.04,3.0,-7981.623711385869,7981.623711385869,3138.0483456800653,15.0,116.83198947648592,14308.219178082192,0,1,0,0,0,0
4226,11.58,26228.21290904225,-659.6383232550305,5.0,8.04,3.0,-7638.611783293253,7638.611783293253,3138.0483456800653,15.0,116.83198947648592,14308.219178082192,0,1,0,0,0,0
4227,12.06,25911.586513879836,-659.6383232550305,5.0,8.04,3.0,-7955.238178455668,7955.238178455668,3138.0483456800653,15.0,116.83198947648592,14308.219178082192,0,1,0,0,0,0
4228,3.45,31591.07247710565,-659.6383232550305,5.0,8.04,3.0,-2275.752215229855,2275.752215229855,3138.0483456800653,15.0,116.83198947648592,14308.219178082192,0,1,0,0,0,0
4229,9.27,27751.97743576137,-659.6383232550305,5.0,8.04,3.0,-6114.847256574132,6114.847256574132,3138.0483456800653,15.0,116.83198947648592,14308.219178082192,0,1,0,0,0,0
4230,24.99,17382.46299419229,-659.6383232550305,5.0,8.04,3.0,-16484.361698143213,16484.361698143213,3138.0483456800653,15.0,116.83198947648592,14308.219178082192,0,1,0,0,0,0
4231,4.18,31109.536501129478,-659.6383232550305,5.0,8.04,3.0,-2757.2881912060275,2757.2881912060275,3138.0483456800653,15.0,116.83198947648592,14308.219178082192,0,1,0,0,0,0
4232,11.89,26023.72502883319,-659.6383232550305,5.0,8.04,3.0,-7843.099663502313,7843.099663502313,3138.0483456800653,15.0,116.83198947648592,14308.219178082192,0,1,0,0,0,0
4233,13.21,25153.002442136552,-659.6383232550305,5.0,8.04,3.0,-8713.822250198953,8713.822250198953,3138.0483456800653,15.0,116.83198947648592,14308.219178082192,0,1,0,0,0,0
4234,25.68,16927.312551146322,-659.6383232550305,5.0,8.04,3.0,-16939.512141189185,16939.512141189185,3138.0483456800653,15.0,116.83198947648592,14308.219178082192,0,1,0,0,0,0
4235,12.59,25561.97820255467,-659.6383232550305,5.0,8.04,3.0,-8304.846489780834,8304.846489780834,3138.0483456800653,15.0,116.83198947648592,14308.219178082192,0,1,0,0,0,0
4236,0.54,33510.61999777779,-659.6383232550305,5.0,8.04,3.0,-356.2046945577165,356.2046945577165,3138.0483456800653,15.0,116.83198947648592,14308.219178082192,0,1,0,0,0,0
4237,6.91,29308.723878643243,-659.6383232550305,5.0,8.04,3.0,-4558.100813692261,4558.100813692261,3138.0483456800653,15.0,116.83198947648592,14308.219178082192,0,1,0,0,0,0
4238,8.94,27969.658082435533,-659.6383232550305,5.0,8.04,3.0,-5897.166609899972,5897.166609899972,3138.0483456800653,15.0,116.83198947648592,14308.219178082192,0,1,0,0,0,0
4239,9.84,27375.983591506003,-659.6383232550305,5.0,8.04,3.0,-6490.8411008295,6490.8411008295,3138.0483456800653,15.0,116.83198947648592,14308.219178082192,0,1,0,0,0,0
4240,9.21,27791.55573515667,-659.6383232550305,5.0,8.04,3.0,-6075.268957178831,6075.268957178831,3138.0483456800653,15.0,116.83198947648592,14308.219178082192,0,1,0,0,0,0
4241,15.22,23827.12941239394,-659.6383232550305,5.0,8.04,3.0,-10039.695279941565,10039.695279941565,3138.0483456800653,15.0,116.83198947648592,14308.219178082192,0,1,0,0,0,0
4242,15.63,23556.677699859378,-659.6383232550305,5.0,8.04,3.0,-10310.146992476128,10310.146992476128,3138.0483456800653,15.0,116.83198947648592,14308.219178082192,0,1,0,0,0,0
4243,29.71,14268.970108428544,-659.6383232550305,5.0,8.04,3.0,-19597.854583906956,19597.854583906956,3138.0483456800653,15.0,116.83198947648592,14308.219178082192,0,1,0,0,0,0
4244,47.98,2217.3779425591424,-659.6383232550305,5.0,8.04,3.0,-31649.44674977636,31649.44674977636,3138.0483456800653,15.0,116.83198947648592,14308.219178082192,0,1,0,0,0,0
4245,47.97,2223.9743257916894,-659.6383232550305,5.0,8.04,3.0,-31642.850366543815,31642.850366543815,3138.0483456800653,15.0,116.83198947648592,14308.219178082192,0,1,0,0,0,0
4246,39.26,7969.424121343007,-659.6383232550305,5.0,8.04,3.0,-25897.400570992497,25897.400570992497,3138.0483456800653,15.0,116.83198947648592,14308.219178082192,0,1,0,0,0,0
4247,32.99,12105.356408152045,-659.6383232550305,5.0,8.04,3.0,-21761.46828418346,21761.46828418346,3138.0483456800653,15.0,116.83198947648592,14308.219178082192,0,1,0,0,0,0
4248,30.62,13668.69923426647,-659.6383232550305,5.0,8.04,3.0,-20198.125458069037,20198.125458069037,3138.0483456800653,15.0,116.83198947648592,14308.219178082192,0,1,0,0,0,0
4249,25.86,16808.577652960415,-659.6383232550305,5.0,8.04,3.0,-17058.24703937509,17058.24703937509,3138.0483456800653,15.0,116.83198947648592,14308.219178082192,0,1,0,0,0,0
4250,27.18,15937.855066263775,-659.6383232550305,5.0,8.04,3.0,-17928.96962607173,17928.96962607173,3138.0483456800653,15.0,116.83198947648592,14308.219178082192,0,1,0,0,0,0
4251,24.93,17422.041293587594,-659.6383232550305,5.0,8.04,3.0,-16444.78339874791,16444.78339874791,3138.0483456800653,15.0,116.83198947648592,14308.219178082192,0,1,0,0,0,0
4252,20.95,20047.401820142615,-659.6383232550305,5.0,8.04,3.0,-13819.422872192888,13819.422872192888,3138.0483456800653,15.0,116.83198947648592,14308.219178082192,0,1,0,0,0,0
4253,24.16,17929.962802493967,-659.6383232550305,5.0,8.04,3.0,-15936.861889841537,15936.861889841537,3138.0483456800653,15.0,116.83198947648592,14308.219178082192,0,1,0,0,0,0
4254,26.0,16716.22828770471,-659.6383232550305,5.0,8.04,3.0,-17150.596404630793,17150.596404630793,3138.0483456800653,15.0,116.83198947648592,14308.219178082192,0,1,0,0,0,0
4255,20.29,20482.763113490935,-659.6383232550305,5.0,8.04,3.0,-13384.061578844568,13384.061578844568,3138.0483456800653,15.0,116.83198947648592,14308.219178082192,0,1,0,0,0,0
4256,29.82,14196.409892870495,-659.6383232550305,5.0,8.04,3.0,-19670.41479946501,19670.41479946501,3138.0483456800653,15.0,116.83198947648592,14308.219178082192,0,1,0,0,0,0
4257,37.07,9414.032049271522,-659.6383232550305,5.0,8.04,3.0,-24452.79264306398,24452.79264306398,3138.0483456800653,15.0,116.83198947648592,14308.219178082192,0,1,0,0,0,0
4258,21.24,19856.106706398656,-659.6383232550305,5.0,8.04,3.0,-14010.717985936848,14010.717985936848,3138.0483456800653,15.0,116.83198947648592,14308.219178082192,0,1,0,0,0,0
4259,34.83,10891.62189336279,-659.6383232550305,5.0,8.04,3.0,-22975.20279897271,22975.20279897271,3138.0483456800653,15.0,116.83198947648592,14308.219178082192,0,1,0,0,0,0
4260,39.03,8121.140935691663,-659.6383232550305,5.0,8.04,3.0,-25745.68375664384,25745.68375664384,3138.0483456800653,15.0,116.83198947648592,14308.219178082192,0,1,0,0,0,0
4261,36.28,9935.146324642996,-659.6383232550305,5.0,8.04,3.0,-23931.678367692508,23931.678367692508,3138.0483456800653,15.0,116.83198947648592,14308.219178082192,0,1,0,0,0,0
4262,44.78,4328.22057697524,-659.6383232550305,5.0,8.04,3.0,-29538.604115360267,29538.604115360267,3138.0483456800653,15.0,116.83198947648592,14308.219178082192,0,1,0,0,0,0
4263,69.08,2620.899081605913,650.0,0,8.04,3.0,44902.0,-44902.0,15071.972825128516,0,556.8949724310688,14308.219178082192,1,0,0,0,0,0
4264,80.63,10128.399081605916,650.0,0,8.04,3.0,52409.5,-52409.5,15071.972825128516,0,556.8949724310688,14308.219178082192,1,0,0,0,0,0
4265,75.05,6501.399081605917,650.0,0,8.04,3.0,48782.5,-48782.5,15071.972825128516,0,556.8949724310688,14308.219178082192,1,0,0,0,0,0
4266,65.76,462.899081605913,650.0,0,8.04,3.0,42744.0,-42744.0,15071.972825128516,0,556.8949724310688,14308.219178082192,1,0,0,0,0,0
4267,56.65,-3501.6863200619696,-659.6383232550305,5.0,8.04,3.0,-37368.51101239748,37368.51101239748,3138.0483456800653,15.0,116.83198947648592,14308.219178082192,0,1,0,0,0,0
4268,47.95,2237.1670922567905,-659.6383232550305,5.0,8.04,3.0,-31629.657600078714,31629.657600078714,3138.0483456800653,15.0,116.83198947648592,14308.219178082192,0,1,0,0,0,0
4269,34.97,10799.272528107089,-659.6383232550305,5.0,8.04,3.0,-23067.552164228415,23067.552164228415,3138.0483456800653,15.0,116.83198947648592,14308.219178082192,0,1,0,0,0,0
4270,24.4,17771.64960491276,-659.6383232550305,5.0,8.04,3.0,-16095.175087422744,16095.175087422744,3138.0483456800653,15.0,116.83198947648592,14308.219178082192,0,1,0,0,0,0
4271,17.42,22375.92510123287,-659.6383232550305,5.0,8.04,3.0,-11490.899591102632,11490.899591102632,3138.0483456800653,15.0,116.83198947648592,14308.219178082192,0,1,0,0,0,0
4272,20.81,20139.75118539832,-659.6383232550305,5.0,8.04,3.0,-13727.073506937184,13727.073506937184,3138.0483456800653,15.0,116.83198947648592,14308.219178082192,0,1,0,0,0,0
4273,11.11,26538.242920972116,-659.6383232550305,5.0,8.04,3.0,-7328.581771363389,7328.581771363389,3138.0483456800653,15.0,116.83198947648592,14308.219178082192,0,1,0,0,0,0
4274,16.88,22732.12979579059,-659.6383232550305,5.0,8.04,3.0,-11134.694896544914,11134.694896544914,3138.0483456800653,15.0,116.83198947648592,14308.219178082192,0,1,0,0,0,0
4275,15.67,23530.292166929175,-659.6383232550305,5.0,8.04,3.0,-10336.532525406328,10336.532525406328,3138.0483456800653,15.0,116.83198947648592,14308.219178082192,0,1,0,0,0,0
4276,14.16,24526.346035044273,-659.6383232550305,5.0,8.04,3.0,-9340.478657291233,9340.478657291233,3138.0483456800653,15.0,116.83198947648592,14308.219178082192,0,1,0,0,0,0
4277,16.37,23068.545340650653,-659.6383232550305,5.0,8.04,3.0,-10798.27935168485,10798.27935168485,3138.0483456800653,15.0,116.83198947648592,14308.219178082192,0,1,0,0,0,0
4278,24.29,17844.209820470813,-659.6383232550305,5.0,8.04,3.0,-16022.614871864691,16022.614871864691,3138.0483456800653,15.0,116.83198947648592,14308.219178082192,0,1,0,0,0,0
4279,40.3,7283.400265157776,-659.6383232550305,5.0,8.04,3.0,-26583.424427177728,26583.424427177728,3138.0483456800653,15.0,116.83198947648592,14308.219178082192,0,1,0,0,0,0
4280,49.57,1168.553008583644,-659.6383232550305,5.0,8.04,3.0,-32698.271683751864,32698.271683751864,3138.0483456800653,15.0,116.83198947648592,14308.219178082192,0,1,0,0,0,0
4281,52.64,-856.5366438093038,-659.6383232550305,5.0,8.04,3.0,-34723.36133614481,34723.36133614481,3138.0483456800653,15.0,116.83198947648592,14308.219178082192,0,1,0,0,0,0
4282,45.83,3635.6003375574587,-659.6383232550305,5.0,8.04,3.0,-30231.22435477805,30231.22435477805,3138.0483456800653,15.0,116.83198947648592,14308.219178082192,0,1,0,0,0,0
4283,44.91,4242.467594952086,-659.6383232550305,5.0,8.04,3.0,-29624.357097383418,29624.357097383418,3138.0483456800653,15.0,116.83198947648592,14308.219178082192,0,1,0,0,0,0
4284,31.96,12784.78388110473,-659.6383232550305,5.0,8.04,3.0,-21082.040811230774,21082.040811230774,3138.0483456800653,15.0,116.83198947648592,14308.219178082192,0,1,0,0,0,0
4285,34.03,11419.332551966814,-659.6383232550305,5.0,8.04,3.0,-22447.49214036869,22447.49214036869,3138.0483456800653,15.0,116.83198947648592,14308.219178082192,0,1,0,0,0,0
4286,39.86,7573.641127389987,-659.6383232550305,5.0,8.04,3.0,-26293.183564945517,26293.183564945517,3138.0483456800653,15.0,116.83198947648592,14308.219178082192,0,1,0,0,0,0
4287,37.21,9321.682684015821,-659.6383232550305,5.0,8.04,3.0,-24545.142008319686,24545.142008319686,3138.0483456800653,15.0,116.83198947648592,14308.219178082192,0,1,0,0,0,0
4288,59.39,-3677.600918394087,650.0,0,8.04,3.0,38603.5,-38603.5,15071.972825128516,0,556.8949724310688,14308.219178082192,1,0,0,0,0,0
4289,72.64,4934.899081605917,650.0,0,8.04,3.0,47216.0,-47216.0,15071.972825128516,0,556.8949724310688,14308.219178082192,1,0,0,0,0,0
4290,71.57,4239.399081605906,650.0,0,8.04,3.0,46520.49999999999,-46520.49999999999,15071.972825128516,0,556.8949724310688,14308.219178082192,1,0,0,0,0,0
4291,62.31,-1779.6009183940869,650.0,0,8.04,3.0,40501.5,-40501.5,15071.972825128516,0,556.8949724310688,14308.219178082192,1,0,0,0,0,0
4292,49.96,911.2940625141787,-659.6383232550305,5.0,8.04,3.0,-32955.530629821325,32955.530629821325,3138.0483456800653,15.0,116.83198947648592,14308.219178082192,0,1,0,0,0,0
4293,45.66,3747.738852510815,-659.6383232550305,5.0,8.04,3.0,-30119.085839824693,30119.085839824693,3138.0483456800653,15.0,116.83198947648592,14308.219178082192,0,1,0,0,0,0
4294,38.73,8319.032432668173,-659.6383232550305,5.0,8.04,3.0,-25547.79225966733,25547.79225966733,3138.0483456800653,15.0,116.83198947648592,14308.219178082192,0,1,0,0,0,0
4295,35.24,10621.170180828227,-659.6383232550305,5.0,8.04,3.0,-23245.654511507277,23245.654511507277,3138.0483456800653,15.0,116.83198947648592,14308.219178082192,0,1,0,0,0,0
4296,26.27,16538.125940425853,-659.6383232550305,5.0,8.04,3.0,-17328.69875190965,17328.69875190965,3138.0483456800653,15.0,116.83198947648592,14308.219178082192,0,1,0,0,0,0
4297,26.81,16181.921245868136,-659.6383232550305,5.0,8.04,3.0,-17684.903446467368,17684.903446467368,3138.0483456800653,15.0,116.83198947648592,14308.219178082192,0,1,0,0,0,0
4298,21.93,19400.956263352688,-659.6383232550305,5.0,8.04,3.0,-14465.86842898282,14465.86842898282,3138.0483456800653,15.0,116.83198947648592,14308.219178082192,0,1,0,0,0,0
4299,22.9,18761.107089795303,-659.6383232550305,5.0,8.04,3.0,-15105.717602540199,15105.717602540199,3138.0483456800653,15.0,116.83198947648592,14308.219178082192,0,1,0,0,0,0
4300,15.88,23391.76811904562,-659.6383232550305,5.0,8.04,3.0,-10475.056573289885,10475.056573289885,3138.0483456800653,15.0,116.83198947648592,14308.219178082192,0,1,0,0,0,0
4301,23.27,18517.040910190946,-659.6383232550305,5.0,8.04,3.0,-15349.78378214456,15349.78378214456,3138.0483456800653,15.0,116.83198947648592,14308.219178082192,0,1,0,0,0,0
4302,9.55,27567.278705249963,-659.6383232550305,5.0,8.04,3.0,-6299.545987085542,6299.545987085542,3138.0483456800653,15.0,116.83198947648592,14308.219178082192,0,1,0,0,0,0
4303,28.51,15060.536096334585,-659.6383232550305,5.0,8.04,3.0,-18806.288596000923,18806.288596000923,3138.0483456800653,15.0,116.83198947648592,14308.219178082192,0,1,0,0,0,0
4304,82.72,11486.899081605916,650.0,0,8.04,3.0,53768.0,-53768.0,15071.972825128516,0,556.8949724310688,14308.219178082192,1,0,0,0,0,0
4305,31.67,12976.078994848685,-659.6383232550305,5.0,8.04,3.0,-20890.74569748682,20890.74569748682,3138.0483456800653,15.0,116.83198947648592,14308.219178082192,0,1,0,0,0,0
4306,38.7,8338.821582365821,-659.6383232550305,5.0,8.04,3.0,-25528.003109969683,25528.003109969683,3138.0483456800653,15.0,116.83198947648592,14308.219178082192,0,1,0,0,0,0
4307,23.02,18681.950491004704,-659.6383232550305,5.0,8.04,3.0,-15184.874201330802,15184.874201330802,3138.0483456800653,15.0,116.83198947648592,14308.219178082192,0,1,0,0,0,0
4308,26.67,16274.27061112384,-659.6383232550305,5.0,8.04,3.0,-17592.554081211663,17592.554081211663,3138.0483456800653,15.0,116.83198947648592,14308.219178082192,0,1,0,0,0,0
4309,27.81,15522.282922613107,-659.6383232550305,5.0,8.04,3.0,-18344.541769722397,18344.541769722397,3138.0483456800653,15.0,116.83198947648592,14308.219178082192,0,1,0,0,0,0
4310,34.78,10924.603809525543,-659.6383232550305,5.0,8.04,3.0,-22942.22088280996,22942.22088280996,3138.0483456800653,15.0,116.83198947648592,14308.219178082192,0,1,0,0,0,0
4311,39.61,7738.550708203744,-659.6383232550305,5.0,8.04,3.0,-26128.27398413176,26128.27398413176,3138.0483456800653,15.0,116.83198947648592,14308.219178082192,0,1,0,0,0,0
4312,99.77,22569.399081605916,650.0,0,8.04,3.0,64850.5,-64850.5,15071.972825128516,0,556.8949724310688,14308.219178082192,1,0,0,0,0,0
4313,91.0,16868.899081605916,650.0,0,8.04,3.0,59150.0,-59150.0,15071.972825128516,0,556.8949724310688,14308.219178082192,1,0,0,0,0,0
4314,46.33,3305.7811759299407,-659.6383232550305,5.0,8.04,3.0,-30561.043516405563,30561.043516405563,3138.0483456800653,15.0,116.83198947648592,14308.219178082192,0,1,0,0,0,0
4315,64.44,-395.100918394087,650.0,0,8.04,3.0,41886.0,-41886.0,15071.972825128516,0,556.8949724310688,14308.219178082192,1,0,0,0,0,0
4316,48.33,1986.5045294198794,-659.6383232550305,5.0,8.04,3.0,-31880.320162915625,31880.320162915625,3138.0483456800653,15.0,116.83198947648592,14308.219178082192,0,1,0,0,0,0
4317,34.56,11069.724240641648,-659.6383232550305,5.0,8.04,3.0,-22797.100451693856,22797.100451693856,3138.0483456800653,15.0,116.83198947648592,14308.219178082192,0,1,0,0,0,0
4318,29.96,14104.06052761479,-659.6383232550305,5.0,8.04,3.0,-19762.764164720717,19762.764164720717,3138.0483456800653,15.0,116.83198947648592,14308.219178082192,0,1,0,0,0,0
4319,37.91,8859.935857737302,-659.6383232550305,5.0,8.04,3.0,-25006.888834598205,25006.888834598205,3138.0483456800653,15.0,116.83198947648592,14308.219178082192,0,1,0,0,0,0
4320,13.76,24790.201364346285,-659.6383232550305,5.0,8.04,3.0,-9076.62332798922,9076.62332798922,3138.0483456800653,15.0,116.83198947648592,14308.219178082192,0,1,0,0,0,0
4321,17.96,22019.720406675155,-659.6383232550305,5.0,8.04,3.0,-11847.104285660349,11847.104285660349,3138.0483456800653,15.0,116.83198947648592,14308.219178082192,0,1,0,0,0,0
4322,23.47,18385.11324553994,-659.6383232550305,5.0,8.04,3.0,-15481.711446795565,15481.711446795565,3138.0483456800653,15.0,116.83198947648592,14308.219178082192,0,1,0,0,0,0
4323,20.13,20588.30524521174,-659.6383232550305,5.0,8.04,3.0,-13278.519447123763,13278.519447123763,3138.0483456800653,15.0,116.83198947648592,14308.219178082192,0,1,0,0,0,0
4324,31.82,12877.133246360434,-659.6383232550305,5.0,8.04,3.0,-20989.69144597507,20989.69144597507,3138.0483456800653,15.0,116.83198947648592,14308.219178082192,0,1,0,0,0,0
4325,21.0,20014.419903979862,-659.6383232550305,5.0,8.04,3.0,-13852.404788355641,13852.404788355641,3138.0483456800653,15.0,116.83198947648592,14308.219178082192,0,1,0,0,0,0
4326,34.21,11300.597653780907,-659.6383232550305,5.0,8.04,3.0,-22566.227038554596,22566.227038554596,3138.0483456800653,15.0,116.83198947648592,14308.219178082192,0,1,0,0,0,0
4327,38.04,8774.182875714141,-659.6383232550305,5.0,8.04,3.0,-25092.64181662136,25092.64181662136,3138.0483456800653,15.0,116.83198947648592,14308.219178082192,0,1,0,0,0,0
4328,49.3,1346.6553558625023,-659.6383232550305,5.0,8.04,3.0,-32520.169336473,32520.169336473,3138.0483456800653,15.0,116.83198947648592,14308.219178082192,0,1,0,0,0,0
4329,42.96,5528.762325299394,-659.6383232550305,5.0,8.04,3.0,-28338.062367036113,28338.062367036113,3138.0483456800653,15.0,116.83198947648592,14308.219178082192,0,1,0,0,0,0
4330,47.88,2283.341774884641,-659.6383232550305,5.0,8.04,3.0,-31583.482917450863,31583.482917450863,3138.0483456800653,15.0,116.83198947648592,14308.219178082192,0,1,0,0,0,0
4331,68.68,2360.8990816059204,650.0,0,8.04,3.0,44642.00000000001,-44642.00000000001,15071.972825128516,0,556.8949724310688,14308.219178082192,1,0,0,0,0,0
4332,62.93,-1376.6009183940869,650.0,0,8.04,3.0,40904.5,-40904.5,15071.972825128516,0,556.8949724310688,14308.219178082192,1,0,0,0,0,0
4333,64.57,-310.60091839409426,650.0,0,8.04,3.0,41970.49999999999,-41970.49999999999,15071.972825128516,0,556.8949724310688,14308.219178082192,1,0,0,0,0,0
4334,76.19,7242.399081605917,650.0,0,8.04,3.0,49523.5,-49523.5,15071.972825128516,0,556.8949724310688,14308.219178082192,1,0,0,0,0,0
4335,51.77,-282.6513025774252,-659.6383232550305,5.0,8.04,3.0,-34149.47599491293,34149.47599491293,3138.0483456800653,15.0,116.83198947648592,14308.219178082192,0,1,0,0,0,0
4336,72.0,4518.899081605913,650.0,0,8.04,3.0,46800.0,-46800.0,15071.972825128516,0,556.8949724310688,14308.219178082192,1,0,0,0,0,0
4337,72.44,4804.899081605917,650.0,0,8.04,3.0,47086.0,-47086.0,15071.972825128516,0,556.8949724310688,14308.219178082192,1,0,0,0,0,0
4338,49.52,1201.5349247463932,-659.6383232550305,5.0,8.04,3.0,-32665.289767589114,32665.289767589114,3138.0483456800653,15.0,116.83198947648592,14308.219178082192,0,1,0,0,0,0
4339,69.58,2945.899081605913,650.0,0,8.04,3.0,45227.0,-45227.0,15071.972825128516,0,556.8949724310688,14308.219178082192,1,0,0,0,0,0
4340,94.33,19033.399081605916,650.0,0,8.04,3.0,61314.5,-61314.5,15071.972825128516,0,556.8949724310688,14308.219178082192,1,0,0,0,0,0
4341,129.91,42160.39908160592,650.0,0,8.04,3.0,84441.5,-84441.5,15071.972825128516,0,556.8949724310688,14308.219178082192,1,0,0,0,0,0
4342,53.45,-1390.8436856458788,-659.6383232550305,5.0,8.04,3.0,-35257.66837798138,35257.66837798138,3138.0483456800653,15.0,116.83198947648592,14308.219178082192,0,1,0,0,0,0
4343,51.93,-388.1934342982272,-659.6383232550305,5.0,8.04,3.0,-34255.01812663373,34255.01812663373,3138.0483456800653,15.0,116.83198947648592,14308.219178082192,0,1,0,0,0,0
4344,40.11,7408.731546576229,-659.6383232550305,5.0,8.04,3.0,-26458.093145759274,26458.093145759274,3138.0483456800653,15.0,116.83198947648592,14308.219178082192,0,1,0,0,0,0
4345,36.42,9842.796959387295,-659.6383232550305,5.0,8.04,3.0,-24024.027732948212,24024.027732948212,3138.0483456800653,15.0,116.83198947648592,14308.219178082192,0,1,0,0,0,0
4346,31.2,13286.109006778552,-659.6383232550305,5.0,8.04,3.0,-20580.715685556952,20580.715685556952,3138.0483456800653,15.0,116.83198947648592,14308.219178082192,0,1,0,0,0,0
4347,27.71,15588.24675493861,-659.6383232550305,5.0,8.04,3.0,-18278.577937396894,18278.577937396894,3138.0483456800653,15.0,116.83198947648592,14308.219178082192,0,1,0,0,0,0
4348,25.39,17118.607664890278,-659.6383232550305,5.0,8.04,3.0,-16748.217027445226,16748.217027445226,3138.0483456800653,15.0,116.83198947648592,14308.219178082192,0,1,0,0,0,0
4349,28.71,14928.608431683577,-659.6383232550305,5.0,8.04,3.0,-18938.216260651927,18938.216260651927,3138.0483456800653,15.0,116.83198947648592,14308.219178082192,0,1,0,0,0,0
4350,29.97,14097.46414438224,-659.6383232550305,5.0,8.04,3.0,-19769.360547953263,19769.360547953263,3138.0483456800653,15.0,116.83198947648592,14308.219178082192,0,1,0,0,0,0
4351,25.92,16768.999353565112,-659.6383232550305,5.0,8.04,3.0,-17097.82533877039,17097.82533877039,3138.0483456800653,15.0,116.83198947648592,14308.219178082192,0,1,0,0,0,0
4352,32.24,12600.08515059332,-659.6383232550305,5.0,8.04,3.0,-21266.739541742187,21266.739541742187,3138.0483456800653,15.0,116.83198947648592,14308.219178082192,0,1,0,0,0,0
4353,43.36,5264.906995997382,-659.6383232550305,5.0,8.04,3.0,-28601.91769633812,28601.91769633812,3138.0483456800653,15.0,116.83198947648592,14308.219178082192,0,1,0,0,0,0
4354,46.08,3470.690756743698,-659.6383232550305,5.0,8.04,3.0,-30396.133935591806,30396.133935591806,3138.0483456800653,15.0,116.83198947648592,14308.219178082192,0,1,0,0,0,0
4355,61.07,-2585.600918394087,650.0,0,8.04,3.0,39695.5,-39695.5,15071.972825128516,0,556.8949724310688,14308.219178082192,1,0,0,0,0,0
4356,77.96,8392.899081605901,650.0,0,8.04,3.0,50673.99999999999,-50673.99999999999,15071.972825128516,0,556.8949724310688,14308.219178082192,1,0,0,0,0,0
4357,79.67,9504.399081605916,650.0,0,8.04,3.0,51785.5,-51785.5,15071.972825128516,0,556.8949724310688,14308.219178082192,1,0,0,0,0,0
4358,61.26,-2462.100918394087,650.0,0,8.04,3.0,39819.0,-39819.0,15071.972825128516,0,556.8949724310688,14308.219178082192,1,0,0,0,0,0
4359,62.06,-1942.1009183940869,650.0,0,8.04,3.0,40339.0,-40339.0,15071.972825128516,0,556.8949724310688,14308.219178082192,1,0,0,0,0,0
4360,68.02,1931.8990816059131,650.0,0,8.04,3.0,44213.0,-44213.0,15071.972825128516,0,556.8949724310688,14308.219178082192,1,0,0,0,0,0
4361,67.23,1418.3990816059131,650.0,0,8.04,3.0,43699.5,-43699.5,15071.972825128516,0,556.8949724310688,14308.219178082192,1,0,0,0,0,0
4362,71.82,4401.899081605906,650.0,0,8.04,3.0,46682.99999999999,-46682.99999999999,15071.972825128516,0,556.8949724310688,14308.219178082192,1,0,0,0,0,0
4363,68.21,2055.399081605906,650.0,0,8.04,3.0,44336.49999999999,-44336.49999999999,15071.972825128516,0,556.8949724310688,14308.219178082192,1,0,0,0,0,0
4364,63.75,-843.600918394087,650.0,0,8.04,3.0,41437.5,-41437.5,15071.972825128516,0,556.8949724310688,14308.219178082192,1,0,0,0,0,0
4365,48.55,1841.3840983037776,-659.6383232550305,5.0,8.04,3.0,-32025.44059403173,32025.44059403173,3138.0483456800653,15.0,116.83198947648592,14308.219178082192,0,1,0,0,0,0
4366,44.54,4486.533774556447,-659.6383232550305,5.0,8.04,3.0,-29380.290917779057,29380.290917779057,3138.0483456800653,15.0,116.83198947648592,14308.219178082192,0,1,0,0,0,0
4367,36.92,9512.977797759773,-659.6383232550305,5.0,8.04,3.0,-24353.846894575727,24353.846894575727,3138.0483456800653,15.0,116.83198947648592,14308.219178082192,0,1,0,0,0,0
4368,29.02,14724.12055147452,-659.6383232550305,5.0,8.04,3.0,-19142.704140860984,19142.704140860984,3138.0483456800653,15.0,116.83198947648592,14308.219178082192,0,1,0,0,0,0
4369,20.86,20106.769269235567,-659.6383232550305,5.0,8.04,3.0,-13760.055423099937,13760.055423099937,3138.0483456800653,15.0,116.83198947648592,14308.219178082192,0,1,0,0,0,0
4370,23.31,18490.655377260744,-659.6383232550305,5.0,8.04,3.0,-15376.16931507476,15376.16931507476,3138.0483456800653,15.0,116.83198947648592,14308.219178082192,0,1,0,0,0,0
4371,23.76,18193.81813179598,-659.6383232550305,5.0,8.04,3.0,-15673.006560539527,15673.006560539527,3138.0483456800653,15.0,116.83198947648592,14308.219178082192,0,1,0,0,0,0
4372,24.08,17982.73386835437,-659.6383232550305,5.0,8.04,3.0,-15884.090823981134,15884.090823981134,3138.0483456800653,15.0,116.83198947648592,14308.219178082192,0,1,0,0,0,0
4373,24.9,17441.830443285246,-659.6383232550305,5.0,8.04,3.0,-16424.994249050258,16424.994249050258,3138.0483456800653,15.0,116.83198947648592,14308.219178082192,0,1,0,0,0,0
4374,24.01,18028.90855098222,-659.6383232550305,5.0,8.04,3.0,-15837.916141353284,15837.916141353284,3138.0483456800653,15.0,116.83198947648592,14308.219178082192,0,1,0,0,0,0
4375,26.67,16274.27061112384,-659.6383232550305,5.0,8.04,3.0,-17592.554081211663,17592.554081211663,3138.0483456800653,15.0,116.83198947648592,14308.219178082192,0,1,0,0,0,0
4376,23.45,18398.30601200504,-659.6383232550305,5.0,8.04,3.0,-15468.518680330466,15468.518680330466,3138.0483456800653,15.0,116.83198947648592,14308.219178082192,0,1,0,0,0,0
4377,24.66,17600.143640866452,-659.6383232550305,5.0,8.04,3.0,-16266.681051469053,16266.681051469053,3138.0483456800653,15.0,116.83198947648592,14308.219178082192,0,1,0,0,0,0
4378,33.04,12072.374491989296,-659.6383232550305,5.0,8.04,3.0,-21794.450200346208,21794.450200346208,3138.0483456800653,15.0,116.83198947648592,14308.219178082192,0,1,0,0,0,0
4379,35.75,10284.754635968162,-659.6383232550305,5.0,8.04,3.0,-23582.07005636734,23582.07005636734,3138.0483456800653,15.0,116.83198947648592,14308.219178082192,0,1,0,0,0,0
4380,33.22,11953.639593803393,-659.6383232550305,5.0,8.04,3.0,-21913.185098532114,21913.185098532114,3138.0483456800653,15.0,116.83198947648592,14308.219178082192,0,1,0,0,0,0
4381,25.46,17072.432982262428,-659.6383232550305,5.0,8.04,3.0,-16794.391710073076,16794.391710073076,3138.0483456800653,15.0,116.83198947648592,14308.219178082192,0,1,0,0,0,0
4382,25.9,16782.192120030213,-659.6383232550305,5.0,8.04,3.0,-17084.63257230529,17084.63257230529,3138.0483456800653,15.0,116.83198947648592,14308.219178082192,0,1,0,0,0,0
4383,26.07,16670.053605076857,-659.6383232550305,5.0,8.04,3.0,-17196.771087258647,17196.771087258647,3138.0483456800653,15.0,116.83198947648592,14308.219178082192,0,1,0,0,0,0
4384,34.91,10838.850827502389,-659.6383232550305,5.0,8.04,3.0,-23027.97386483311,23027.97386483311,3138.0483456800653,15.0,116.83198947648592,14308.219178082192,0,1,0,0,0,0
4385,40.87,6907.406420902411,-659.6383232550305,5.0,8.04,3.0,-26959.418271433096,26959.418271433096,3138.0483456800653,15.0,116.83198947648592,14308.219178082192,0,1,0,0,0,0
4386,42.36,5924.545319252415,-659.6383232550305,5.0,8.04,3.0,-27942.279373083093,27942.279373083093,3138.0483456800653,15.0,116.83198947648592,14308.219178082192,0,1,0,0,0,0
4387,31.55,13055.235593639289,-659.6383232550305,5.0,8.04,3.0,-20811.589098696215,20811.589098696215,3138.0483456800653,15.0,116.83198947648592,14308.219178082192,0,1,0,0,0,0
4388,24.11,17962.94471865672,-659.6383232550305,5.0,8.04,3.0,-15903.879973678786,15903.879973678786,3138.0483456800653,15.0,116.83198947648592,14308.219178082192,0,1,0,0,0,0
4389,26.38,16465.5657248678,-659.6383232550305,5.0,8.04,3.0,-17401.258967467704,17401.258967467704,3138.0483456800653,15.0,116.83198947648592,14308.219178082192,0,1,0,0,0,0
4390,24.56,17666.107473191954,-659.6383232550305,5.0,8.04,3.0,-16200.71721914355,16200.71721914355,3138.0483456800653,15.0,116.83198947648592,14308.219178082192,0,1,0,0,0,0
4391,26.12,16637.071688914108,-659.6383232550305,5.0,8.04,3.0,-17229.753003421396,17229.753003421396,3138.0483456800653,15.0,116.83198947648592,14308.219178082192,0,1,0,0,0,0
4392,24.97,17395.655760657395,-659.6383232550305,5.0,8.04,3.0,-16471.168931678112,16471.168931678112,3138.0483456800653,15.0,116.83198947648592,14308.219178082192,0,1,0,0,0,0
4393,15.07,23926.075160882196,-659.6383232550305,5.0,8.04,3.0,-9940.74953145331,9940.74953145331,3138.0483456800653,15.0,116.83198947648592,14308.219178082192,0,1,0,0,0,0
4394,21.32,19803.33564053825,-659.6383232550305,5.0,8.04,3.0,-14063.48905179725,14063.48905179725,3138.0483456800653,15.0,116.83198947648592,14308.219178082192,0,1,0,0,0,0
4395,14.25,24466.97858595132,-659.6383232550305,5.0,8.04,3.0,-9399.846106384184,9399.846106384184,3138.0483456800653,15.0,116.83198947648592,14308.219178082192,0,1,0,0,0,0
4396,7.3,29051.46493257378,-659.6383232550305,5.0,8.04,3.0,-4815.359759761723,4815.359759761723,3138.0483456800653,15.0,116.83198947648592,14308.219178082192,0,1,0,0,0,0
4397,18.74,21505.202514536235,-659.6383232550305,5.0,8.04,3.0,-12361.62217779927,12361.62217779927,3138.0483456800653,15.0,116.83198947648592,14308.219178082192,0,1,0,0,0,0
4398,27.82,15515.686539380556,-659.6383232550305,5.0,8.04,3.0,-18351.13815295495,18351.13815295495,3138.0483456800653,15.0,116.83198947648592,14308.219178082192,0,1,0,0,0,0
4399,26.36,16478.7584913329,-659.6383232550305,5.0,8.04,3.0,-17388.066201002603,17388.066201002603,3138.0483456800653,15.0,116.83198947648592,14308.219178082192,0,1,0,0,0,0
4400,32.73,12276.862372198357,-659.6383232550305,5.0,8.04,3.0,-21589.962320137147,21589.962320137147,3138.0483456800653,15.0,116.83198947648592,14308.219178082192,0,1,0,0,0,0
4401,39.94,7520.870061529586,-659.6383232550305,5.0,8.04,3.0,-26345.954630805918,26345.954630805918,3138.0483456800653,15.0,116.83198947648592,14308.219178082192,0,1,0,0,0,0
4402,47.4,2599.9681700470614,-659.6383232550305,5.0,8.04,3.0,-31266.856522288446,31266.856522288446,3138.0483456800653,15.0,116.83198947648592,14308.219178082192,0,1,0,0,0,0
4403,50.12,805.7519307933767,-659.6383232550305,5.0,8.04,3.0,-33061.07276154213,33061.07276154213,3138.0483456800653,15.0,116.83198947648592,14308.219178082192,0,1,0,0,0,0
4404,52.0,-434.36811692608126,-659.6383232550305,5.0,8.04,3.0,-34301.192809261585,34301.192809261585,3138.0483456800653,15.0,116.83198947648592,14308.219178082192,0,1,0,0,0,0
4405,53.67,-1535.9641167619843,-659.6383232550305,5.0,8.04,3.0,-35402.78880909749,35402.78880909749,3138.0483456800653,15.0,116.83198947648592,14308.219178082192,0,1,0,0,0,0
4406,79.54,9419.899081605916,650.0,0,8.04,3.0,51701.00000000001,-51701.00000000001,15071.972825128516,0,556.8949724310688,14308.219178082192,1,0,0,0,0,0
4407,58.96,-3957.100918394087,650.0,0,8.04,3.0,38324.0,-38324.0,15071.972825128516,0,556.8949724310688,14308.219178082192,1,0,0,0,0,0
4408,61.06,-2592.100918394087,650.0,0,8.04,3.0,39689.0,-39689.0,15071.972825128516,0,556.8949724310688,14308.219178082192,1,0,0,0,0,0
4409,336.31,176320.39908160592,650.0,0,8.04,3.0,218601.5,-218601.5,15071.972825128516,0,556.8949724310688,14308.219178082192,1,0,0,0,0,0
4410,65.81,495.399081605913,650.0,0,8.04,3.0,42776.5,-42776.5,15071.972825128516,0,556.8949724310688,14308.219178082192,1,0,0,0,0,0
4411,49.54,1188.342158281292,-659.6383232550305,5.0,8.04,3.0,-32678.482534054212,32678.482534054212,3138.0483456800653,15.0,116.83198947648592,14308.219178082192,0,1,0,0,0,0
4412,49.5,1214.7276912114944,-659.6383232550305,5.0,8.04,3.0,-32652.09700112401,32652.09700112401,3138.0483456800653,15.0,116.83198947648592,14308.219178082192,0,1,0,0,0,0
4413,23.36,18457.67346109799,-659.6383232550305,5.0,8.04,3.0,-15409.151231237513,15409.151231237513,3138.0483456800653,15.0,116.83198947648592,14308.219178082192,0,1,0,0,0,0
4414,19.93,20720.232909862745,-659.6383232550305,5.0,8.04,3.0,-13146.591782472758,13146.591782472758,3138.0483456800653,15.0,116.83198947648592,14308.219178082192,0,1,0,0,0,0
4415,9.69,27474.929339994258,-659.6383232550305,5.0,8.04,3.0,-6391.895352341246,6391.895352341246,3138.0483456800653,15.0,116.83198947648592,14308.219178082192,0,1,0,0,0,0
4416,13.09,25232.159040927156,-659.6383232550305,5.0,8.04,3.0,-8634.66565140835,8634.66565140835,3138.0483456800653,15.0,116.83198947648592,14308.219178082192,0,1,0,0,0,0
4417,21.07,19968.24522135201,-659.6383232550305,5.0,8.04,3.0,-13898.579470983494,13898.579470983494,3138.0483456800653,15.0,116.83198947648592,14308.219178082192,0,1,0,0,0,0
4418,16.09,23253.244071162062,-659.6383232550305,5.0,8.04,3.0,-10613.580621173442,10613.580621173442,3138.0483456800653,15.0,116.83198947648592,14308.219178082192,0,1,0,0,0,0
4419,14.86,24064.59920876575,-659.6383232550305,5.0,8.04,3.0,-9802.225483569753,9802.225483569753,3138.0483456800653,15.0,116.83198947648592,14308.219178082192,0,1,0,0,0,0
4420,11.6,26215.020142577152,-659.6383232550305,5.0,8.04,3.0,-7651.8045497583535,7651.8045497583535,3138.0483456800653,15.0,116.83198947648592,14308.219178082192,0,1,0,0,0,0
4421,10.68,26821.887399971776,-659.6383232550305,5.0,8.04,3.0,-7044.937292363726,7044.937292363726,3138.0483456800653,15.0,116.83198947648592,14308.219178082192,0,1,0,0,0,0
4422,28.6,15001.16864724163,-659.6383232550305,5.0,8.04,3.0,-18865.656045093874,18865.656045093874,3138.0483456800653,15.0,116.83198947648592,14308.219178082192,0,1,0,0,0,0
4423,33.13,12013.00704289634,-659.6383232550305,5.0,8.04,3.0,-21853.817649439163,21853.817649439163,3138.0483456800653,15.0,116.83198947648592,14308.219178082192,0,1,0,0,0,0
4424,51.18,106.53530814304438,-659.6383232550305,5.0,8.04,3.0,-33760.28938419246,33760.28938419246,3138.0483456800653,15.0,116.83198947648592,14308.219178082192,0,1,0,0,0,0
4425,45.81,3648.7931040225526,-659.6383232550305,5.0,8.04,3.0,-30218.031588312948,30218.031588312948,3138.0483456800653,15.0,116.83198947648592,14308.219178082192,0,1,0,0,0,0
4426,29.02,14724.12055147452,-659.6383232550305,5.0,8.04,3.0,-19142.704140860984,19142.704140860984,3138.0483456800653,15.0,116.83198947648592,14308.219178082192,0,1,0,0,0,0
4427,117.93,34373.39908160592,650.0,0,8.04,3.0,76654.5,-76654.5,15071.972825128516,0,556.8949724310688,14308.219178082192,1,0,0,0,0,0
4428,45.42,3906.052050092018,-659.6383232550305,5.0,8.04,3.0,-29960.772642243486,29960.772642243486,3138.0483456800653,15.0,116.83198947648592,14308.219178082192,0,1,0,0,0,0
4429,57.6,-4128.342727154253,-659.6383232550305,5.0,8.04,3.0,-37995.16741948976,37995.16741948976,3138.0483456800653,15.0,116.83198947648592,14308.219178082192,0,1,0,0,0,0
4430,74.69,6267.399081605917,650.0,0,8.04,3.0,48548.5,-48548.5,15071.972825128516,0,556.8949724310688,14308.219178082192,1,0,0,0,0,0
4431,65.57,339.39908160590574,650.0,0,8.04,3.0,42620.49999999999,-42620.49999999999,15071.972825128516,0,556.8949724310688,14308.219178082192,1,0,0,0,0,0
4432,73.66,5597.899081605917,650.0,0,8.04,3.0,47879.0,-47879.0,15071.972825128516,0,556.8949724310688,14308.219178082192,1,0,0,0,0,0
4433,87.02,14281.899081605916,650.0,0,8.04,3.0,56563.0,-56563.0,15071.972825128516,0,556.8949724310688,14308.219178082192,1,0,0,0,0,0
4434,77.15,7866.399081605917,650.0,0,8.04,3.0,50147.50000000001,-50147.50000000001,15071.972825128516,0,556.8949724310688,14308.219178082192,1,0,0,0,0,0
4435,71.44,4154.899081605913,650.0,0,8.04,3.0,46436.0,-46436.0,15071.972825128516,0,556.8949724310688,14308.219178082192,1,0,0,0,0,0
4436,126.07,39664.39908160592,650.0,0,8.04,3.0,81945.5,-81945.5,15071.972825128516,0,556.8949724310688,14308.219178082192,1,0,0,0,0,0
4437,56.24,-3231.2346075274104,-659.6383232550305,5.0,8.04,3.0,-37098.059299862914,37098.059299862914,3138.0483456800653,15.0,116.83198947648592,14308.219178082192,0,1,0,0,0,0
4438,61.87,-2065.600918394087,650.0,0,8.04,3.0,40215.5,-40215.5,15071.972825128516,0,556.8949724310688,14308.219178082192,1,0,0,0,0,0
4439,49.95,917.8904457467293,-659.6383232550305,5.0,8.04,3.0,-32948.934246588775,32948.934246588775,3138.0483456800653,15.0,116.83198947648592,14308.219178082192,0,1,0,0,0,0
4440,41.86,6254.364480879925,-659.6383232550305,5.0,8.04,3.0,-27612.46021145558,27612.46021145558,3138.0483456800653,15.0,116.83198947648592,14308.219178082192,0,1,0,0,0,0
4441,34.35,11208.248288525207,-659.6383232550305,5.0,8.04,3.0,-22658.5764038103,22658.5764038103,3138.0483456800653,15.0,116.83198947648592,14308.219178082192,0,1,0,0,0,0
4442,32.14,12666.048982918826,-659.6383232550305,5.0,8.04,3.0,-21200.77570941668,21200.77570941668,3138.0483456800653,15.0,116.83198947648592,14308.219178082192,0,1,0,0,0,0
4443,31.17,13305.8981564762,-659.6383232550305,5.0,8.04,3.0,-20560.926535859304,20560.926535859304,3138.0483456800653,15.0,116.83198947648592,14308.219178082192,0,1,0,0,0,0
4444,32.21,12619.874300290969,-659.6383232550305,5.0,8.04,3.0,-21246.950392044535,21246.950392044535,3138.0483456800653,15.0,116.83198947648592,14308.219178082192,0,1,0,0,0,0
4445,33.18,11980.025126733595,-659.6383232550305,5.0,8.04,3.0,-21886.799565601912,21886.799565601912,3138.0483456800653,15.0,116.83198947648592,14308.219178082192,0,1,0,0,0,0
4446,31.12,13338.880072638953,-659.6383232550305,5.0,8.04,3.0,-20527.94461969655,20527.94461969655,3138.0483456800653,15.0,116.83198947648592,14308.219178082192,0,1,0,0,0,0
4447,29.95,14110.656910847341,-659.6383232550305,5.0,8.04,3.0,-19756.167781488162,19756.167781488162,3138.0483456800653,15.0,116.83198947648592,14308.219178082192,0,1,0,0,0,0
4448,41.81,6287.346397042675,-659.6383232550305,5.0,8.04,3.0,-27579.47829529283,27579.47829529283,3138.0483456800653,15.0,116.83198947648592,14308.219178082192,0,1,0,0,0,0
4449,50.9,291.23403865445334,-659.6383232550305,5.0,8.04,3.0,-33575.59065368105,33575.59065368105,3138.0483456800653,15.0,116.83198947648592,14308.219178082192,0,1,0,0,0,0
4450,76.23,7268.399081605917,650.0,0,8.04,3.0,49549.5,-49549.5,15071.972825128516,0,556.8949724310688,14308.219178082192,1,0,0,0,0,0
4451,116.36,33352.89908160592,650.0,0,8.04,3.0,75634.0,-75634.0,15071.972825128516,0,556.8949724310688,14308.219178082192,1,0,0,0,0,0
4452,79.05,9101.399081605916,650.0,0,8.04,3.0,51382.5,-51382.5,15071.972825128516,0,556.8949724310688,14308.219178082192,1,0,0,0,0,0
4453,68.18,2035.8990816059204,650.0,0,8.04,3.0,44317.00000000001,-44317.00000000001,15071.972825128516,0,556.8949724310688,14308.219178082192,1,0,0,0,0,0
4454,47.08,2811.052433488669,-659.6383232550305,5.0,8.04,3.0,-31055.772258846835,31055.772258846835,3138.0483456800653,15.0,116.83198947648592,14308.219178082192,0,1,0,0,0,0
4455,71.59,4252.399081605913,650.0,0,8.04,3.0,46533.5,-46533.5,15071.972825128516,0,556.8949724310688,14308.219178082192,1,0,0,0,0,0
4456,62.83,-1441.6009183940869,650.0,0,8.04,3.0,40839.5,-40839.5,15071.972825128516,0,556.8949724310688,14308.219178082192,1,0,0,0,0,0
4457,70.06,3257.899081605913,650.0,0,8.04,3.0,45539.0,-45539.0,15071.972825128516,0,556.8949724310688,14308.219178082192,1,0,0,0,0,0
4458,57.73,-4214.0957091774035,-659.6383232550305,5.0,8.04,3.0,-38080.92040151291,38080.92040151291,3138.0483456800653,15.0,116.83198947648592,14308.219178082192,0,1,0,0,0,0
4459,50.65,456.14361946821055,-659.6383232550305,5.0,8.04,3.0,-33410.68107286729,33410.68107286729,3138.0483456800653,15.0,116.83198947648592,14308.219178082192,0,1,0,0,0,0
4460,41.85,6260.960864112476,-659.6383232550305,5.0,8.04,3.0,-27605.863828223028,27605.863828223028,3138.0483456800653,15.0,116.83198947648592,14308.219178082192,0,1,0,0,0,0
4461,93.31,18370.399081605916,650.0,0,8.04,3.0,60651.5,-60651.5,15071.972825128516,0,556.8949724310688,14308.219178082192,1,0,0,0,0,0
4462,66.95,1236.3990816059131,650.0,0,8.04,3.0,43517.5,-43517.5,15071.972825128516,0,556.8949724310688,14308.219178082192,1,0,0,0,0,0
4463,131.93,43473.39908160592,650.0,0,8.04,3.0,85754.5,-85754.5,15071.972825128516,0,556.8949724310688,14308.219178082192,1,0,0,0,0,0
4464,53.2,-1225.9341048321216,-659.6383232550305,5.0,8.04,3.0,-35092.758797167626,35092.758797167626,3138.0483456800653,15.0,116.83198947648592,14308.219178082192,0,1,0,0,0,0
4465,53.76,-1595.3315658549323,-659.6383232550305,5.0,8.04,3.0,-35462.156258190436,35462.156258190436,3138.0483456800653,15.0,116.83198947648592,14308.219178082192,0,1,0,0,0,0
4466,34.16,11333.579569943664,-659.6383232550305,5.0,8.04,3.0,-22533.24512239184,22533.24512239184,3138.0483456800653,15.0,116.83198947648592,14308.219178082192,0,1,0,0,0,0
4467,27.02,16043.397197984581,-659.6383232550305,5.0,8.04,3.0,-17823.427494350923,17823.427494350923,3138.0483456800653,15.0,116.83198947648592,14308.219178082192,0,1,0,0,0,0
4468,27.5,15726.770802822164,-659.6383232550305,5.0,8.04,3.0,-18140.05388951334,18140.05388951334,3138.0483456800653,15.0,116.83198947648592,14308.219178082192,0,1,0,0,0,0
4469,26.28,16531.529557193302,-659.6383232550305,5.0,8.04,3.0,-17335.2951351422,17335.2951351422,3138.0483456800653,15.0,116.83198947648592,14308.219178082192,0,1,0,0,0,0
4470,39.34,7916.653055482602,-659.6383232550305,5.0,8.04,3.0,-25950.1716368529,25950.1716368529,3138.0483456800653,15.0,116.83198947648592,14308.219178082192,0,1,0,0,0,0
4471,48.53,1854.576864768875,-659.6383232550305,5.0,8.04,3.0,-32012.247827566633,32012.247827566633,3138.0483456800653,15.0,116.83198947648592,14308.219178082192,0,1,0,0,0,0
4472,53.42,-1371.054535948227,-659.6383232550305,5.0,8.04,3.0,-35237.87922828373,35237.87922828373,3138.0483456800653,15.0,116.83198947648592,14308.219178082192,0,1,0,0,0,0
4473,51.47,-84.75980560091514,-659.6383232550305,5.0,8.04,3.0,-33951.58449793642,33951.58449793642,3138.0483456800653,15.0,116.83198947648592,14308.219178082192,0,1,0,0,0,0
4474,59.04,-3905.100918394087,650.0,0,8.04,3.0,38376.0,-38376.0,15071.972825128516,0,556.8949724310688,14308.219178082192,1,0,0,0,0,0
4475,65.56,332.899081605913,650.0,0,8.04,3.0,42614.0,-42614.0,15071.972825128516,0,556.8949724310688,14308.219178082192,1,0,0,0,0,0
4476,80.69,10167.399081605916,650.0,0,8.04,3.0,52448.5,-52448.5,15071.972825128516,0,556.8949724310688,14308.219178082192,1,0,0,0,0,0
4477,83.12,11746.899081605916,650.0,0,8.04,3.0,54028.0,-54028.0,15071.972825128516,0,556.8949724310688,14308.219178082192,1,0,0,0,0,0
4478,78.01,8425.399081605916,650.0,0,8.04,3.0,50706.5,-50706.5,15071.972825128516,0,556.8949724310688,14308.219178082192,1,0,0,0,0,0
4479,88.34,15139.899081605916,650.0,0,8.04,3.0,57421.0,-57421.0,15071.972825128516,0,556.8949724310688,14308.219178082192,1,0,0,0,0,0
4480,88.6,15308.899081605901,650.0,0,8.04,3.0,57589.99999999999,-57589.99999999999,15071.972825128516,0,556.8949724310688,14308.219178082192,1,0,0,0,0,0
4481,86.69,14067.399081605916,650.0,0,8.04,3.0,56348.5,-56348.5,15071.972825128516,0,556.8949724310688,14308.219178082192,1,0,0,0,0,0
4482,202.26,89187.89908160592,650.0,0,8.04,3.0,131469.0,-131469.0,15071.972825128516,0,556.8949724310688,14308.219178082192,1,0,0,0,0,0
4483,78.18,8535.899081605916,650.0,0,8.04,3.0,50817.00000000001,-50817.00000000001,15071.972825128516,0,556.8949724310688,14308.219178082192,1,0,0,0,0,0
4484,78.21,8555.399081605901,650.0,0,8.04,3.0,50836.49999999999,-50836.49999999999,15071.972825128516,0,556.8949724310688,14308.219178082192,1,0,0,0,0,0
4485,80.24,9874.899081605916,650.0,0,8.04,3.0,52156.0,-52156.0,15071.972825128516,0,556.8949724310688,14308.219178082192,1,0,0,0,0,0
4486,57.29,-3923.854846945192,-659.6383232550305,5.0,8.04,3.0,-37790.679539280696,37790.679539280696,3138.0483456800653,15.0,116.83198947648592,14308.219178082192,0,1,0,0,0,0
4487,52.04,-460.7536498562836,-659.6383232550305,5.0,8.04,3.0,-34327.57834219179,34327.57834219179,3138.0483456800653,15.0,116.83198947648592,14308.219178082192,0,1,0,0,0,0
4488,54.99,-2406.6867034586244,-659.6383232550305,5.0,8.04,3.0,-36273.51139579413,36273.51139579413,3138.0483456800653,15.0,116.83198947648592,14308.219178082192,0,1,0,0,0,0
4489,45.48,3866.4737506967217,-659.6383232550305,5.0,8.04,3.0,-30000.350941638786,30000.350941638786,3138.0483456800653,15.0,116.83198947648592,14308.219178082192,0,1,0,0,0,0
4490,39.18,8022.195187203408,-659.6383232550305,5.0,8.04,3.0,-25844.629505132096,25844.629505132096,3138.0483456800653,15.0,116.83198947648592,14308.219178082192,0,1,0,0,0,0
4491,35.23,10627.766564060781,-659.6383232550305,5.0,8.04,3.0,-23239.058128274723,23239.058128274723,3138.0483456800653,15.0,116.83198947648592,14308.219178082192,0,1,0,0,0,0
4492,39.87,7567.04474415744,-659.6383232550305,5.0,8.04,3.0,-26299.779948178064,26299.779948178064,3138.0483456800653,15.0,116.83198947648592,14308.219178082192,0,1,0,0,0,0
4493,57.74,-4220.692092409961,-659.6383232550305,5.0,8.04,3.0,-38087.516784745465,38087.516784745465,3138.0483456800653,15.0,116.83198947648592,14308.219178082192,0,1,0,0,0,0
4494,54.03,-1773.4339131337906,-659.6383232550305,5.0,8.04,3.0,-35640.2586054693,35640.2586054693,3138.0483456800653,15.0,116.83198947648592,14308.219178082192,0,1,0,0,0,0
4495,55.61,-2815.6624638767385,-659.6383232550305,5.0,8.04,3.0,-36682.48715621225,36682.48715621225,3138.0483456800653,15.0,116.83198947648592,14308.219178082192,0,1,0,0,0,0
4496,60.35,-3053.600918394087,650.0,0,8.04,3.0,39227.5,-39227.5,15071.972825128516,0,556.8949724310688,14308.219178082192,1,0,0,0,0,0
4497,66.48,930.899081605913,650.0,0,8.04,3.0,43212.0,-43212.0,15071.972825128516,0,556.8949724310688,14308.219178082192,1,0,0,0,0,0
4498,85.92,13566.899081605916,650.0,0,8.04,3.0,55848.0,-55848.0,15071.972825128516,0,556.8949724310688,14308.219178082192,1,0,0,0,0,0
4499,144.47,51624.39908160592,650.0,0,8.04,3.0,93905.5,-93905.5,15071.972825128516,0,556.8949724310688,14308.219178082192,1,0,0,0,0,0
4500,82.95,11636.399081605916,650.0,0,8.04,3.0,53917.5,-53917.5,15071.972825128516,0,556.8949724310688,14308.219178082192,1,0,0,0,0,0
4501,107.85,27821.399081605916,650.0,0,8.04,3.0,70102.5,-70102.5,15071.972825128516,0,556.8949724310688,14308.219178082192,1,0,0,0,0,0
4502,95.59,19852.399081605916,650.0,0,8.04,3.0,62133.5,-62133.5,15071.972825128516,0,556.8949724310688,14308.219178082192,1,0,0,0,0,0
4503,87.15,14366.399081605916,650.0,0,8.04,3.0,56647.50000000001,-56647.50000000001,15071.972825128516,0,556.8949724310688,14308.219178082192,1,0,0,0,0,0
4504,100.05,22751.399081605916,650.0,0,8.04,3.0,65032.5,-65032.5,15071.972825128516,0,556.8949724310688,14308.219178082192,1,0,0,0,0,0
4505,83.38,11915.899081605916,650.0,0,8.04,3.0,54197.0,-54197.0,15071.972825128516,0,556.8949724310688,14308.219178082192,1,0,0,0,0,0
4506,89.0,15568.899081605916,650.0,0,8.04,3.0,57850.0,-57850.0,15071.972825128516,0,556.8949724310688,14308.219178082192,1,0,0,0,0,0
4507,166.93,66223.39908160592,650.0,0,8.04,3.0,108504.5,-108504.5,15071.972825128516,0,556.8949724310688,14308.219178082192,1,0,0,0,0,0
4508,45.81,3648.7931040225526,-659.6383232550305,5.0,8.04,3.0,-30218.031588312948,30218.031588312948,3138.0483456800653,15.0,116.83198947648592,14308.219178082192,0,1,0,0,0,0
4509,45.85,3622.407571092354,-659.6383232550305,5.0,8.04,3.0,-30244.41712124315,30244.41712124315,3138.0483456800653,15.0,116.83198947648592,14308.219178082192,0,1,0,0,0,0
4510,45.53,3833.491834533965,-659.6383232550305,5.0,8.04,3.0,-30033.33285780154,30033.33285780154,3138.0483456800653,15.0,116.83198947648592,14308.219178082192,0,1,0,0,0,0
4511,153.89,57747.39908160591,650.0,0,8.04,3.0,100028.49999999999,-100028.49999999999,15071.972825128516,0,556.8949724310688,14308.219178082192,1,0,0,0,0,0
4512,60.26,-3112.100918394087,650.0,0,8.04,3.0,39169.0,-39169.0,15071.972825128516,0,556.8949724310688,14308.219178082192,1,0,0,0,0,0
4513,37.43,9176.562252899712,-659.6383232550305,5.0,8.04,3.0,-24690.26243943579,24690.26243943579,3138.0483456800653,15.0,116.83198947648592,14308.219178082192,0,1,0,0,0,0
4514,24.01,18028.90855098222,-659.6383232550305,5.0,8.04,3.0,-15837.916141353284,15837.916141353284,3138.0483456800653,15.0,116.83198947648592,14308.219178082192,0,1,0,0,0,0
4515,24.9,17441.830443285246,-659.6383232550305,5.0,8.04,3.0,-16424.994249050258,16424.994249050258,3138.0483456800653,15.0,116.83198947648592,14308.219178082192,0,1,0,0,0,0
4516,26.29,16524.93317396075,-659.6383232550305,5.0,8.04,3.0,-17341.891518374752,17341.891518374752,3138.0483456800653,15.0,116.83198947648592,14308.219178082192,0,1,0,0,0,0
4517,28.42,15119.903545427536,-659.6383232550305,5.0,8.04,3.0,-18746.921146907967,18746.921146907967,3138.0483456800653,15.0,116.83198947648592,14308.219178082192,0,1,0,0,0,0
4518,30.11,14005.114779126536,-659.6383232550305,5.0,8.04,3.0,-19861.709913208968,19861.709913208968,3138.0483456800653,15.0,116.83198947648592,14308.219178082192,0,1,0,0,0,0
4519,59.64,-3515.100918394087,650.0,0,8.04,3.0,38766.0,-38766.0,15071.972825128516,0,556.8949724310688,14308.219178082192,1,0,0,0,0,0
4520,73.83,5708.399081605917,650.0,0,8.04,3.0,47989.5,-47989.5,15071.972825128516,0,556.8949724310688,14308.219178082192,1,0,0,0,0,0
4521,73.53,5513.399081605917,650.0,0,8.04,3.0,47794.5,-47794.5,15071.972825128516,0,556.8949724310688,14308.219178082192,1,0,0,0,0,0
4522,85.31,13170.399081605916,650.0,0,8.04,3.0,55451.5,-55451.5,15071.972825128516,0,556.8949724310688,14308.219178082192,1,0,0,0,0,0
4523,71.39,4122.399081605913,650.0,0,8.04,3.0,46403.5,-46403.5,15071.972825128516,0,556.8949724310688,14308.219178082192,1,0,0,0,0,0
4524,76.3,7313.899081605917,650.0,0,8.04,3.0,49595.0,-49595.0,15071.972825128516,0,556.8949724310688,14308.219178082192,1,0,0,0,0,0
4525,67.11,1340.3990816059131,650.0,0,8.04,3.0,43621.5,-43621.5,15071.972825128516,0,556.8949724310688,14308.219178082192,1,0,0,0,0,0
4526,65.55,326.399081605913,650.0,0,8.04,3.0,42607.5,-42607.5,15071.972825128516,0,556.8949724310688,14308.219178082192,1,0,0,0,0,0
4527,78.39,8672.399081605916,650.0,0,8.04,3.0,50953.5,-50953.5,15071.972825128516,0,556.8949724310688,14308.219178082192,1,0,0,0,0,0
4528,71.77,4369.399081605913,650.0,0,8.04,3.0,46650.5,-46650.5,15071.972825128516,0,556.8949724310688,14308.219178082192,1,0,0,0,0,0
4529,62.97,-1350.6009183940869,650.0,0,8.04,3.0,40930.5,-40930.5,15071.972825128516,0,556.8949724310688,14308.219178082192,1,0,0,0,0,0
4530,69.04,2594.8990816059204,650.0,0,8.04,3.0,44876.00000000001,-44876.00000000001,15071.972825128516,0,556.8949724310688,14308.219178082192,1,0,0,0,0,0
4531,77.17,7879.399081605917,650.0,0,8.04,3.0,50160.5,-50160.5,15071.972825128516,0,556.8949724310688,14308.219178082192,1,0,0,0,0,0
4532,68.96,2542.899081605906,650.0,0,8.04,3.0,44823.99999999999,-44823.99999999999,15071.972825128516,0,556.8949724310688,14308.219178082192,1,0,0,0,0,0
4533,47.59,2474.6368886286004,-659.6383232550305,5.0,8.04,3.0,-31392.187803706904,31392.187803706904,3138.0483456800653,15.0,116.83198947648592,14308.219178082192,0,1,0,0,0,0
4534,47.76,2362.4983736752515,-659.6383232550305,5.0,8.04,3.0,-31504.326318660256,31504.326318660256,3138.0483456800653,15.0,116.83198947648592,14308.219178082192,0,1,0,0,0,0
4535,36.73,9638.309079178234,-659.6383232550305,5.0,8.04,3.0,-24228.51561315727,24228.51561315727,3138.0483456800653,15.0,116.83198947648592,14308.219178082192,0,1,0,0,0,0
4536,29.51,14400.897773079552,-659.6383232550305,5.0,8.04,3.0,-19465.92691925595,19465.92691925595,3138.0483456800653,15.0,116.83198947648592,14308.219178082192,0,1,0,0,0,0
4537,30.02,14064.482228219491,-659.6383232550305,5.0,8.04,3.0,-19802.342464116016,19802.342464116016,3138.0483456800653,15.0,116.83198947648592,14308.219178082192,0,1,0,0,0,0
4538,31.45,13121.199425964795,-659.6383232550305,5.0,8.04,3.0,-20745.62526637071,20745.62526637071,3138.0483456800653,15.0,116.83198947648592,14308.219178082192,0,1,0,0,0,0
4539,26.82,16175.324862635585,-659.6383232550305,5.0,8.04,3.0,-17691.49982969992,17691.49982969992,3138.0483456800653,15.0,116.83198947648592,14308.219178082192,0,1,0,0,0,0
4540,29.77,14229.391809033248,-659.6383232550305,5.0,8.04,3.0,-19637.43288330226,19637.43288330226,3138.0483456800653,15.0,116.83198947648592,14308.219178082192,0,1,0,0,0,0
4541,29.98,14090.86776114969,-659.6383232550305,5.0,8.04,3.0,-19775.956931185814,19775.956931185814,3138.0483456800653,15.0,116.83198947648592,14308.219178082192,0,1,0,0,0,0
4542,32.14,12666.048982918826,-659.6383232550305,5.0,8.04,3.0,-21200.77570941668,21200.77570941668,3138.0483456800653,15.0,116.83198947648592,14308.219178082192,0,1,0,0,0,0
4543,34.73,10957.585725688295,-659.6383232550305,5.0,8.04,3.0,-22909.238966647208,22909.238966647208,3138.0483456800653,15.0,116.83198947648592,14308.219178082192,0,1,0,0,0,0
4544,44.88,4262.256744649734,-659.6383232550305,5.0,8.04,3.0,-29604.56794768577,29604.56794768577,3138.0483456800653,15.0,116.83198947648592,14308.219178082192,0,1,0,0,0,0
4545,57.41,-4003.011445735799,-659.6383232550305,5.0,8.04,3.0,-37869.8361380713,37869.8361380713,3138.0483456800653,15.0,116.83198947648592,14308.219178082192,0,1,0,0,0,0
4546,66.48,930.899081605913,650.0,0,8.04,3.0,43212.0,-43212.0,15071.972825128516,0,556.8949724310688,14308.219178082192,1,0,0,0,0,0
4547,81.29,10557.399081605916,650.0,0,8.04,3.0,52838.50000000001,-52838.50000000001,15071.972825128516,0,556.8949724310688,14308.219178082192,1,0,0,0,0,0
4548,66.77,1119.3990816059131,650.0,0,8.04,3.0,43400.5,-43400.5,15071.972825128516,0,556.8949724310688,14308.219178082192,1,0,0,0,0,0
4549,57.78,-4247.077625340156,-659.6383232550305,5.0,8.04,3.0,-38113.90231767567,38113.90231767567,3138.0483456800653,15.0,116.83198947648592,14308.219178082192,0,1,0,0,0,0
4550,60.34,-3060.100918394087,650.0,0,8.04,3.0,39221.0,-39221.0,15071.972825128516,0,556.8949724310688,14308.219178082192,1,0,0,0,0,0
4551,56.97,-3712.770583503581,-659.6383232550305,5.0,8.04,3.0,-37579.595275839085,37579.595275839085,3138.0483456800653,15.0,116.83198947648592,14308.219178082192,0,1,0,0,0,0
4552,90.01,16225.399081605916,650.0,0,8.04,3.0,58506.5,-58506.5,15071.972825128516,0,556.8949724310688,14308.219178082192,1,0,0,0,0,0
4553,874.17,525929.3990816058,650.0,0,8.04,3.0,568210.5,-568210.5,15071.972825128516,0,556.8949724310688,14308.219178082192,1,0,0,0,0,0
4554,73.47,5474.399081605917,650.0,0,8.04,3.0,47755.5,-47755.5,15071.972825128516,0,556.8949724310688,14308.219178082192,1,0,0,0,0,0
4555,114.25,31981.399081605916,650.0,0,8.04,3.0,74262.5,-74262.5,15071.972825128516,0,556.8949724310688,14308.219178082192,1,0,0,0,0,0
4556,68.93,2523.3990816059204,650.0,0,8.04,3.0,44804.50000000001,-44804.50000000001,15071.972825128516,0,556.8949724310688,14308.219178082192,1,0,0,0,0,0
4557,57.59,-4121.74634392171,-659.6383232550305,5.0,8.04,3.0,-37988.571036257206,37988.571036257206,3138.0483456800653,15.0,116.83198947648592,14308.219178082192,0,1,0,0,0,0
4558,44.25,4677.8288883004025,-659.6383232550305,5.0,8.04,3.0,-29188.9958040351,29188.9958040351,3138.0483456800653,15.0,116.83198947648592,14308.219178082192,0,1,0,0,0,0
4559,27.81,15522.282922613107,-659.6383232550305,5.0,8.04,3.0,-18344.541769722397,18344.541769722397,3138.0483456800653,15.0,116.83198947648592,14308.219178082192,0,1,0,0,0,0
4560,37.84,8906.110540365149,-659.6383232550305,5.0,8.04,3.0,-24960.71415197036,24960.71415197036,3138.0483456800653,15.0,116.83198947648592,14308.219178082192,0,1,0,0,0,0
4561,16.73,22831.075544278843,-659.6383232550305,5.0,8.04,3.0,-11035.74914805666,11035.74914805666,3138.0483456800653,15.0,116.83198947648592,14308.219178082192,0,1,0,0,0,0
4562,3.2,31755.982057919406,-659.6383232550305,5.0,8.04,3.0,-2110.8426344160976,2110.8426344160976,3138.0483456800653,15.0,116.83198947648592,14308.219178082192,0,1,0,0,0,0
4563,16.41,23042.159807720454,-659.6383232550305,5.0,8.04,3.0,-10824.664884615051,10824.664884615051,3138.0483456800653,15.0,116.83198947648592,14308.219178082192,0,1,0,0,0,0
4564,18.73,21511.798897768786,-659.6383232550305,5.0,8.04,3.0,-12355.025794566722,12355.025794566722,3138.0483456800653,15.0,116.83198947648592,14308.219178082192,0,1,0,0,0,0
4565,12.11,25878.604597717087,-659.6383232550305,5.0,8.04,3.0,-7988.220094618419,7988.220094618419,3138.0483456800653,15.0,116.83198947648592,14308.219178082192,0,1,0,0,0,0
4566,15.0,23972.249843510046,-659.6383232550305,5.0,8.04,3.0,-9894.574848825458,9894.574848825458,3138.0483456800653,15.0,116.83198947648592,14308.219178082192,0,1,0,0,0,0
4567,28.83,14849.451832892973,-659.6383232550305,5.0,8.04,3.0,-19017.37285944253,19017.37285944253,3138.0483456800653,15.0,116.83198947648592,14308.219178082192,0,1,0,0,0,0
4568,22.76,18853.456455051008,-659.6383232550305,5.0,8.04,3.0,-15013.368237284496,15013.368237284496,3138.0483456800653,15.0,116.83198947648592,14308.219178082192,0,1,0,0,0,0
4569,28.59,15007.765030474184,-659.6383232550305,5.0,8.04,3.0,-18859.059661861324,18859.059661861324,3138.0483456800653,15.0,116.83198947648592,14308.219178082192,0,1,0,0,0,0
4570,24.18,17916.770036028865,-659.6383232550305,5.0,8.04,3.0,-15950.054656306638,15950.054656306638,3138.0483456800653,15.0,116.83198947648592,14308.219178082192,0,1,0,0,0,0
4571,27.34,15832.31293454297,-659.6383232550305,5.0,8.04,3.0,-18034.511757792534,18034.511757792534,3138.0483456800653,15.0,116.83198947648592,14308.219178082192,0,1,0,0,0,0
4572,28.19,15271.620359776192,-659.6383232550305,5.0,8.04,3.0,-18595.20433255931,18595.20433255931,3138.0483456800653,15.0,116.83198947648592,14308.219178082192,0,1,0,0,0,0
4573,28.17,15284.813126241294,-659.6383232550305,5.0,8.04,3.0,-18582.01156609421,18582.01156609421,3138.0483456800653,15.0,116.83198947648592,14308.219178082192,0,1,0,0,0,0
4574,36.83,9572.345246852728,-659.6383232550305,5.0,8.04,3.0,-24294.47944548277,24294.47944548277,3138.0483456800653,15.0,116.83198947648592,14308.219178082192,0,1,0,0,0,0
4575,53.67,-1535.9641167619843,-659.6383232550305,5.0,8.04,3.0,-35402.78880909749,35402.78880909749,3138.0483456800653,15.0,116.83198947648592,14308.219178082192,0,1,0,0,0,0
4576,34.95,10812.465294572186,-659.6383232550305,5.0,8.04,3.0,-23054.359397763317,23054.359397763317,3138.0483456800653,15.0,116.83198947648592,14308.219178082192,0,1,0,0,0,0
4577,306.43,156898.39908160592,650.0,0,8.04,3.0,199179.5,-199179.5,15071.972825128516,0,556.8949724310688,14308.219178082192,1,0,0,0,0,0
4578,622.33,362233.3990816059,650.0,0,8.04,3.0,404514.5,-404514.5,15071.972825128516,0,556.8949724310688,14308.219178082192,1,0,0,0,0,0
4579,748.91,444510.3990816059,650.0,0,8.04,3.0,486791.5,-486791.5,15071.972825128516,0,556.8949724310688,14308.219178082192,1,0,0,0,0,0
4580,73.69,5617.399081605917,650.0,0,8.04,3.0,47898.5,-47898.5,15071.972825128516,0,556.8949724310688,14308.219178082192,1,0,0,0,0,0
4581,63.07,-1285.6009183940869,650.0,0,8.04,3.0,40995.5,-40995.5,15071.972825128516,0,556.8949724310688,14308.219178082192,1,0,0,0,0,0
4582,55.65,-2842.047996806941,-659.6383232550305,5.0,8.04,3.0,-36708.872689142445,36708.872689142445,3138.0483456800653,15.0,116.83198947648592,14308.219178082192,0,1,0,0,0,0
4583,47.41,2593.371786814511,-659.6383232550305,5.0,8.04,3.0,-31273.452905520993,31273.452905520993,3138.0483456800653,15.0,116.83198947648592,14308.219178082192,0,1,0,0,0,0
4584,40.48,7164.665366971869,-659.6383232550305,5.0,8.04,3.0,-26702.159325363635,26702.159325363635,3138.0483456800653,15.0,116.83198947648592,14308.219178082192,0,1,0,0,0,0
4585,35.38,10528.820815572522,-659.6383232550305,5.0,8.04,3.0,-23338.00387676298,23338.00387676298,3138.0483456800653,15.0,116.83198947648592,14308.219178082192,0,1,0,0,0,0
4586,30.31,13873.187114475528,-659.6383232550305,5.0,8.04,3.0,-19993.637577859972,19993.637577859972,3138.0483456800653,15.0,116.83198947648592,14308.219178082192,0,1,0,0,0,0
4587,14.28,24447.18943625367,-659.6383232550305,5.0,8.04,3.0,-9419.635256081836,9419.635256081836,3138.0483456800653,15.0,116.83198947648592,14308.219178082192,0,1,0,0,0,0
4588,22.88,18774.299856260404,-659.6383232550305,5.0,8.04,3.0,-15092.524836075097,15092.524836075097,3138.0483456800653,15.0,116.83198947648592,14308.219178082192,0,1,0,0,0,0
4589,29.39,14480.054371870156,-659.6383232550305,5.0,8.04,3.0,-19386.770320465348,19386.770320465348,3138.0483456800653,15.0,116.83198947648592,14308.219178082192,0,1,0,0,0,0
4590,24.06,17995.926634819472,-659.6383232550305,5.0,8.04,3.0,-15870.898057516033,15870.898057516033,3138.0483456800653,15.0,116.83198947648592,14308.219178082192,0,1,0,0,0,0
4591,35.33,10561.802731735275,-659.6383232550305,5.0,8.04,3.0,-23305.02196060023,23305.02196060023,3138.0483456800653,15.0,116.83198947648592,14308.219178082192,0,1,0,0,0,0
4592,62.79,-1467.6009183940869,650.0,0,8.04,3.0,40813.5,-40813.5,15071.972825128516,0,556.8949724310688,14308.219178082192,1,0,0,0,0,0
4593,100.72,23186.899081605916,650.0,0,8.04,3.0,65468.0,-65468.0,15071.972825128516,0,556.8949724310688,14308.219178082192,1,0,0,0,0,0
4594,60.54,-2930.100918394087,650.0,0,8.04,3.0,39351.0,-39351.0,15071.972825128516,0,556.8949724310688,14308.219178082192,1,0,0,0,0,0
4595,47.65,2435.0585892333006,-659.6383232550305,5.0,8.04,3.0,-31431.766103102203,31431.766103102203,3138.0483456800653,15.0,116.83198947648592,14308.219178082192,0,1,0,0,0,0
4596,25.85,16815.174036192966,-659.6383232550305,5.0,8.04,3.0,-17051.65065614254,17051.65065614254,3138.0483456800653,15.0,116.83198947648592,14308.219178082192,0,1,0,0,0,0
4597,48.0,2204.1851760940376,-659.6383232550305,5.0,8.04,3.0,-31662.639516241463,31662.639516241463,3138.0483456800653,15.0,116.83198947648592,14308.219178082192,0,1,0,0,0,0
4598,90.08,16270.899081605916,650.0,0,8.04,3.0,58552.0,-58552.0,15071.972825128516,0,556.8949724310688,14308.219178082192,1,0,0,0,0,0
4599,50.18,766.1736313980732,-659.6383232550305,5.0,8.04,3.0,-33100.65106093743,33100.65106093743,3138.0483456800653,15.0,116.83198947648592,14308.219178082192,0,1,0,0,0,0
4600,37.48,9143.580336736963,-659.6383232550305,5.0,8.04,3.0,-24723.24435559854,24723.24435559854,3138.0483456800653,15.0,116.83198947648592,14308.219178082192,0,1,0,0,0,0
4601,42.88,5581.533391159795,-659.6383232550305,5.0,8.04,3.0,-28285.291301175712,28285.291301175712,3138.0483456800653,15.0,116.83198947648592,14308.219178082192,0,1,0,0,0,0
4602,57.22,-3877.680164317338,-659.6383232550305,5.0,8.04,3.0,-37744.50485665284,37744.50485665284,3138.0483456800653,15.0,116.83198947648592,14308.219178082192,0,1,0,0,0,0
4603,72.29,4707.39908160592,650.0,0,8.04,3.0,46988.50000000001,-46988.50000000001,15071.972825128516,0,556.8949724310688,14308.219178082192,1,0,0,0,0,0
4604,66.64,1034.8990816059131,650.0,0,8.04,3.0,43316.0,-43316.0,15071.972825128516,0,556.8949724310688,14308.219178082192,1,0,0,0,0,0
4605,51.86,-342.01875167037315,-659.6383232550305,5.0,8.04,3.0,-34208.843444005885,34208.843444005885,3138.0483456800653,15.0,116.83198947648592,14308.219178082192,0,1,0,0,0,0
4606,37.02,9447.013965434275,-659.6383232550305,5.0,8.04,3.0,-24419.810726901233,24419.810726901233,3138.0483456800653,15.0,116.83198947648592,14308.219178082192,0,1,0,0,0,0
4607,19.26,21162.190586443616,-659.6383232550305,5.0,8.04,3.0,-12704.634105891888,12704.634105891888,3138.0483456800653,15.0,116.83198947648592,14308.219178082192,0,1,0,0,0,0
4608,11.6,26215.020142577152,-659.6383232550305,5.0,8.04,3.0,-7651.8045497583535,7651.8045497583535,3138.0483456800653,15.0,116.83198947648592,14308.219178082192,0,1,0,0,0,0
4609,22.62,18945.805820306712,-659.6383232550305,5.0,8.04,3.0,-14921.018872028792,14921.018872028792,3138.0483456800653,15.0,116.83198947648592,14308.219178082192,0,1,0,0,0,0
4610,25.9,16782.192120030213,-659.6383232550305,5.0,8.04,3.0,-17084.63257230529,17084.63257230529,3138.0483456800653,15.0,116.83198947648592,14308.219178082192,0,1,0,0,0,0
4611,23.46,18391.709628772485,-659.6383232550305,5.0,8.04,3.0,-15475.115063563017,15475.115063563017,3138.0483456800653,15.0,116.83198947648592,14308.219178082192,0,1,0,0,0,0
4612,20.76,20172.73310156107,-659.6383232550305,5.0,8.04,3.0,-13694.091590774435,13694.091590774435,3138.0483456800653,15.0,116.83198947648592,14308.219178082192,0,1,0,0,0,0
4613,21.15,19915.47415549161,-659.6383232550305,5.0,8.04,3.0,-13951.350536843895,13951.350536843895,3138.0483456800653,15.0,116.83198947648592,14308.219178082192,0,1,0,0,0,0
4614,27.15,15957.644215961427,-659.6383232550305,5.0,8.04,3.0,-17909.180476374077,17909.180476374077,3138.0483456800653,15.0,116.83198947648592,14308.219178082192,0,1,0,0,0,0
4615,38.85,8239.87583387757,-659.6383232550305,5.0,8.04,3.0,-25626.948858457938,25626.948858457938,3138.0483456800653,15.0,116.83198947648592,14308.219178082192,0,1,0,0,0,0
4616,161.49,62687.39908160592,650.0,0,8.04,3.0,104968.5,-104968.5,15071.972825128516,0,556.8949724310688,14308.219178082192,1,0,0,0,0,0
4617,61.79,-2117.600918394087,650.0,0,8.04,3.0,40163.5,-40163.5,15071.972825128516,0,556.8949724310688,14308.219178082192,1,0,0,0,0,0
4618,57.25,-3897.46931401499,-659.6383232550305,5.0,8.04,3.0,-37764.294006350494,37764.294006350494,3138.0483456800653,15.0,116.83198947648592,14308.219178082192,0,1,0,0,0,0
4619,55.21,-2551.80713457473,-659.6383232550305,5.0,8.04,3.0,-36418.631826910234,36418.631826910234,3138.0483456800653,15.0,116.83198947648592,14308.219178082192,0,1,0,0,0,0
4620,64.25,-518.600918394087,650.0,0,8.04,3.0,41762.5,-41762.5,15071.972825128516,0,556.8949724310688,14308.219178082192,1,0,0,0,0,0
4621,79.34,9289.899081605916,650.0,0,8.04,3.0,51571.0,-51571.0,15071.972825128516,0,556.8949724310688,14308.219178082192,1,0,0,0,0,0
4622,75.27,6644.399081605917,650.0,0,8.04,3.0,48925.5,-48925.5,15071.972825128516,0,556.8949724310688,14308.219178082192,1,0,0,0,0,0
4623,149.49,54887.39908160592,650.0,0,8.04,3.0,97168.5,-97168.5,15071.972825128516,0,556.8949724310688,14308.219178082192,1,0,0,0,0,0
4624,158.1,60483.89908160592,650.0,0,8.04,3.0,102765.0,-102765.0,15071.972825128516,0,556.8949724310688,14308.219178082192,1,0,0,0,0,0
4625,69.86,3127.899081605913,650.0,0,8.04,3.0,45409.0,-45409.0,15071.972825128516,0,556.8949724310688,14308.219178082192,1,0,0,0,0,0
4626,58.6,-4191.100918394087,650.0,0,8.04,3.0,38090.0,-38090.0,15071.972825128516,0,556.8949724310688,14308.219178082192,1,0,0,0,0,0
4627,66.66,1047.8990816059131,650.0,0,8.04,3.0,43329.0,-43329.0,15071.972825128516,0,556.8949724310688,14308.219178082192,1,0,0,0,0,0
4628,67.47,1574.3990816059131,650.0,0,8.04,3.0,43855.5,-43855.5,15071.972825128516,0,556.8949724310688,14308.219178082192,1,0,0,0,0,0
4629,57.81,-4266.866775037808,-659.6383232550305,5.0,8.04,3.0,-38133.69146737332,38133.69146737332,3138.0483456800653,15.0,116.83198947648592,14308.219178082192,0,1,0,0,0,0
4630,46.46,3220.028193906787,-659.6383232550305,5.0,8.04,3.0,-30646.796498428717,30646.796498428717,3138.0483456800653,15.0,116.83198947648592,14308.219178082192,0,1,0,0,0,0
4631,30.58,13695.084767196673,-659.6383232550305,5.0,8.04,3.0,-20171.73992513883,20171.73992513883,3138.0483456800653,15.0,116.83198947648592,14308.219178082192,0,1,0,0,0,0
4632,39.59,7751.743474668845,-659.6383232550305,5.0,8.04,3.0,-26115.08121766666,26115.08121766666,3138.0483456800653,15.0,116.83198947648592,14308.219178082192,0,1,0,0,0,0
4633,43.62,5093.401031951074,-659.6383232550305,5.0,8.04,3.0,-28773.42366038443,28773.42366038443,3138.0483456800653,15.0,116.83198947648592,14308.219178082192,0,1,0,0,0,0
4634,36.13,10034.092073131247,-659.6383232550305,5.0,8.04,3.0,-23832.732619204253,23832.732619204253,3138.0483456800653,15.0,116.83198947648592,14308.219178082192,0,1,0,0,0,0
4635,36.15,10020.899306666153,-659.6383232550305,5.0,8.04,3.0,-23845.92538566935,23845.92538566935,3138.0483456800653,15.0,116.83198947648592,14308.219178082192,0,1,0,0,0,0
4636,37.4,9196.351402597364,-659.6383232550305,5.0,8.04,3.0,-24670.47328973814,24670.47328973814,3138.0483456800653,15.0,116.83198947648592,14308.219178082192,0,1,0,0,0,0
4637,39.23,7989.213271040659,-659.6383232550305,5.0,8.04,3.0,-25877.611421294845,25877.611421294845,3138.0483456800653,15.0,116.83198947648592,14308.219178082192,0,1,0,0,0,0
4638,42.84,5607.918924089994,-659.6383232550305,5.0,8.04,3.0,-28258.90576824551,28258.90576824551,3138.0483456800653,15.0,116.83198947648592,14308.219178082192,0,1,0,0,0,0
4639,49.87,970.6615116071339,-659.6383232550305,5.0,8.04,3.0,-32896.16318072837,32896.16318072837,3138.0483456800653,15.0,116.83198947648592,14308.219178082192,0,1,0,0,0,0
4640,58.48,-4269.100918394087,650.0,0,8.04,3.0,38012.0,-38012.0,15071.972825128516,0,556.8949724310688,14308.219178082192,1,0,0,0,0,0
4641,72.67,4954.399081605917,650.0,0,8.04,3.0,47235.5,-47235.5,15071.972825128516,0,556.8949724310688,14308.219178082192,1,0,0,0,0,0
4642,76.6,7508.899081605902,650.0,0,8.04,3.0,49789.99999999999,-49789.99999999999,15071.972825128516,0,556.8949724310688,14308.219178082192,1,0,0,0,0,0
4643,86.14,13709.899081605916,650.0,0,8.04,3.0,55991.0,-55991.0,15071.972825128516,0,556.8949724310688,14308.219178082192,1,0,0,0,0,0
4644,91.18,16985.899081605916,650.0,0,8.04,3.0,59267.00000000001,-59267.00000000001,15071.972825128516,0,556.8949724310688,14308.219178082192,1,0,0,0,0,0
4645,83.29,11857.399081605916,650.0,0,8.04,3.0,54138.50000000001,-54138.50000000001,15071.972825128516,0,556.8949724310688,14308.219178082192,1,0,0,0,0,0
4646,111.14,29959.899081605916,650.0,0,8.04,3.0,72241.0,-72241.0,15071.972825128516,0,556.8949724310688,14308.219178082192,1,0,0,0,0,0
4647,138.11,47490.39908160594,650.0,0,8.04,3.0,89771.50000000001,-89771.50000000001,15071.972825128516,0,556.8949724310688,14308.219178082192,1,0,0,0,0,0
4648,111.3,30063.899081605916,650.0,0,8.04,3.0,72345.0,-72345.0,15071.972825128516,0,556.8949724310688,14308.219178082192,1,0,0,0,0,0
4649,91.67,17304.399081605916,650.0,0,8.04,3.0,59585.5,-59585.5,15071.972825128516,0,556.8949724310688,14308.219178082192,1,0,0,0,0,0
4650,89.55,15926.399081605916,650.0,0,8.04,3.0,58207.5,-58207.5,15071.972825128516,0,556.8949724310688,14308.219178082192,1,0,0,0,0,0
4651,85.49,13287.399081605916,650.0,0,8.04,3.0,55568.5,-55568.5,15071.972825128516,0,556.8949724310688,14308.219178082192,1,0,0,0,0,0
4652,71.95,4486.399081605913,650.0,0,8.04,3.0,46767.5,-46767.5,15071.972825128516,0,556.8949724310688,14308.219178082192,1,0,0,0,0,0
4653,43.83,4954.8769840675195,-659.6383232550305,5.0,8.04,3.0,-28911.947708267988,28911.947708267988,3138.0483456800653,15.0,116.83198947648592,14308.219178082192,0,1,0,0,0,0
4654,38.5,8470.749247016833,-659.6383232550305,5.0,8.04,3.0,-25396.075445318675,25396.075445318675,3138.0483456800653,15.0,116.83198947648592,14308.219178082192,0,1,0,0,0,0
4655,31.47,13108.006659499693,-659.6383232550305,5.0,8.04,3.0,-20758.81803283581,20758.81803283581,3138.0483456800653,15.0,116.83198947648592,14308.219178082192,0,1,0,0,0,0
4656,24.62,17626.529173796655,-659.6383232550305,5.0,8.04,3.0,-16240.295518538853,16240.295518538853,3138.0483456800653,15.0,116.83198947648592,14308.219178082192,0,1,0,0,0,0
4657,25.96,16742.61382063491,-659.6383232550305,5.0,8.04,3.0,-17124.210871700594,17124.210871700594,3138.0483456800653,15.0,116.83198947648592,14308.219178082192,0,1,0,0,0,0
4658,25.42,17098.818515192626,-659.6383232550305,5.0,8.04,3.0,-16768.006177142877,16768.006177142877,3138.0483456800653,15.0,116.83198947648592,14308.219178082192,0,1,0,0,0,0
4659,23.67,18253.18558088893,-659.6383232550305,5.0,8.04,3.0,-15613.639111446573,15613.639111446573,3138.0483456800653,15.0,116.83198947648592,14308.219178082192,0,1,0,0,0,0
4660,22.33,19137.10093405067,-659.6383232550305,5.0,8.04,3.0,-14729.72375828483,14729.72375828483,3138.0483456800653,15.0,116.83198947648592,14308.219178082192,0,1,0,0,0,0
4661,27.2,15924.662299798674,-659.6383232550305,5.0,8.04,3.0,-17942.16239253683,17942.16239253683,3138.0483456800653,15.0,116.83198947648592,14308.219178082192,0,1,0,0,0,0
4662,25.69,16920.716167913768,-659.6383232550305,5.0,8.04,3.0,-16946.108524421736,16946.108524421736,3138.0483456800653,15.0,116.83198947648592,14308.219178082192,0,1,0,0,0,0
4663,28.82,14856.048216125524,-659.6383232550305,5.0,8.04,3.0,-19010.77647620998,19010.77647620998,3138.0483456800653,15.0,116.83198947648592,14308.219178082192,0,1,0,0,0,0
4664,27.44,15766.349102217464,-659.6383232550305,5.0,8.04,3.0,-18100.47559011804,18100.47559011804,3138.0483456800653,15.0,116.83198947648592,14308.219178082192,0,1,0,0,0,0
4665,32.03,12738.609198476875,-659.6383232550305,5.0,8.04,3.0,-21128.215493858628,21128.215493858628,3138.0483456800653,15.0,116.83198947648592,14308.219178082192,0,1,0,0,0,0
4666,45.13,4097.347163835977,-659.6383232550305,5.0,8.04,3.0,-29769.47752849953,29769.47752849953,3138.0483456800653,15.0,116.83198947648592,14308.219178082192,0,1,0,0,0,0
4667,50.36,647.4387332121701,-659.6383232550305,5.0,8.04,3.0,-33219.385959123334,33219.385959123334,3138.0483456800653,15.0,116.83198947648592,14308.219178082192,0,1,0,0,0,0
4668,50.17,772.7700146306238,-659.6383232550305,5.0,8.04,3.0,-33094.05467770488,33094.05467770488,3138.0483456800653,15.0,116.83198947648592,14308.219178082192,0,1,0,0,0,0
4669,51.5,-104.54895529856688,-659.6383232550305,5.0,8.04,3.0,-33971.37364763407,33971.37364763407,3138.0483456800653,15.0,116.83198947648592,14308.219178082192,0,1,0,0,0,0
4670,55.74,-2901.415445899896,-659.6383232550305,5.0,8.04,3.0,-36768.2401382354,36768.2401382354,3138.0483456800653,15.0,116.83198947648592,14308.219178082192,0,1,0,0,0,0
4671,44.35,4611.8650559749,-659.6383232550305,5.0,8.04,3.0,-29254.959636360603,29254.959636360603,3138.0483456800653,15.0,116.83198947648592,14308.219178082192,0,1,0,0,0,0
4672,46.78,3008.9439304651755,-659.6383232550305,5.0,8.04,3.0,-30857.88076187033,30857.88076187033,3138.0483456800653,15.0,116.83198947648592,14308.219178082192,0,1,0,0,0,0
4673,49.59,1155.3602421185392,-659.6383232550305,5.0,8.04,3.0,-32711.464450216965,32711.464450216965,3138.0483456800653,15.0,116.83198947648592,14308.219178082192,0,1,0,0,0,0
4674,55.85,-2973.975661457945,-659.6383232550305,5.0,8.04,3.0,-36840.80035379346,36840.80035379346,3138.0483456800653,15.0,116.83198947648592,14308.219178082192,0,1,0,0,0,0
4675,50.95,258.25212249170045,-659.6383232550305,5.0,8.04,3.0,-33608.572569843804,33608.572569843804,3138.0483456800653,15.0,116.83198947648592,14308.219178082192,0,1,0,0,0,0
4676,48.92,1597.3179186994098,-659.6383232550305,5.0,8.04,3.0,-32269.506773636094,32269.506773636094,3138.0483456800653,15.0,116.83198947648592,14308.219178082192,0,1,0,0,0,0
4677,43.75,5007.6480499279205,-659.6383232550305,5.0,8.04,3.0,-28859.176642407587,28859.176642407587,3138.0483456800653,15.0,116.83198947648592,14308.219178082192,0,1,0,0,0,0
4678,46.39,3266.202876534637,-659.6383232550305,5.0,8.04,3.0,-30600.621815800867,30600.621815800867,3138.0483456800653,15.0,116.83198947648592,14308.219178082192,0,1,0,0,0,0
4679,31.94,12797.97664756983,-659.6383232550305,5.0,8.04,3.0,-21068.848044765677,21068.848044765677,3138.0483456800653,15.0,116.83198947648592,14308.219178082192,0,1,0,0,0,0
4680,27.75,15561.861222008407,-659.6383232550305,5.0,8.04,3.0,-18304.963470327097,18304.963470327097,3138.0483456800653,15.0,116.83198947648592,14308.219178082192,0,1,0,0,0,0
4681,25.6,16980.083617006723,-659.6383232550305,5.0,8.04,3.0,-16886.74107532878,16886.74107532878,3138.0483456800653,15.0,116.83198947648592,14308.219178082192,0,1,0,0,0,0
4682,22.06,19315.20328132953,-659.6383232550305,5.0,8.04,3.0,-14551.621411005972,14551.621411005972,3138.0483456800653,15.0,116.83198947648592,14308.219178082192,0,1,0,0,0,0
4683,27.17,15944.451449496322,-659.6383232550305,5.0,8.04,3.0,-17922.37324283918,17922.37324283918,3138.0483456800653,15.0,116.83198947648592,14308.219178082192,0,1,0,0,0,0
4684,27.68,15608.035904636261,-659.6383232550305,5.0,8.04,3.0,-18258.788787699243,18258.788787699243,3138.0483456800653,15.0,116.83198947648592,14308.219178082192,0,1,0,0,0,0
4685,28.71,14928.608431683577,-659.6383232550305,5.0,8.04,3.0,-18938.216260651927,18938.216260651927,3138.0483456800653,15.0,116.83198947648592,14308.219178082192,0,1,0,0,0,0
4686,38.31,8596.080528435283,-659.6383232550305,5.0,8.04,3.0,-25270.74416390022,25270.74416390022,3138.0483456800653,15.0,116.83198947648592,14308.219178082192,0,1,0,0,0,0
4687,46.84,2969.365631069872,-659.6383232550305,5.0,8.04,3.0,-30897.459061265632,30897.459061265632,3138.0483456800653,15.0,116.83198947648592,14308.219178082192,0,1,0,0,0,0
4688,48.66,1768.8238827457212,-659.6383232550305,5.0,8.04,3.0,-32098.000809589783,32098.000809589783,3138.0483456800653,15.0,116.83198947648592,14308.219178082192,0,1,0,0,0,0
4689,57.63,-4148.131876851905,-659.6383232550305,5.0,8.04,3.0,-38014.95656918741,38014.95656918741,3138.0483456800653,15.0,116.83198947648592,14308.219178082192,0,1,0,0,0,0
4690,58.82,-4048.100918394087,650.0,0,8.04,3.0,38233.0,-38233.0,15071.972825128516,0,556.8949724310688,14308.219178082192,1,0,0,0,0,0
4691,63.07,-1285.6009183940869,650.0,0,8.04,3.0,40995.5,-40995.5,15071.972825128516,0,556.8949724310688,14308.219178082192,1,0,0,0,0,0
4692,75.12,6546.899081605917,650.0,0,8.04,3.0,48828.0,-48828.0,15071.972825128516,0,556.8949724310688,14308.219178082192,1,0,0,0,0,0
4693,78.85,8971.399081605901,650.0,0,8.04,3.0,51252.49999999999,-51252.49999999999,15071.972825128516,0,556.8949724310688,14308.219178082192,1,0,0,0,0,0
4694,82.67,11454.399081605916,650.0,0,8.04,3.0,53735.5,-53735.5,15071.972825128516,0,556.8949724310688,14308.219178082192,1,0,0,0,0,0
4695,83.54,12019.899081605916,650.0,0,8.04,3.0,54301.00000000001,-54301.00000000001,15071.972825128516,0,556.8949724310688,14308.219178082192,1,0,0,0,0,0
4696,84.67,12754.399081605916,650.0,0,8.04,3.0,55035.5,-55035.5,15071.972825128516,0,556.8949724310688,14308.219178082192,1,0,0,0,0,0
4697,86.36,13852.899081605916,650.0,0,8.04,3.0,56134.0,-56134.0,15071.972825128516,0,556.8949724310688,14308.219178082192,1,0,0,0,0,0
4698,76.43,7398.399081605917,650.0,0,8.04,3.0,49679.50000000001,-49679.50000000001,15071.972825128516,0,556.8949724310688,14308.219178082192,1,0,0,0,0,0
4699,71.4,4128.89908160592,650.0,0,8.04,3.0,46410.00000000001,-46410.00000000001,15071.972825128516,0,556.8949724310688,14308.219178082192,1,0,0,0,0,0
4700,79.79,9582.399081605916,650.0,0,8.04,3.0,51863.50000000001,-51863.50000000001,15071.972825128516,0,556.8949724310688,14308.219178082192,1,0,0,0,0,0
4701,66.47,924.399081605913,650.0,0,8.04,3.0,43205.5,-43205.5,15071.972825128516,0,556.8949724310688,14308.219178082192,1,0,0,0,0,0
4702,58.12,-4471.354655246869,-659.6383232550305,5.0,8.04,3.0,-38338.17934758237,38338.17934758237,3138.0483456800653,15.0,116.83198947648592,14308.219178082192,0,1,0,0,0,0
4703,49.31,1340.0589726299518,-659.6383232550305,5.0,8.04,3.0,-32526.765719705556,32526.765719705556,3138.0483456800653,15.0,116.83198947648592,14308.219178082192,0,1,0,0,0,0
4704,50.85,324.21595481719896,-659.6383232550305,5.0,8.04,3.0,-33542.608737518305,33542.608737518305,3138.0483456800653,15.0,116.83198947648592,14308.219178082192,0,1,0,0,0,0
4705,43.81,4968.069750532613,-659.6383232550305,5.0,8.04,3.0,-28898.754941802887,28898.754941802887,3138.0483456800653,15.0,116.83198947648592,14308.219178082192,0,1,0,0,0,0
4706,37.3,9262.31523492287,-659.6383232550305,5.0,8.04,3.0,-24604.509457412638,24604.509457412638,3138.0483456800653,15.0,116.83198947648592,14308.219178082192,0,1,0,0,0,0
4707,36.81,9585.53801331783,-659.6383232550305,5.0,8.04,3.0,-24281.286679017674,24281.286679017674,3138.0483456800653,15.0,116.83198947648592,14308.219178082192,0,1,0,0,0,0
4708,37.21,9321.682684015821,-659.6383232550305,5.0,8.04,3.0,-24545.142008319686,24545.142008319686,3138.0483456800653,15.0,116.83198947648592,14308.219178082192,0,1,0,0,0,0
4709,37.36,9222.736935527562,-659.6383232550305,5.0,8.04,3.0,-24644.08775680794,24644.08775680794,3138.0483456800653,15.0,116.83198947648592,14308.219178082192,0,1,0,0,0,0
4710,38.3,8602.676911667837,-659.6383232550305,5.0,8.04,3.0,-25264.147780667667,25264.147780667667,3138.0483456800653,15.0,116.83198947648592,14308.219178082192,0,1,0,0,0,0
4711,44.19,4717.40718769571,-659.6383232550305,5.0,8.04,3.0,-29149.417504639798,29149.417504639798,3138.0483456800653,15.0,116.83198947648592,14308.219178082192,0,1,0,0,0,0
4712,55.65,-2842.047996806941,-659.6383232550305,5.0,8.04,3.0,-36708.872689142445,36708.872689142445,3138.0483456800653,15.0,116.83198947648592,14308.219178082192,0,1,0,0,0,0
4713,59.9,-3346.100918394087,650.0,0,8.04,3.0,38935.0,-38935.0,15071.972825128516,0,556.8949724310688,14308.219178082192,1,0,0,0,0,0
4714,63.87,-765.600918394087,650.0,0,8.04,3.0,41515.5,-41515.5,15071.972825128516,0,556.8949724310688,14308.219178082192,1,0,0,0,0,0
4715,70.67,3654.399081605913,650.0,0,8.04,3.0,45935.5,-45935.5,15071.972825128516,0,556.8949724310688,14308.219178082192,1,0,0,0,0,0
4716,80.23,9868.399081605916,650.0,0,8.04,3.0,52149.5,-52149.5,15071.972825128516,0,556.8949724310688,14308.219178082192,1,0,0,0,0,0
4717,95.99,20112.399081605916,650.0,0,8.04,3.0,62393.5,-62393.5,15071.972825128516,0,556.8949724310688,14308.219178082192,1,0,0,0,0,0
4718,95.27,19644.399081605916,650.0,0,8.04,3.0,61925.5,-61925.5,15071.972825128516,0,556.8949724310688,14308.219178082192,1,0,0,0,0,0
4719,86.22,13761.899081605916,650.0,0,8.04,3.0,56043.0,-56043.0,15071.972825128516,0,556.8949724310688,14308.219178082192,1,0,0,0,0,0
4720,84.74,12799.899081605916,650.0,0,8.04,3.0,55081.0,-55081.0,15071.972825128516,0,556.8949724310688,14308.219178082192,1,0,0,0,0,0
4721,83.48,11980.899081605916,650.0,0,8.04,3.0,54262.0,-54262.0,15071.972825128516,0,556.8949724310688,14308.219178082192,1,0,0,0,0,0
4722,76.85,7671.399081605902,650.0,0,8.04,3.0,49952.49999999999,-49952.49999999999,15071.972825128516,0,556.8949724310688,14308.219178082192,1,0,0,0,0,0
4723,69.26,2737.899081605913,650.0,0,8.04,3.0,45019.0,-45019.0,15071.972825128516,0,556.8949724310688,14308.219178082192,1,0,0,0,0,0
4724,70.19,3342.399081605913,650.0,0,8.04,3.0,45623.5,-45623.5,15071.972825128516,0,556.8949724310688,14308.219178082192,1,0,0,0,0,0
4725,99.75,22556.399081605916,650.0,0,8.04,3.0,64837.5,-64837.5,15071.972825128516,0,556.8949724310688,14308.219178082192,1,0,0,0,0,0
4726,109.35,28796.399081605916,650.0,0,8.04,3.0,71077.5,-71077.5,15071.972825128516,0,556.8949724310688,14308.219178082192,1,0,0,0,0,0
4727,57.48,-4049.186128363646,-659.6383232550305,5.0,8.04,3.0,-37916.01082069915,37916.01082069915,3138.0483456800653,15.0,116.83198947648592,14308.219178082192,0,1,0,0,0,0
4728,49.56,1175.149391816191,-659.6383232550305,5.0,8.04,3.0,-32691.675300519313,32691.675300519313,3138.0483456800653,15.0,116.83198947648592,14308.219178082192,0,1,0,0,0,0
4729,43.73,5020.840816393025,-659.6383232550305,5.0,8.04,3.0,-28845.983875942482,28845.983875942482,3138.0483456800653,15.0,116.83198947648592,14308.219178082192,0,1,0,0,0,0
4730,37.61,9057.827354713805,-659.6383232550305,5.0,8.04,3.0,-24808.9973376217,24808.9973376217,3138.0483456800653,15.0,116.83198947648592,14308.219178082192,0,1,0,0,0,0
4731,37.0,9460.206731899372,-659.6383232550305,5.0,8.04,3.0,-24406.617960436128,24406.617960436128,3138.0483456800653,15.0,116.83198947648592,14308.219178082192,0,1,0,0,0,0
4732,33.24,11940.446827338288,-659.6383232550305,5.0,8.04,3.0,-21926.377864997216,21926.377864997216,3138.0483456800653,15.0,116.83198947648592,14308.219178082192,0,1,0,0,0,0
4733,36.22,9974.7246240383,-659.6383232550305,5.0,8.04,3.0,-23892.100068297204,23892.100068297204,3138.0483456800653,15.0,116.83198947648592,14308.219178082192,0,1,0,0,0,0
4734,35.39,10522.224432339975,-659.6383232550305,5.0,8.04,3.0,-23344.60025999553,23344.60025999553,3138.0483456800653,15.0,116.83198947648592,14308.219178082192,0,1,0,0,0,0
4735,40.19,7355.960480715828,-659.6383232550305,5.0,8.04,3.0,-26510.864211619675,26510.864211619675,3138.0483456800653,15.0,116.83198947648592,14308.219178082192,0,1,0,0,0,0
4736,50.57,508.9146853286152,-659.6383232550305,5.0,8.04,3.0,-33357.910007006896,33357.910007006896,3138.0483456800653,15.0,116.83198947648592,14308.219178082192,0,1,0,0,0,0
4737,56.09,-3132.288859039159,-659.6383232550305,5.0,8.04,3.0,-36999.11355137466,36999.11355137466,3138.0483456800653,15.0,116.83198947648592,14308.219178082192,0,1,0,0,0,0
4738,62.45,-1688.6009183940869,650.0,0,8.04,3.0,40592.5,-40592.5,15071.972825128516,0,556.8949724310688,14308.219178082192,1,0,0,0,0,0
4739,68.95,2536.399081605913,650.0,0,8.04,3.0,44817.5,-44817.5,15071.972825128516,0,556.8949724310688,14308.219178082192,1,0,0,0,0,0
4740,72.24,4674.899081605913,650.0,0,8.04,3.0,46956.0,-46956.0,15071.972825128516,0,556.8949724310688,14308.219178082192,1,0,0,0,0,0
4741,74.31,6020.399081605917,650.0,0,8.04,3.0,48301.5,-48301.5,15071.972825128516,0,556.8949724310688,14308.219178082192,1,0,0,0,0,0
4742,74.2,5948.899081605917,650.0,0,8.04,3.0,48230.0,-48230.0,15071.972825128516,0,556.8949724310688,14308.219178082192,1,0,0,0,0,0
4743,78.39,8672.399081605916,650.0,0,8.04,3.0,50953.5,-50953.5,15071.972825128516,0,556.8949724310688,14308.219178082192,1,0,0,0,0,0
4744,84.06,12357.899081605916,650.0,0,8.04,3.0,54639.0,-54639.0,15071.972825128516,0,556.8949724310688,14308.219178082192,1,0,0,0,0,0
4745,97.23,20918.399081605916,650.0,0,8.04,3.0,63199.5,-63199.5,15071.972825128516,0,556.8949724310688,14308.219178082192,1,0,0,0,0,0
4746,94.66,19247.899081605916,650.0,0,8.04,3.0,61529.0,-61529.0,15071.972825128516,0,556.8949724310688,14308.219178082192,1,0,0,0,0,0
4747,85.93,13573.399081605916,650.0,0,8.04,3.0,55854.50000000001,-55854.50000000001,15071.972825128516,0,556.8949724310688,14308.219178082192,1,0,0,0,0,0
4748,82.24,11174.899081605916,650.0,0,8.04,3.0,53456.0,-53456.0,15071.972825128516,0,556.8949724310688,14308.219178082192,1,0,0,0,0,0
4749,70.77,3719.399081605913,650.0,0,8.04,3.0,46000.5,-46000.5,15071.972825128516,0,556.8949724310688,14308.219178082192,1,0,0,0,0,0
4750,59.77,-3430.600918394087,650.0,0,8.04,3.0,38850.5,-38850.5,15071.972825128516,0,556.8949724310688,14308.219178082192,1,0,0,0,0,0
4751,51.85,-335.42236843782985,-659.6383232550305,5.0,8.04,3.0,-34202.247060773334,34202.247060773334,3138.0483456800653,15.0,116.83198947648592,14308.219178082192,0,1,0,0,0,0
4752,37.55,9097.405654109112,-659.6383232550305,5.0,8.04,3.0,-24769.419038226395,24769.419038226395,3138.0483456800653,15.0,116.83198947648592,14308.219178082192,0,1,0,0,0,0
4753,32.72,12283.458755430904,-659.6383232550305,5.0,8.04,3.0,-21583.365936904596,21583.365936904596,3138.0483456800653,15.0,116.83198947648592,14308.219178082192,0,1,0,0,0,0
4754,29.05,14704.331401776868,-659.6383232550305,5.0,8.04,3.0,-19162.493290558636,19162.493290558636,3138.0483456800653,15.0,116.83198947648592,14308.219178082192,0,1,0,0,0,0
4755,27.81,15522.282922613107,-659.6383232550305,5.0,8.04,3.0,-18344.541769722397,18344.541769722397,3138.0483456800653,15.0,116.83198947648592,14308.219178082192,0,1,0,0,0,0
4756,37.3,9262.31523492287,-659.6383232550305,5.0,8.04,3.0,-24604.509457412638,24604.509457412638,3138.0483456800653,15.0,116.83198947648592,14308.219178082192,0,1,0,0,0,0
4757,47.4,2599.9681700470614,-659.6383232550305,5.0,8.04,3.0,-31266.856522288446,31266.856522288446,3138.0483456800653,15.0,116.83198947648592,14308.219178082192,0,1,0,0,0,0
4758,43.39,5245.11784629973,-659.6383232550305,5.0,8.04,3.0,-28621.706846035773,28621.706846035773,3138.0483456800653,15.0,116.83198947648592,14308.219178082192,0,1,0,0,0,0
4759,41.18,6702.918540693347,-659.6383232550305,5.0,8.04,3.0,-27163.906151642157,27163.906151642157,3138.0483456800653,15.0,116.83198947648592,14308.219178082192,0,1,0,0,0,0
4760,54.93,-2367.108404063321,-659.6383232550305,5.0,8.04,3.0,-36233.933096398825,36233.933096398825,3138.0483456800653,15.0,116.83198947648592,14308.219178082192,0,1,0,0,0,0
4761,125.86,39527.89908160592,650.0,0,8.04,3.0,81809.0,-81809.0,15071.972825128516,0,556.8949724310688,14308.219178082192,1,0,0,0,0,0
4762,68.87,2484.399081605913,650.0,0,8.04,3.0,44765.5,-44765.5,15071.972825128516,0,556.8949724310688,14308.219178082192,1,0,0,0,0,0
4763,83.5,11993.899081605916,650.0,0,8.04,3.0,54275.0,-54275.0,15071.972825128516,0,556.8949724310688,14308.219178082192,1,0,0,0,0,0
4764,97.57,21139.3990816059,650.0,0,8.04,3.0,63420.49999999999,-63420.49999999999,15071.972825128516,0,556.8949724310688,14308.219178082192,1,0,0,0,0,0
4765,78.32,8626.899081605901,650.0,0,8.04,3.0,50907.99999999999,-50907.99999999999,15071.972825128516,0,556.8949724310688,14308.219178082192,1,0,0,0,0,0
4766,71.45,4161.399081605913,650.0,0,8.04,3.0,46442.5,-46442.5,15071.972825128516,0,556.8949724310688,14308.219178082192,1,0,0,0,0,0
4767,80.97,10349.399081605916,650.0,0,8.04,3.0,52630.5,-52630.5,15071.972825128516,0,556.8949724310688,14308.219178082192,1,0,0,0,0,0
4768,82.07,11064.399081605901,650.0,0,8.04,3.0,53345.49999999999,-53345.49999999999,15071.972825128516,0,556.8949724310688,14308.219178082192,1,0,0,0,0,0
4769,72.51,4850.399081605917,650.0,0,8.04,3.0,47131.5,-47131.5,15071.972825128516,0,556.8949724310688,14308.219178082192,1,0,0,0,0,0
4770,73.77,5669.399081605917,650.0,0,8.04,3.0,47950.5,-47950.5,15071.972825128516,0,556.8949724310688,14308.219178082192,1,0,0,0,0,0
4771,396.01,215125.39908160592,650.0,0,8.04,3.0,257406.5,-257406.5,15071.972825128516,0,556.8949724310688,14308.219178082192,1,0,0,0,0,0
4772,68.87,2484.399081605913,650.0,0,8.04,3.0,44765.5,-44765.5,15071.972825128516,0,556.8949724310688,14308.219178082192,1,0,0,0,0,0
4773,48.85,1643.4926013272639,-659.6383232550305,5.0,8.04,3.0,-32223.33209100824,32223.33209100824,3138.0483456800653,15.0,116.83198947648592,14308.219178082192,0,1,0,0,0,0
4774,42.16,6056.472983903423,-659.6383232550305,5.0,8.04,3.0,-27810.351708432085,27810.351708432085,3138.0483456800653,15.0,116.83198947648592,14308.219178082192,0,1,0,0,0,0
4775,26.52,16373.216359612095,-659.6383232550305,5.0,8.04,3.0,-17493.60833272341,17493.60833272341,3138.0483456800653,15.0,116.83198947648592,14308.219178082192,0,1,0,0,0,0
4776,27.62,15647.61420403156,-659.6383232550305,5.0,8.04,3.0,-18219.210488303943,18219.210488303943,3138.0483456800653,15.0,116.83198947648592,14308.219178082192,0,1,0,0,0,0
4777,26.31,16511.740407495654,-659.6383232550305,5.0,8.04,3.0,-17355.084284839853,17355.084284839853,3138.0483456800653,15.0,116.83198947648592,14308.219178082192,0,1,0,0,0,0
4778,23.23,18543.426443121145,-659.6383232550305,5.0,8.04,3.0,-15323.398249214359,15323.398249214359,3138.0483456800653,15.0,116.83198947648592,14308.219178082192,0,1,0,0,0,0
4779,21.36,19776.950107608052,-659.6383232550305,5.0,8.04,3.0,-14089.874584727451,14089.874584727451,3138.0483456800653,15.0,116.83198947648592,14308.219178082192,0,1,0,0,0,0
4780,20.45,20377.22098177013,-659.6383232550305,5.0,8.04,3.0,-13489.603710565374,13489.603710565374,3138.0483456800653,15.0,116.83198947648592,14308.219178082192,0,1,0,0,0,0
4781,31.97,12778.187497872183,-659.6383232550305,5.0,8.04,3.0,-21088.637194463325,21088.637194463325,3138.0483456800653,15.0,116.83198947648592,14308.219178082192,0,1,0,0,0,0
4782,42.28,5977.316385112816,-659.6383232550305,5.0,8.04,3.0,-27889.50830722269,27889.50830722269,3138.0483456800653,15.0,116.83198947648592,14308.219178082192,0,1,0,0,0,0
4783,36.6,9724.062061201388,-659.6383232550305,5.0,8.04,3.0,-24142.76263113412,24142.76263113412,3138.0483456800653,15.0,116.83198947648592,14308.219178082192,0,1,0,0,0,0
4784,100.83,23258.399081605916,650.0,0,8.04,3.0,65539.5,-65539.5,15071.972825128516,0,556.8949724310688,14308.219178082192,1,0,0,0,0,0
4785,38.19,8675.23712722589,-659.6383232550305,5.0,8.04,3.0,-25191.587565109614,25191.587565109614,3138.0483456800653,15.0,116.83198947648592,14308.219178082192,0,1,0,0,0,0
4786,64.77,-180.600918394087,650.0,0,8.04,3.0,42100.5,-42100.5,15071.972825128516,0,556.8949724310688,14308.219178082192,1,0,0,0,0,0
4787,38.0,8800.568408644347,-659.6383232550305,5.0,8.04,3.0,-25066.25628369116,25066.25628369116,3138.0483456800653,15.0,116.83198947648592,14308.219178082192,0,1,0,0,0,0
4788,37.62,9051.230971481255,-659.6383232550305,5.0,8.04,3.0,-24815.593720854245,24815.593720854245,3138.0483456800653,15.0,116.83198947648592,14308.219178082192,0,1,0,0,0,0
4789,30.09,14018.307545591637,-659.6383232550305,5.0,8.04,3.0,-19848.517146743867,19848.517146743867,3138.0483456800653,15.0,116.83198947648592,14308.219178082192,0,1,0,0,0,0
4790,32.39,12501.139402105062,-659.6383232550305,5.0,8.04,3.0,-21365.685290230438,21365.685290230438,3138.0483456800653,15.0,116.83198947648592,14308.219178082192,0,1,0,0,0,0
4791,28.61,14994.572264009083,-659.6383232550305,5.0,8.04,3.0,-18872.25242832642,18872.25242832642,3138.0483456800653,15.0,116.83198947648592,14308.219178082192,0,1,0,0,0,0
4792,38.12,8721.41180985374,-659.6383232550305,5.0,8.04,3.0,-25145.41288248176,25145.41288248176,3138.0483456800653,15.0,116.83198947648592,14308.219178082192,0,1,0,0,0,0
4793,48.61,1801.8057989084741,-659.6383232550305,5.0,8.04,3.0,-32065.018893427034,32065.018893427034,3138.0483456800653,15.0,116.83198947648592,14308.219178082192,0,1,0,0,0,0
4794,52.78,-948.8860090650046,-659.6383232550305,5.0,8.04,3.0,-34815.71070140051,34815.71070140051,3138.0483456800653,15.0,116.83198947648592,14308.219178082192,0,1,0,0,0,0
4795,183.87,77234.39908160592,650.0,0,8.04,3.0,119515.5,-119515.5,15071.972825128516,0,556.8949724310688,14308.219178082192,1,0,0,0,0,0
4796,54.83,-2301.144571737815,-659.6383232550305,5.0,8.04,3.0,-36167.96926407332,36167.96926407332,3138.0483456800653,15.0,116.83198947648592,14308.219178082192,0,1,0,0,0,0
4797,41.02,6808.460672414149,-659.6383232550305,5.0,8.04,3.0,-27058.364019921355,27058.364019921355,3138.0483456800653,15.0,116.83198947648592,14308.219178082192,0,1,0,0,0,0
4798,21.86,19447.130945980534,-659.6383232550305,5.0,8.04,3.0,-14419.693746354968,14419.693746354968,3138.0483456800653,15.0,116.83198947648592,14308.219178082192,0,1,0,0,0,0
4799,21.05,19981.43798781711,-659.6383232550305,5.0,8.04,3.0,-13885.386704518392,13885.386704518392,3138.0483456800653,15.0,116.83198947648592,14308.219178082192,0,1,0,0,0,0
4800,17.24,22494.659999418778,-659.6383232550305,5.0,8.04,3.0,-11372.164692916725,11372.164692916725,3138.0483456800653,15.0,116.83198947648592,14308.219178082192,0,1,0,0,0,0
4801,14.2,24499.96050211407,-659.6383232550305,5.0,8.04,3.0,-9366.864190221433,9366.864190221433,3138.0483456800653,15.0,116.83198947648592,14308.219178082192,0,1,0,0,0,0
4802,7.85,28688.663854783514,-659.6383232550305,5.0,8.04,3.0,-5178.160837551989,5178.160837551989,3138.0483456800653,15.0,116.83198947648592,14308.219178082192,0,1,0,0,0,0
4803,-0.43,34150.469171335164,-659.6383232550305,5.0,8.04,3.0,283.64447899966314,-283.64447899966314,3138.0483456800653,15.0,116.83198947648592,14308.219178082192,0,1,0,0,0,0
4804,-2.98,35832.546895635496,-659.6383232550305,5.0,8.04,3.0,1965.722203299991,-1965.722203299991,3138.0483456800653,15.0,116.83198947648592,14308.219178082192,0,1,0,0,0,0
4805,9.35,27699.206369900967,-659.6383232550305,5.0,8.04,3.0,-6167.618322434535,6167.618322434535,3138.0483456800653,15.0,116.83198947648592,14308.219178082192,0,1,0,0,0,0
4806,-4.94,37125.43800921535,-659.6383232550305,5.0,8.04,3.0,3258.613316879851,-3258.613316879851,3138.0483456800653,15.0,116.83198947648592,14308.219178082192,0,1,0,0,0,0
4807,7.44,28959.115567318077,-659.6383232550305,5.0,8.04,3.0,-4907.709125017427,4907.709125017427,3138.0483456800653,15.0,116.83198947648592,14308.219178082192,0,1,0,0,0,0
4808,40.31,7276.8038819252215,-659.6383232550305,5.0,8.04,3.0,-26590.020810410282,26590.020810410282,3138.0483456800653,15.0,116.83198947648592,14308.219178082192,0,1,0,0,0,0
4809,63.36,-1097.1009183940869,650.0,0,8.04,3.0,41184.0,-41184.0,15071.972825128516,0,556.8949724310688,14308.219178082192,1,0,0,0,0,0
4810,20.39,20416.799281165433,-659.6383232550305,5.0,8.04,3.0,-13450.025411170072,13450.025411170072,3138.0483456800653,15.0,116.83198947648592,14308.219178082192,0,1,0,0,0,0
4811,15.34,23747.972813603337,-659.6383232550305,5.0,8.04,3.0,-10118.851878732168,10118.851878732168,3138.0483456800653,15.0,116.83198947648592,14308.219178082192,0,1,0,0,0,0
4812,18.58,21610.744646257037,-659.6383232550305,5.0,8.04,3.0,-12256.080046078467,12256.080046078467,3138.0483456800653,15.0,116.83198947648592,14308.219178082192,0,1,0,0,0,0
4813,19.78,20819.178658351,-659.6383232550305,5.0,8.04,3.0,-13047.646033984503,13047.646033984503,3138.0483456800653,15.0,116.83198947648592,14308.219178082192,0,1,0,0,0,0
4814,19.22,21188.576119373818,-659.6383232550305,5.0,8.04,3.0,-12678.248572961686,12678.248572961686,3138.0483456800653,15.0,116.83198947648592,14308.219178082192,0,1,0,0,0,0
4815,27.55,15693.788886659415,-659.6383232550305,5.0,8.04,3.0,-18173.035805676092,18173.035805676092,3138.0483456800653,15.0,116.83198947648592,14308.219178082192,0,1,0,0,0,0
4816,22.38,19104.11901788792,-659.6383232550305,5.0,8.04,3.0,-14762.705674447583,14762.705674447583,3138.0483456800653,15.0,116.83198947648592,14308.219178082192,0,1,0,0,0,0
4817,35.43,10495.838899409773,-659.6383232550305,5.0,8.04,3.0,-23370.98579292573,23370.98579292573,3138.0483456800653,15.0,116.83198947648592,14308.219178082192,0,1,0,0,0,0
4818,60.97,-2650.600918394087,650.0,0,8.04,3.0,39630.5,-39630.5,15071.972825128516,0,556.8949724310688,14308.219178082192,1,0,0,0,0,0
4819,85.27,13144.399081605916,650.0,0,8.04,3.0,55425.5,-55425.5,15071.972825128516,0,556.8949724310688,14308.219178082192,1,0,0,0,0,0
4820,82.72,11486.899081605916,650.0,0,8.04,3.0,53768.0,-53768.0,15071.972825128516,0,556.8949724310688,14308.219178082192,1,0,0,0,0,0
4821,66.2,748.899081605913,650.0,0,8.04,3.0,43030.0,-43030.0,15071.972825128516,0,556.8949724310688,14308.219178082192,1,0,0,0,0,0
4822,52.1,-500.33194925158705,-659.6383232550305,5.0,8.04,3.0,-34367.15664158709,34367.15664158709,3138.0483456800653,15.0,116.83198947648592,14308.219178082192,0,1,0,0,0,0
4823,37.61,9057.827354713805,-659.6383232550305,5.0,8.04,3.0,-24808.9973376217,24808.9973376217,3138.0483456800653,15.0,116.83198947648592,14308.219178082192,0,1,0,0,0,0
4824,33.32,11887.675761477887,-659.6383232550305,5.0,8.04,3.0,-21979.148930857617,21979.148930857617,3138.0483456800653,15.0,116.83198947648592,14308.219178082192,0,1,0,0,0,0
4825,19.77,20825.77504158355,-659.6383232550305,5.0,8.04,3.0,-13041.049650751953,13041.049650751953,3138.0483456800653,15.0,116.83198947648592,14308.219178082192,0,1,0,0,0,0
4826,13.89,24704.448382323128,-659.6383232550305,5.0,8.04,3.0,-9162.376310012374,9162.376310012374,3138.0483456800653,15.0,116.83198947648592,14308.219178082192,0,1,0,0,0,0
4827,10.76,26769.116334111375,-659.6383232550305,5.0,8.04,3.0,-7097.7083582241285,7097.7083582241285,3138.0483456800653,15.0,116.83198947648592,14308.219178082192,0,1,0,0,0,0
4828,17.77,22145.051688093612,-659.6383232550305,5.0,8.04,3.0,-11721.773004241892,11721.773004241892,3138.0483456800653,15.0,116.83198947648592,14308.219178082192,0,1,0,0,0,0
4829,25.7,16914.11978468122,-659.6383232550305,5.0,8.04,3.0,-16952.704907654283,16952.704907654283,3138.0483456800653,15.0,116.83198947648592,14308.219178082192,0,1,0,0,0,0
4830,35.01,10772.88699517689,-659.6383232550305,5.0,8.04,3.0,-23093.937697158617,23093.937697158617,3138.0483456800653,15.0,116.83198947648592,14308.219178082192,0,1,0,0,0,0
4831,30.11,14005.114779126536,-659.6383232550305,5.0,8.04,3.0,-19861.709913208968,19861.709913208968,3138.0483456800653,15.0,116.83198947648592,14308.219178082192,0,1,0,0,0,0
4832,57.94,-4352.619757060958,-659.6383232550305,5.0,8.04,3.0,-38219.44444939647,38219.44444939647,3138.0483456800653,15.0,116.83198947648592,14308.219178082192,0,1,0,0,0,0
4833,69.99,3212.399081605913,650.0,0,8.04,3.0,45493.5,-45493.5,15071.972825128516,0,556.8949724310688,14308.219178082192,1,0,0,0,0,0
4834,76.32,7326.899081605902,650.0,0,8.04,3.0,49607.99999999999,-49607.99999999999,15071.972825128516,0,556.8949724310688,14308.219178082192,1,0,0,0,0,0
4835,77.87,8334.399081605916,650.0,0,8.04,3.0,50615.5,-50615.5,15071.972825128516,0,556.8949724310688,14308.219178082192,1,0,0,0,0,0
4836,72.91,5110.399081605917,650.0,0,8.04,3.0,47391.5,-47391.5,15071.972825128516,0,556.8949724310688,14308.219178082192,1,0,0,0,0,0
4837,66.81,1145.3990816059131,650.0,0,8.04,3.0,43426.5,-43426.5,15071.972825128516,0,556.8949724310688,14308.219178082192,1,0,0,0,0,0
4838,73.33,5383.399081605917,650.0,0,8.04,3.0,47664.5,-47664.5,15071.972825128516,0,556.8949724310688,14308.219178082192,1,0,0,0,0,0
4839,77.29,7957.399081605917,650.0,0,8.04,3.0,50238.50000000001,-50238.50000000001,15071.972825128516,0,556.8949724310688,14308.219178082192,1,0,0,0,0,0
4840,102.25,24181.399081605916,650.0,0,8.04,3.0,66462.5,-66462.5,15071.972825128516,0,556.8949724310688,14308.219178082192,1,0,0,0,0,0
4841,96.02,20131.899081605916,650.0,0,8.04,3.0,62413.0,-62413.0,15071.972825128516,0,556.8949724310688,14308.219178082192,1,0,0,0,0,0
4842,89.96,16192.899081605901,650.0,0,8.04,3.0,58473.99999999999,-58473.99999999999,15071.972825128516,0,556.8949724310688,14308.219178082192,1,0,0,0,0,0
4843,81.68,10810.899081605916,650.0,0,8.04,3.0,53092.00000000001,-53092.00000000001,15071.972825128516,0,556.8949724310688,14308.219178082192,1,0,0,0,0,0
4844,81.93,10973.399081605916,650.0,0,8.04,3.0,53254.50000000001,-53254.50000000001,15071.972825128516,0,556.8949724310688,14308.219178082192,1,0,0,0,0,0
4845,64.18,-564.1009183940797,650.0,0,8.04,3.0,41717.00000000001,-41717.00000000001,15071.972825128516,0,556.8949724310688,14308.219178082192,1,0,0,0,0,0
4846,55.91,-3013.5539608532486,-659.6383232550305,5.0,8.04,3.0,-36880.37865318875,36880.37865318875,3138.0483456800653,15.0,116.83198947648592,14308.219178082192,0,1,0,0,0,0
4847,22.43,19071.13710172517,-659.6383232550305,5.0,8.04,3.0,-14795.687590610334,14795.687590610334,3138.0483456800653,15.0,116.83198947648592,14308.219178082192,0,1,0,0,0,0
4848,44.11,4770.178253556111,-659.6383232550305,5.0,8.04,3.0,-29096.646438779397,29096.646438779397,3138.0483456800653,15.0,116.83198947648592,14308.219178082192,0,1,0,0,0,0
4849,21.82,19473.516478910737,-659.6383232550305,5.0,8.04,3.0,-14393.308213424765,14393.308213424765,3138.0483456800653,15.0,116.83198947648592,14308.219178082192,0,1,0,0,0,0
4850,20.0,20674.058227234895,-659.6383232550305,5.0,8.04,3.0,-13192.76646510061,13192.76646510061,3138.0483456800653,15.0,116.83198947648592,14308.219178082192,0,1,0,0,0,0
4851,20.21,20535.534179351336,-659.6383232550305,5.0,8.04,3.0,-13331.290512984167,13331.290512984167,3138.0483456800653,15.0,116.83198947648592,14308.219178082192,0,1,0,0,0,0
4852,32.64,12336.229821291305,-659.6383232550305,5.0,8.04,3.0,-21530.594871044195,21530.594871044195,3138.0483456800653,15.0,116.83198947648592,14308.219178082192,0,1,0,0,0,0
4853,34.82,10898.21827659534,-659.6383232550305,5.0,8.04,3.0,-22968.606415740163,22968.606415740163,3138.0483456800653,15.0,116.83198947648592,14308.219178082192,0,1,0,0,0,0
4854,28.52,15053.939713102034,-659.6383232550305,5.0,8.04,3.0,-18812.88497923347,18812.88497923347,3138.0483456800653,15.0,116.83198947648592,14308.219178082192,0,1,0,0,0,0
4855,26.83,16168.728479403035,-659.6383232550305,5.0,8.04,3.0,-17698.09621293247,17698.09621293247,3138.0483456800653,15.0,116.83198947648592,14308.219178082192,0,1,0,0,0,0
4856,40.75,6986.563019693011,-659.6383232550305,5.0,8.04,3.0,-26880.261672642493,26880.261672642493,3138.0483456800653,15.0,116.83198947648592,14308.219178082192,0,1,0,0,0,0
4857,55.57,-2789.2769309465434,-659.6383232550305,5.0,8.04,3.0,-36656.10162328205,36656.10162328205,3138.0483456800653,15.0,116.83198947648592,14308.219178082192,0,1,0,0,0,0
4858,64.7,-226.100918394087,650.0,0,8.04,3.0,42055.0,-42055.0,15071.972825128516,0,556.8949724310688,14308.219178082192,1,0,0,0,0,0
4859,71.07,3914.399081605906,650.0,0,8.04,3.0,46195.49999999999,-46195.49999999999,15071.972825128516,0,556.8949724310688,14308.219178082192,1,0,0,0,0,0
4860,79.92,9666.899081605916,650.0,0,8.04,3.0,51948.0,-51948.0,15071.972825128516,0,556.8949724310688,14308.219178082192,1,0,0,0,0,0
4861,340.52,179056.89908160592,650.0,0,8.04,3.0,221338.0,-221338.0,15071.972825128516,0,556.8949724310688,14308.219178082192,1,0,0,0,0,0
4862,133.2,44298.89908160591,650.0,0,8.04,3.0,86579.99999999999,-86579.99999999999,15071.972825128516,0,556.8949724310688,14308.219178082192,1,0,0,0,0,0
4863,121.63,36778.39908160592,650.0,0,8.04,3.0,79059.5,-79059.5,15071.972825128516,0,556.8949724310688,14308.219178082192,1,0,0,0,0,0
4864,168.25,67081.39908160592,650.0,0,8.04,3.0,109362.5,-109362.5,15071.972825128516,0,556.8949724310688,14308.219178082192,1,0,0,0,0,0
4865,113.31,31370.399081605916,650.0,0,8.04,3.0,73651.5,-73651.5,15071.972825128516,0,556.8949724310688,14308.219178082192,1,0,0,0,0,0
4866,115.59,32852.39908160592,650.0,0,8.04,3.0,75133.5,-75133.5,15071.972825128516,0,556.8949724310688,14308.219178082192,1,0,0,0,0,0
4867,126.93,40223.39908160592,650.0,0,8.04,3.0,82504.5,-82504.5,15071.972825128516,0,556.8949724310688,14308.219178082192,1,0,0,0,0,0
4868,94.87,19384.399081605916,650.0,0,8.04,3.0,61665.5,-61665.5,15071.972825128516,0,556.8949724310688,14308.219178082192,1,0,0,0,0,0
4869,75.92,7066.899081605917,650.0,0,8.04,3.0,49348.0,-49348.0,15071.972825128516,0,556.8949724310688,14308.219178082192,1,0,0,0,0,0
4870,64.06,-642.100918394087,650.0,0,8.04,3.0,41639.0,-41639.0,15071.972825128516,0,556.8949724310688,14308.219178082192,1,0,0,0,0,0
4871,38.74,8312.436049435619,-659.6383232550305,5.0,8.04,3.0,-25554.388642899885,25554.388642899885,3138.0483456800653,15.0,116.83198947648592,14308.219178082192,0,1,0,0,0,0
4872,42.61,5759.635738438657,-659.6383232550305,5.0,8.04,3.0,-28107.18895389685,28107.18895389685,3138.0483456800653,15.0,116.83198947648592,14308.219178082192,0,1,0,0,0,0
4873,31.99,12764.994731407078,-659.6383232550305,5.0,8.04,3.0,-21101.829960928426,21101.829960928426,3138.0483456800653,15.0,116.83198947648592,14308.219178082192,0,1,0,0,0,0
4874,28.76,14895.626515520828,-659.6383232550305,5.0,8.04,3.0,-18971.19817681468,18971.19817681468,3138.0483456800653,15.0,116.83198947648592,14308.219178082192,0,1,0,0,0,0
4875,20.57,20298.064382979526,-659.6383232550305,5.0,8.04,3.0,-13568.760309355977,13568.760309355977,3138.0483456800653,15.0,116.83198947648592,14308.219178082192,0,1,0,0,0,0
4876,23.36,18457.67346109799,-659.6383232550305,5.0,8.04,3.0,-15409.151231237513,15409.151231237513,3138.0483456800653,15.0,116.83198947648592,14308.219178082192,0,1,0,0,0,0
4877,25.62,16966.890850541622,-659.6383232550305,5.0,8.04,3.0,-16899.93384179388,16899.93384179388,3138.0483456800653,15.0,116.83198947648592,14308.219178082192,0,1,0,0,0,0
4878,27.2,15924.662299798674,-659.6383232550305,5.0,8.04,3.0,-17942.16239253683,17942.16239253683,3138.0483456800653,15.0,116.83198947648592,14308.219178082192,0,1,0,0,0,0
4879,31.36,13180.56687505775,-659.6383232550305,5.0,8.04,3.0,-20686.257817277758,20686.257817277758,3138.0483456800653,15.0,116.83198947648592,14308.219178082192,0,1,0,0,0,0
4880,33.22,11953.639593803393,-659.6383232550305,5.0,8.04,3.0,-21913.185098532114,21913.185098532114,3138.0483456800653,15.0,116.83198947648592,14308.219178082192,0,1,0,0,0,0
4881,37.95,8833.550324807093,-659.6383232550305,5.0,8.04,3.0,-25033.27436752841,25033.27436752841,3138.0483456800653,15.0,116.83198947648592,14308.219178082192,0,1,0,0,0,0
4882,46.75,3028.7330801628273,-659.6383232550305,5.0,8.04,3.0,-30838.091612172677,30838.091612172677,3138.0483456800653,15.0,116.83198947648592,14308.219178082192,0,1,0,0,0,0
4883,42.85,5601.3225408574435,-659.6383232550305,5.0,8.04,3.0,-28265.50215147806,28265.50215147806,3138.0483456800653,15.0,116.83198947648592,14308.219178082192,0,1,0,0,0,0
4884,51.92,-381.5970510656839,-659.6383232550305,5.0,8.04,3.0,-34248.42174340119,34248.42174340119,3138.0483456800653,15.0,116.83198947648592,14308.219178082192,0,1,0,0,0,0
4885,53.96,-1727.2592305059438,-659.6383232550305,5.0,8.04,3.0,-35594.08392284145,35594.08392284145,3138.0483456800653,15.0,116.83198947648592,14308.219178082192,0,1,0,0,0,0
4886,41.79,6300.539163507779,-659.6383232550305,5.0,8.04,3.0,-27566.285528827724,27566.285528827724,3138.0483456800653,15.0,116.83198947648592,14308.219178082192,0,1,0,0,0,0
4887,60.51,-2949.600918394087,650.0,0,8.04,3.0,39331.5,-39331.5,15071.972825128516,0,556.8949724310688,14308.219178082192,1,0,0,0,0,0
4888,69.84,3114.899081605913,650.0,0,8.04,3.0,45396.0,-45396.0,15071.972825128516,0,556.8949724310688,14308.219178082192,1,0,0,0,0,0
4889,65.38,215.899081605913,650.0,0,8.04,3.0,42497.0,-42497.0,15071.972825128516,0,556.8949724310688,14308.219178082192,1,0,0,0,0,0
4890,68.07,1964.3990816059058,650.0,0,8.04,3.0,44245.49999999999,-44245.49999999999,15071.972825128516,0,556.8949724310688,14308.219178082192,1,0,0,0,0,0
4891,52.79,-955.4823922975552,-659.6383232550305,5.0,8.04,3.0,-34822.30708463306,34822.30708463306,3138.0483456800653,15.0,116.83198947648592,14308.219178082192,0,1,0,0,0,0
4892,52.28,-619.0668474374902,-659.6383232550305,5.0,8.04,3.0,-34485.891539772994,34485.891539772994,3138.0483456800653,15.0,116.83198947648592,14308.219178082192,0,1,0,0,0,0
4893,48.05,2171.2032599312884,-659.6383232550305,5.0,8.04,3.0,-31695.621432404216,31695.621432404216,3138.0483456800653,15.0,116.83198947648592,14308.219178082192,0,1,0,0,0,0
4894,41.57,6445.659594623889,-659.6383232550305,5.0,8.04,3.0,-27421.16509771162,27421.16509771162,3138.0483456800653,15.0,116.83198947648592,14308.219178082192,0,1,0,0,0,0
4895,50.6,489.12553563095616,-659.6383232550305,5.0,8.04,3.0,-33377.69915670455,33377.69915670455,3138.0483456800653,15.0,116.83198947648592,14308.219178082192,0,1,0,0,0,0
4896,37.44,9169.965869667161,-659.6383232550305,5.0,8.04,3.0,-24696.858822668342,24696.858822668342,3138.0483456800653,15.0,116.83198947648592,14308.219178082192,0,1,0,0,0,0
4897,34.18,11320.386803478563,-659.6383232550305,5.0,8.04,3.0,-22546.437888856944,22546.437888856944,3138.0483456800653,15.0,116.83198947648592,14308.219178082192,0,1,0,0,0,0
4898,29.24,14579.000120358414,-659.6383232550305,5.0,8.04,3.0,-19287.824571977093,19287.824571977093,3138.0483456800653,15.0,116.83198947648592,14308.219178082192,0,1,0,0,0,0
4899,28.47,15086.921629264787,-659.6383232550305,5.0,8.04,3.0,-18779.903063070717,18779.903063070717,3138.0483456800653,15.0,116.83198947648592,14308.219178082192,0,1,0,0,0,0
4900,28.57,15020.957796939281,-659.6383232550305,5.0,8.04,3.0,-18845.866895396222,18845.866895396222,3138.0483456800653,15.0,116.83198947648592,14308.219178082192,0,1,0,0,0,0
4901,39.35,7910.056672250052,-659.6383232550305,5.0,8.04,3.0,-25956.768020085452,25956.768020085452,3138.0483456800653,15.0,116.83198947648592,14308.219178082192,0,1,0,0,0,0
4902,33.78,11584.242132780571,-659.6383232550305,5.0,8.04,3.0,-22282.582559554932,22282.582559554932,3138.0483456800653,15.0,116.83198947648592,14308.219178082192,0,1,0,0,0,0
4903,36.7,9658.098228875882,-659.6383232550305,5.0,8.04,3.0,-24208.72646345962,24208.72646345962,3138.0483456800653,15.0,116.83198947648592,14308.219178082192,0,1,0,0,0,0
4904,57.08,-3785.330799061637,-659.6383232550305,5.0,8.04,3.0,-37652.15549139714,37652.15549139714,3138.0483456800653,15.0,116.83198947648592,14308.219178082192,0,1,0,0,0,0
4905,48.55,1841.3840983037776,-659.6383232550305,5.0,8.04,3.0,-32025.44059403173,32025.44059403173,3138.0483456800653,15.0,116.83198947648592,14308.219178082192,0,1,0,0,0,0
4906,38.06,8760.99010924904,-659.6383232550305,5.0,8.04,3.0,-25105.834583086464,25105.834583086464,3138.0483456800653,15.0,116.83198947648592,14308.219178082192,0,1,0,0,0,0
4907,33.8,11571.049366315478,-659.6383232550305,5.0,8.04,3.0,-22295.77532602003,22295.77532602003,3138.0483456800653,15.0,116.83198947648592,14308.219178082192,0,1,0,0,0,0
4908,39.2,8009.002420738307,-659.6383232550305,5.0,8.04,3.0,-25857.822271597197,25857.822271597197,3138.0483456800653,15.0,116.83198947648592,14308.219178082192,0,1,0,0,0,0
4909,47.1,2797.8596670235643,-659.6383232550305,5.0,8.04,3.0,-31068.96502531194,31068.96502531194,3138.0483456800653,15.0,116.83198947648592,14308.219178082192,0,1,0,0,0,0
4910,55.42,-2690.3311824582847,-659.6383232550305,5.0,8.04,3.0,-36557.15587479379,36557.15587479379,3138.0483456800653,15.0,116.83198947648592,14308.219178082192,0,1,0,0,0,0
4911,70.34,3439.899081605913,650.0,0,8.04,3.0,45721.0,-45721.0,15071.972825128516,0,556.8949724310688,14308.219178082192,1,0,0,0,0,0
4912,70.26,3387.899081605913,650.0,0,8.04,3.0,45669.0,-45669.0,15071.972825128516,0,556.8949724310688,14308.219178082192,1,0,0,0,0,0
4913,69.67,3004.399081605913,650.0,0,8.04,3.0,45285.5,-45285.5,15071.972825128516,0,556.8949724310688,14308.219178082192,1,0,0,0,0,0
4914,94.46,19117.8990816059,650.0,0,8.04,3.0,61398.99999999999,-61398.99999999999,15071.972825128516,0,556.8949724310688,14308.219178082192,1,0,0,0,0,0
4915,65.08,20.89908160591301,650.0,0,8.04,3.0,42302.0,-42302.0,15071.972825128516,0,556.8949724310688,14308.219178082192,1,0,0,0,0,0
4916,55.74,-2901.415445899896,-659.6383232550305,5.0,8.04,3.0,-36768.2401382354,36768.2401382354,3138.0483456800653,15.0,116.83198947648592,14308.219178082192,0,1,0,0,0,0
4917,64.76,-187.100918394087,650.0,0,8.04,3.0,42094.0,-42094.0,15071.972825128516,0,556.8949724310688,14308.219178082192,1,0,0,0,0,0
4918,50.27,706.806182305118,-659.6383232550305,5.0,8.04,3.0,-33160.018510030386,33160.018510030386,3138.0483456800653,15.0,116.83198947648592,14308.219178082192,0,1,0,0,0,0
4919,42.28,5977.316385112816,-659.6383232550305,5.0,8.04,3.0,-27889.50830722269,27889.50830722269,3138.0483456800653,15.0,116.83198947648592,14308.219178082192,0,1,0,0,0,0
4920,25.35,17144.99319782048,-659.6383232550305,5.0,8.04,3.0,-16721.831494515023,16721.831494515023,3138.0483456800653,15.0,116.83198947648592,14308.219178082192,0,1,0,0,0,0
4921,24.37,17791.43875461041,-659.6383232550305,5.0,8.04,3.0,-16075.385937725094,16075.385937725094,3138.0483456800653,15.0,116.83198947648592,14308.219178082192,0,1,0,0,0,0
4922,25.96,16742.61382063491,-659.6383232550305,5.0,8.04,3.0,-17124.210871700594,17124.210871700594,3138.0483456800653,15.0,116.83198947648592,14308.219178082192,0,1,0,0,0,0
4923,27.4,15792.73463514767,-659.6383232550305,5.0,8.04,3.0,-18074.090057187834,18074.090057187834,3138.0483456800653,15.0,116.83198947648592,14308.219178082192,0,1,0,0,0,0
4924,25.06,17336.28831156444,-659.6383232550305,5.0,8.04,3.0,-16530.536380771064,16530.536380771064,3138.0483456800653,15.0,116.83198947648592,14308.219178082192,0,1,0,0,0,0
4925,34.96,10805.868911339636,-659.6383232550305,5.0,8.04,3.0,-23060.955780995868,23060.955780995868,3138.0483456800653,15.0,116.83198947648592,14308.219178082192,0,1,0,0,0,0
4926,27.51,15720.174419589614,-659.6383232550305,5.0,8.04,3.0,-18146.65027274589,18146.65027274589,3138.0483456800653,15.0,116.83198947648592,14308.219178082192,0,1,0,0,0,0
4927,23.05,18662.16134130705,-659.6383232550305,5.0,8.04,3.0,-15204.663351028454,15204.663351028454,3138.0483456800653,15.0,116.83198947648592,14308.219178082192,0,1,0,0,0,0
4928,29.34,14513.036288032908,-659.6383232550305,5.0,8.04,3.0,-19353.788404302595,19353.788404302595,3138.0483456800653,15.0,116.83198947648592,14308.219178082192,0,1,0,0,0,0
4929,38.16,8695.026276923545,-659.6383232550305,5.0,8.04,3.0,-25171.798415411962,25171.798415411962,3138.0483456800653,15.0,116.83198947648592,14308.219178082192,0,1,0,0,0,0
4930,20.96,20040.805436910065,-659.6383232550305,5.0,8.04,3.0,-13826.01925542544,13826.01925542544,3138.0483456800653,15.0,116.83198947648592,14308.219178082192,0,1,0,0,0,0
4931,38.15,8701.622660156092,-659.6383232550305,5.0,8.04,3.0,-25165.20203217941,25165.20203217941,3138.0483456800653,15.0,116.83198947648592,14308.219178082192,0,1,0,0,0,0
4932,32.12,12679.241749383924,-659.6383232550305,5.0,8.04,3.0,-21187.58294295158,21187.58294295158,3138.0483456800653,15.0,116.83198947648592,14308.219178082192,0,1,0,0,0,0
4933,39.83,7593.430277087642,-659.6383232550305,5.0,8.04,3.0,-26273.394415247865,26273.394415247865,3138.0483456800653,15.0,116.83198947648592,14308.219178082192,0,1,0,0,0,0
4934,52.55,-797.1691947163486,-659.6383232550305,5.0,8.04,3.0,-34663.99388705185,34663.99388705185,3138.0483456800653,15.0,116.83198947648592,14308.219178082192,0,1,0,0,0,0
4935,63.67,-895.600918394087,650.0,0,8.04,3.0,41385.5,-41385.5,15071.972825128516,0,556.8949724310688,14308.219178082192,1,0,0,0,0,0
4936,69.17,2679.399081605913,650.0,0,8.04,3.0,44960.5,-44960.5,15071.972825128516,0,556.8949724310688,14308.219178082192,1,0,0,0,0,0
4937,69.08,2620.899081605913,650.0,0,8.04,3.0,44902.0,-44902.0,15071.972825128516,0,556.8949724310688,14308.219178082192,1,0,0,0,0,0
4938,64.05,-648.600918394087,650.0,0,8.04,3.0,41632.5,-41632.5,15071.972825128516,0,556.8949724310688,14308.219178082192,1,0,0,0,0,0
4939,55.04,-2439.6686196213773,-659.6383232550305,5.0,8.04,3.0,-36306.49331195688,36306.49331195688,3138.0483456800653,15.0,116.83198947648592,14308.219178082192,0,1,0,0,0,0
4940,75.38,6715.899081605917,650.0,0,8.04,3.0,48997.0,-48997.0,15071.972825128516,0,556.8949724310688,14308.219178082192,1,0,0,0,0,0
4941,28.11,15324.391425636597,-659.6383232550305,5.0,8.04,3.0,-18542.433266698907,18542.433266698907,3138.0483456800653,15.0,116.83198947648592,14308.219178082192,0,1,0,0,0,0
4942,25.99,16722.82467093726,-659.6383232550305,5.0,8.04,3.0,-17144.000021398242,17144.000021398242,3138.0483456800653,15.0,116.83198947648592,14308.219178082192,0,1,0,0,0,0
4943,22.92,18747.914323330202,-659.6383232550305,5.0,8.04,3.0,-15118.9103690053,15118.9103690053,3138.0483456800653,15.0,116.83198947648592,14308.219178082192,0,1,0,0,0,0
4944,18.13,21907.581891721802,-659.6383232550305,5.0,8.04,3.0,-11959.242800613703,11959.242800613703,3138.0483456800653,15.0,116.83198947648592,14308.219178082192,0,1,0,0,0,0
4945,34.33,11221.441054990308,-659.6383232550305,5.0,8.04,3.0,-22645.383637345196,22645.383637345196,3138.0483456800653,15.0,116.83198947648592,14308.219178082192,0,1,0,0,0,0
4946,25.37,17131.80043135538,-659.6383232550305,5.0,8.04,3.0,-16735.024260980124,16735.024260980124,3138.0483456800653,15.0,116.83198947648592,14308.219178082192,0,1,0,0,0,0
4947,24.17,17923.366419261416,-659.6383232550305,5.0,8.04,3.0,-15943.45827307409,15943.45827307409,3138.0483456800653,15.0,116.83198947648592,14308.219178082192,0,1,0,0,0,0
4948,26.98,16069.78273091478,-659.6383232550305,5.0,8.04,3.0,-17797.041961420724,17797.041961420724,3138.0483456800653,15.0,116.83198947648592,14308.219178082192,0,1,0,0,0,0
4949,32.54,12402.19365361681,-659.6383232550305,5.0,8.04,3.0,-21464.631038718693,21464.631038718693,3138.0483456800653,15.0,116.83198947648592,14308.219178082192,0,1,0,0,0,0
4950,34.86,10871.832743665142,-659.6383232550305,5.0,8.04,3.0,-22994.991948670362,22994.991948670362,3138.0483456800653,15.0,116.83198947648592,14308.219178082192,0,1,0,0,0,0
4951,56.82,-3613.8248350153294,-659.6383232550305,5.0,8.04,3.0,-37480.64952735083,37480.64952735083,3138.0483456800653,15.0,116.83198947648592,14308.219178082192,0,1,0,0,0,0
4952,60.79,-2767.600918394087,650.0,0,8.04,3.0,39513.5,-39513.5,15071.972825128516,0,556.8949724310688,14308.219178082192,1,0,0,0,0,0
4953,48.09,2144.817727001086,-659.6383232550305,5.0,8.04,3.0,-31722.006965334418,31722.006965334418,3138.0483456800653,15.0,116.83198947648592,14308.219178082192,0,1,0,0,0,0
4954,53.33,-1311.687086855272,-659.6383232550305,5.0,8.04,3.0,-35178.511779190776,35178.511779190776,3138.0483456800653,15.0,116.83198947648592,14308.219178082192,0,1,0,0,0,0
4955,54.57,-2129.6386076915073,-659.6383232550305,5.0,8.04,3.0,-35996.46330002702,35996.46330002702,3138.0483456800653,15.0,116.83198947648592,14308.219178082192,0,1,0,0,0,0
4956,69.85,3121.399081605906,650.0,0,8.04,3.0,45402.49999999999,-45402.49999999999,15071.972825128516,0,556.8949724310688,14308.219178082192,1,0,0,0,0,0
4957,77.72,8236.899081605916,650.0,0,8.04,3.0,50518.0,-50518.0,15071.972825128516,0,556.8949724310688,14308.219178082192,1,0,0,0,0,0
4958,78.13,8503.399081605916,650.0,0,8.04,3.0,50784.5,-50784.5,15071.972825128516,0,556.8949724310688,14308.219178082192,1,0,0,0,0,0
4959,78.92,9016.899081605916,650.0,0,8.04,3.0,51298.0,-51298.0,15071.972825128516,0,556.8949724310688,14308.219178082192,1,0,0,0,0,0
4960,79.41,9335.399081605916,650.0,0,8.04,3.0,51616.5,-51616.5,15071.972825128516,0,556.8949724310688,14308.219178082192,1,0,0,0,0,0
4961,80.36,9952.899081605916,650.0,0,8.04,3.0,52234.0,-52234.0,15071.972825128516,0,556.8949724310688,14308.219178082192,1,0,0,0,0,0
4962,75.87,7034.399081605917,650.0,0,8.04,3.0,49315.5,-49315.5,15071.972825128516,0,556.8949724310688,14308.219178082192,1,0,0,0,0,0
4963,78.21,8555.399081605901,650.0,0,8.04,3.0,50836.49999999999,-50836.49999999999,15071.972825128516,0,556.8949724310688,14308.219178082192,1,0,0,0,0,0
4964,80.48,10030.899081605916,650.0,0,8.04,3.0,52312.0,-52312.0,15071.972825128516,0,556.8949724310688,14308.219178082192,1,0,0,0,0,0
4965,75.2,6598.899081605917,650.0,0,8.04,3.0,48880.0,-48880.0,15071.972825128516,0,556.8949724310688,14308.219178082192,1,0,0,0,0,0
4966,66.99,1262.3990816059131,650.0,0,8.04,3.0,43543.5,-43543.5,15071.972825128516,0,556.8949724310688,14308.219178082192,1,0,0,0,0,0
4967,64.25,-518.600918394087,650.0,0,8.04,3.0,41762.5,-41762.5,15071.972825128516,0,556.8949724310688,14308.219178082192,1,0,0,0,0,0
4968,57.16,-3838.1018649220346,-659.6383232550305,5.0,8.04,3.0,-37704.92655725754,37704.92655725754,3138.0483456800653,15.0,116.83198947648592,14308.219178082192,0,1,0,0,0,0
4969,50.95,258.25212249170045,-659.6383232550305,5.0,8.04,3.0,-33608.572569843804,33608.572569843804,3138.0483456800653,15.0,116.83198947648592,14308.219178082192,0,1,0,0,0,0
4970,45.04,4156.714612928932,-659.6383232550305,5.0,8.04,3.0,-29710.110079406575,29710.110079406575,3138.0483456800653,15.0,116.83198947648592,14308.219178082192,0,1,0,0,0,0
4971,28.23,15245.234826845994,-659.6383232550305,5.0,8.04,3.0,-18621.58986548951,18621.58986548951,3138.0483456800653,15.0,116.83198947648592,14308.219178082192,0,1,0,0,0,0
4972,29.92,14130.44606054499,-659.6383232550305,5.0,8.04,3.0,-19736.378631790514,19736.378631790514,3138.0483456800653,15.0,116.83198947648592,14308.219178082192,0,1,0,0,0,0
4973,34.21,11300.597653780907,-659.6383232550305,5.0,8.04,3.0,-22566.227038554596,22566.227038554596,3138.0483456800653,15.0,116.83198947648592,14308.219178082192,0,1,0,0,0,0
4974,52.0,-434.36811692608126,-659.6383232550305,5.0,8.04,3.0,-34301.192809261585,34301.192809261585,3138.0483456800653,15.0,116.83198947648592,14308.219178082192,0,1,0,0,0,0
4975,65.06,7.899081605913011,650.0,0,8.04,3.0,42289.0,-42289.0,15071.972825128516,0,556.8949724310688,14308.219178082192,1,0,0,0,0,0
4976,72.15,4616.39908160592,650.0,0,8.04,3.0,46897.50000000001,-46897.50000000001,15071.972825128516,0,556.8949724310688,14308.219178082192,1,0,0,0,0,0
4977,75.5,6793.899081605917,650.0,0,8.04,3.0,49075.0,-49075.0,15071.972825128516,0,556.8949724310688,14308.219178082192,1,0,0,0,0,0
4978,76.99,7762.399081605917,650.0,0,8.04,3.0,50043.5,-50043.5,15071.972825128516,0,556.8949724310688,14308.219178082192,1,0,0,0,0,0
4979,61.57,-2260.600918394087,650.0,0,8.04,3.0,40020.5,-40020.5,15071.972825128516,0,556.8949724310688,14308.219178082192,1,0,0,0,0,0
4980,77.96,8392.899081605901,650.0,0,8.04,3.0,50673.99999999999,-50673.99999999999,15071.972825128516,0,556.8949724310688,14308.219178082192,1,0,0,0,0,0
4981,90.48,16530.899081605916,650.0,0,8.04,3.0,58812.0,-58812.0,15071.972825128516,0,556.8949724310688,14308.219178082192,1,0,0,0,0,0
4982,56.72,-3547.8610026898236,-659.6383232550305,5.0,8.04,3.0,-37414.68569502533,37414.68569502533,3138.0483456800653,15.0,116.83198947648592,14308.219178082192,0,1,0,0,0,0
4983,59.33,-3716.600918394087,650.0,0,8.04,3.0,38564.5,-38564.5,15071.972825128516,0,556.8949724310688,14308.219178082192,1,0,0,0,0,0
4984,81.19,10492.399081605916,650.0,0,8.04,3.0,52773.5,-52773.5,15071.972825128516,0,556.8949724310688,14308.219178082192,1,0,0,0,0,0
4985,453.91,252760.39908160592,650.0,0,8.04,3.0,295041.5,-295041.5,15071.972825128516,0,556.8949724310688,14308.219178082192,1,0,0,0,0,0
4986,368.41,197185.39908160595,650.0,0,8.04,3.0,239466.50000000003,-239466.50000000003,15071.972825128516,0,556.8949724310688,14308.219178082192,1,0,0,0,0,0
4987,87.2,14398.899081605916,650.0,0,8.04,3.0,56680.0,-56680.0,15071.972825128516,0,556.8949724310688,14308.219178082192,1,0,0,0,0,0
4988,111.0,29868.899081605916,650.0,0,8.04,3.0,72150.0,-72150.0,15071.972825128516,0,556.8949724310688,14308.219178082192,1,0,0,0,0,0
4989,119.31,35270.39908160592,650.0,0,8.04,3.0,77551.5,-77551.5,15071.972825128516,0,556.8949724310688,14308.219178082192,1,0,0,0,0,0
4990,81.94,10979.899081605916,650.0,0,8.04,3.0,53261.0,-53261.0,15071.972825128516,0,556.8949724310688,14308.219178082192,1,0,0,0,0,0
4991,73.42,5441.899081605917,650.0,0,8.04,3.0,47723.0,-47723.0,15071.972825128516,0,556.8949724310688,14308.219178082192,1,0,0,0,0,0
4992,69.24,2724.899081605913,650.0,0,8.04,3.0,45006.0,-45006.0,15071.972825128516,0,556.8949724310688,14308.219178082192,1,0,0,0,0,0
4993,55.06,-2452.8613860864784,-659.6383232550305,5.0,8.04,3.0,-36319.68607842198,36319.68607842198,3138.0483456800653,15.0,116.83198947648592,14308.219178082192,0,1,0,0,0,0
4994,51.8,-302.44045227507695,-659.6383232550305,5.0,8.04,3.0,-34169.26514461058,34169.26514461058,3138.0483456800653,15.0,116.83198947648592,14308.219178082192,0,1,0,0,0,0
4995,45.47,3873.070133929265,-659.6383232550305,5.0,8.04,3.0,-29993.754558406235,29993.754558406235,3138.0483456800653,15.0,116.83198947648592,14308.219178082192,0,1,0,0,0,0
4996,57.92,-4339.4269905958645,-659.6383232550305,5.0,8.04,3.0,-38206.25168293137,38206.25168293137,3138.0483456800653,15.0,116.83198947648592,14308.219178082192,0,1,0,0,0,0
4997,65.35,196.39908160590574,650.0,0,8.04,3.0,42477.49999999999,-42477.49999999999,15071.972825128516,0,556.8949724310688,14308.219178082192,1,0,0,0,0,0
4998,72.16,4622.899081605913,650.0,0,8.04,3.0,46904.0,-46904.0,15071.972825128516,0,556.8949724310688,14308.219178082192,1,0,0,0,0,0
4999,71.34,4089.899081605913,650.0,0,8.04,3.0,46371.0,-46371.0,15071.972825128516,0,556.8949724310688,14308.219178082192,1,0,0,0,0,0
5000,75.6,6858.899081605902,650.0,0,8.04,3.0,49139.99999999999,-49139.99999999999,15071.972825128516,0,556.8949724310688,14308.219178082192,1,0,0,0,0,0
5001,74.96,6442.899081605902,650.0,0,8.04,3.0,48723.99999999999,-48723.99999999999,15071.972825128516,0,556.8949724310688,14308.219178082192,1,0,0,0,0,0
5002,48.78,1689.6672839551143,-659.6383232550305,5.0,8.04,3.0,-32177.15740838039,32177.15740838039,3138.0483456800653,15.0,116.83198947648592,14308.219178082192,0,1,0,0,0,0
5003,55.9,-3006.957577620698,-659.6383232550305,5.0,8.04,3.0,-36873.7822699562,36873.7822699562,3138.0483456800653,15.0,116.83198947648592,14308.219178082192,0,1,0,0,0,0
5004,53.42,-1371.054535948227,-659.6383232550305,5.0,8.04,3.0,-35237.87922828373,35237.87922828373,3138.0483456800653,15.0,116.83198947648592,14308.219178082192,0,1,0,0,0,0
5005,58.56,-4217.100918394087,650.0,0,8.04,3.0,38064.0,-38064.0,15071.972825128516,0,556.8949724310688,14308.219178082192,1,0,0,0,0,0
5006,65.36,202.899081605913,650.0,0,8.04,3.0,42484.0,-42484.0,15071.972825128516,0,556.8949724310688,14308.219178082192,1,0,0,0,0,0
5007,69.18,2685.8990816059204,650.0,0,8.04,3.0,44967.00000000001,-44967.00000000001,15071.972825128516,0,556.8949724310688,14308.219178082192,1,0,0,0,0,0
5008,50.47,574.8785176541137,-659.6383232550305,5.0,8.04,3.0,-33291.94617468139,33291.94617468139,3138.0483456800653,15.0,116.83198947648592,14308.219178082192,0,1,0,0,0,0
5009,58.73,-4106.600918394087,650.0,0,8.04,3.0,38174.5,-38174.5,15071.972825128516,0,556.8949724310688,14308.219178082192,1,0,0,0,0,0
5010,54.4,-2017.5000927381548,-659.6383232550305,5.0,8.04,3.0,-35884.32478507366,35884.32478507366,3138.0483456800653,15.0,116.83198947648592,14308.219178082192,0,1,0,0,0,0
5011,75.71,6930.399081605902,650.0,0,8.04,3.0,49211.49999999999,-49211.49999999999,15071.972825128516,0,556.8949724310688,14308.219178082192,1,0,0,0,0,0
5012,113.6,31558.899081605916,650.0,0,8.04,3.0,73840.0,-73840.0,15071.972825128516,0,556.8949724310688,14308.219178082192,1,0,0,0,0,0
5013,76.32,7326.899081605902,650.0,0,8.04,3.0,49607.99999999999,-49607.99999999999,15071.972825128516,0,556.8949724310688,14308.219178082192,1,0,0,0,0,0
5014,64.86,-122.10091839408699,650.0,0,8.04,3.0,42159.0,-42159.0,15071.972825128516,0,556.8949724310688,14308.219178082192,1,0,0,0,0,0
5015,55.51,-2749.6986315512327,-659.6383232550305,5.0,8.04,3.0,-36616.523323886744,36616.523323886744,3138.0483456800653,15.0,116.83198947648592,14308.219178082192,0,1,0,0,0,0
5016,50.25,719.9989487702192,-659.6383232550305,5.0,8.04,3.0,-33146.825743565285,33146.825743565285,3138.0483456800653,15.0,116.83198947648592,14308.219178082192,0,1,0,0,0,0
5017,43.66,5067.015499020876,-659.6383232550305,5.0,8.04,3.0,-28799.80919331463,28799.80919331463,3138.0483456800653,15.0,116.83198947648592,14308.219178082192,0,1,0,0,0,0
5018,44.82,4301.835044045038,-659.6383232550305,5.0,8.04,3.0,-29564.98964829047,29564.98964829047,3138.0483456800653,15.0,116.83198947648592,14308.219178082192,0,1,0,0,0,0
5019,41.97,6181.804265321873,-659.6383232550305,5.0,8.04,3.0,-27685.02042701363,27685.02042701363,3138.0483456800653,15.0,116.83198947648592,14308.219178082192,0,1,0,0,0,0
5020,26.88,16135.746563240285,-659.6383232550305,5.0,8.04,3.0,-17731.078129095218,17731.078129095218,3138.0483456800653,15.0,116.83198947648592,14308.219178082192,0,1,0,0,0,0
5021,30.69,13622.524551638613,-659.6383232550305,5.0,8.04,3.0,-20244.300140696887,20244.300140696887,3138.0483456800653,15.0,116.83198947648592,14308.219178082192,0,1,0,0,0,0
5022,26.74,16228.09592849599,-659.6383232550305,5.0,8.04,3.0,-17638.728763839514,17638.728763839514,3138.0483456800653,15.0,116.83198947648592,14308.219178082192,0,1,0,0,0,0
5023,46.47,3213.431810674236,-659.6383232550305,5.0,8.04,3.0,-30653.392881661268,30653.392881661268,3138.0483456800653,15.0,116.83198947648592,14308.219178082192,0,1,0,0,0,0
5024,65.43,248.3990816059203,650.0,0,8.04,3.0,42529.50000000001,-42529.50000000001,15071.972825128516,0,556.8949724310688,14308.219178082192,1,0,0,0,0,0
5025,74.71,6280.399081605902,650.0,0,8.04,3.0,48561.49999999999,-48561.49999999999,15071.972825128516,0,556.8949724310688,14308.219178082192,1,0,0,0,0,0
5026,74.17,5929.399081605917,650.0,0,8.04,3.0,48210.5,-48210.5,15071.972825128516,0,556.8949724310688,14308.219178082192,1,0,0,0,0,0
5027,76.06,7157.899081605917,650.0,0,8.04,3.0,49439.0,-49439.0,15071.972825128516,0,556.8949724310688,14308.219178082192,1,0,0,0,0,0
5028,78.77,8919.399081605916,650.0,0,8.04,3.0,51200.5,-51200.5,15071.972825128516,0,556.8949724310688,14308.219178082192,1,0,0,0,0,0
5029,80.24,9874.899081605916,650.0,0,8.04,3.0,52156.0,-52156.0,15071.972825128516,0,556.8949724310688,14308.219178082192,1,0,0,0,0,0
5030,78.97,9049.399081605916,650.0,0,8.04,3.0,51330.5,-51330.5,15071.972825128516,0,556.8949724310688,14308.219178082192,1,0,0,0,0,0
5031,86.24,13774.899081605916,650.0,0,8.04,3.0,56056.0,-56056.0,15071.972825128516,0,556.8949724310688,14308.219178082192,1,0,0,0,0,0
5032,84.89,12897.399081605916,650.0,0,8.04,3.0,55178.5,-55178.5,15071.972825128516,0,556.8949724310688,14308.219178082192,1,0,0,0,0,0
5033,80.89,10297.399081605916,650.0,0,8.04,3.0,52578.5,-52578.5,15071.972825128516,0,556.8949724310688,14308.219178082192,1,0,0,0,0,0
5034,83.82,12201.899081605901,650.0,0,8.04,3.0,54482.99999999999,-54482.99999999999,15071.972825128516,0,556.8949724310688,14308.219178082192,1,0,0,0,0,0
5035,83.17,11779.399081605916,650.0,0,8.04,3.0,54060.5,-54060.5,15071.972825128516,0,556.8949724310688,14308.219178082192,1,0,0,0,0,0
5036,76.36,7352.899081605917,650.0,0,8.04,3.0,49634.0,-49634.0,15071.972825128516,0,556.8949724310688,14308.219178082192,1,0,0,0,0,0
5037,66.38,865.899081605913,650.0,0,8.04,3.0,43147.0,-43147.0,15071.972825128516,0,556.8949724310688,14308.219178082192,1,0,0,0,0,0
5038,40.89,6894.213654437306,-659.6383232550305,5.0,8.04,3.0,-26972.611037898198,26972.611037898198,3138.0483456800653,15.0,116.83198947648592,14308.219178082192,0,1,0,0,0,0
5039,26.26,16544.7223236584,-659.6383232550305,5.0,8.04,3.0,-17322.102368677104,17322.102368677104,3138.0483456800653,15.0,116.83198947648592,14308.219178082192,0,1,0,0,0,0
5040,21.94,19394.359880120133,-659.6383232550305,5.0,8.04,3.0,-14472.46481221537,14472.46481221537,3138.0483456800653,15.0,116.83198947648592,14308.219178082192,0,1,0,0,0,0
5041,12.84,25397.068621740913,-659.6383232550305,5.0,8.04,3.0,-8469.756070594593,8469.756070594593,3138.0483456800653,15.0,116.83198947648592,14308.219178082192,0,1,0,0,0,0
5042,7.98,28602.91087276036,-659.6383232550305,5.0,8.04,3.0,-5263.913819575144,5263.913819575144,3138.0483456800653,15.0,116.83198947648592,14308.219178082192,0,1,0,0,0,0
5043,10.68,26821.887399971776,-659.6383232550305,5.0,8.04,3.0,-7044.937292363726,7044.937292363726,3138.0483456800653,15.0,116.83198947648592,14308.219178082192,0,1,0,0,0,0
5044,18.0,21993.334873744956,-659.6383232550305,5.0,8.04,3.0,-11873.48981859055,11873.48981859055,3138.0483456800653,15.0,116.83198947648592,14308.219178082192,0,1,0,0,0,0
5045,10.07,27224.266777157347,-659.6383232550305,5.0,8.04,3.0,-6642.557915178158,6642.557915178158,3138.0483456800653,15.0,116.83198947648592,14308.219178082192,0,1,0,0,0,0
5046,13.81,24757.219448183532,-659.6383232550305,5.0,8.04,3.0,-9109.605244151971,9109.605244151971,3138.0483456800653,15.0,116.83198947648592,14308.219178082192,0,1,0,0,0,0
5047,21.95,19387.763496887583,-659.6383232550305,5.0,8.04,3.0,-14479.061195447919,14479.061195447919,3138.0483456800653,15.0,116.83198947648592,14308.219178082192,0,1,0,0,0,0
5048,44.07,4796.563786486309,-659.6383232550305,5.0,8.04,3.0,-29070.260905849194,29070.260905849194,3138.0483456800653,15.0,116.83198947648592,14308.219178082192,0,1,0,0,0,0
5049,25.45,17079.02936549498,-659.6383232550305,5.0,8.04,3.0,-16787.795326840525,16787.795326840525,3138.0483456800653,15.0,116.83198947648592,14308.219178082192,0,1,0,0,0,0
5050,24.75,17540.776191773497,-659.6383232550305,5.0,8.04,3.0,-16326.048500562005,16326.048500562005,3138.0483456800653,15.0,116.83198947648592,14308.219178082192,0,1,0,0,0,0
5051,25.0,17375.86661095974,-659.6383232550305,5.0,8.04,3.0,-16490.958081375764,16490.958081375764,3138.0483456800653,15.0,116.83198947648592,14308.219178082192,0,1,0,0,0,0
5052,24.8,17507.794275610748,-659.6383232550305,5.0,8.04,3.0,-16359.030416724758,16359.030416724758,3138.0483456800653,15.0,116.83198947648592,14308.219178082192,0,1,0,0,0,0
5053,25.72,16900.92701821612,-659.6383232550305,5.0,8.04,3.0,-16965.897674119384,16965.897674119384,3138.0483456800653,15.0,116.83198947648592,14308.219178082192,0,1,0,0,0,0
5054,26.77,16208.306778798338,-659.6383232550305,5.0,8.04,3.0,-17658.517913537165,17658.517913537165,3138.0483456800653,15.0,116.83198947648592,14308.219178082192,0,1,0,0,0,0
5055,33.75,11604.031282478223,-659.6383232550305,5.0,8.04,3.0,-22262.79340985728,22262.79340985728,3138.0483456800653,15.0,116.83198947648592,14308.219178082192,0,1,0,0,0,0
5056,48.9,1610.5106851645146,-659.6383232550305,5.0,8.04,3.0,-32256.31400717099,32256.31400717099,3138.0483456800653,15.0,116.83198947648592,14308.219178082192,0,1,0,0,0,0
5057,52.62,-843.3438773441953,-659.6383232550305,5.0,8.04,3.0,-34710.16856967971,34710.16856967971,3138.0483456800653,15.0,116.83198947648592,14308.219178082192,0,1,0,0,0,0
5058,60.45,-2988.600918394087,650.0,0,8.04,3.0,39292.5,-39292.5,15071.972825128516,0,556.8949724310688,14308.219178082192,1,0,0,0,0,0
5059,82.28,11200.899081605916,650.0,0,8.04,3.0,53482.0,-53482.0,15071.972825128516,0,556.8949724310688,14308.219178082192,1,0,0,0,0,0
5060,61.25,-2468.600918394087,650.0,0,8.04,3.0,39812.5,-39812.5,15071.972825128516,0,556.8949724310688,14308.219178082192,1,0,0,0,0,0
5061,38.35,8569.694995505084,-659.6383232550305,5.0,8.04,3.0,-25297.12969683042,25297.12969683042,3138.0483456800653,15.0,116.83198947648592,14308.219178082192,0,1,0,0,0,0
5062,35.38,10528.820815572522,-659.6383232550305,5.0,8.04,3.0,-23338.00387676298,23338.00387676298,3138.0483456800653,15.0,116.83198947648592,14308.219178082192,0,1,0,0,0,0
5063,20.83,20126.558418933222,-659.6383232550305,5.0,8.04,3.0,-13740.266273402285,13740.266273402285,3138.0483456800653,15.0,116.83198947648592,14308.219178082192,0,1,0,0,0,0
5064,-4.61,36907.7573625412,-659.6383232550305,5.0,8.04,3.0,3040.932670205691,-3040.932670205691,3138.0483456800653,15.0,116.83198947648592,14308.219178082192,0,1,0,0,0,0
5065,2.13,32461.79506380229,-659.6383232550305,5.0,8.04,3.0,-1405.029628533215,1405.029628533215,3138.0483456800653,15.0,116.83198947648592,14308.219178082192,0,1,0,0,0,0
5066,1.71,32738.8431595694,-659.6383232550305,5.0,8.04,3.0,-1127.9815327661022,1127.9815327661022,3138.0483456800653,15.0,116.83198947648592,14308.219178082192,0,1,0,0,0,0
5067,-0.35,34097.69810547477,-659.6383232550305,5.0,8.04,3.0,230.87341313926066,-230.87341313926066,3138.0483456800653,15.0,116.83198947648592,14308.219178082192,0,1,0,0,0,0
5068,3.47,31577.879710640547,-659.6383232550305,5.0,8.04,3.0,-2288.944981694956,2288.944981694956,3138.0483456800653,15.0,116.83198947648592,14308.219178082192,0,1,0,0,0,0
5069,-3.68,36294.293721914015,-659.6383232550305,5.0,8.04,3.0,2427.4690295785126,-2427.4690295785126,3138.0483456800653,15.0,116.83198947648592,14308.219178082192,0,1,0,0,0,0
5070,-1.42,34803.51111135765,-659.6383232550305,5.0,8.04,3.0,936.6864190221432,-936.6864190221432,3138.0483456800653,15.0,116.83198947648592,14308.219178082192,0,1,0,0,0,0
5071,19.04,21307.311017559725,-659.6383232550305,5.0,8.04,3.0,-12559.51367477578,12559.51367477578,3138.0483456800653,15.0,116.83198947648592,14308.219178082192,0,1,0,0,0,0
5072,25.42,17098.818515192626,-659.6383232550305,5.0,8.04,3.0,-16768.006177142877,16768.006177142877,3138.0483456800653,15.0,116.83198947648592,14308.219178082192,0,1,0,0,0,0
5073,30.74,13589.542635475867,-659.6383232550305,5.0,8.04,3.0,-20277.282056859636,20277.282056859636,3138.0483456800653,15.0,116.83198947648592,14308.219178082192,0,1,0,0,0,0
5074,30.16,13972.132862963783,-659.6383232550305,5.0,8.04,3.0,-19894.69182937172,19894.69182937172,3138.0483456800653,15.0,116.83198947648592,14308.219178082192,0,1,0,0,0,0
5075,24.65,17606.740024099003,-659.6383232550305,5.0,8.04,3.0,-16260.0846682365,16260.0846682365,3138.0483456800653,15.0,116.83198947648592,14308.219178082192,0,1,0,0,0,0
5076,28.35,15166.078228055387,-659.6383232550305,5.0,8.04,3.0,-18700.746464280117,18700.746464280117,3138.0483456800653,15.0,116.83198947648592,14308.219178082192,0,1,0,0,0,0
5077,25.22,17230.746179843638,-659.6383232550305,5.0,8.04,3.0,-16636.07851249187,16636.07851249187,3138.0483456800653,15.0,116.83198947648592,14308.219178082192,0,1,0,0,0,0
5078,27.47,15746.559952519816,-659.6383232550305,5.0,8.04,3.0,-18120.264739815688,18120.264739815688,3138.0483456800653,15.0,116.83198947648592,14308.219178082192,0,1,0,0,0,0
5079,27.2,15924.662299798674,-659.6383232550305,5.0,8.04,3.0,-17942.16239253683,17942.16239253683,3138.0483456800653,15.0,116.83198947648592,14308.219178082192,0,1,0,0,0,0
5080,32.23,12606.681533825875,-659.6383232550305,5.0,8.04,3.0,-21260.143158509632,21260.143158509632,3138.0483456800653,15.0,116.83198947648592,14308.219178082192,0,1,0,0,0,0
5081,46.5,3193.6426609765845,-659.6383232550305,5.0,8.04,3.0,-30673.18203135892,30673.18203135892,3138.0483456800653,15.0,116.83198947648592,14308.219178082192,0,1,0,0,0,0
5082,48.18,2085.450277908138,-659.6383232550305,5.0,8.04,3.0,-31781.37441442737,31781.37441442737,3138.0483456800653,15.0,116.83198947648592,14308.219178082192,0,1,0,0,0,0
5083,65.49,287.399081605913,650.0,0,8.04,3.0,42568.5,-42568.5,15071.972825128516,0,556.8949724310688,14308.219178082192,1,0,0,0,0,0
5084,70.61,3615.399081605913,650.0,0,8.04,3.0,45896.5,-45896.5,15071.972825128516,0,556.8949724310688,14308.219178082192,1,0,0,0,0,0
5085,61.35,-2403.600918394087,650.0,0,8.04,3.0,39877.5,-39877.5,15071.972825128516,0,556.8949724310688,14308.219178082192,1,0,0,0,0,0
5086,32.42,12481.350252407414,-659.6383232550305,5.0,8.04,3.0,-21385.47443992809,21385.47443992809,3138.0483456800653,15.0,116.83198947648592,14308.219178082192,0,1,0,0,0,0
5087,31.45,13121.199425964795,-659.6383232550305,5.0,8.04,3.0,-20745.62526637071,20745.62526637071,3138.0483456800653,15.0,116.83198947648592,14308.219178082192,0,1,0,0,0,0
5088,23.0,18695.143257469805,-659.6383232550305,5.0,8.04,3.0,-15171.681434865703,15171.681434865703,3138.0483456800653,15.0,116.83198947648592,14308.219178082192,0,1,0,0,0,0
5089,19.01,21327.100167257373,-659.6383232550305,5.0,8.04,3.0,-12539.72452507813,12539.72452507813,3138.0483456800653,15.0,116.83198947648592,14308.219178082192,0,1,0,0,0,0
5090,22.89,18767.703473027854,-659.6383232550305,5.0,8.04,3.0,-15099.121219307648,15099.121219307648,3138.0483456800653,15.0,116.83198947648592,14308.219178082192,0,1,0,0,0,0
5091,24.25,17870.59535340101,-659.6383232550305,5.0,8.04,3.0,-15996.22933893449,15996.22933893449,3138.0483456800653,15.0,116.83198947648592,14308.219178082192,0,1,0,0,0,0
5092,24.94,17415.444910355043,-659.6383232550305,5.0,8.04,3.0,-16451.37978198046,16451.37978198046,3138.0483456800653,15.0,116.83198947648592,14308.219178082192,0,1,0,0,0,0
5093,38.02,8787.375642179242,-659.6383232550305,5.0,8.04,3.0,-25079.44905015626,25079.44905015626,3138.0483456800653,15.0,116.83198947648592,14308.219178082192,0,1,0,0,0,0
5094,53.85,-1654.6990149478875,-659.6383232550305,5.0,8.04,3.0,-35521.52370728339,35521.52370728339,3138.0483456800653,15.0,116.83198947648592,14308.219178082192,0,1,0,0,0,0
5095,55.82,-2954.1865117603006,-659.6383232550305,5.0,8.04,3.0,-36821.011204095805,36821.011204095805,3138.0483456800653,15.0,116.83198947648592,14308.219178082192,0,1,0,0,0,0
5096,67.32,1476.8990816059058,650.0,0,8.04,3.0,43757.99999999999,-43757.99999999999,15071.972825128516,0,556.8949724310688,14308.219178082192,1,0,0,0,0,0
5097,70.03,3238.399081605913,650.0,0,8.04,3.0,45519.5,-45519.5,15071.972825128516,0,556.8949724310688,14308.219178082192,1,0,0,0,0,0
5098,79.69,9517.399081605916,650.0,0,8.04,3.0,51798.5,-51798.5,15071.972825128516,0,556.8949724310688,14308.219178082192,1,0,0,0,0,0
5099,97.4,21028.899081605916,650.0,0,8.04,3.0,63310.00000000001,-63310.00000000001,15071.972825128516,0,556.8949724310688,14308.219178082192,1,0,0,0,0,0
5100,86.69,14067.399081605916,650.0,0,8.04,3.0,56348.5,-56348.5,15071.972825128516,0,556.8949724310688,14308.219178082192,1,0,0,0,0,0
5101,81.27,10544.399081605916,650.0,0,8.04,3.0,52825.5,-52825.5,15071.972825128516,0,556.8949724310688,14308.219178082192,1,0,0,0,0,0
5102,91.19,16992.399081605916,650.0,0,8.04,3.0,59273.5,-59273.5,15071.972825128516,0,556.8949724310688,14308.219178082192,1,0,0,0,0,0
5103,162.95,63636.39908160591,650.0,0,8.04,3.0,105917.49999999999,-105917.49999999999,15071.972825128516,0,556.8949724310688,14308.219178082192,1,0,0,0,0,0
5104,109.81,29095.399081605916,650.0,0,8.04,3.0,71376.5,-71376.5,15071.972825128516,0,556.8949724310688,14308.219178082192,1,0,0,0,0,0
5105,160.36,61952.89908160594,650.0,0,8.04,3.0,104234.00000000001,-104234.00000000001,15071.972825128516,0,556.8949724310688,14308.219178082192,1,0,0,0,0,0
5106,106.22,26761.899081605916,650.0,0,8.04,3.0,69043.0,-69043.0,15071.972825128516,0,556.8949724310688,14308.219178082192,1,0,0,0,0,0
5107,105.56,26332.899081605916,650.0,0,8.04,3.0,68614.0,-68614.0,15071.972825128516,0,556.8949724310688,14308.219178082192,1,0,0,0,0,0
5108,87.1,14333.899081605901,650.0,0,8.04,3.0,56614.99999999999,-56614.99999999999,15071.972825128516,0,556.8949724310688,14308.219178082192,1,0,0,0,0,0
5109,74.22,5961.899081605917,650.0,0,8.04,3.0,48243.0,-48243.0,15071.972825128516,0,556.8949724310688,14308.219178082192,1,0,0,0,0,0
5110,57.51,-4068.9752780612976,-659.6383232550305,5.0,8.04,3.0,-37935.7999703968,37935.7999703968,3138.0483456800653,15.0,116.83198947648592,14308.219178082192,0,1,0,0,0,0
5111,44.67,4400.780792533289,-659.6383232550305,5.0,8.04,3.0,-29466.043899802215,29466.043899802215,3138.0483456800653,15.0,116.83198947648592,14308.219178082192,0,1,0,0,0,0
5112,39.95,7514.273678297031,-659.6383232550305,5.0,8.04,3.0,-26352.551014038472,26352.551014038472,3138.0483456800653,15.0,116.83198947648592,14308.219178082192,0,1,0,0,0,0
5113,25.84,16821.770419425517,-659.6383232550305,5.0,8.04,3.0,-17045.054272909987,17045.054272909987,3138.0483456800653,15.0,116.83198947648592,14308.219178082192,0,1,0,0,0,0
5114,22.66,18919.420287376513,-659.6383232550305,5.0,8.04,3.0,-14947.404404958992,14947.404404958992,3138.0483456800653,15.0,116.83198947648592,14308.219178082192,0,1,0,0,0,0
5115,23.55,18332.342179679534,-659.6383232550305,5.0,8.04,3.0,-15534.48251265597,15534.48251265597,3138.0483456800653,15.0,116.83198947648592,14308.219178082192,0,1,0,0,0,0
5116,15.19,23846.91856209159,-659.6383232550305,5.0,8.04,3.0,-10019.906130243913,10019.906130243913,3138.0483456800653,15.0,116.83198947648592,14308.219178082192,0,1,0,0,0,0
5117,21.32,19803.33564053825,-659.6383232550305,5.0,8.04,3.0,-14063.48905179725,14063.48905179725,3138.0483456800653,15.0,116.83198947648592,14308.219178082192,0,1,0,0,0,0
5118,24.43,17751.86045521511,-659.6383232550305,5.0,8.04,3.0,-16114.964237120395,16114.964237120395,3138.0483456800653,15.0,116.83198947648592,14308.219178082192,0,1,0,0,0,0
5119,38.88,8220.086684179918,-659.6383232550305,5.0,8.04,3.0,-25646.73800815559,25646.73800815559,3138.0483456800653,15.0,116.83198947648592,14308.219178082192,0,1,0,0,0,0
5120,44.14,4750.389103858455,-659.6383232550305,5.0,8.04,3.0,-29116.43558847705,29116.43558847705,3138.0483456800653,15.0,116.83198947648592,14308.219178082192,0,1,0,0,0,0
5121,48.4,1940.329846792029,-659.6383232550305,5.0,8.04,3.0,-31926.494845543475,31926.494845543475,3138.0483456800653,15.0,116.83198947648592,14308.219178082192,0,1,0,0,0,0
5122,47.06,2824.24519995377,-659.6383232550305,5.0,8.04,3.0,-31042.579492381738,31042.579492381738,3138.0483456800653,15.0,116.83198947648592,14308.219178082192,0,1,0,0,0,0
5123,59.75,-3443.600918394087,650.0,0,8.04,3.0,38837.5,-38837.5,15071.972825128516,0,556.8949724310688,14308.219178082192,1,0,0,0,0,0
5124,71.87,4434.399081605913,650.0,0,8.04,3.0,46715.5,-46715.5,15071.972825128516,0,556.8949724310688,14308.219178082192,1,0,0,0,0,0
5125,69.34,2789.899081605913,650.0,0,8.04,3.0,45071.0,-45071.0,15071.972825128516,0,556.8949724310688,14308.219178082192,1,0,0,0,0,0
5126,118.86,34977.89908160592,650.0,0,8.04,3.0,77259.0,-77259.0,15071.972825128516,0,556.8949724310688,14308.219178082192,1,0,0,0,0,0
5127,141.67,49804.39908160591,650.0,0,8.04,3.0,92085.49999999999,-92085.49999999999,15071.972825128516,0,556.8949724310688,14308.219178082192,1,0,0,0,0,0
5128,147.22,53411.89908160592,650.0,0,8.04,3.0,95693.0,-95693.0,15071.972825128516,0,556.8949724310688,14308.219178082192,1,0,0,0,0,0
5129,147.52,53606.89908160592,650.0,0,8.04,3.0,95888.0,-95888.0,15071.972825128516,0,556.8949724310688,14308.219178082192,1,0,0,0,0,0
5130,171.13,68953.39908160592,650.0,0,8.04,3.0,111234.5,-111234.5,15071.972825128516,0,556.8949724310688,14308.219178082192,1,0,0,0,0,0
5131,109.25,28731.399081605916,650.0,0,8.04,3.0,71012.5,-71012.5,15071.972825128516,0,556.8949724310688,14308.219178082192,1,0,0,0,0,0
5132,116.19,33242.39908160592,650.0,0,8.04,3.0,75523.5,-75523.5,15071.972825128516,0,556.8949724310688,14308.219178082192,1,0,0,0,0,0
5133,67.2,1398.8990816059131,650.0,0,8.04,3.0,43680.0,-43680.0,15071.972825128516,0,556.8949724310688,14308.219178082192,1,0,0,0,0,0
5134,39.85,7580.237510622537,-659.6383232550305,5.0,8.04,3.0,-26286.587181712966,26286.587181712966,3138.0483456800653,15.0,116.83198947648592,14308.219178082192,0,1,0,0,0,0
5135,44.69,4387.588026068195,-659.6383232550305,5.0,8.04,3.0,-29479.236666267312,29479.236666267312,3138.0483456800653,15.0,116.83198947648592,14308.219178082192,0,1,0,0,0,0
5136,37.24,9301.893534318166,-659.6383232550305,5.0,8.04,3.0,-24564.931158017338,24564.931158017338,3138.0483456800653,15.0,116.83198947648592,14308.219178082192,0,1,0,0,0,0
5137,36.76,9618.519929480586,-659.6383232550305,5.0,8.04,3.0,-24248.30476285492,24248.30476285492,3138.0483456800653,15.0,116.83198947648592,14308.219178082192,0,1,0,0,0,0
5138,42.81,5627.708073787646,-659.6383232550305,5.0,8.04,3.0,-28239.116618547858,28239.116618547858,3138.0483456800653,15.0,116.83198947648592,14308.219178082192,0,1,0,0,0,0
5139,42.74,5673.8827564155,-659.6383232550305,5.0,8.04,3.0,-28192.941935920004,28192.941935920004,3138.0483456800653,15.0,116.83198947648592,14308.219178082192,0,1,0,0,0,0
5140,46.78,3008.9439304651755,-659.6383232550305,5.0,8.04,3.0,-30857.88076187033,30857.88076187033,3138.0483456800653,15.0,116.83198947648592,14308.219178082192,0,1,0,0,0,0
5141,56.65,-3501.6863200619696,-659.6383232550305,5.0,8.04,3.0,-37368.51101239748,37368.51101239748,3138.0483456800653,15.0,116.83198947648592,14308.219178082192,0,1,0,0,0,0
5142,54.38,-2004.3073262730536,-659.6383232550305,5.0,8.04,3.0,-35871.13201860856,35871.13201860856,3138.0483456800653,15.0,116.83198947648592,14308.219178082192,0,1,0,0,0,0
5143,60.2,-3151.100918394087,650.0,0,8.04,3.0,39130.0,-39130.0,15071.972825128516,0,556.8949724310688,14308.219178082192,1,0,0,0,0,0
5144,65.93,573.3990816059203,650.0,0,8.04,3.0,42854.50000000001,-42854.50000000001,15071.972825128516,0,556.8949724310688,14308.219178082192,1,0,0,0,0,0
5145,67.08,1320.8990816059131,650.0,0,8.04,3.0,43602.0,-43602.0,15071.972825128516,0,556.8949724310688,14308.219178082192,1,0,0,0,0,0
5146,63.02,-1318.1009183940869,650.0,0,8.04,3.0,40963.0,-40963.0,15071.972825128516,0,556.8949724310688,14308.219178082192,1,0,0,0,0,0
5147,56.18,-3191.656308132107,-659.6383232550305,5.0,8.04,3.0,-37058.48100046761,37058.48100046761,3138.0483456800653,15.0,116.83198947648592,14308.219178082192,0,1,0,0,0,0
5148,76.94,7729.899081605917,650.0,0,8.04,3.0,50011.0,-50011.0,15071.972825128516,0,556.8949724310688,14308.219178082192,1,0,0,0,0,0
5149,89.22,15711.899081605916,650.0,0,8.04,3.0,57993.0,-57993.0,15071.972825128516,0,556.8949724310688,14308.219178082192,1,0,0,0,0,0
5150,87.72,14736.899081605916,650.0,0,8.04,3.0,57018.0,-57018.0,15071.972825128516,0,556.8949724310688,14308.219178082192,1,0,0,0,0,0
5151,96.86,20677.899081605916,650.0,0,8.04,3.0,62959.0,-62959.0,15071.972825128516,0,556.8949724310688,14308.219178082192,1,0,0,0,0,0
5152,78.9,9003.899081605916,650.0,0,8.04,3.0,51285.00000000001,-51285.00000000001,15071.972825128516,0,556.8949724310688,14308.219178082192,1,0,0,0,0,0
5153,79.27,9244.399081605916,650.0,0,8.04,3.0,51525.5,-51525.5,15071.972825128516,0,556.8949724310688,14308.219178082192,1,0,0,0,0,0
5154,86.52,13956.899081605916,650.0,0,8.04,3.0,56238.0,-56238.0,15071.972825128516,0,556.8949724310688,14308.219178082192,1,0,0,0,0,0
5155,80.91,10310.399081605916,650.0,0,8.04,3.0,52591.5,-52591.5,15071.972825128516,0,556.8949724310688,14308.219178082192,1,0,0,0,0,0
5156,76.54,7469.899081605917,650.0,0,8.04,3.0,49751.00000000001,-49751.00000000001,15071.972825128516,0,556.8949724310688,14308.219178082192,1,0,0,0,0,0
5157,51.24,66.9570087477409,-659.6383232550305,5.0,8.04,3.0,-33799.86768358776,33799.86768358776,3138.0483456800653,15.0,116.83198947648592,14308.219178082192,0,1,0,0,0,0
5158,43.74,5014.244433160471,-659.6383232550305,5.0,8.04,3.0,-28852.580259175036,28852.580259175036,3138.0483456800653,15.0,116.83198947648592,14308.219178082192,0,1,0,0,0,0
5159,36.55,9757.043977364141,-659.6383232550305,5.0,8.04,3.0,-24109.780714971363,24109.780714971363,3138.0483456800653,15.0,116.83198947648592,14308.219178082192,0,1,0,0,0,0
5160,28.1,15330.987808869148,-659.6383232550305,5.0,8.04,3.0,-18535.83688346636,18535.83688346636,3138.0483456800653,15.0,116.83198947648592,14308.219178082192,0,1,0,0,0,0
5161,26.12,16637.071688914108,-659.6383232550305,5.0,8.04,3.0,-17229.753003421396,17229.753003421396,3138.0483456800653,15.0,116.83198947648592,14308.219178082192,0,1,0,0,0,0
5162,24.32,17824.420670773165,-659.6383232550305,5.0,8.04,3.0,-16042.404021562343,16042.404021562343,3138.0483456800653,15.0,116.83198947648592,14308.219178082192,0,1,0,0,0,0
5163,24.82,17494.601509145647,-659.6383232550305,5.0,8.04,3.0,-16372.223183189857,16372.223183189857,3138.0483456800653,15.0,116.83198947648592,14308.219178082192,0,1,0,0,0,0
5164,22.89,18767.703473027854,-659.6383232550305,5.0,8.04,3.0,-15099.121219307648,15099.121219307648,3138.0483456800653,15.0,116.83198947648592,14308.219178082192,0,1,0,0,0,0
5165,30.57,13701.681150429224,-659.6383232550305,5.0,8.04,3.0,-20165.143541906284,20165.143541906284,3138.0483456800653,15.0,116.83198947648592,14308.219178082192,0,1,0,0,0,0
5166,29.45,14440.476072474856,-659.6383232550305,5.0,8.04,3.0,-19426.348619860648,19426.348619860648,3138.0483456800653,15.0,116.83198947648592,14308.219178082192,0,1,0,0,0,0
5167,39.08,8088.159019528914,-659.6383232550305,5.0,8.04,3.0,-25778.66567280659,25778.66567280659,3138.0483456800653,15.0,116.83198947648592,14308.219178082192,0,1,0,0,0,0
5168,60.77,-2780.600918394087,650.0,0,8.04,3.0,39500.5,-39500.5,15071.972825128516,0,556.8949724310688,14308.219178082192,1,0,0,0,0,0
5169,69.26,2737.899081605913,650.0,0,8.04,3.0,45019.0,-45019.0,15071.972825128516,0,556.8949724310688,14308.219178082192,1,0,0,0,0,0
5170,55.45,-2710.1203321559365,-659.6383232550305,5.0,8.04,3.0,-36576.94502449144,36576.94502449144,3138.0483456800653,15.0,116.83198947648592,14308.219178082192,0,1,0,0,0,0
5171,52.93,-1047.8317575532633,-659.6383232550305,5.0,8.04,3.0,-34914.65644988877,34914.65644988877,3138.0483456800653,15.0,116.83198947648592,14308.219178082192,0,1,0,0,0,0
5172,50.25,719.9989487702192,-659.6383232550305,5.0,8.04,3.0,-33146.825743565285,33146.825743565285,3138.0483456800653,15.0,116.83198947648592,14308.219178082192,0,1,0,0,0,0
5173,97.21,20905.3990816059,650.0,0,8.04,3.0,63186.49999999999,-63186.49999999999,15071.972825128516,0,556.8949724310688,14308.219178082192,1,0,0,0,0,0
5174,47.56,2494.4260383262485,-659.6383232550305,5.0,8.04,3.0,-31372.398654009252,31372.398654009252,3138.0483456800653,15.0,116.83198947648592,14308.219178082192,0,1,0,0,0,0
5175,66.17,729.399081605913,650.0,0,8.04,3.0,43010.5,-43010.5,15071.972825128516,0,556.8949724310688,14308.219178082192,1,0,0,0,0,0
5176,64.95,-63.60091839408699,650.0,0,8.04,3.0,42217.5,-42217.5,15071.972825128516,0,556.8949724310688,14308.219178082192,1,0,0,0,0,0
5177,80.48,10030.899081605916,650.0,0,8.04,3.0,52312.0,-52312.0,15071.972825128516,0,556.8949724310688,14308.219178082192,1,0,0,0,0,0
5178,104.96,25942.899081605916,650.0,0,8.04,3.0,68224.0,-68224.0,15071.972825128516,0,556.8949724310688,14308.219178082192,1,0,0,0,0,0
5179,74.57,6189.399081605902,650.0,0,8.04,3.0,48470.49999999999,-48470.49999999999,15071.972825128516,0,556.8949724310688,14308.219178082192,1,0,0,0,0,0
5180,54.64,-2175.8132903193614,-659.6383232550305,5.0,8.04,3.0,-36042.637982654865,36042.637982654865,3138.0483456800653,15.0,116.83198947648592,14308.219178082192,0,1,0,0,0,0
5181,41.32,6610.569175437642,-659.6383232550305,5.0,8.04,3.0,-27256.25551689786,27256.25551689786,3138.0483456800653,15.0,116.83198947648592,14308.219178082192,0,1,0,0,0,0
5182,40.61,7078.912384948715,-659.6383232550305,5.0,8.04,3.0,-26787.91230738679,26787.91230738679,3138.0483456800653,15.0,116.83198947648592,14308.219178082192,0,1,0,0,0,0
5183,28.48,15080.325246032233,-659.6383232550305,5.0,8.04,3.0,-18786.49944630327,18786.49944630327,3138.0483456800653,15.0,116.83198947648592,14308.219178082192,0,1,0,0,0,0
5184,19.95,20707.040143397644,-659.6383232550305,5.0,8.04,3.0,-13159.784548937858,13159.784548937858,3138.0483456800653,15.0,116.83198947648592,14308.219178082192,0,1,0,0,0,0
5185,20.1,20608.09439490939,-659.6383232550305,5.0,8.04,3.0,-13258.730297426115,13258.730297426115,3138.0483456800653,15.0,116.83198947648592,14308.219178082192,0,1,0,0,0,0
5186,23.44,18404.902395237586,-659.6383232550305,5.0,8.04,3.0,-15461.922297097915,15461.922297097915,3138.0483456800653,15.0,116.83198947648592,14308.219178082192,0,1,0,0,0,0
5187,20.37,20429.99204763053,-659.6383232550305,5.0,8.04,3.0,-13436.832644704973,13436.832644704973,3138.0483456800653,15.0,116.83198947648592,14308.219178082192,0,1,0,0,0,0
5188,16.74,22824.479161046293,-659.6383232550305,5.0,8.04,3.0,-11042.34553128921,11042.34553128921,3138.0483456800653,15.0,116.83198947648592,14308.219178082192,0,1,0,0,0,0
5189,22.77,18846.86007181846,-659.6383232550305,5.0,8.04,3.0,-15019.964620517045,15019.964620517045,3138.0483456800653,15.0,116.83198947648592,14308.219178082192,0,1,0,0,0,0
5190,27.08,16003.818898589278,-659.6383232550305,5.0,8.04,3.0,-17863.005793746226,17863.005793746226,3138.0483456800653,15.0,116.83198947648592,14308.219178082192,0,1,0,0,0,0
5191,29.28,14552.614587428212,-659.6383232550305,5.0,8.04,3.0,-19314.210104907295,19314.210104907295,3138.0483456800653,15.0,116.83198947648592,14308.219178082192,0,1,0,0,0,0
5192,37.84,8906.110540365149,-659.6383232550305,5.0,8.04,3.0,-24960.71415197036,24960.71415197036,3138.0483456800653,15.0,116.83198947648592,14308.219178082192,0,1,0,0,0,0
5193,40.08,7428.520696273885,-659.6383232550305,5.0,8.04,3.0,-26438.303996061622,26438.303996061622,3138.0483456800653,15.0,116.83198947648592,14308.219178082192,0,1,0,0,0,0
5194,49.13,1458.7938708158513,-659.6383232550305,5.0,8.04,3.0,-32408.03082151965,32408.03082151965,3138.0483456800653,15.0,116.83198947648592,14308.219178082192,0,1,0,0,0,0
5195,57.99,-4385.6016732237185,-659.6383232550305,5.0,8.04,3.0,-38252.42636555922,38252.42636555922,3138.0483456800653,15.0,116.83198947648592,14308.219178082192,0,1,0,0,0,0
5196,65.25,131.399081605913,650.0,0,8.04,3.0,42412.5,-42412.5,15071.972825128516,0,556.8949724310688,14308.219178082192,1,0,0,0,0,0
5197,65.6,358.89908160590574,650.0,0,8.04,3.0,42639.99999999999,-42639.99999999999,15071.972825128516,0,556.8949724310688,14308.219178082192,1,0,0,0,0,0
5198,68.8,2438.899081605913,650.0,0,8.04,3.0,44720.0,-44720.0,15071.972825128516,0,556.8949724310688,14308.219178082192,1,0,0,0,0,0
5199,85.67,13404.399081605916,650.0,0,8.04,3.0,55685.5,-55685.5,15071.972825128516,0,556.8949724310688,14308.219178082192,1,0,0,0,0,0
5200,85.87,13534.399081605916,650.0,0,8.04,3.0,55815.5,-55815.5,15071.972825128516,0,556.8949724310688,14308.219178082192,1,0,0,0,0,0
5201,29.59,14348.126707219151,-659.6383232550305,5.0,8.04,3.0,-19518.697985116352,19518.697985116352,3138.0483456800653,15.0,116.83198947648592,14308.219178082192,0,1,0,0,0,0
5202,47.03,2844.0343496514183,-659.6383232550305,5.0,8.04,3.0,-31022.790342684086,31022.790342684086,3138.0483456800653,15.0,116.83198947648592,14308.219178082192,0,1,0,0,0,0
5203,68.64,2334.899081605913,650.0,0,8.04,3.0,44616.0,-44616.0,15071.972825128516,0,556.8949724310688,14308.219178082192,1,0,0,0,0,0
5204,31.9,12824.362180500033,-659.6383232550305,5.0,8.04,3.0,-21042.46251183547,21042.46251183547,3138.0483456800653,15.0,116.83198947648592,14308.219178082192,0,1,0,0,0,0
5205,30.58,13695.084767196673,-659.6383232550305,5.0,8.04,3.0,-20171.73992513883,20171.73992513883,3138.0483456800653,15.0,116.83198947648592,14308.219178082192,0,1,0,0,0,0
5206,41.22,6676.533007763148,-659.6383232550305,5.0,8.04,3.0,-27190.291684572356,27190.291684572356,3138.0483456800653,15.0,116.83198947648592,14308.219178082192,0,1,0,0,0,0
5207,24.19,17910.173652796315,-659.6383232550305,5.0,8.04,3.0,-15956.651039539189,15956.651039539189,3138.0483456800653,15.0,116.83198947648592,14308.219178082192,0,1,0,0,0,0
5208,20.51,20337.642682374826,-659.6383232550305,5.0,8.04,3.0,-13529.182009960678,13529.182009960678,3138.0483456800653,15.0,116.83198947648592,14308.219178082192,0,1,0,0,0,0
5209,23.41,18424.69154493524,-659.6383232550305,5.0,8.04,3.0,-15442.133147400264,15442.133147400264,3138.0483456800653,15.0,116.83198947648592,14308.219178082192,0,1,0,0,0,0
5210,23.25,18530.233676656044,-659.6383232550305,5.0,8.04,3.0,-15336.59101567946,15336.59101567946,3138.0483456800653,15.0,116.83198947648592,14308.219178082192,0,1,0,0,0,0
5211,25.95,16749.210203867464,-659.6383232550305,5.0,8.04,3.0,-17117.61448846804,17117.61448846804,3138.0483456800653,15.0,116.83198947648592,14308.219178082192,0,1,0,0,0,0
5212,23.28,18510.444526958396,-659.6383232550305,5.0,8.04,3.0,-15356.380165377112,15356.380165377112,3138.0483456800653,15.0,116.83198947648592,14308.219178082192,0,1,0,0,0,0
5213,25.13,17290.113628936586,-659.6383232550305,5.0,8.04,3.0,-16576.711063398918,16576.711063398918,3138.0483456800653,15.0,116.83198947648592,14308.219178082192,0,1,0,0,0,0
5214,31.63,13002.464527778888,-659.6383232550305,5.0,8.04,3.0,-20864.360164556616,20864.360164556616,3138.0483456800653,15.0,116.83198947648592,14308.219178082192,0,1,0,0,0,0
5215,31.06,13378.45837203426,-659.6383232550305,5.0,8.04,3.0,-20488.366320301247,20488.366320301247,3138.0483456800653,15.0,116.83198947648592,14308.219178082192,0,1,0,0,0,0
5216,34.39,11181.862755595004,-659.6383232550305,5.0,8.04,3.0,-22684.9619367405,22684.9619367405,3138.0483456800653,15.0,116.83198947648592,14308.219178082192,0,1,0,0,0,0
5217,37.45,9163.369486434607,-659.6383232550305,5.0,8.04,3.0,-24703.455205900893,24703.455205900893,3138.0483456800653,15.0,116.83198947648592,14308.219178082192,0,1,0,0,0,0
5218,53.47,-1404.03645211098,-659.6383232550305,5.0,8.04,3.0,-35270.861144446484,35270.861144446484,3138.0483456800653,15.0,116.83198947648592,14308.219178082192,0,1,0,0,0,0
5219,22.85,18794.089005958056,-659.6383232550305,5.0,8.04,3.0,-15072.735686377448,15072.735686377448,3138.0483456800653,15.0,116.83198947648592,14308.219178082192,0,1,0,0,0,0
5220,25.08,17323.09554509934,-659.6383232550305,5.0,8.04,3.0,-16543.729147236165,16543.729147236165,3138.0483456800653,15.0,116.83198947648592,14308.219178082192,0,1,0,0,0,0
5221,26.39,16458.96934163525,-659.6383232550305,5.0,8.04,3.0,-17407.855350700254,17407.855350700254,3138.0483456800653,15.0,116.83198947648592,14308.219178082192,0,1,0,0,0,0
5222,20.54,20317.853532677178,-659.6383232550305,5.0,8.04,3.0,-13548.971159658326,13548.971159658326,3138.0483456800653,15.0,116.83198947648592,14308.219178082192,0,1,0,0,0,0
5223,27.83,15509.090156148006,-659.6383232550305,5.0,8.04,3.0,-18357.734536187498,18357.734536187498,3138.0483456800653,15.0,116.83198947648592,14308.219178082192,0,1,0,0,0,0
5224,13.62,24882.55072960199,-659.6383232550305,5.0,8.04,3.0,-8984.273962733516,8984.273962733516,3138.0483456800653,15.0,116.83198947648592,14308.219178082192,0,1,0,0,0,0
5225,-4.98,37151.823542145554,-659.6383232550305,5.0,8.04,3.0,3284.9988498100524,-3284.9988498100524,3138.0483456800653,15.0,116.83198947648592,14308.219178082192,0,1,0,0,0,0
5226,22.78,18840.263688585906,-659.6383232550305,5.0,8.04,3.0,-15026.561003749595,15026.561003749595,3138.0483456800653,15.0,116.83198947648592,14308.219178082192,0,1,0,0,0,0
5227,36.25,9954.935474340647,-659.6383232550305,5.0,8.04,3.0,-23911.889217994856,23911.889217994856,3138.0483456800653,15.0,116.83198947648592,14308.219178082192,0,1,0,0,0,0
5228,28.31,15192.463760985589,-659.6383232550305,5.0,8.04,3.0,-18674.360931349915,18674.360931349915,3138.0483456800653,15.0,116.83198947648592,14308.219178082192,0,1,0,0,0,0
5229,50.45,588.0712841192149,-659.6383232550305,5.0,8.04,3.0,-33278.75340821629,33278.75340821629,3138.0483456800653,15.0,116.83198947648592,14308.219178082192,0,1,0,0,0,0
5230,69.42,2841.899081605913,650.0,0,8.04,3.0,45123.0,-45123.0,15071.972825128516,0,556.8949724310688,14308.219178082192,1,0,0,0,0,0
5231,26.88,16135.746563240285,-659.6383232550305,5.0,8.04,3.0,-17731.078129095218,17731.078129095218,3138.0483456800653,15.0,116.83198947648592,14308.219178082192,0,1,0,0,0,0
5232,27.82,15515.686539380556,-659.6383232550305,5.0,8.04,3.0,-18351.13815295495,18351.13815295495,3138.0483456800653,15.0,116.83198947648592,14308.219178082192,0,1,0,0,0,0
5233,24.76,17534.179808540946,-659.6383232550305,5.0,8.04,3.0,-16332.644883794557,16332.644883794557,3138.0483456800653,15.0,116.83198947648592,14308.219178082192,0,1,0,0,0,0
5234,30.03,14057.885844986937,-659.6383232550305,5.0,8.04,3.0,-19808.938847348567,19808.938847348567,3138.0483456800653,15.0,116.83198947648592,14308.219178082192,0,1,0,0,0,0
5235,23.46,18391.709628772485,-659.6383232550305,5.0,8.04,3.0,-15475.115063563017,15475.115063563017,3138.0483456800653,15.0,116.83198947648592,14308.219178082192,0,1,0,0,0,0
5236,30.64,13655.506467801366,-659.6383232550305,5.0,8.04,3.0,-20211.318224534134,20211.318224534134,3138.0483456800653,15.0,116.83198947648592,14308.219178082192,0,1,0,0,0,0
5237,46.48,3206.8354274416893,-659.6383232550305,5.0,8.04,3.0,-30659.989264893815,30659.989264893815,3138.0483456800653,15.0,116.83198947648592,14308.219178082192,0,1,0,0,0,0
5238,25.53,17026.258299634574,-659.6383232550305,5.0,8.04,3.0,-16840.56639270093,16840.56639270093,3138.0483456800653,15.0,116.83198947648592,14308.219178082192,0,1,0,0,0,0
5239,34.65,11010.356791548696,-659.6383232550305,5.0,8.04,3.0,-22856.467900786807,22856.467900786807,3138.0483456800653,15.0,116.83198947648592,14308.219178082192,0,1,0,0,0,0
5240,30.85,13516.982419917811,-659.6383232550305,5.0,8.04,3.0,-20349.842272417693,20349.842272417693,3138.0483456800653,15.0,116.83198947648592,14308.219178082192,0,1,0,0,0,0
5241,32.1,12692.434515849021,-659.6383232550305,5.0,8.04,3.0,-21174.390176486482,21174.390176486482,3138.0483456800653,15.0,116.83198947648592,14308.219178082192,0,1,0,0,0,0
5242,24.43,17751.86045521511,-659.6383232550305,5.0,8.04,3.0,-16114.964237120395,16114.964237120395,3138.0483456800653,15.0,116.83198947648592,14308.219178082192,0,1,0,0,0,0
5243,44.93,4229.274828486981,-659.6383232550305,5.0,8.04,3.0,-29637.549863848522,29637.549863848522,3138.0483456800653,15.0,116.83198947648592,14308.219178082192,0,1,0,0,0,0
5244,46.45,3226.6245771393374,-659.6383232550305,5.0,8.04,3.0,-30640.20011519617,30640.20011519617,3138.0483456800653,15.0,116.83198947648592,14308.219178082192,0,1,0,0,0,0
5245,26.87,16142.342946472832,-659.6383232550305,5.0,8.04,3.0,-17724.48174586267,17724.48174586267,3138.0483456800653,15.0,116.83198947648592,14308.219178082192,0,1,0,0,0,0
5246,19.61,20931.317173304356,-659.6383232550305,5.0,8.04,3.0,-12935.507519031147,12935.507519031147,3138.0483456800653,15.0,116.83198947648592,14308.219178082192,0,1,0,0,0,0
5247,29.39,14480.054371870156,-659.6383232550305,5.0,8.04,3.0,-19386.770320465348,19386.770320465348,3138.0483456800653,15.0,116.83198947648592,14308.219178082192,0,1,0,0,0,0
5248,27.28,15871.891233938273,-659.6383232550305,5.0,8.04,3.0,-17994.933458397234,17994.933458397234,3138.0483456800653,15.0,116.83198947648592,14308.219178082192,0,1,0,0,0,0
5249,26.51,16379.812742844642,-659.6383232550305,5.0,8.04,3.0,-17487.01194949086,17487.01194949086,3138.0483456800653,15.0,116.83198947648592,14308.219178082192,0,1,0,0,0,0
5250,32.61,12356.01897098896,-659.6383232550305,5.0,8.04,3.0,-21510.805721346544,21510.805721346544,3138.0483456800653,15.0,116.83198947648592,14308.219178082192,0,1,0,0,0,0
5251,32.36,12520.928551802717,-659.6383232550305,5.0,8.04,3.0,-21345.896140532786,21345.896140532786,3138.0483456800653,15.0,116.83198947648592,14308.219178082192,0,1,0,0,0,0
5252,30.96,13444.422204359758,-659.6383232550305,5.0,8.04,3.0,-20422.402487975745,20422.402487975745,3138.0483456800653,15.0,116.83198947648592,14308.219178082192,0,1,0,0,0,0
5253,25.72,16900.92701821612,-659.6383232550305,5.0,8.04,3.0,-16965.897674119384,16965.897674119384,3138.0483456800653,15.0,116.83198947648592,14308.219178082192,0,1,0,0,0,0
5254,30.49,13754.452216289625,-659.6383232550305,5.0,8.04,3.0,-20112.37247604588,20112.37247604588,3138.0483456800653,15.0,116.83198947648592,14308.219178082192,0,1,0,0,0,0
5255,28.01,15390.3552579621,-659.6383232550305,5.0,8.04,3.0,-18476.469434373405,18476.469434373405,3138.0483456800653,15.0,116.83198947648592,14308.219178082192,0,1,0,0,0,0
5256,17.47,22342.943185070122,-659.6383232550305,5.0,8.04,3.0,-11523.881507265382,11523.881507265382,3138.0483456800653,15.0,116.83198947648592,14308.219178082192,0,1,0,0,0,0
5257,25.89,16788.788503262764,-659.6383232550305,5.0,8.04,3.0,-17078.03618907274,17078.03618907274,3138.0483456800653,15.0,116.83198947648592,14308.219178082192,0,1,0,0,0,0
5258,20.15,20575.11247874664,-659.6383232550305,5.0,8.04,3.0,-13291.712213588864,13291.712213588864,3138.0483456800653,15.0,116.83198947648592,14308.219178082192,0,1,0,0,0,0
5259,27.42,15779.541868682565,-659.6383232550305,5.0,8.04,3.0,-18087.28282365294,18087.28282365294,3138.0483456800653,15.0,116.83198947648592,14308.219178082192,0,1,0,0,0,0
5260,29.38,14486.65075510271,-659.6383232550305,5.0,8.04,3.0,-19380.173937232797,19380.173937232797,3138.0483456800653,15.0,116.83198947648592,14308.219178082192,0,1,0,0,0,0
5261,53.85,-1654.6990149478875,-659.6383232550305,5.0,8.04,3.0,-35521.52370728339,35521.52370728339,3138.0483456800653,15.0,116.83198947648592,14308.219178082192,0,1,0,0,0,0
5262,34.33,11221.441054990308,-659.6383232550305,5.0,8.04,3.0,-22645.383637345196,22645.383637345196,3138.0483456800653,15.0,116.83198947648592,14308.219178082192,0,1,0,0,0,0
5263,35.94,10159.423354549708,-659.6383232550305,5.0,8.04,3.0,-23707.401337785795,23707.401337785795,3138.0483456800653,15.0,116.83198947648592,14308.219178082192,0,1,0,0,0,0
5264,39.56,7771.532624366497,-659.6383232550305,5.0,8.04,3.0,-26095.292067969007,26095.292067969007,3138.0483456800653,15.0,116.83198947648592,14308.219178082192,0,1,0,0,0,0
5265,51.86,-342.01875167037315,-659.6383232550305,5.0,8.04,3.0,-34208.843444005885,34208.843444005885,3138.0483456800653,15.0,116.83198947648592,14308.219178082192,0,1,0,0,0,0
5266,55.78,-2927.8009788300983,-659.6383232550305,5.0,8.04,3.0,-36794.6256711656,36794.6256711656,3138.0483456800653,15.0,116.83198947648592,14308.219178082192,0,1,0,0,0,0
5267,115.71,32930.39908160592,650.0,0,8.04,3.0,75211.5,-75211.5,15071.972825128516,0,556.8949724310688,14308.219178082192,1,0,0,0,0,0
5268,306.69,157067.39908160592,650.0,0,8.04,3.0,199348.5,-199348.5,15071.972825128516,0,556.8949724310688,14308.219178082192,1,0,0,0,0,0
5269,62.49,-1662.6009183940869,650.0,0,8.04,3.0,40618.5,-40618.5,15071.972825128516,0,556.8949724310688,14308.219178082192,1,0,0,0,0,0
5270,63.63,-921.600918394087,650.0,0,8.04,3.0,41359.5,-41359.5,15071.972825128516,0,556.8949724310688,14308.219178082192,1,0,0,0,0,0
5271,65.27,144.399081605913,650.0,0,8.04,3.0,42425.5,-42425.5,15071.972825128516,0,556.8949724310688,14308.219178082192,1,0,0,0,0,0
5272,66.32,826.8990816059057,650.0,0,8.04,3.0,43107.99999999999,-43107.99999999999,15071.972825128516,0,556.8949724310688,14308.219178082192,1,0,0,0,0,0
5273,71.09,3927.399081605913,650.0,0,8.04,3.0,46208.5,-46208.5,15071.972825128516,0,556.8949724310688,14308.219178082192,1,0,0,0,0,0
5274,78.41,8685.399081605916,650.0,0,8.04,3.0,50966.5,-50966.5,15071.972825128516,0,556.8949724310688,14308.219178082192,1,0,0,0,0,0
5275,136.09,46177.39908160592,650.0,0,8.04,3.0,88458.5,-88458.5,15071.972825128516,0,556.8949724310688,14308.219178082192,1,0,0,0,0,0
5276,78.82,8951.899081605901,650.0,0,8.04,3.0,51232.99999999999,-51232.99999999999,15071.972825128516,0,556.8949724310688,14308.219178082192,1,0,0,0,0,0
5277,63.53,-986.600918394087,650.0,0,8.04,3.0,41294.5,-41294.5,15071.972825128516,0,556.8949724310688,14308.219178082192,1,0,0,0,0,0
5278,56.57,-3448.915254201572,-659.6383232550305,5.0,8.04,3.0,-37315.739946537076,37315.739946537076,3138.0483456800653,15.0,116.83198947648592,14308.219178082192,0,1,0,0,0,0
5279,56.41,-3343.373122480763,-659.6383232550305,5.0,8.04,3.0,-37210.19781481627,37210.19781481627,3138.0483456800653,15.0,116.83198947648592,14308.219178082192,0,1,0,0,0,0
5280,47.62,2454.8477389309523,-659.6383232550305,5.0,8.04,3.0,-31411.97695340455,31411.97695340455,3138.0483456800653,15.0,116.83198947648592,14308.219178082192,0,1,0,0,0,0
5281,38.44,8510.327546412133,-659.6383232550305,5.0,8.04,3.0,-25356.49714592337,25356.49714592337,3138.0483456800653,15.0,116.83198947648592,14308.219178082192,0,1,0,0,0,0
5282,34.61,11036.742324478899,-659.6383232550305,5.0,8.04,3.0,-22830.082367856605,22830.082367856605,3138.0483456800653,15.0,116.83198947648592,14308.219178082192,0,1,0,0,0,0
5283,29.68,14288.7592581262,-659.6383232550305,5.0,8.04,3.0,-19578.065434209304,19578.065434209304,3138.0483456800653,15.0,116.83198947648592,14308.219178082192,0,1,0,0,0,0
5284,30.2,13945.747330033584,-659.6383232550305,5.0,8.04,3.0,-19921.07736230192,19921.07736230192,3138.0483456800653,15.0,116.83198947648592,14308.219178082192,0,1,0,0,0,0
5285,37.37,9216.140552295019,-659.6383232550305,5.0,8.04,3.0,-24650.68414004049,24650.68414004049,3138.0483456800653,15.0,116.83198947648592,14308.219178082192,0,1,0,0,0,0
5286,53.23,-1245.723254529766,-659.6383232550305,5.0,8.04,3.0,-35112.54794686527,35112.54794686527,3138.0483456800653,15.0,116.83198947648592,14308.219178082192,0,1,0,0,0,0
5287,32.87,12184.513006942652,-659.6383232550305,5.0,8.04,3.0,-21682.31168539285,21682.31168539285,3138.0483456800653,15.0,116.83198947648592,14308.219178082192,0,1,0,0,0,0
5288,33.76,11597.434899245676,-659.6383232550305,5.0,8.04,3.0,-22269.389793089827,22269.389793089827,3138.0483456800653,15.0,116.83198947648592,14308.219178082192,0,1,0,0,0,0
5289,46.6,3127.6788286510787,-659.6383232550305,5.0,8.04,3.0,-30739.14586368442,30739.14586368442,3138.0483456800653,15.0,116.83198947648592,14308.219178082192,0,1,0,0,0,0
5290,57.45,-4029.3969786660014,-659.6383232550305,5.0,8.04,3.0,-37896.221671001505,37896.221671001505,3138.0483456800653,15.0,116.83198947648592,14308.219178082192,0,1,0,0,0,0
5291,79.38,9315.899081605916,650.0,0,8.04,3.0,51597.0,-51597.0,15071.972825128516,0,556.8949724310688,14308.219178082192,1,0,0,0,0,0
5292,74.14,5909.899081605917,650.0,0,8.04,3.0,48191.0,-48191.0,15071.972825128516,0,556.8949724310688,14308.219178082192,1,0,0,0,0,0
5293,89.99,16212.399081605916,650.0,0,8.04,3.0,58493.5,-58493.5,15071.972825128516,0,556.8949724310688,14308.219178082192,1,0,0,0,0,0
5294,97.14,20859.899081605916,650.0,0,8.04,3.0,63141.0,-63141.0,15071.972825128516,0,556.8949724310688,14308.219178082192,1,0,0,0,0,0
5295,124.03,38338.39908160592,650.0,0,8.04,3.0,80619.5,-80619.5,15071.972825128516,0,556.8949724310688,14308.219178082192,1,0,0,0,0,0
5296,180.59,75102.39908160592,650.0,0,8.04,3.0,117383.5,-117383.5,15071.972825128516,0,556.8949724310688,14308.219178082192,1,0,0,0,0,0
5297,239.48,113380.89908160592,650.0,0,8.04,3.0,155662.0,-155662.0,15071.972825128516,0,556.8949724310688,14308.219178082192,1,0,0,0,0,0
5298,151.93,56473.39908160592,650.0,0,8.04,3.0,98754.5,-98754.5,15071.972825128516,0,556.8949724310688,14308.219178082192,1,0,0,0,0,0
5299,114.78,32325.89908160592,650.0,0,8.04,3.0,74607.0,-74607.0,15071.972825128516,0,556.8949724310688,14308.219178082192,1,0,0,0,0,0
5300,98.26,21587.899081605916,650.0,0,8.04,3.0,63869.0,-63869.0,15071.972825128516,0,556.8949724310688,14308.219178082192,1,0,0,0,0,0
5301,75.57,6839.399081605902,650.0,0,8.04,3.0,49120.49999999999,-49120.49999999999,15071.972825128516,0,556.8949724310688,14308.219178082192,1,0,0,0,0,0
5302,66.91,1210.3990816059131,650.0,0,8.04,3.0,43491.5,-43491.5,15071.972825128516,0,556.8949724310688,14308.219178082192,1,0,0,0,0,0
5303,53.57,-1470.0002844364785,-659.6383232550305,5.0,8.04,3.0,-35336.82497677198,35336.82497677198,3138.0483456800653,15.0,116.83198947648592,14308.219178082192,0,1,0,0,0,0
5304,42.72,5687.075522880601,-659.6383232550305,5.0,8.04,3.0,-28179.749169454903,28179.749169454903,3138.0483456800653,15.0,116.83198947648592,14308.219178082192,0,1,0,0,0,0
5305,32.81,12224.091306337952,-659.6383232550305,5.0,8.04,3.0,-21642.73338599755,21642.73338599755,3138.0483456800653,15.0,116.83198947648592,14308.219178082192,0,1,0,0,0,0
5306,29.73,14255.777341963447,-659.6383232550305,5.0,8.04,3.0,-19611.047350372057,19611.047350372057,3138.0483456800653,15.0,116.83198947648592,14308.219178082192,0,1,0,0,0,0
5307,27.16,15951.047832728877,-659.6383232550305,5.0,8.04,3.0,-17915.776859606627,17915.776859606627,3138.0483456800653,15.0,116.83198947648592,14308.219178082192,0,1,0,0,0,0
5308,28.81,14862.644599358075,-659.6383232550305,5.0,8.04,3.0,-19004.18009297743,19004.18009297743,3138.0483456800653,15.0,116.83198947648592,14308.219178082192,0,1,0,0,0,0
5309,46.33,3305.7811759299407,-659.6383232550305,5.0,8.04,3.0,-30561.043516405563,30561.043516405563,3138.0483456800653,15.0,116.83198947648592,14308.219178082192,0,1,0,0,0,0
5310,50.63,469.3363859333117,-659.6383232550305,5.0,8.04,3.0,-33397.4883064022,33397.4883064022,3138.0483456800653,15.0,116.83198947648592,14308.219178082192,0,1,0,0,0,0
5311,64.57,-310.60091839409426,650.0,0,8.04,3.0,41970.49999999999,-41970.49999999999,15071.972825128516,0,556.8949724310688,14308.219178082192,1,0,0,0,0,0
5312,69.58,2945.899081605913,650.0,0,8.04,3.0,45227.0,-45227.0,15071.972825128516,0,556.8949724310688,14308.219178082192,1,0,0,0,0,0
5313,83.42,11941.899081605916,650.0,0,8.04,3.0,54223.0,-54223.0,15071.972825128516,0,556.8949724310688,14308.219178082192,1,0,0,0,0,0
5314,69.1,2633.899081605906,650.0,0,8.04,3.0,44914.99999999999,-44914.99999999999,15071.972825128516,0,556.8949724310688,14308.219178082192,1,0,0,0,0,0
5315,80.46,10017.899081605901,650.0,0,8.04,3.0,52298.99999999999,-52298.99999999999,15071.972825128516,0,556.8949724310688,14308.219178082192,1,0,0,0,0,0
5316,93.33,18383.399081605916,650.0,0,8.04,3.0,60664.5,-60664.5,15071.972825128516,0,556.8949724310688,14308.219178082192,1,0,0,0,0,0
5317,83.93,12273.399081605916,650.0,0,8.04,3.0,54554.50000000001,-54554.50000000001,15071.972825128516,0,556.8949724310688,14308.219178082192,1,0,0,0,0,0
5318,100.2,22848.899081605916,650.0,0,8.04,3.0,65130.0,-65130.0,15071.972825128516,0,556.8949724310688,14308.219178082192,1,0,0,0,0,0
5319,108.3,28113.899081605916,650.0,0,8.04,3.0,70395.0,-70395.0,15071.972825128516,0,556.8949724310688,14308.219178082192,1,0,0,0,0,0
5320,180.13,74803.39908160592,650.0,0,8.04,3.0,117084.5,-117084.5,15071.972825128516,0,556.8949724310688,14308.219178082192,1,0,0,0,0,0
5321,107.27,27444.399081605916,650.0,0,8.04,3.0,69725.5,-69725.5,15071.972825128516,0,556.8949724310688,14308.219178082192,1,0,0,0,0,0
5322,97.02,20781.899081605916,650.0,0,8.04,3.0,63063.0,-63063.0,15071.972825128516,0,556.8949724310688,14308.219178082192,1,0,0,0,0,0
5323,88.23,15068.399081605916,650.0,0,8.04,3.0,57349.5,-57349.5,15071.972825128516,0,556.8949724310688,14308.219178082192,1,0,0,0,0,0
5324,85.89,13547.399081605916,650.0,0,8.04,3.0,55828.5,-55828.5,15071.972825128516,0,556.8949724310688,14308.219178082192,1,0,0,0,0,0
5325,64.65,-258.6009183940797,650.0,0,8.04,3.0,42022.50000000001,-42022.50000000001,15071.972825128516,0,556.8949724310688,14308.219178082192,1,0,0,0,0,0
5326,51.77,-282.6513025774252,-659.6383232550305,5.0,8.04,3.0,-34149.47599491293,34149.47599491293,3138.0483456800653,15.0,116.83198947648592,14308.219178082192,0,1,0,0,0,0
5327,43.46,5198.943163671876,-659.6383232550305,5.0,8.04,3.0,-28667.881528663627,28667.881528663627,3138.0483456800653,15.0,116.83198947648592,14308.219178082192,0,1,0,0,0,0
5328,38.19,8675.23712722589,-659.6383232550305,5.0,8.04,3.0,-25191.587565109614,25191.587565109614,3138.0483456800653,15.0,116.83198947648592,14308.219178082192,0,1,0,0,0,0
5329,28.34,15172.674611287941,-659.6383232550305,5.0,8.04,3.0,-18694.150081047566,18694.150081047566,3138.0483456800653,15.0,116.83198947648592,14308.219178082192,0,1,0,0,0,0
5330,22.8,18827.07092212081,-659.6383232550305,5.0,8.04,3.0,-15039.753770214696,15039.753770214696,3138.0483456800653,15.0,116.83198947648592,14308.219178082192,0,1,0,0,0,0
5331,20.72,20199.11863449127,-659.6383232550305,5.0,8.04,3.0,-13667.70605784423,13667.70605784423,3138.0483456800653,15.0,116.83198947648592,14308.219178082192,0,1,0,0,0,0
5332,22.76,18853.456455051008,-659.6383232550305,5.0,8.04,3.0,-15013.368237284496,15013.368237284496,3138.0483456800653,15.0,116.83198947648592,14308.219178082192,0,1,0,0,0,0
5333,41.58,6439.063211391338,-659.6383232550305,5.0,8.04,3.0,-27427.76148094417,27427.76148094417,3138.0483456800653,15.0,116.83198947648592,14308.219178082192,0,1,0,0,0,0
5334,38.37,8556.502229039987,-659.6383232550305,5.0,8.04,3.0,-25310.32246329552,25310.32246329552,3138.0483456800653,15.0,116.83198947648592,14308.219178082192,0,1,0,0,0,0
5335,27.94,15436.52994058995,-659.6383232550305,5.0,8.04,3.0,-18430.294751745554,18430.294751745554,3138.0483456800653,15.0,116.83198947648592,14308.219178082192,0,1,0,0,0,0
5336,35.09,10720.115929316478,-659.6383232550305,5.0,8.04,3.0,-23146.70876301902,23146.70876301902,3138.0483456800653,15.0,116.83198947648592,14308.219178082192,0,1,0,0,0,0
5337,48.67,1762.227499513167,-659.6383232550305,5.0,8.04,3.0,-32104.597192822337,32104.597192822337,3138.0483456800653,15.0,116.83198947648592,14308.219178082192,0,1,0,0,0,0
5338,59.76,-3437.100918394087,650.0,0,8.04,3.0,38844.0,-38844.0,15071.972825128516,0,556.8949724310688,14308.219178082192,1,0,0,0,0,0
5339,57.03,-3752.3488828988843,-659.6383232550305,5.0,8.04,3.0,-37619.17357523439,37619.17357523439,3138.0483456800653,15.0,116.83198947648592,14308.219178082192,0,1,0,0,0,0
5340,57.12,-3811.7163319918395,-659.6383232550305,5.0,8.04,3.0,-37678.54102432734,37678.54102432734,3138.0483456800653,15.0,116.83198947648592,14308.219178082192,0,1,0,0,0,0
5341,55.3,-2611.174583667685,-659.6383232550305,5.0,8.04,3.0,-36477.99927600319,36477.99927600319,3138.0483456800653,15.0,116.83198947648592,14308.219178082192,0,1,0,0,0,0
5342,54.2,-1885.5724280871505,-659.6383232550305,5.0,8.04,3.0,-35752.397120422655,35752.397120422655,3138.0483456800653,15.0,116.83198947648592,14308.219178082192,0,1,0,0,0,0
5343,61.75,-2143.600918394087,650.0,0,8.04,3.0,40137.5,-40137.5,15071.972825128516,0,556.8949724310688,14308.219178082192,1,0,0,0,0,0
5344,57.55,-4095.3608109915,-659.6383232550305,5.0,8.04,3.0,-37962.185503327004,37962.185503327004,3138.0483456800653,15.0,116.83198947648592,14308.219178082192,0,1,0,0,0,0
5345,56.92,-3679.788667340835,-659.6383232550305,5.0,8.04,3.0,-37546.61335967634,37546.61335967634,3138.0483456800653,15.0,116.83198947648592,14308.219178082192,0,1,0,0,0,0
5346,56.09,-3132.288859039159,-659.6383232550305,5.0,8.04,3.0,-36999.11355137466,36999.11355137466,3138.0483456800653,15.0,116.83198947648592,14308.219178082192,0,1,0,0,0,0
5347,45.42,3906.052050092018,-659.6383232550305,5.0,8.04,3.0,-29960.772642243486,29960.772642243486,3138.0483456800653,15.0,116.83198947648592,14308.219178082192,0,1,0,0,0,0
5348,23.63,18279.571113819133,-659.6383232550305,5.0,8.04,3.0,-15587.25357851637,15587.25357851637,3138.0483456800653,15.0,116.83198947648592,14308.219178082192,0,1,0,0,0,0
5349,24.85,17474.812359447995,-659.6383232550305,5.0,8.04,3.0,-16392.01233288751,16392.01233288751,3138.0483456800653,15.0,116.83198947648592,14308.219178082192,0,1,0,0,0,0
5350,28.46,15093.518012497334,-659.6383232550305,5.0,8.04,3.0,-18773.30667983817,18773.30667983817,3138.0483456800653,15.0,116.83198947648592,14308.219178082192,0,1,0,0,0,0
5351,22.91,18754.510706562753,-659.6383232550305,5.0,8.04,3.0,-15112.31398577275,15112.31398577275,3138.0483456800653,15.0,116.83198947648592,14308.219178082192,0,1,0,0,0,0
5352,22.81,18820.47453888826,-659.6383232550305,5.0,8.04,3.0,-15046.350153447245,15046.350153447245,3138.0483456800653,15.0,116.83198947648592,14308.219178082192,0,1,0,0,0,0
5353,24.18,17916.770036028865,-659.6383232550305,5.0,8.04,3.0,-15950.054656306638,15950.054656306638,3138.0483456800653,15.0,116.83198947648592,14308.219178082192,0,1,0,0,0,0
5354,6.17,29796.856237851964,-659.6383232550305,5.0,8.04,3.0,-4069.968454483538,4069.968454483538,3138.0483456800653,15.0,116.83198947648592,14308.219178082192,0,1,0,0,0,0
5355,15.1,23906.286011184544,-659.6383232550305,5.0,8.04,3.0,-9960.53868115096,9960.53868115096,3138.0483456800653,15.0,116.83198947648592,14308.219178082192,0,1,0,0,0,0
5356,8.75,28094.989363853987,-659.6383232550305,5.0,8.04,3.0,-5771.835328481517,5771.835328481517,3138.0483456800653,15.0,116.83198947648592,14308.219178082192,0,1,0,0,0,0
5357,22.45,19057.944335260072,-659.6383232550305,5.0,8.04,3.0,-14808.880357075435,14808.880357075435,3138.0483456800653,15.0,116.83198947648592,14308.219178082192,0,1,0,0,0,0
5358,28.77,14889.030132288277,-659.6383232550305,5.0,8.04,3.0,-18977.794560047227,18977.794560047227,3138.0483456800653,15.0,116.83198947648592,14308.219178082192,0,1,0,0,0,0
5359,39.42,7863.881989622201,-659.6383232550305,5.0,8.04,3.0,-26002.942702713302,26002.942702713302,3138.0483456800653,15.0,116.83198947648592,14308.219178082192,0,1,0,0,0,0
5360,71.3,4063.899081605913,650.0,0,8.04,3.0,46345.0,-46345.0,15071.972825128516,0,556.8949724310688,14308.219178082192,1,0,0,0,0,0
5361,72.93,5123.399081605917,650.0,0,8.04,3.0,47404.50000000001,-47404.50000000001,15071.972825128516,0,556.8949724310688,14308.219178082192,1,0,0,0,0,0
5362,71.93,4473.39908160592,650.0,0,8.04,3.0,46754.50000000001,-46754.50000000001,15071.972825128516,0,556.8949724310688,14308.219178082192,1,0,0,0,0,0
5363,46.9,2929.787331674576,-659.6383232550305,5.0,8.04,3.0,-30937.037360660932,30937.037360660932,3138.0483456800653,15.0,116.83198947648592,14308.219178082192,0,1,0,0,0,0
5364,29.46,14433.879689242305,-659.6383232550305,5.0,8.04,3.0,-19432.9450030932,19432.9450030932,3138.0483456800653,15.0,116.83198947648592,14308.219178082192,0,1,0,0,0,0
5365,26.01,16709.63190447216,-659.6383232550305,5.0,8.04,3.0,-17157.192787863343,17157.192787863343,3138.0483456800653,15.0,116.83198947648592,14308.219178082192,0,1,0,0,0,0
5366,28.24,15238.638443613443,-659.6383232550305,5.0,8.04,3.0,-18628.18624872206,18628.18624872206,3138.0483456800653,15.0,116.83198947648592,14308.219178082192,0,1,0,0,0,0
5367,34.28,11254.422971153057,-659.6383232550305,5.0,8.04,3.0,-22612.401721182447,22612.401721182447,3138.0483456800653,15.0,116.83198947648592,14308.219178082192,0,1,0,0,0,0
5368,36.14,10027.4956898987,-659.6383232550305,5.0,8.04,3.0,-23839.329002436803,23839.329002436803,3138.0483456800653,15.0,116.83198947648592,14308.219178082192,0,1,0,0,0,0
5369,52.38,-685.030679762996,-659.6383232550305,5.0,8.04,3.0,-34551.8553720985,34551.8553720985,3138.0483456800653,15.0,116.83198947648592,14308.219178082192,0,1,0,0,0,0
5370,57.14,-3824.9090984569407,-659.6383232550305,5.0,8.04,3.0,-37691.733790792445,37691.733790792445,3138.0483456800653,15.0,116.83198947648592,14308.219178082192,0,1,0,0,0,0
5371,47.75,2369.0947569077985,-659.6383232550305,5.0,8.04,3.0,-31497.729935427706,31497.729935427706,3138.0483456800653,15.0,116.83198947648592,14308.219178082192,0,1,0,0,0,0
5372,26.13,16630.475305681557,-659.6383232550305,5.0,8.04,3.0,-17236.349386653947,17236.349386653947,3138.0483456800653,15.0,116.83198947648592,14308.219178082192,0,1,0,0,0,0
5373,23.0,18695.143257469805,-659.6383232550305,5.0,8.04,3.0,-15171.681434865703,15171.681434865703,3138.0483456800653,15.0,116.83198947648592,14308.219178082192,0,1,0,0,0,0
5374,25.83,16828.366802658067,-659.6383232550305,5.0,8.04,3.0,-17038.457889677436,17038.457889677436,3138.0483456800653,15.0,116.83198947648592,14308.219178082192,0,1,0,0,0,0
5375,24.03,18015.71578451712,-659.6383232550305,5.0,8.04,3.0,-15851.108907818383,15851.108907818383,3138.0483456800653,15.0,116.83198947648592,14308.219178082192,0,1,0,0,0,0
5376,4.89,30641.193291618405,-659.6383232550305,5.0,8.04,3.0,-3225.631400717099,3225.631400717099,3138.0483456800653,15.0,116.83198947648592,14308.219178082192,0,1,0,0,0,0
5377,7.29,29058.06131580633,-659.6383232550305,5.0,8.04,3.0,-4808.763376529172,4808.763376529172,3138.0483456800653,15.0,116.83198947648592,14308.219178082192,0,1,0,0,0,0
5378,21.74,19526.28754477114,-659.6383232550305,5.0,8.04,3.0,-14340.537147564362,14340.537147564362,3138.0483456800653,15.0,116.83198947648592,14308.219178082192,0,1,0,0,0,0
5379,20.44,20383.81736500268,-659.6383232550305,5.0,8.04,3.0,-13483.007327332825,13483.007327332825,3138.0483456800653,15.0,116.83198947648592,14308.219178082192,0,1,0,0,0,0
5380,26.45,16419.39104223995,-659.6383232550305,5.0,8.04,3.0,-17447.433650095558,17447.433650095558,3138.0483456800653,15.0,116.83198947648592,14308.219178082192,0,1,0,0,0,0
5381,26.72,16241.288694961091,-659.6383232550305,5.0,8.04,3.0,-17625.535997374416,17625.535997374416,3138.0483456800653,15.0,116.83198947648592,14308.219178082192,0,1,0,0,0,0
5382,23.8,18167.43259886578,-659.6383232550305,5.0,8.04,3.0,-15699.392093469727,15699.392093469727,3138.0483456800653,15.0,116.83198947648592,14308.219178082192,0,1,0,0,0,0
5383,32.91,12158.12747401245,-659.6383232550305,5.0,8.04,3.0,-21708.697218323054,21708.697218323054,3138.0483456800653,15.0,116.83198947648592,14308.219178082192,0,1,0,0,0,0
5384,40.96,6848.038971809456,-659.6383232550305,5.0,8.04,3.0,-27018.78572052605,27018.78572052605,3138.0483456800653,15.0,116.83198947648592,14308.219178082192,0,1,0,0,0,0
5385,44.09,4783.371020021208,-659.6383232550305,5.0,8.04,3.0,-29083.4536723143,29083.4536723143,3138.0483456800653,15.0,116.83198947648592,14308.219178082192,0,1,0,0,0,0
5386,47.51,2527.4079544890087,-659.6383232550305,5.0,8.04,3.0,-31339.4167378465,31339.4167378465,3138.0483456800653,15.0,116.83198947648592,14308.219178082192,0,1,0,0,0,0
5387,53.96,-1727.2592305059438,-659.6383232550305,5.0,8.04,3.0,-35594.08392284145,35594.08392284145,3138.0483456800653,15.0,116.83198947648592,14308.219178082192,0,1,0,0,0,0
5388,62.19,-1857.6009183940869,650.0,0,8.04,3.0,40423.5,-40423.5,15071.972825128516,0,556.8949724310688,14308.219178082192,1,0,0,0,0,0
5389,62.59,-1597.6009183940869,650.0,0,8.04,3.0,40683.5,-40683.5,15071.972825128516,0,556.8949724310688,14308.219178082192,1,0,0,0,0,0
5390,66.83,1158.3990816059131,650.0,0,8.04,3.0,43439.5,-43439.5,15071.972825128516,0,556.8949724310688,14308.219178082192,1,0,0,0,0,0
5391,69.72,3036.899081605913,650.0,0,8.04,3.0,45318.0,-45318.0,15071.972825128516,0,556.8949724310688,14308.219178082192,1,0,0,0,0,0
5392,67.51,1600.3990816059131,650.0,0,8.04,3.0,43881.5,-43881.5,15071.972825128516,0,556.8949724310688,14308.219178082192,1,0,0,0,0,0
5393,68.51,2250.399081605913,650.0,0,8.04,3.0,44531.5,-44531.5,15071.972825128516,0,556.8949724310688,14308.219178082192,1,0,0,0,0,0
5394,71.0,3868.899081605913,650.0,0,8.04,3.0,46150.0,-46150.0,15071.972825128516,0,556.8949724310688,14308.219178082192,1,0,0,0,0,0
5395,65.61,365.399081605913,650.0,0,8.04,3.0,42646.5,-42646.5,15071.972825128516,0,556.8949724310688,14308.219178082192,1,0,0,0,0,0
5396,62.95,-1363.6009183940869,650.0,0,8.04,3.0,40917.5,-40917.5,15071.972825128516,0,556.8949724310688,14308.219178082192,1,0,0,0,0,0
5397,60.18,-3164.100918394087,650.0,0,8.04,3.0,39117.0,-39117.0,15071.972825128516,0,556.8949724310688,14308.219178082192,1,0,0,0,0,0
5398,61.92,-2033.1009183940869,650.0,0,8.04,3.0,40248.0,-40248.0,15071.972825128516,0,556.8949724310688,14308.219178082192,1,0,0,0,0,0
5399,63.37,-1090.6009183940869,650.0,0,8.04,3.0,41190.5,-41190.5,15071.972825128516,0,556.8949724310688,14308.219178082192,1,0,0,0,0,0
5400,53.9,-1687.6809311106404,-659.6383232550305,5.0,8.04,3.0,-35554.505623446144,35554.505623446144,3138.0483456800653,15.0,116.83198947648592,14308.219178082192,0,1,0,0,0,0
5401,46.6,3127.6788286510787,-659.6383232550305,5.0,8.04,3.0,-30739.14586368442,30739.14586368442,3138.0483456800653,15.0,116.83198947648592,14308.219178082192,0,1,0,0,0,0
5402,42.55,5799.214037833957,-659.6383232550305,5.0,8.04,3.0,-28067.610654501546,28067.610654501546,3138.0483456800653,15.0,116.83198947648592,14308.219178082192,0,1,0,0,0,0
5403,40.79,6960.177486762812,-659.6383232550305,5.0,8.04,3.0,-26906.647205572695,26906.647205572695,3138.0483456800653,15.0,116.83198947648592,14308.219178082192,0,1,0,0,0,0
5404,41.27,6643.551091600391,-659.6383232550305,5.0,8.04,3.0,-27223.273600735112,27223.273600735112,3138.0483456800653,15.0,116.83198947648592,14308.219178082192,0,1,0,0,0,0
5405,41.65,6392.888528763488,-659.6383232550305,5.0,8.04,3.0,-27473.93616357202,27473.93616357202,3138.0483456800653,15.0,116.83198947648592,14308.219178082192,0,1,0,0,0,0
5406,40.56,7111.894301111464,-659.6383232550305,5.0,8.04,3.0,-26754.93039122404,26754.93039122404,3138.0483456800653,15.0,116.83198947648592,14308.219178082192,0,1,0,0,0,0
5407,48.95,1577.528769001758,-659.6383232550305,5.0,8.04,3.0,-32289.295923333746,32289.295923333746,3138.0483456800653,15.0,116.83198947648592,14308.219178082192,0,1,0,0,0,0
5408,48.51,1867.7696312339726,-659.6383232550305,5.0,8.04,3.0,-31999.055061101528,31999.055061101528,3138.0483456800653,15.0,116.83198947648592,14308.219178082192,0,1,0,0,0,0
5409,47.79,2342.709223977596,-659.6383232550305,5.0,8.04,3.0,-31524.115468357908,31524.115468357908,3138.0483456800653,15.0,116.83198947648592,14308.219178082192,0,1,0,0,0,0
5410,49.96,911.2940625141787,-659.6383232550305,5.0,8.04,3.0,-32955.530629821325,32955.530629821325,3138.0483456800653,15.0,116.83198947648592,14308.219178082192,0,1,0,0,0,0
5411,53.92,-1700.8736975757415,-659.6383232550305,5.0,8.04,3.0,-35567.698389911246,35567.698389911246,3138.0483456800653,15.0,116.83198947648592,14308.219178082192,0,1,0,0,0,0
5412,51.49,-97.9525720660163,-659.6383232550305,5.0,8.04,3.0,-33964.77726440152,33964.77726440152,3138.0483456800653,15.0,116.83198947648592,14308.219178082192,0,1,0,0,0,0
5413,53.83,-1641.5062484827863,-659.6383232550305,5.0,8.04,3.0,-35508.33094081829,35508.33094081829,3138.0483456800653,15.0,116.83198947648592,14308.219178082192,0,1,0,0,0,0
5414,59.69,-3482.600918394087,650.0,0,8.04,3.0,38798.5,-38798.5,15071.972825128516,0,556.8949724310688,14308.219178082192,1,0,0,0,0,0
5415,59.28,-3749.100918394087,650.0,0,8.04,3.0,38532.0,-38532.0,15071.972825128516,0,556.8949724310688,14308.219178082192,1,0,0,0,0,0
5416,68.96,2542.899081605906,650.0,0,8.04,3.0,44823.99999999999,-44823.99999999999,15071.972825128516,0,556.8949724310688,14308.219178082192,1,0,0,0,0,0
5417,78.39,8672.399081605916,650.0,0,8.04,3.0,50953.5,-50953.5,15071.972825128516,0,556.8949724310688,14308.219178082192,1,0,0,0,0,0
5418,75.78,6975.899081605917,650.0,0,8.04,3.0,49257.0,-49257.0,15071.972825128516,0,556.8949724310688,14308.219178082192,1,0,0,0,0,0
5419,77.94,8379.899081605916,650.0,0,8.04,3.0,50661.0,-50661.0,15071.972825128516,0,556.8949724310688,14308.219178082192,1,0,0,0,0,0
5420,72.29,4707.39908160592,650.0,0,8.04,3.0,46988.50000000001,-46988.50000000001,15071.972825128516,0,556.8949724310688,14308.219178082192,1,0,0,0,0,0
5421,60.88,-2709.100918394087,650.0,0,8.04,3.0,39572.0,-39572.0,15071.972825128516,0,556.8949724310688,14308.219178082192,1,0,0,0,0,0
5422,54.48,-2070.271158598552,-659.6383232550305,5.0,8.04,3.0,-35937.09585093406,35937.09585093406,3138.0483456800653,15.0,116.83198947648592,14308.219178082192,0,1,0,0,0,0
5423,66.53,963.399081605913,650.0,0,8.04,3.0,43244.5,-43244.5,15071.972825128516,0,556.8949724310688,14308.219178082192,1,0,0,0,0,0
5424,50.86,317.61957158465566,-659.6383232550305,5.0,8.04,3.0,-33549.20512075085,33549.20512075085,3138.0483456800653,15.0,116.83198947648592,14308.219178082192,0,1,0,0,0,0
5425,36.23,9968.128240805752,-659.6383232550305,5.0,8.04,3.0,-23898.696451529755,23898.696451529755,3138.0483456800653,15.0,116.83198947648592,14308.219178082192,0,1,0,0,0,0
5426,32.52,12415.386420081912,-659.6383232550305,5.0,8.04,3.0,-21451.438272253596,21451.438272253596,3138.0483456800653,15.0,116.83198947648592,14308.219178082192,0,1,0,0,0,0
5427,25.0,17375.86661095974,-659.6383232550305,5.0,8.04,3.0,-16490.958081375764,16490.958081375764,3138.0483456800653,15.0,116.83198947648592,14308.219178082192,0,1,0,0,0,0
5428,38.27,8622.466061365485,-659.6383232550305,5.0,8.04,3.0,-25244.35863097002,25244.35863097002,3138.0483456800653,15.0,116.83198947648592,14308.219178082192,0,1,0,0,0,0
5429,62.02,-1968.1009183940869,650.0,0,8.04,3.0,40313.0,-40313.0,15071.972825128516,0,556.8949724310688,14308.219178082192,1,0,0,0,0,0
5430,54.26,-1925.150727482454,-659.6383232550305,5.0,8.04,3.0,-35791.97541981795,35791.97541981795,3138.0483456800653,15.0,116.83198947648592,14308.219178082192,0,1,0,0,0,0
5431,51.2,93.34254167794322,-659.6383232550305,5.0,8.04,3.0,-33773.48215065756,33773.48215065756,3138.0483456800653,15.0,116.83198947648592,14308.219178082192,0,1,0,0,0,0
5432,45.06,4143.521846463827,-659.6383232550305,5.0,8.04,3.0,-29723.302845871676,29723.302845871676,3138.0483456800653,15.0,116.83198947648592,14308.219178082192,0,1,0,0,0,0
5433,64.14,-590.100918394087,650.0,0,8.04,3.0,41691.0,-41691.0,15071.972825128516,0,556.8949724310688,14308.219178082192,1,0,0,0,0,0
5434,75.86,7027.899081605917,650.0,0,8.04,3.0,49309.0,-49309.0,15071.972825128516,0,556.8949724310688,14308.219178082192,1,0,0,0,0,0
5435,67.55,1626.3990816059131,650.0,0,8.04,3.0,43907.5,-43907.5,15071.972825128516,0,556.8949724310688,14308.219178082192,1,0,0,0,0,0
5436,118.37,34659.39908160592,650.0,0,8.04,3.0,76940.5,-76940.5,15071.972825128516,0,556.8949724310688,14308.219178082192,1,0,0,0,0,0
5437,128.54,41269.89908160592,650.0,0,8.04,3.0,83551.0,-83551.0,15071.972825128516,0,556.8949724310688,14308.219178082192,1,0,0,0,0,0
5438,116.64,33534.89908160592,650.0,0,8.04,3.0,75816.0,-75816.0,15071.972825128516,0,556.8949724310688,14308.219178082192,1,0,0,0,0,0
5439,103.73,25143.399081605916,650.0,0,8.04,3.0,67424.5,-67424.5,15071.972825128516,0,556.8949724310688,14308.219178082192,1,0,0,0,0,0
5440,93.5,18493.899081605916,650.0,0,8.04,3.0,60775.0,-60775.0,15071.972825128516,0,556.8949724310688,14308.219178082192,1,0,0,0,0,0
5441,95.59,19852.399081605916,650.0,0,8.04,3.0,62133.5,-62133.5,15071.972825128516,0,556.8949724310688,14308.219178082192,1,0,0,0,0,0
5442,148.15,54016.39908160592,650.0,0,8.04,3.0,96297.5,-96297.5,15071.972825128516,0,556.8949724310688,14308.219178082192,1,0,0,0,0,0
5443,128.07,40964.39908160592,650.0,0,8.04,3.0,83245.5,-83245.5,15071.972825128516,0,556.8949724310688,14308.219178082192,1,0,0,0,0,0
5444,120.25,35881.39908160592,650.0,0,8.04,3.0,78162.5,-78162.5,15071.972825128516,0,556.8949724310688,14308.219178082192,1,0,0,0,0,0
5445,70.09,3277.399081605913,650.0,0,8.04,3.0,45558.5,-45558.5,15071.972825128516,0,556.8949724310688,14308.219178082192,1,0,0,0,0,0
5446,68.39,2172.399081605913,650.0,0,8.04,3.0,44453.5,-44453.5,15071.972825128516,0,556.8949724310688,14308.219178082192,1,0,0,0,0,0
5447,60.67,-2845.600918394087,650.0,0,8.04,3.0,39435.5,-39435.5,15071.972825128516,0,556.8949724310688,14308.219178082192,1,0,0,0,0,0
5448,56.37,-3316.9875895505606,-659.6383232550305,5.0,8.04,3.0,-37183.812281886065,37183.812281886065,3138.0483456800653,15.0,116.83198947648592,14308.219178082192,0,1,0,0,0,0
5449,51.33,7.589559654792964,-659.6383232550305,5.0,8.04,3.0,-33859.23513268072,33859.23513268072,3138.0483456800653,15.0,116.83198947648592,14308.219178082192,0,1,0,0,0,0
5450,50.89,297.8304218870039,-659.6383232550305,5.0,8.04,3.0,-33568.9942704485,33568.9942704485,3138.0483456800653,15.0,116.83198947648592,14308.219178082192,0,1,0,0,0,0
5451,51.16,119.72807460814553,-659.6383232550305,5.0,8.04,3.0,-33747.09661772736,33747.09661772736,3138.0483456800653,15.0,116.83198947648592,14308.219178082192,0,1,0,0,0,0
5452,62.14,-1890.1009183940869,650.0,0,8.04,3.0,40391.0,-40391.0,15071.972825128516,0,556.8949724310688,14308.219178082192,1,0,0,0,0,0
5453,94.91,19410.399081605916,650.0,0,8.04,3.0,61691.5,-61691.5,15071.972825128516,0,556.8949724310688,14308.219178082192,1,0,0,0,0,0
5454,64.66,-252.100918394087,650.0,0,8.04,3.0,42029.0,-42029.0,15071.972825128516,0,556.8949724310688,14308.219178082192,1,0,0,0,0,0
5455,61.92,-2033.1009183940869,650.0,0,8.04,3.0,40248.0,-40248.0,15071.972825128516,0,556.8949724310688,14308.219178082192,1,0,0,0,0,0
5456,67.94,1879.8990816059131,650.0,0,8.04,3.0,44161.0,-44161.0,15071.972825128516,0,556.8949724310688,14308.219178082192,1,0,0,0,0,0
5457,72.28,4700.899081605913,650.0,0,8.04,3.0,46982.0,-46982.0,15071.972825128516,0,556.8949724310688,14308.219178082192,1,0,0,0,0,0
5458,78.88,8990.899081605916,650.0,0,8.04,3.0,51272.0,-51272.0,15071.972825128516,0,556.8949724310688,14308.219178082192,1,0,0,0,0,0
5459,83.95,12286.399081605916,650.0,0,8.04,3.0,54567.5,-54567.5,15071.972825128516,0,556.8949724310688,14308.219178082192,1,0,0,0,0,0
5460,92.21,17655.3990816059,650.0,0,8.04,3.0,59936.49999999999,-59936.49999999999,15071.972825128516,0,556.8949724310688,14308.219178082192,1,0,0,0,0,0
5461,86.6,14008.899081605901,650.0,0,8.04,3.0,56289.99999999999,-56289.99999999999,15071.972825128516,0,556.8949724310688,14308.219178082192,1,0,0,0,0,0
5462,117.28,33950.89908160592,650.0,0,8.04,3.0,76232.0,-76232.0,15071.972825128516,0,556.8949724310688,14308.219178082192,1,0,0,0,0,0
5463,101.06,23407.899081605916,650.0,0,8.04,3.0,65689.0,-65689.0,15071.972825128516,0,556.8949724310688,14308.219178082192,1,0,0,0,0,0
5464,121.66,36797.89908160592,650.0,0,8.04,3.0,79079.0,-79079.0,15071.972825128516,0,556.8949724310688,14308.219178082192,1,0,0,0,0,0
5465,119.69,35517.39908160592,650.0,0,8.04,3.0,77798.5,-77798.5,15071.972825128516,0,556.8949724310688,14308.219178082192,1,0,0,0,0,0
5466,128.75,41406.39908160592,650.0,0,8.04,3.0,83687.5,-83687.5,15071.972825128516,0,556.8949724310688,14308.219178082192,1,0,0,0,0,0
5467,89.0,15568.899081605916,650.0,0,8.04,3.0,57850.0,-57850.0,15071.972825128516,0,556.8949724310688,14308.219178082192,1,0,0,0,0,0
5468,84.17,12429.399081605916,650.0,0,8.04,3.0,54710.5,-54710.5,15071.972825128516,0,556.8949724310688,14308.219178082192,1,0,0,0,0,0
5469,74.5,6143.899081605917,650.0,0,8.04,3.0,48425.0,-48425.0,15071.972825128516,0,556.8949724310688,14308.219178082192,1,0,0,0,0,0
5470,71.15,3966.3990816059204,650.0,0,8.04,3.0,46247.50000000001,-46247.50000000001,15071.972825128516,0,556.8949724310688,14308.219178082192,1,0,0,0,0,0
5471,58.11,-4464.758272014318,-659.6383232550305,5.0,8.04,3.0,-38331.58296434982,38331.58296434982,3138.0483456800653,15.0,116.83198947648592,14308.219178082192,0,1,0,0,0,0
5472,50.15,785.962781095725,-659.6383232550305,5.0,8.04,3.0,-33080.86191123978,33080.86191123978,3138.0483456800653,15.0,116.83198947648592,14308.219178082192,0,1,0,0,0,0
5473,46.4,3259.6064933020903,-659.6383232550305,5.0,8.04,3.0,-30607.218199033414,30607.218199033414,3138.0483456800653,15.0,116.83198947648592,14308.219178082192,0,1,0,0,0,0
5474,44.17,4730.599954160807,-659.6383232550305,5.0,8.04,3.0,-29136.2247381747,29136.2247381747,3138.0483456800653,15.0,116.83198947648592,14308.219178082192,0,1,0,0,0,0
5475,40.74,6993.1594029255575,-659.6383232550305,5.0,8.04,3.0,-26873.665289409946,26873.665289409946,3138.0483456800653,15.0,116.83198947648592,14308.219178082192,0,1,0,0,0,0
5476,36.1,10053.881222828903,-659.6383232550305,5.0,8.04,3.0,-23812.9434695066,23812.9434695066,3138.0483456800653,15.0,116.83198947648592,14308.219178082192,0,1,0,0,0,0
5477,42.17,6049.876600670868,-659.6383232550305,5.0,8.04,3.0,-27816.94809166464,27816.94809166464,3138.0483456800653,15.0,116.83198947648592,14308.219178082192,0,1,0,0,0,0
5478,53.24,-1252.3196377623167,-659.6383232550305,5.0,8.04,3.0,-35119.14433009783,35119.14433009783,3138.0483456800653,15.0,116.83198947648592,14308.219178082192,0,1,0,0,0,0
5479,55.99,-3066.325026713653,-659.6383232550305,5.0,8.04,3.0,-36933.14971904916,36933.14971904916,3138.0483456800653,15.0,116.83198947648592,14308.219178082192,0,1,0,0,0,0
5480,70.45,3511.399081605913,650.0,0,8.04,3.0,45792.5,-45792.5,15071.972825128516,0,556.8949724310688,14308.219178082192,1,0,0,0,0,0
5481,78.59,8802.399081605916,650.0,0,8.04,3.0,51083.5,-51083.5,15071.972825128516,0,556.8949724310688,14308.219178082192,1,0,0,0,0,0
5482,82.26,11187.899081605916,650.0,0,8.04,3.0,53469.0,-53469.0,15071.972825128516,0,556.8949724310688,14308.219178082192,1,0,0,0,0,0
5483,358.37,190659.39908160592,650.0,0,8.04,3.0,232940.5,-232940.5,15071.972825128516,0,556.8949724310688,14308.219178082192,1,0,0,0,0,0
5484,82.48,11330.899081605916,650.0,0,8.04,3.0,53612.0,-53612.0,15071.972825128516,0,556.8949724310688,14308.219178082192,1,0,0,0,0,0
5485,100.52,23056.899081605916,650.0,0,8.04,3.0,65338.0,-65338.0,15071.972825128516,0,556.8949724310688,14308.219178082192,1,0,0,0,0,0
5486,96.64,20534.899081605916,650.0,0,8.04,3.0,62816.0,-62816.0,15071.972825128516,0,556.8949724310688,14308.219178082192,1,0,0,0,0,0
5487,112.41,30785.399081605916,650.0,0,8.04,3.0,73066.5,-73066.5,15071.972825128516,0,556.8949724310688,14308.219178082192,1,0,0,0,0,0
5488,111.51,30200.399081605916,650.0,0,8.04,3.0,72481.5,-72481.5,15071.972825128516,0,556.8949724310688,14308.219178082192,1,0,0,0,0,0
5489,101.78,23875.899081605916,650.0,0,8.04,3.0,66157.0,-66157.0,15071.972825128516,0,556.8949724310688,14308.219178082192,1,0,0,0,0,0
5490,100.22,22861.899081605916,650.0,0,8.04,3.0,65143.0,-65143.0,15071.972825128516,0,556.8949724310688,14308.219178082192,1,0,0,0,0,0
5491,84.18,12435.899081605916,650.0,0,8.04,3.0,54717.00000000001,-54717.00000000001,15071.972825128516,0,556.8949724310688,14308.219178082192,1,0,0,0,0,0
5492,85.29,13157.399081605916,650.0,0,8.04,3.0,55438.50000000001,-55438.50000000001,15071.972825128516,0,556.8949724310688,14308.219178082192,1,0,0,0,0,0
5493,74.3,6013.899081605917,650.0,0,8.04,3.0,48295.0,-48295.0,15071.972825128516,0,556.8949724310688,14308.219178082192,1,0,0,0,0,0
5494,70.66,3647.899081605913,650.0,0,8.04,3.0,45929.0,-45929.0,15071.972825128516,0,556.8949724310688,14308.219178082192,1,0,0,0,0,0
5495,65.27,144.399081605913,650.0,0,8.04,3.0,42425.5,-42425.5,15071.972825128516,0,556.8949724310688,14308.219178082192,1,0,0,0,0,0
5496,54.98,-2400.0903202260665,-659.6383232550305,5.0,8.04,3.0,-36266.91501256158,36266.91501256158,3138.0483456800653,15.0,116.83198947648592,14308.219178082192,0,1,0,0,0,0
5497,56.23,-3224.63822429486,-659.6383232550305,5.0,8.04,3.0,-37091.462916630364,37091.462916630364,3138.0483456800653,15.0,116.83198947648592,14308.219178082192,0,1,0,0,0,0
5498,52.19,-559.699398344535,-659.6383232550305,5.0,8.04,3.0,-34426.52409068004,34426.52409068004,3138.0483456800653,15.0,116.83198947648592,14308.219178082192,0,1,0,0,0,0
5499,45.21,4044.576097975573,-659.6383232550305,5.0,8.04,3.0,-29822.24859435993,29822.24859435993,3138.0483456800653,15.0,116.83198947648592,14308.219178082192,0,1,0,0,0,0
5500,32.06,12718.820048779227,-659.6383232550305,5.0,8.04,3.0,-21148.00464355628,21148.00464355628,3138.0483456800653,15.0,116.83198947648592,14308.219178082192,0,1,0,0,0,0
5501,48.52,1861.173248001422,-659.6383232550305,5.0,8.04,3.0,-32005.651444334082,32005.651444334082,3138.0483456800653,15.0,116.83198947648592,14308.219178082192,0,1,0,0,0,0
5502,54.7,-2215.391589714665,-659.6383232550305,5.0,8.04,3.0,-36082.21628205017,36082.21628205017,3138.0483456800653,15.0,116.83198947648592,14308.219178082192,0,1,0,0,0,0
5503,55.39,-2670.542032760633,-659.6383232550305,5.0,8.04,3.0,-36537.36672509614,36537.36672509614,3138.0483456800653,15.0,116.83198947648592,14308.219178082192,0,1,0,0,0,0
5504,62.08,-1929.1009183940869,650.0,0,8.04,3.0,40352.0,-40352.0,15071.972825128516,0,556.8949724310688,14308.219178082192,1,0,0,0,0,0
5505,89.65,15991.399081605916,650.0,0,8.04,3.0,58272.50000000001,-58272.50000000001,15071.972825128516,0,556.8949724310688,14308.219178082192,1,0,0,0,0,0
5506,91.57,17239.3990816059,650.0,0,8.04,3.0,59520.49999999999,-59520.49999999999,15071.972825128516,0,556.8949724310688,14308.219178082192,1,0,0,0,0,0
5507,82.48,11330.899081605916,650.0,0,8.04,3.0,53612.0,-53612.0,15071.972825128516,0,556.8949724310688,14308.219178082192,1,0,0,0,0,0
5508,75.13,6553.399081605917,650.0,0,8.04,3.0,48834.5,-48834.5,15071.972825128516,0,556.8949724310688,14308.219178082192,1,0,0,0,0,0
5509,71.86,4427.899081605913,650.0,0,8.04,3.0,46709.0,-46709.0,15071.972825128516,0,556.8949724310688,14308.219178082192,1,0,0,0,0,0
5510,72.86,5077.899081605917,650.0,0,8.04,3.0,47359.0,-47359.0,15071.972825128516,0,556.8949724310688,14308.219178082192,1,0,0,0,0,0
5511,62.96,-1357.1009183940869,650.0,0,8.04,3.0,40924.0,-40924.0,15071.972825128516,0,556.8949724310688,14308.219178082192,1,0,0,0,0,0
5512,67.62,1671.8990816059131,650.0,0,8.04,3.0,43953.0,-43953.0,15071.972825128516,0,556.8949724310688,14308.219178082192,1,0,0,0,0,0
5513,72.74,4999.899081605917,650.0,0,8.04,3.0,47281.0,-47281.0,15071.972825128516,0,556.8949724310688,14308.219178082192,1,0,0,0,0,0
5514,83.37,11909.399081605916,650.0,0,8.04,3.0,54190.5,-54190.5,15071.972825128516,0,556.8949724310688,14308.219178082192,1,0,0,0,0,0
5515,70.01,3225.399081605913,650.0,0,8.04,3.0,45506.5,-45506.5,15071.972825128516,0,556.8949724310688,14308.219178082192,1,0,0,0,0,0
5516,65.26,137.899081605913,650.0,0,8.04,3.0,42419.0,-42419.0,15071.972825128516,0,556.8949724310688,14308.219178082192,1,0,0,0,0,0
5517,64.74,-200.100918394087,650.0,0,8.04,3.0,42081.0,-42081.0,15071.972825128516,0,556.8949724310688,14308.219178082192,1,0,0,0,0,0
5518,72.21,4655.399081605906,650.0,0,8.04,3.0,46936.49999999999,-46936.49999999999,15071.972825128516,0,556.8949724310688,14308.219178082192,1,0,0,0,0,0
5519,65.06,7.899081605913011,650.0,0,8.04,3.0,42289.0,-42289.0,15071.972825128516,0,556.8949724310688,14308.219178082192,1,0,0,0,0,0
5520,46.67,3081.5041460232283,-659.6383232550305,5.0,8.04,3.0,-30785.320546312276,30785.320546312276,3138.0483456800653,15.0,116.83198947648592,14308.219178082192,0,1,0,0,0,0
5521,47.27,2685.7211520702117,-659.6383232550305,5.0,8.04,3.0,-31181.103540265296,31181.103540265296,3138.0483456800653,15.0,116.83198947648592,14308.219178082192,0,1,0,0,0,0
5522,48.18,2085.450277908138,-659.6383232550305,5.0,8.04,3.0,-31781.37441442737,31781.37441442737,3138.0483456800653,15.0,116.83198947648592,14308.219178082192,0,1,0,0,0,0
5523,48.3,2006.2936791175348,-659.6383232550305,5.0,8.04,3.0,-31860.531013217973,31860.531013217973,3138.0483456800653,15.0,116.83198947648592,14308.219178082192,0,1,0,0,0,0
5524,43.95,4875.720385276913,-659.6383232550305,5.0,8.04,3.0,-28991.104307058595,28991.104307058595,3138.0483456800653,15.0,116.83198947648592,14308.219178082192,0,1,0,0,0,0
5525,45.04,4156.714612928932,-659.6383232550305,5.0,8.04,3.0,-29710.110079406575,29710.110079406575,3138.0483456800653,15.0,116.83198947648592,14308.219178082192,0,1,0,0,0,0
5526,53.97,-1733.8556137384944,-659.6383232550305,5.0,8.04,3.0,-35600.680306074,35600.680306074,3138.0483456800653,15.0,116.83198947648592,14308.219178082192,0,1,0,0,0,0
5527,54.16,-1859.1868951569481,-659.6383232550305,5.0,8.04,3.0,-35726.01158749245,35726.01158749245,3138.0483456800653,15.0,116.83198947648592,14308.219178082192,0,1,0,0,0,0
5528,53.69,-1549.1568832270782,-659.6383232550305,5.0,8.04,3.0,-35415.98157556259,35415.98157556259,3138.0483456800653,15.0,116.83198947648592,14308.219178082192,0,1,0,0,0,0
5529,56.74,-3561.053769154925,-659.6383232550305,5.0,8.04,3.0,-37427.878461490436,37427.878461490436,3138.0483456800653,15.0,116.83198947648592,14308.219178082192,0,1,0,0,0,0
5530,54.36,-1991.1145598079524,-659.6383232550305,5.0,8.04,3.0,-35857.93925214346,35857.93925214346,3138.0483456800653,15.0,116.83198947648592,14308.219178082192,0,1,0,0,0,0
5531,36.83,9572.345246852728,-659.6383232550305,5.0,8.04,3.0,-24294.47944548277,24294.47944548277,3138.0483456800653,15.0,116.83198947648592,14308.219178082192,0,1,0,0,0,0
5532,57.16,-3838.1018649220346,-659.6383232550305,5.0,8.04,3.0,-37704.92655725754,37704.92655725754,3138.0483456800653,15.0,116.83198947648592,14308.219178082192,0,1,0,0,0,0
5533,55.73,-2894.8190626673454,-659.6383232550305,5.0,8.04,3.0,-36761.64375500285,36761.64375500285,3138.0483456800653,15.0,116.83198947648592,14308.219178082192,0,1,0,0,0,0
5534,49.76,1043.2217271651903,-659.6383232550305,5.0,8.04,3.0,-32823.602965170314,32823.602965170314,3138.0483456800653,15.0,116.83198947648592,14308.219178082192,0,1,0,0,0,0
5535,11.74,26122.670777321444,-659.6383232550305,5.0,8.04,3.0,-7744.153915014058,7744.153915014058,3138.0483456800653,15.0,116.83198947648592,14308.219178082192,0,1,0,0,0,0
5536,33.09,12039.39257582654,-659.6383232550305,5.0,8.04,3.0,-21827.43211650896,21827.43211650896,3138.0483456800653,15.0,116.83198947648592,14308.219178082192,0,1,0,0,0,0
5537,45.01,4176.50376262658,-659.6383232550305,5.0,8.04,3.0,-29690.320929708923,29690.320929708923,3138.0483456800653,15.0,116.83198947648592,14308.219178082192,0,1,0,0,0,0
5538,55.89,-3000.3611943881474,-659.6383232550305,5.0,8.04,3.0,-36867.18588672366,36867.18588672366,3138.0483456800653,15.0,116.83198947648592,14308.219178082192,0,1,0,0,0,0
5539,56.95,-3699.577817038487,-659.6383232550305,5.0,8.04,3.0,-37566.40250937399,37566.40250937399,3138.0483456800653,15.0,116.83198947648592,14308.219178082192,0,1,0,0,0,0
5540,59.85,-3378.600918394087,650.0,0,8.04,3.0,38902.5,-38902.5,15071.972825128516,0,556.8949724310688,14308.219178082192,1,0,0,0,0,0
5541,54.79,-2274.75903880762,-659.6383232550305,5.0,8.04,3.0,-36141.583731143124,36141.583731143124,3138.0483456800653,15.0,116.83198947648592,14308.219178082192,0,1,0,0,0,0
5542,52.53,-783.9764282512474,-659.6383232550305,5.0,8.04,3.0,-34650.80112058675,34650.80112058675,3138.0483456800653,15.0,116.83198947648592,14308.219178082192,0,1,0,0,0,0
5543,52.73,-915.9040929022517,-659.6383232550305,5.0,8.04,3.0,-34782.728785237756,34782.728785237756,3138.0483456800653,15.0,116.83198947648592,14308.219178082192,0,1,0,0,0,0
5544,46.17,3411.3233076507427,-659.6383232550305,5.0,8.04,3.0,-30455.50138468476,30455.50138468476,3138.0483456800653,15.0,116.83198947648592,14308.219178082192,0,1,0,0,0,0
5545,49.6,1148.7638588859922,-659.6383232550305,5.0,8.04,3.0,-32718.060833449515,32718.060833449515,3138.0483456800653,15.0,116.83198947648592,14308.219178082192,0,1,0,0,0,0
5546,44.67,4400.780792533289,-659.6383232550305,5.0,8.04,3.0,-29466.043899802215,29466.043899802215,3138.0483456800653,15.0,116.83198947648592,14308.219178082192,0,1,0,0,0,0
5547,42.4,5898.159786322209,-659.6383232550305,5.0,8.04,3.0,-27968.66490601329,27968.66490601329,3138.0483456800653,15.0,116.83198947648592,14308.219178082192,0,1,0,0,0,0
5548,49.48,1227.9204576765992,-659.6383232550305,5.0,8.04,3.0,-32638.90423465891,32638.90423465891,3138.0483456800653,15.0,116.83198947648592,14308.219178082192,0,1,0,0,0,0
5549,51.31,20.782326119886847,-659.6383232550305,5.0,8.04,3.0,-33846.04236621562,33846.04236621562,3138.0483456800653,15.0,116.83198947648592,14308.219178082192,0,1,0,0,0,0
5550,52.93,-1047.8317575532633,-659.6383232550305,5.0,8.04,3.0,-34914.65644988877,34914.65644988877,3138.0483456800653,15.0,116.83198947648592,14308.219178082192,0,1,0,0,0,0
5551,50.97,245.05935602659926,-659.6383232550305,5.0,8.04,3.0,-33621.765336308905,33621.765336308905,3138.0483456800653,15.0,116.83198947648592,14308.219178082192,0,1,0,0,0,0
5552,59.82,-3398.100918394087,650.0,0,8.04,3.0,38883.0,-38883.0,15071.972825128516,0,556.8949724310688,14308.219178082192,1,0,0,0,0,0
5553,69.77,3069.399081605913,650.0,0,8.04,3.0,45350.5,-45350.5,15071.972825128516,0,556.8949724310688,14308.219178082192,1,0,0,0,0,0
5554,74.22,5961.899081605917,650.0,0,8.04,3.0,48243.0,-48243.0,15071.972825128516,0,556.8949724310688,14308.219178082192,1,0,0,0,0,0
5555,70.89,3797.399081605913,650.0,0,8.04,3.0,46078.5,-46078.5,15071.972825128516,0,556.8949724310688,14308.219178082192,1,0,0,0,0,0
5556,72.75,5006.399081605917,650.0,0,8.04,3.0,47287.5,-47287.5,15071.972825128516,0,556.8949724310688,14308.219178082192,1,0,0,0,0,0
5557,73.52,5506.899081605917,650.0,0,8.04,3.0,47788.0,-47788.0,15071.972825128516,0,556.8949724310688,14308.219178082192,1,0,0,0,0,0
5558,75.19,6592.399081605917,650.0,0,8.04,3.0,48873.5,-48873.5,15071.972825128516,0,556.8949724310688,14308.219178082192,1,0,0,0,0,0
5559,80.52,10056.899081605916,650.0,0,8.04,3.0,52338.0,-52338.0,15071.972825128516,0,556.8949724310688,14308.219178082192,1,0,0,0,0,0
5560,90.54,16569.899081605916,650.0,0,8.04,3.0,58851.00000000001,-58851.00000000001,15071.972825128516,0,556.8949724310688,14308.219178082192,1,0,0,0,0,0
5561,88.46,15217.899081605901,650.0,0,8.04,3.0,57498.99999999999,-57498.99999999999,15071.972825128516,0,556.8949724310688,14308.219178082192,1,0,0,0,0,0
5562,85.97,13599.399081605916,650.0,0,8.04,3.0,55880.5,-55880.5,15071.972825128516,0,556.8949724310688,14308.219178082192,1,0,0,0,0,0
5563,79.88,9640.899081605916,650.0,0,8.04,3.0,51922.0,-51922.0,15071.972825128516,0,556.8949724310688,14308.219178082192,1,0,0,0,0,0
5564,77.51,8100.399081605917,650.0,0,8.04,3.0,50381.5,-50381.5,15071.972825128516,0,556.8949724310688,14308.219178082192,1,0,0,0,0,0
5565,65.34,189.899081605913,650.0,0,8.04,3.0,42471.0,-42471.0,15071.972825128516,0,556.8949724310688,14308.219178082192,1,0,0,0,0,0
5566,67.62,1671.8990816059131,650.0,0,8.04,3.0,43953.0,-43953.0,15071.972825128516,0,556.8949724310688,14308.219178082192,1,0,0,0,0,0
5567,61.86,-2072.100918394087,650.0,0,8.04,3.0,40209.0,-40209.0,15071.972825128516,0,556.8949724310688,14308.219178082192,1,0,0,0,0,0
5568,67.91,1860.3990816059131,650.0,0,8.04,3.0,44141.5,-44141.5,15071.972825128516,0,556.8949724310688,14308.219178082192,1,0,0,0,0,0
5569,58.92,-3983.100918394087,650.0,0,8.04,3.0,38298.0,-38298.0,15071.972825128516,0,556.8949724310688,14308.219178082192,1,0,0,0,0,0
5570,53.2,-1225.9341048321216,-659.6383232550305,5.0,8.04,3.0,-35092.758797167626,35092.758797167626,3138.0483456800653,15.0,116.83198947648592,14308.219178082192,0,1,0,0,0,0
5571,52.79,-955.4823922975552,-659.6383232550305,5.0,8.04,3.0,-34822.30708463306,34822.30708463306,3138.0483456800653,15.0,116.83198947648592,14308.219178082192,0,1,0,0,0,0
5572,55.45,-2710.1203321559365,-659.6383232550305,5.0,8.04,3.0,-36576.94502449144,36576.94502449144,3138.0483456800653,15.0,116.83198947648592,14308.219178082192,0,1,0,0,0,0
5573,58.38,-4334.100918394087,650.0,0,8.04,3.0,37947.0,-37947.0,15071.972825128516,0,556.8949724310688,14308.219178082192,1,0,0,0,0,0
5574,56.94,-3692.981433805929,-659.6383232550305,5.0,8.04,3.0,-37559.80612614143,37559.80612614143,3138.0483456800653,15.0,116.83198947648592,14308.219178082192,0,1,0,0,0,0
5575,60.08,-3229.100918394087,650.0,0,8.04,3.0,39052.0,-39052.0,15071.972825128516,0,556.8949724310688,14308.219178082192,1,0,0,0,0,0
5576,66.18,735.8990816059203,650.0,0,8.04,3.0,43017.00000000001,-43017.00000000001,15071.972825128516,0,556.8949724310688,14308.219178082192,1,0,0,0,0,0
5577,70.55,3576.399081605913,650.0,0,8.04,3.0,45857.5,-45857.5,15071.972825128516,0,556.8949724310688,14308.219178082192,1,0,0,0,0,0
5578,73.71,5630.399081605902,650.0,0,8.04,3.0,47911.49999999999,-47911.49999999999,15071.972825128516,0,556.8949724310688,14308.219178082192,1,0,0,0,0,0
5579,98.66,21847.899081605916,650.0,0,8.04,3.0,64129.0,-64129.0,15071.972825128516,0,556.8949724310688,14308.219178082192,1,0,0,0,0,0
5580,112.11,30590.399081605916,650.0,0,8.04,3.0,72871.5,-72871.5,15071.972825128516,0,556.8949724310688,14308.219178082192,1,0,0,0,0,0
5581,106.01,26625.399081605916,650.0,0,8.04,3.0,68906.5,-68906.5,15071.972825128516,0,556.8949724310688,14308.219178082192,1,0,0,0,0,0
5582,89.97,16199.399081605916,650.0,0,8.04,3.0,58480.5,-58480.5,15071.972825128516,0,556.8949724310688,14308.219178082192,1,0,0,0,0,0
5583,106.56,26982.899081605916,650.0,0,8.04,3.0,69264.0,-69264.0,15071.972825128516,0,556.8949724310688,14308.219178082192,1,0,0,0,0,0
5584,99.12,22146.899081605916,650.0,0,8.04,3.0,64428.0,-64428.0,15071.972825128516,0,556.8949724310688,14308.219178082192,1,0,0,0,0,0
5585,244.38,116565.89908160592,650.0,0,8.04,3.0,158847.0,-158847.0,15071.972825128516,0,556.8949724310688,14308.219178082192,1,0,0,0,0,0
5586,103.07,24714.399081605916,650.0,0,8.04,3.0,66995.5,-66995.5,15071.972825128516,0,556.8949724310688,14308.219178082192,1,0,0,0,0,0
5587,85.62,13371.899081605916,650.0,0,8.04,3.0,55653.0,-55653.0,15071.972825128516,0,556.8949724310688,14308.219178082192,1,0,0,0,0,0
5588,84.16,12422.899081605916,650.0,0,8.04,3.0,54704.0,-54704.0,15071.972825128516,0,556.8949724310688,14308.219178082192,1,0,0,0,0,0
5589,74.97,6449.399081605917,650.0,0,8.04,3.0,48730.5,-48730.5,15071.972825128516,0,556.8949724310688,14308.219178082192,1,0,0,0,0,0
5590,70.05,3251.399081605913,650.0,0,8.04,3.0,45532.5,-45532.5,15071.972825128516,0,556.8949724310688,14308.219178082192,1,0,0,0,0,0
5591,63.43,-1051.6009183940869,650.0,0,8.04,3.0,41229.5,-41229.5,15071.972825128516,0,556.8949724310688,14308.219178082192,1,0,0,0,0,0
5592,51.48,-91.35618883346572,-659.6383232550305,5.0,8.04,3.0,-33958.18088116897,33958.18088116897,3138.0483456800653,15.0,116.83198947648592,14308.219178082192,0,1,0,0,0,0
5593,44.9,4249.063978184637,-659.6383232550305,5.0,8.04,3.0,-29617.76071415087,29617.76071415087,3138.0483456800653,15.0,116.83198947648592,14308.219178082192,0,1,0,0,0,0
5594,45.82,3642.1967207900057,-659.6383232550305,5.0,8.04,3.0,-30224.6279715455,30224.6279715455,3138.0483456800653,15.0,116.83198947648592,14308.219178082192,0,1,0,0,0,0
5595,42.09,6102.647666531269,-659.6383232550305,5.0,8.04,3.0,-27764.177025804238,27764.177025804238,3138.0483456800653,15.0,116.83198947648592,14308.219178082192,0,1,0,0,0,0
5596,34.85,10878.429126897692,-659.6383232550305,5.0,8.04,3.0,-22988.395565437815,22988.395565437815,3138.0483456800653,15.0,116.83198947648592,14308.219178082192,0,1,0,0,0,0
5597,51.44,-64.9706559032634,-659.6383232550305,5.0,8.04,3.0,-33931.79534823877,33931.79534823877,3138.0483456800653,15.0,116.83198947648592,14308.219178082192,0,1,0,0,0,0
5598,57.98,-4379.005289991161,-659.6383232550305,5.0,8.04,3.0,-38245.829982326664,38245.829982326664,3138.0483456800653,15.0,116.83198947648592,14308.219178082192,0,1,0,0,0,0
5599,56.34,-3297.198439852916,-659.6383232550305,5.0,8.04,3.0,-37164.02313218842,37164.02313218842,3138.0483456800653,15.0,116.83198947648592,14308.219178082192,0,1,0,0,0,0
5600,72.39,4772.399081605913,650.0,0,8.04,3.0,47053.5,-47053.5,15071.972825128516,0,556.8949724310688,14308.219178082192,1,0,0,0,0,0
5601,140.18,48835.89908160592,650.0,0,8.04,3.0,91117.0,-91117.0,15071.972825128516,0,556.8949724310688,14308.219178082192,1,0,0,0,0,0
5602,77.88,8340.899081605916,650.0,0,8.04,3.0,50622.0,-50622.0,15071.972825128516,0,556.8949724310688,14308.219178082192,1,0,0,0,0,0
5603,86.48,13930.899081605916,650.0,0,8.04,3.0,56212.0,-56212.0,15071.972825128516,0,556.8949724310688,14308.219178082192,1,0,0,0,0,0
5604,148.42,54191.89908160591,650.0,0,8.04,3.0,96472.99999999999,-96472.99999999999,15071.972825128516,0,556.8949724310688,14308.219178082192,1,0,0,0,0,0
5605,114.42,32091.899081605916,650.0,0,8.04,3.0,74373.0,-74373.0,15071.972825128516,0,556.8949724310688,14308.219178082192,1,0,0,0,0,0
5606,312.97,161149.39908160595,650.0,0,8.04,3.0,203430.50000000003,-203430.50000000003,15071.972825128516,0,556.8949724310688,14308.219178082192,1,0,0,0,0,0
5607,141.54,49719.89908160592,650.0,0,8.04,3.0,92001.0,-92001.0,15071.972825128516,0,556.8949724310688,14308.219178082192,1,0,0,0,0,0
5608,154.58,58195.89908160594,650.0,0,8.04,3.0,100477.00000000001,-100477.00000000001,15071.972825128516,0,556.8949724310688,14308.219178082192,1,0,0,0,0,0
5609,209.76,94062.89908160592,650.0,0,8.04,3.0,136344.0,-136344.0,15071.972825128516,0,556.8949724310688,14308.219178082192,1,0,0,0,0,0
5610,122.44,37304.89908160592,650.0,0,8.04,3.0,79586.0,-79586.0,15071.972825128516,0,556.8949724310688,14308.219178082192,1,0,0,0,0,0
5611,90.76,16712.899081605916,650.0,0,8.04,3.0,58994.0,-58994.0,15071.972825128516,0,556.8949724310688,14308.219178082192,1,0,0,0,0,0
5612,83.43,11948.399081605916,650.0,0,8.04,3.0,54229.50000000001,-54229.50000000001,15071.972825128516,0,556.8949724310688,14308.219178082192,1,0,0,0,0,0
5613,73.12,5246.899081605917,650.0,0,8.04,3.0,47528.0,-47528.0,15071.972825128516,0,556.8949724310688,14308.219178082192,1,0,0,0,0,0
5614,62.89,-1402.6009183940869,650.0,0,8.04,3.0,40878.5,-40878.5,15071.972825128516,0,556.8949724310688,14308.219178082192,1,0,0,0,0,0
5615,54.41,-2024.0964759707053,-659.6383232550305,5.0,8.04,3.0,-35890.92116830621,35890.92116830621,3138.0483456800653,15.0,116.83198947648592,14308.219178082192,0,1,0,0,0,0
5616,50.85,324.21595481719896,-659.6383232550305,5.0,8.04,3.0,-33542.608737518305,33542.608737518305,3138.0483456800653,15.0,116.83198947648592,14308.219178082192,0,1,0,0,0,0
5617,48.95,1577.528769001758,-659.6383232550305,5.0,8.04,3.0,-32289.295923333746,32289.295923333746,3138.0483456800653,15.0,116.83198947648592,14308.219178082192,0,1,0,0,0,0
5618,48.32,1993.10091265243,-659.6383232550305,5.0,8.04,3.0,-31873.723779683074,31873.723779683074,3138.0483456800653,15.0,116.83198947648592,14308.219178082192,0,1,0,0,0,0
5619,26.29,16524.93317396075,-659.6383232550305,5.0,8.04,3.0,-17341.891518374752,17341.891518374752,3138.0483456800653,15.0,116.83198947648592,14308.219178082192,0,1,0,0,0,0
5620,41.92,6214.786181484626,-659.6383232550305,5.0,8.04,3.0,-27652.03851085088,27652.03851085088,3138.0483456800653,15.0,116.83198947648592,14308.219178082192,0,1,0,0,0,0
5621,52.57,-810.3619611814497,-659.6383232550305,5.0,8.04,3.0,-34677.186653516954,34677.186653516954,3138.0483456800653,15.0,116.83198947648592,14308.219178082192,0,1,0,0,0,0
5622,56.35,-3303.7948230854668,-659.6383232550305,5.0,8.04,3.0,-37170.61951542097,37170.61951542097,3138.0483456800653,15.0,116.83198947648592,14308.219178082192,0,1,0,0,0,0
5623,62.27,-1805.6009183940869,650.0,0,8.04,3.0,40475.5,-40475.5,15071.972825128516,0,556.8949724310688,14308.219178082192,1,0,0,0,0,0
5624,65.5,293.899081605913,650.0,0,8.04,3.0,42575.0,-42575.0,15071.972825128516,0,556.8949724310688,14308.219178082192,1,0,0,0,0,0
5625,76.18,7235.899081605917,650.0,0,8.04,3.0,49517.00000000001,-49517.00000000001,15071.972825128516,0,556.8949724310688,14308.219178082192,1,0,0,0,0,0
5626,99.51,22400.399081605916,650.0,0,8.04,3.0,64681.5,-64681.5,15071.972825128516,0,556.8949724310688,14308.219178082192,1,0,0,0,0,0
5627,88.03,14938.399081605916,650.0,0,8.04,3.0,57219.5,-57219.5,15071.972825128516,0,556.8949724310688,14308.219178082192,1,0,0,0,0,0
5628,116.31,33320.39908160592,650.0,0,8.04,3.0,75601.5,-75601.5,15071.972825128516,0,556.8949724310688,14308.219178082192,1,0,0,0,0,0
5629,96.52,20456.899081605916,650.0,0,8.04,3.0,62738.0,-62738.0,15071.972825128516,0,556.8949724310688,14308.219178082192,1,0,0,0,0,0
5630,141.2,49498.89908160591,650.0,0,8.04,3.0,91779.99999999999,-91779.99999999999,15071.972825128516,0,556.8949724310688,14308.219178082192,1,0,0,0,0,0
5631,249.07,119614.39908160592,650.0,0,8.04,3.0,161895.5,-161895.5,15071.972825128516,0,556.8949724310688,14308.219178082192,1,0,0,0,0,0
5632,149.65,54991.39908160592,650.0,0,8.04,3.0,97272.5,-97272.5,15071.972825128516,0,556.8949724310688,14308.219178082192,1,0,0,0,0,0
5633,104.61,25715.399081605916,650.0,0,8.04,3.0,67996.5,-67996.5,15071.972825128516,0,556.8949724310688,14308.219178082192,1,0,0,0,0,0
5634,112.77,31019.399081605916,650.0,0,8.04,3.0,73300.5,-73300.5,15071.972825128516,0,556.8949724310688,14308.219178082192,1,0,0,0,0,0
5635,100.69,23167.399081605916,650.0,0,8.04,3.0,65448.5,-65448.5,15071.972825128516,0,556.8949724310688,14308.219178082192,1,0,0,0,0,0
5636,94.52,19156.899081605916,650.0,0,8.04,3.0,61438.0,-61438.0,15071.972825128516,0,556.8949724310688,14308.219178082192,1,0,0,0,0,0
5637,72.48,4830.899081605917,650.0,0,8.04,3.0,47112.0,-47112.0,15071.972825128516,0,556.8949724310688,14308.219178082192,1,0,0,0,0,0
5638,67.38,1515.8990816059131,650.0,0,8.04,3.0,43797.0,-43797.0,15071.972825128516,0,556.8949724310688,14308.219178082192,1,0,0,0,0,0
5639,59.75,-3443.600918394087,650.0,0,8.04,3.0,38837.5,-38837.5,15071.972825128516,0,556.8949724310688,14308.219178082192,1,0,0,0,0,0
5640,57.29,-3923.854846945192,-659.6383232550305,5.0,8.04,3.0,-37790.679539280696,37790.679539280696,3138.0483456800653,15.0,116.83198947648592,14308.219178082192,0,1,0,0,0,0
5641,44.26,4671.2325050678555,-659.6383232550305,5.0,8.04,3.0,-29195.592187267648,29195.592187267648,3138.0483456800653,15.0,116.83198947648592,14308.219178082192,0,1,0,0,0,0
5642,38.94,8180.508384784618,-659.6383232550305,5.0,8.04,3.0,-25686.316307550886,25686.316307550886,3138.0483456800653,15.0,116.83198947648592,14308.219178082192,0,1,0,0,0,0
5643,38.23,8648.851594295687,-659.6383232550305,5.0,8.04,3.0,-25217.973098039816,25217.973098039816,3138.0483456800653,15.0,116.83198947648592,14308.219178082192,0,1,0,0,0,0
5644,50.6,489.12553563095616,-659.6383232550305,5.0,8.04,3.0,-33377.69915670455,33377.69915670455,3138.0483456800653,15.0,116.83198947648592,14308.219178082192,0,1,0,0,0,0
5645,66.62,1021.899081605913,650.0,0,8.04,3.0,43303.0,-43303.0,15071.972825128516,0,556.8949724310688,14308.219178082192,1,0,0,0,0,0
5646,71.48,4180.899081605913,650.0,0,8.04,3.0,46462.0,-46462.0,15071.972825128516,0,556.8949724310688,14308.219178082192,1,0,0,0,0,0
5647,61.55,-2273.600918394087,650.0,0,8.04,3.0,40007.5,-40007.5,15071.972825128516,0,556.8949724310688,14308.219178082192,1,0,0,0,0,0
5648,66.35,846.3990816059057,650.0,0,8.04,3.0,43127.49999999999,-43127.49999999999,15071.972825128516,0,556.8949724310688,14308.219178082192,1,0,0,0,0,0
5649,76.34,7339.899081605917,650.0,0,8.04,3.0,49621.0,-49621.0,15071.972825128516,0,556.8949724310688,14308.219178082192,1,0,0,0,0,0
5650,122.9,37603.89908160592,650.0,0,8.04,3.0,79885.0,-79885.0,15071.972825128516,0,556.8949724310688,14308.219178082192,1,0,0,0,0,0
5651,86.19,13742.399081605916,650.0,0,8.04,3.0,56023.5,-56023.5,15071.972825128516,0,556.8949724310688,14308.219178082192,1,0,0,0,0,0
5652,126.88,40190.89908160592,650.0,0,8.04,3.0,82472.0,-82472.0,15071.972825128516,0,556.8949724310688,14308.219178082192,1,0,0,0,0,0
5653,148.7,54373.89908160591,650.0,0,8.04,3.0,96654.99999999999,-96654.99999999999,15071.972825128516,0,556.8949724310688,14308.219178082192,1,0,0,0,0,0
5654,137.12,46846.89908160592,650.0,0,8.04,3.0,89128.0,-89128.0,15071.972825128516,0,556.8949724310688,14308.219178082192,1,0,0,0,0,0
5655,99.58,22445.899081605916,650.0,0,8.04,3.0,64727.0,-64727.0,15071.972825128516,0,556.8949724310688,14308.219178082192,1,0,0,0,0,0
5656,110.69,29667.399081605916,650.0,0,8.04,3.0,71948.5,-71948.5,15071.972825128516,0,556.8949724310688,14308.219178082192,1,0,0,0,0,0
5657,111.85,30421.399081605916,650.0,0,8.04,3.0,72702.5,-72702.5,15071.972825128516,0,556.8949724310688,14308.219178082192,1,0,0,0,0,0
5658,113.06,31207.899081605916,650.0,0,8.04,3.0,73489.0,-73489.0,15071.972825128516,0,556.8949724310688,14308.219178082192,1,0,0,0,0,0
5659,129.08,41620.89908160594,650.0,0,8.04,3.0,83902.00000000001,-83902.00000000001,15071.972825128516,0,556.8949724310688,14308.219178082192,1,0,0,0,0,0
5660,100.69,23167.399081605916,650.0,0,8.04,3.0,65448.5,-65448.5,15071.972825128516,0,556.8949724310688,14308.219178082192,1,0,0,0,0,0
5661,78.32,8626.899081605901,650.0,0,8.04,3.0,50907.99999999999,-50907.99999999999,15071.972825128516,0,556.8949724310688,14308.219178082192,1,0,0,0,0,0
5662,66.88,1190.8990816059131,650.0,0,8.04,3.0,43472.0,-43472.0,15071.972825128516,0,556.8949724310688,14308.219178082192,1,0,0,0,0,0
5663,61.72,-2163.100918394087,650.0,0,8.04,3.0,40118.0,-40118.0,15071.972825128516,0,556.8949724310688,14308.219178082192,1,0,0,0,0,0
5664,62.41,-1714.6009183940869,650.0,0,8.04,3.0,40566.5,-40566.5,15071.972825128516,0,556.8949724310688,14308.219178082192,1,0,0,0,0,0
5665,53.66,-1529.3677335294337,-659.6383232550305,5.0,8.04,3.0,-35396.19242586494,35396.19242586494,3138.0483456800653,15.0,116.83198947648592,14308.219178082192,0,1,0,0,0,0
5666,54.3,-1951.536260412649,-659.6383232550305,5.0,8.04,3.0,-35818.36095274815,35818.36095274815,3138.0483456800653,15.0,116.83198947648592,14308.219178082192,0,1,0,0,0,0
5667,55.53,-2762.891398016341,-659.6383232550305,5.0,8.04,3.0,-36629.716090351845,36629.716090351845,3138.0483456800653,15.0,116.83198947648592,14308.219178082192,0,1,0,0,0,0
5668,57.48,-4049.186128363646,-659.6383232550305,5.0,8.04,3.0,-37916.01082069915,37916.01082069915,3138.0483456800653,15.0,116.83198947648592,14308.219178082192,0,1,0,0,0,0
5669,62.62,-1578.1009183940869,650.0,0,8.04,3.0,40703.0,-40703.0,15071.972825128516,0,556.8949724310688,14308.219178082192,1,0,0,0,0,0
5670,71.03,3888.399081605913,650.0,0,8.04,3.0,46169.5,-46169.5,15071.972825128516,0,556.8949724310688,14308.219178082192,1,0,0,0,0,0
5671,70.75,3706.399081605913,650.0,0,8.04,3.0,45987.5,-45987.5,15071.972825128516,0,556.8949724310688,14308.219178082192,1,0,0,0,0,0
5672,69.9,3153.8990816059204,650.0,0,8.04,3.0,45435.00000000001,-45435.00000000001,15071.972825128516,0,556.8949724310688,14308.219178082192,1,0,0,0,0,0
5673,76.25,7281.399081605917,650.0,0,8.04,3.0,49562.5,-49562.5,15071.972825128516,0,556.8949724310688,14308.219178082192,1,0,0,0,0,0
5674,79.76,9562.899081605916,650.0,0,8.04,3.0,51844.0,-51844.0,15071.972825128516,0,556.8949724310688,14308.219178082192,1,0,0,0,0,0
5675,108.95,28536.399081605916,650.0,0,8.04,3.0,70817.5,-70817.5,15071.972825128516,0,556.8949724310688,14308.219178082192,1,0,0,0,0,0
5676,90.22,16361.899081605916,650.0,0,8.04,3.0,58643.0,-58643.0,15071.972825128516,0,556.8949724310688,14308.219178082192,1,0,0,0,0,0
5677,93.86,18727.899081605916,650.0,0,8.04,3.0,61009.0,-61009.0,15071.972825128516,0,556.8949724310688,14308.219178082192,1,0,0,0,0,0
5678,101.89,23947.399081605916,650.0,0,8.04,3.0,66228.5,-66228.5,15071.972825128516,0,556.8949724310688,14308.219178082192,1,0,0,0,0,0
5679,122.93,37623.39908160592,650.0,0,8.04,3.0,79904.5,-79904.5,15071.972825128516,0,556.8949724310688,14308.219178082192,1,0,0,0,0,0
5680,143.79,51182.39908160592,650.0,0,8.04,3.0,93463.5,-93463.5,15071.972825128516,0,556.8949724310688,14308.219178082192,1,0,0,0,0,0
5681,106.47,26924.399081605916,650.0,0,8.04,3.0,69205.5,-69205.5,15071.972825128516,0,556.8949724310688,14308.219178082192,1,0,0,0,0,0
5682,103.17,24779.399081605916,650.0,0,8.04,3.0,67060.5,-67060.5,15071.972825128516,0,556.8949724310688,14308.219178082192,1,0,0,0,0,0
5683,98.26,21587.899081605916,650.0,0,8.04,3.0,63869.0,-63869.0,15071.972825128516,0,556.8949724310688,14308.219178082192,1,0,0,0,0,0
5684,151.19,55992.39908160592,650.0,0,8.04,3.0,98273.5,-98273.5,15071.972825128516,0,556.8949724310688,14308.219178082192,1,0,0,0,0,0
5685,79.77,9569.399081605916,650.0,0,8.04,3.0,51850.5,-51850.5,15071.972825128516,0,556.8949724310688,14308.219178082192,1,0,0,0,0,0
5686,76.19,7242.399081605917,650.0,0,8.04,3.0,49523.5,-49523.5,15071.972825128516,0,556.8949724310688,14308.219178082192,1,0,0,0,0,0
5687,74.54,6169.899081605917,650.0,0,8.04,3.0,48451.00000000001,-48451.00000000001,15071.972825128516,0,556.8949724310688,14308.219178082192,1,0,0,0,0,0
5688,67.42,1541.8990816059131,650.0,0,8.04,3.0,43823.0,-43823.0,15071.972825128516,0,556.8949724310688,14308.219178082192,1,0,0,0,0,0
5689,61.4,-2371.100918394087,650.0,0,8.04,3.0,39910.0,-39910.0,15071.972825128516,0,556.8949724310688,14308.219178082192,1,0,0,0,0,0
5690,59.91,-3339.600918394087,650.0,0,8.04,3.0,38941.5,-38941.5,15071.972825128516,0,556.8949724310688,14308.219178082192,1,0,0,0,0,0
5691,54.12,-1832.8013622267458,-659.6383232550305,5.0,8.04,3.0,-35699.62605456225,35699.62605456225,3138.0483456800653,15.0,116.83198947648592,14308.219178082192,0,1,0,0,0,0
5692,60.45,-2988.600918394087,650.0,0,8.04,3.0,39292.5,-39292.5,15071.972825128516,0,556.8949724310688,14308.219178082192,1,0,0,0,0,0
5693,71.38,4115.899081605913,650.0,0,8.04,3.0,46397.0,-46397.0,15071.972825128516,0,556.8949724310688,14308.219178082192,1,0,0,0,0,0
5694,72.27,4694.399081605913,650.0,0,8.04,3.0,46975.5,-46975.5,15071.972825128516,0,556.8949724310688,14308.219178082192,1,0,0,0,0,0
5695,70.74,3699.899081605913,650.0,0,8.04,3.0,45981.0,-45981.0,15071.972825128516,0,556.8949724310688,14308.219178082192,1,0,0,0,0,0
5696,73.17,5279.399081605917,650.0,0,8.04,3.0,47560.5,-47560.5,15071.972825128516,0,556.8949724310688,14308.219178082192,1,0,0,0,0,0
5697,99.23,22218.399081605916,650.0,0,8.04,3.0,64499.5,-64499.5,15071.972825128516,0,556.8949724310688,14308.219178082192,1,0,0,0,0,0
5698,86.89,14197.399081605916,650.0,0,8.04,3.0,56478.5,-56478.5,15071.972825128516,0,556.8949724310688,14308.219178082192,1,0,0,0,0,0
5699,106.71,27080.399081605916,650.0,0,8.04,3.0,69361.5,-69361.5,15071.972825128516,0,556.8949724310688,14308.219178082192,1,0,0,0,0,0
5700,103.74,25149.899081605916,650.0,0,8.04,3.0,67431.0,-67431.0,15071.972825128516,0,556.8949724310688,14308.219178082192,1,0,0,0,0,0
5701,164.49,64637.39908160592,650.0,0,8.04,3.0,106918.5,-106918.5,15071.972825128516,0,556.8949724310688,14308.219178082192,1,0,0,0,0,0
5702,104.29,25507.399081605916,650.0,0,8.04,3.0,67788.5,-67788.5,15071.972825128516,0,556.8949724310688,14308.219178082192,1,0,0,0,0,0
5703,112.83,31058.399081605916,650.0,0,8.04,3.0,73339.5,-73339.5,15071.972825128516,0,556.8949724310688,14308.219178082192,1,0,0,0,0,0
5704,70.08,3270.899081605913,650.0,0,8.04,3.0,45552.0,-45552.0,15071.972825128516,0,556.8949724310688,14308.219178082192,1,0,0,0,0,0
5705,67.6,1658.8990816059058,650.0,0,8.04,3.0,43939.99999999999,-43939.99999999999,15071.972825128516,0,556.8949724310688,14308.219178082192,1,0,0,0,0,0
5706,68.53,2263.399081605913,650.0,0,8.04,3.0,44544.5,-44544.5,15071.972825128516,0,556.8949724310688,14308.219178082192,1,0,0,0,0,0
5707,82.5,11343.899081605916,650.0,0,8.04,3.0,53625.0,-53625.0,15071.972825128516,0,556.8949724310688,14308.219178082192,1,0,0,0,0,0
5708,71.0,3868.899081605913,650.0,0,8.04,3.0,46150.0,-46150.0,15071.972825128516,0,556.8949724310688,14308.219178082192,1,0,0,0,0,0
5709,56.93,-3686.3850505733785,-659.6383232550305,5.0,8.04,3.0,-37553.20974290889,37553.20974290889,3138.0483456800653,15.0,116.83198947648592,14308.219178082192,0,1,0,0,0,0
5710,30.01,14071.078611452038,-659.6383232550305,5.0,8.04,3.0,-19795.746080883466,19795.746080883466,3138.0483456800653,15.0,116.83198947648592,14308.219178082192,0,1,0,0,0,0
5711,20.83,20126.558418933222,-659.6383232550305,5.0,8.04,3.0,-13740.266273402285,13740.266273402285,3138.0483456800653,15.0,116.83198947648592,14308.219178082192,0,1,0,0,0,0
5712,11.79,26089.688861158695,-659.6383232550305,5.0,8.04,3.0,-7777.135831176809,7777.135831176809,3138.0483456800653,15.0,116.83198947648592,14308.219178082192,0,1,0,0,0,0
5713,-7.45,38781.13020058548,-659.6383232550305,5.0,8.04,3.0,4914.305508249978,-4914.305508249978,3138.0483456800653,15.0,116.83198947648592,14308.219178082192,0,1,0,0,0,0
5714,4.14,31135.922034059677,-659.6383232550305,5.0,8.04,3.0,-2730.902658275826,2730.902658275826,3138.0483456800653,15.0,116.83198947648592,14308.219178082192,0,1,0,0,0,0
5715,5.48,30252.006680897935,-659.6383232550305,5.0,8.04,3.0,-3614.8180114375673,3614.8180114375673,3138.0483456800653,15.0,116.83198947648592,14308.219178082192,0,1,0,0,0,0
5716,19.47,21023.66653856006,-659.6383232550305,5.0,8.04,3.0,-12843.158153775443,12843.158153775443,3138.0483456800653,15.0,116.83198947648592,14308.219178082192,0,1,0,0,0,0
5717,22.71,18886.43837121376,-659.6383232550305,5.0,8.04,3.0,-14980.386321121743,14980.386321121743,3138.0483456800653,15.0,116.83198947648592,14308.219178082192,0,1,0,0,0,0
5718,10.25,27105.53187897144,-659.6383232550305,5.0,8.04,3.0,-6761.292813364063,6761.292813364063,3138.0483456800653,15.0,116.83198947648592,14308.219178082192,0,1,0,0,0,0
5719,19.64,20911.528023606705,-659.6383232550305,5.0,8.04,3.0,-12955.296668728799,12955.296668728799,3138.0483456800653,15.0,116.83198947648592,14308.219178082192,0,1,0,0,0,0
5720,35.1,10713.519546083935,-659.6383232550305,5.0,8.04,3.0,-23153.305146251572,23153.305146251572,3138.0483456800653,15.0,116.83198947648592,14308.219178082192,0,1,0,0,0,0
5721,65.89,547.399081605913,650.0,0,8.04,3.0,42828.5,-42828.5,15071.972825128516,0,556.8949724310688,14308.219178082192,1,0,0,0,0,0
5722,72.09,4577.399081605913,650.0,0,8.04,3.0,46858.5,-46858.5,15071.972825128516,0,556.8949724310688,14308.219178082192,1,0,0,0,0,0
5723,94.12,18896.899081605916,650.0,0,8.04,3.0,61178.0,-61178.0,15071.972825128516,0,556.8949724310688,14308.219178082192,1,0,0,0,0,0
5724,129.33,41783.39908160594,650.0,0,8.04,3.0,84064.50000000001,-84064.50000000001,15071.972825128516,0,556.8949724310688,14308.219178082192,1,0,0,0,0,0
5725,205.05,91001.39908160592,650.0,0,8.04,3.0,133282.5,-133282.5,15071.972825128516,0,556.8949724310688,14308.219178082192,1,0,0,0,0,0
5726,122.74,37499.89908160592,650.0,0,8.04,3.0,79781.0,-79781.0,15071.972825128516,0,556.8949724310688,14308.219178082192,1,0,0,0,0,0
5727,115.0,32468.89908160592,650.0,0,8.04,3.0,74750.0,-74750.0,15071.972825128516,0,556.8949724310688,14308.219178082192,1,0,0,0,0,0
5728,133.69,44617.39908160592,650.0,0,8.04,3.0,86898.5,-86898.5,15071.972825128516,0,556.8949724310688,14308.219178082192,1,0,0,0,0,0
5729,78.51,8750.399081605916,650.0,0,8.04,3.0,51031.5,-51031.5,15071.972825128516,0,556.8949724310688,14308.219178082192,1,0,0,0,0,0
5730,73.33,5383.399081605917,650.0,0,8.04,3.0,47664.5,-47664.5,15071.972825128516,0,556.8949724310688,14308.219178082192,1,0,0,0,0,0
5731,134.08,44870.89908160594,650.0,0,8.04,3.0,87152.00000000001,-87152.00000000001,15071.972825128516,0,556.8949724310688,14308.219178082192,1,0,0,0,0,0
5732,78.51,8750.399081605916,650.0,0,8.04,3.0,51031.5,-51031.5,15071.972825128516,0,556.8949724310688,14308.219178082192,1,0,0,0,0,0
5733,48.31,1999.6972958849806,-659.6383232550305,5.0,8.04,3.0,-31867.127396450527,31867.127396450527,3138.0483456800653,15.0,116.83198947648592,14308.219178082192,0,1,0,0,0,0
5734,43.87,4928.491451137317,-659.6383232550305,5.0,8.04,3.0,-28938.333241198186,28938.333241198186,3138.0483456800653,15.0,116.83198947648592,14308.219178082192,0,1,0,0,0,0
5735,33.7,11637.013198640972,-659.6383232550305,5.0,8.04,3.0,-22229.81149369453,22229.81149369453,3138.0483456800653,15.0,116.83198947648592,14308.219178082192,0,1,0,0,0,0
5736,15.57,23596.255999254678,-659.6383232550305,5.0,8.04,3.0,-10270.568693080826,10270.568693080826,3138.0483456800653,15.0,116.83198947648592,14308.219178082192,0,1,0,0,0,0
5737,6.64,29486.8262259221,-659.6383232550305,5.0,8.04,3.0,-4379.998466413403,4379.998466413403,3138.0483456800653,15.0,116.83198947648592,14308.219178082192,0,1,0,0,0,0
5738,20.82,20133.15480216577,-659.6383232550305,5.0,8.04,3.0,-13733.669890169736,13733.669890169736,3138.0483456800653,15.0,116.83198947648592,14308.219178082192,0,1,0,0,0,0
5739,24.59,17646.318323494306,-659.6383232550305,5.0,8.04,3.0,-16220.506368841201,16220.506368841201,3138.0483456800653,15.0,116.83198947648592,14308.219178082192,0,1,0,0,0,0
5740,11.07,26564.628453902318,-659.6383232550305,5.0,8.04,3.0,-7302.196238433188,7302.196238433188,3138.0483456800653,15.0,116.83198947648592,14308.219178082192,0,1,0,0,0,0
5741,19.96,20700.443760165093,-659.6383232550305,5.0,8.04,3.0,-13166.38093217041,13166.38093217041,3138.0483456800653,15.0,116.83198947648592,14308.219178082192,0,1,0,0,0,0
5742,18.72,21518.395281001332,-659.6383232550305,5.0,8.04,3.0,-12348.429411334171,12348.429411334171,3138.0483456800653,15.0,116.83198947648592,14308.219178082192,0,1,0,0,0,0
5743,32.05,12725.416432011782,-659.6383232550305,5.0,8.04,3.0,-21141.408260323726,21141.408260323726,3138.0483456800653,15.0,116.83198947648592,14308.219178082192,0,1,0,0,0,0
5744,54.91,-2353.9156375982197,-659.6383232550305,5.0,8.04,3.0,-36220.740329933724,36220.740329933724,3138.0483456800653,15.0,116.83198947648592,14308.219178082192,0,1,0,0,0,0
5745,52.98,-1080.813673716009,-659.6383232550305,5.0,8.04,3.0,-34947.63836605151,34947.63836605151,3138.0483456800653,15.0,116.83198947648592,14308.219178082192,0,1,0,0,0,0
5746,88.57,15289.399081605901,650.0,0,8.04,3.0,57570.49999999999,-57570.49999999999,15071.972825128516,0,556.8949724310688,14308.219178082192,1,0,0,0,0,0
5747,38.7,8338.821582365821,-659.6383232550305,5.0,8.04,3.0,-25528.003109969683,25528.003109969683,3138.0483456800653,15.0,116.83198947648592,14308.219178082192,0,1,0,0,0,0
5748,58.1,-4458.161888781768,-659.6383232550305,5.0,8.04,3.0,-38324.98658111727,38324.98658111727,3138.0483456800653,15.0,116.83198947648592,14308.219178082192,0,1,0,0,0,0
5749,123.74,38149.89908160592,650.0,0,8.04,3.0,80431.0,-80431.0,15071.972825128516,0,556.8949724310688,14308.219178082192,1,0,0,0,0,0
5750,54.09,-1813.0122125291014,-659.6383232550305,5.0,8.04,3.0,-35679.836904864605,35679.836904864605,3138.0483456800653,15.0,116.83198947648592,14308.219178082192,0,1,0,0,0,0
5751,75.44,6754.899081605917,650.0,0,8.04,3.0,49036.0,-49036.0,15071.972825128516,0,556.8949724310688,14308.219178082192,1,0,0,0,0,0
5752,75.29,6657.399081605917,650.0,0,8.04,3.0,48938.50000000001,-48938.50000000001,15071.972825128516,0,556.8949724310688,14308.219178082192,1,0,0,0,0,0
5753,202.37,89259.39908160592,650.0,0,8.04,3.0,131540.5,-131540.5,15071.972825128516,0,556.8949724310688,14308.219178082192,1,0,0,0,0,0
5754,308.08,157970.89908160592,650.0,0,8.04,3.0,200252.0,-200252.0,15071.972825128516,0,556.8949724310688,14308.219178082192,1,0,0,0,0,0
5755,117.99,34412.39908160592,650.0,0,8.04,3.0,76693.5,-76693.5,15071.972825128516,0,556.8949724310688,14308.219178082192,1,0,0,0,0,0
5756,91.71,17330.3990816059,650.0,0,8.04,3.0,59611.49999999999,-59611.49999999999,15071.972825128516,0,556.8949724310688,14308.219178082192,1,0,0,0,0,0
5757,48.47,1894.1551641641786,-659.6383232550305,5.0,8.04,3.0,-31972.66952817133,31972.66952817133,3138.0483456800653,15.0,116.83198947648592,14308.219178082192,0,1,0,0,0,0
5758,45.62,3774.1243854410136,-659.6383232550305,5.0,8.04,3.0,-30092.70030689449,30092.70030689449,3138.0483456800653,15.0,116.83198947648592,14308.219178082192,0,1,0,0,0,0
5759,43.28,5317.678061857783,-659.6383232550305,5.0,8.04,3.0,-28549.14663047772,28549.14663047772,3138.0483456800653,15.0,116.83198947648592,14308.219178082192,0,1,0,0,0,0
5760,34.96,10805.868911339636,-659.6383232550305,5.0,8.04,3.0,-23060.955780995868,23060.955780995868,3138.0483456800653,15.0,116.83198947648592,14308.219178082192,0,1,0,0,0,0
5761,48.39,1946.9262300245796,-659.6383232550305,5.0,8.04,3.0,-31919.898462310928,31919.898462310928,3138.0483456800653,15.0,116.83198947648592,14308.219178082192,0,1,0,0,0,0
5762,43.12,5423.220193578592,-659.6383232550305,5.0,8.04,3.0,-28443.604498756915,28443.604498756915,3138.0483456800653,15.0,116.83198947648592,14308.219178082192,0,1,0,0,0,0
5763,48.59,1814.998565373568,-659.6383232550305,5.0,8.04,3.0,-32051.826126961936,32051.826126961936,3138.0483456800653,15.0,116.83198947648592,14308.219178082192,0,1,0,0,0,0
5764,39.73,7659.394109413144,-659.6383232550305,5.0,8.04,3.0,-26207.43058292236,26207.43058292236,3138.0483456800653,15.0,116.83198947648592,14308.219178082192,0,1,0,0,0,0
5765,50.11,812.3483140259273,-659.6383232550305,5.0,8.04,3.0,-33054.47637830958,33054.47637830958,3138.0483456800653,15.0,116.83198947648592,14308.219178082192,0,1,0,0,0,0
5766,53.02,-1107.1992066462185,-659.6383232550305,5.0,8.04,3.0,-34974.02389898172,34974.02389898172,3138.0483456800653,15.0,116.83198947648592,14308.219178082192,0,1,0,0,0,0
5767,70.26,3387.899081605913,650.0,0,8.04,3.0,45669.0,-45669.0,15071.972825128516,0,556.8949724310688,14308.219178082192,1,0,0,0,0,0
5768,132.67,43954.39908160591,650.0,0,8.04,3.0,86235.49999999999,-86235.49999999999,15071.972825128516,0,556.8949724310688,14308.219178082192,1,0,0,0,0,0
5769,107.0,27268.899081605916,650.0,0,8.04,3.0,69550.0,-69550.0,15071.972825128516,0,556.8949724310688,14308.219178082192,1,0,0,0,0,0
5770,106.14,26709.899081605916,650.0,0,8.04,3.0,68991.0,-68991.0,15071.972825128516,0,556.8949724310688,14308.219178082192,1,0,0,0,0,0
5771,77.92,8366.899081605916,650.0,0,8.04,3.0,50648.0,-50648.0,15071.972825128516,0,556.8949724310688,14308.219178082192,1,0,0,0,0,0
5772,97.79,21282.399081605916,650.0,0,8.04,3.0,63563.50000000001,-63563.50000000001,15071.972825128516,0,556.8949724310688,14308.219178082192,1,0,0,0,0,0
5773,82.17,11129.399081605916,650.0,0,8.04,3.0,53410.5,-53410.5,15071.972825128516,0,556.8949724310688,14308.219178082192,1,0,0,0,0,0
5774,62.09,-1922.6009183940869,650.0,0,8.04,3.0,40358.5,-40358.5,15071.972825128516,0,556.8949724310688,14308.219178082192,1,0,0,0,0,0
5775,69.9,3153.8990816059204,650.0,0,8.04,3.0,45435.00000000001,-45435.00000000001,15071.972825128516,0,556.8949724310688,14308.219178082192,1,0,0,0,0,0
5776,62.08,-1929.1009183940869,650.0,0,8.04,3.0,40352.0,-40352.0,15071.972825128516,0,556.8949724310688,14308.219178082192,1,0,0,0,0,0
5777,65.06,7.899081605913011,650.0,0,8.04,3.0,42289.0,-42289.0,15071.972825128516,0,556.8949724310688,14308.219178082192,1,0,0,0,0,0
5778,90.06,16257.899081605916,650.0,0,8.04,3.0,58539.0,-58539.0,15071.972825128516,0,556.8949724310688,14308.219178082192,1,0,0,0,0,0
5779,77.42,8041.899081605917,650.0,0,8.04,3.0,50323.0,-50323.0,15071.972825128516,0,556.8949724310688,14308.219178082192,1,0,0,0,0,0
5780,88.25,15081.399081605916,650.0,0,8.04,3.0,57362.5,-57362.5,15071.972825128516,0,556.8949724310688,14308.219178082192,1,0,0,0,0,0
5781,179.6,74458.89908160592,650.0,0,8.04,3.0,116740.0,-116740.0,15071.972825128516,0,556.8949724310688,14308.219178082192,1,0,0,0,0,0
5782,77.25,7931.399081605917,650.0,0,8.04,3.0,50212.5,-50212.5,15071.972825128516,0,556.8949724310688,14308.219178082192,1,0,0,0,0,0
5783,59.32,-3723.100918394087,650.0,0,8.04,3.0,38558.0,-38558.0,15071.972825128516,0,556.8949724310688,14308.219178082192,1,0,0,0,0,0
5784,48.27,2026.082828815183,-659.6383232550305,5.0,8.04,3.0,-31840.741863520325,31840.741863520325,3138.0483456800653,15.0,116.83198947648592,14308.219178082192,0,1,0,0,0,0
5785,44.53,4493.130157788997,-659.6383232550305,5.0,8.04,3.0,-29373.69453454651,29373.69453454651,3138.0483456800653,15.0,116.83198947648592,14308.219178082192,0,1,0,0,0,0
5786,44.95,4216.08206202188,-659.6383232550305,5.0,8.04,3.0,-29650.742630313624,29650.742630313624,3138.0483456800653,15.0,116.83198947648592,14308.219178082192,0,1,0,0,0,0
5787,58.38,-4334.100918394087,650.0,0,8.04,3.0,37947.0,-37947.0,15071.972825128516,0,556.8949724310688,14308.219178082192,1,0,0,0,0,0
5788,62.77,-1480.6009183940869,650.0,0,8.04,3.0,40800.5,-40800.5,15071.972825128516,0,556.8949724310688,14308.219178082192,1,0,0,0,0,0
5789,71.55,4226.399081605913,650.0,0,8.04,3.0,46507.5,-46507.5,15071.972825128516,0,556.8949724310688,14308.219178082192,1,0,0,0,0,0
5790,49.63,1128.9747091883369,-659.6383232550305,5.0,8.04,3.0,-32737.849983147167,32737.849983147167,3138.0483456800653,15.0,116.83198947648592,14308.219178082192,0,1,0,0,0,0
5791,54.09,-1813.0122125291014,-659.6383232550305,5.0,8.04,3.0,-35679.836904864605,35679.836904864605,3138.0483456800653,15.0,116.83198947648592,14308.219178082192,0,1,0,0,0,0
5792,68.35,2146.399081605906,650.0,0,8.04,3.0,44427.49999999999,-44427.49999999999,15071.972825128516,0,556.8949724310688,14308.219178082192,1,0,0,0,0,0
5793,91.49,17187.399081605916,650.0,0,8.04,3.0,59468.5,-59468.5,15071.972825128516,0,556.8949724310688,14308.219178082192,1,0,0,0,0,0
5794,100.14,22809.899081605916,650.0,0,8.04,3.0,65091.0,-65091.0,15071.972825128516,0,556.8949724310688,14308.219178082192,1,0,0,0,0,0
5795,79.28,9250.899081605916,650.0,0,8.04,3.0,51532.0,-51532.0,15071.972825128516,0,556.8949724310688,14308.219178082192,1,0,0,0,0,0
5796,64.78,-174.100918394087,650.0,0,8.04,3.0,42107.0,-42107.0,15071.972825128516,0,556.8949724310688,14308.219178082192,1,0,0,0,0,0
5797,77.17,7879.399081605917,650.0,0,8.04,3.0,50160.5,-50160.5,15071.972825128516,0,556.8949724310688,14308.219178082192,1,0,0,0,0,0
5798,92.1,17583.8990816059,650.0,0,8.04,3.0,59864.99999999999,-59864.99999999999,15071.972825128516,0,556.8949724310688,14308.219178082192,1,0,0,0,0,0
5799,105.97,26599.399081605916,650.0,0,8.04,3.0,68880.5,-68880.5,15071.972825128516,0,556.8949724310688,14308.219178082192,1,0,0,0,0,0
5800,188.83,80458.39908160594,650.0,0,8.04,3.0,122739.50000000001,-122739.50000000001,15071.972825128516,0,556.8949724310688,14308.219178082192,1,0,0,0,0,0
5801,149.64,54984.89908160591,650.0,0,8.04,3.0,97265.99999999999,-97265.99999999999,15071.972825128516,0,556.8949724310688,14308.219178082192,1,0,0,0,0,0
5802,219.28,100250.89908160592,650.0,0,8.04,3.0,142532.0,-142532.0,15071.972825128516,0,556.8949724310688,14308.219178082192,1,0,0,0,0,0
5803,78.79,8932.399081605916,650.0,0,8.04,3.0,51213.50000000001,-51213.50000000001,15071.972825128516,0,556.8949724310688,14308.219178082192,1,0,0,0,0,0
5804,90.71,16680.3990816059,650.0,0,8.04,3.0,58961.49999999999,-58961.49999999999,15071.972825128516,0,556.8949724310688,14308.219178082192,1,0,0,0,0,0
5805,75.81,6995.399081605917,650.0,0,8.04,3.0,49276.5,-49276.5,15071.972825128516,0,556.8949724310688,14308.219178082192,1,0,0,0,0,0
5806,70.66,3647.899081605913,650.0,0,8.04,3.0,45929.0,-45929.0,15071.972825128516,0,556.8949724310688,14308.219178082192,1,0,0,0,0,0
5807,66.53,963.399081605913,650.0,0,8.04,3.0,43244.5,-43244.5,15071.972825128516,0,556.8949724310688,14308.219178082192,1,0,0,0,0,0
5808,56.05,-3105.9033261089494,-659.6383232550305,5.0,8.04,3.0,-36972.72801844446,36972.72801844446,3138.0483456800653,15.0,116.83198947648592,14308.219178082192,0,1,0,0,0,0
5809,49.01,1537.9504696064619,-659.6383232550305,5.0,8.04,3.0,-32328.874222729046,32328.874222729046,3138.0483456800653,15.0,116.83198947648592,14308.219178082192,0,1,0,0,0,0
5810,40.46,7177.85813343697,-659.6383232550305,5.0,8.04,3.0,-26688.966558898534,26688.966558898534,3138.0483456800653,15.0,116.83198947648592,14308.219178082192,0,1,0,0,0,0
5811,26.69,16261.07784465874,-659.6383232550305,5.0,8.04,3.0,-17605.746847676764,17605.746847676764,3138.0483456800653,15.0,116.83198947648592,14308.219178082192,0,1,0,0,0,0
5812,29.22,14592.192886823512,-659.6383232550305,5.0,8.04,3.0,-19274.631805511992,19274.631805511992,3138.0483456800653,15.0,116.83198947648592,14308.219178082192,0,1,0,0,0,0
5813,35.04,10753.097845479235,-659.6383232550305,5.0,8.04,3.0,-23113.72684685627,23113.72684685627,3138.0483456800653,15.0,116.83198947648592,14308.219178082192,0,1,0,0,0,0
5814,41.24,6663.340241298043,-659.6383232550305,5.0,8.04,3.0,-27203.48445103746,27203.48445103746,3138.0483456800653,15.0,116.83198947648592,14308.219178082192,0,1,0,0,0,0
5815,42.6,5766.232121671204,-659.6383232550305,5.0,8.04,3.0,-28100.5925706643,28100.5925706643,3138.0483456800653,15.0,116.83198947648592,14308.219178082192,0,1,0,0,0,0
5816,55.78,-2927.8009788300983,-659.6383232550305,5.0,8.04,3.0,-36794.6256711656,36794.6256711656,3138.0483456800653,15.0,116.83198947648592,14308.219178082192,0,1,0,0,0,0
5817,74.13,5903.399081605917,650.0,0,8.04,3.0,48184.5,-48184.5,15071.972825128516,0,556.8949724310688,14308.219178082192,1,0,0,0,0,0
5818,80.32,9926.899081605901,650.0,0,8.04,3.0,52207.99999999999,-52207.99999999999,15071.972825128516,0,556.8949724310688,14308.219178082192,1,0,0,0,0,0
5819,81.16,10472.899081605916,650.0,0,8.04,3.0,52754.0,-52754.0,15071.972825128516,0,556.8949724310688,14308.219178082192,1,0,0,0,0,0
5820,89.48,15880.899081605916,650.0,0,8.04,3.0,58162.0,-58162.0,15071.972825128516,0,556.8949724310688,14308.219178082192,1,0,0,0,0,0
5821,101.59,23752.399081605916,650.0,0,8.04,3.0,66033.5,-66033.5,15071.972825128516,0,556.8949724310688,14308.219178082192,1,0,0,0,0,0
5822,115.06,32507.89908160592,650.0,0,8.04,3.0,74789.0,-74789.0,15071.972825128516,0,556.8949724310688,14308.219178082192,1,0,0,0,0,0
5823,1111.41,680135.3990816058,650.0,0,8.04,3.0,722416.5,-722416.5,15071.972825128516,0,556.8949724310688,14308.219178082192,1,0,0,0,0,0
5824,358.41,190685.39908160595,650.0,0,8.04,3.0,232966.50000000003,-232966.50000000003,15071.972825128516,0,556.8949724310688,14308.219178082192,1,0,0,0,0,0
5825,130.06,42257.89908160592,650.0,0,8.04,3.0,84539.0,-84539.0,15071.972825128516,0,556.8949724310688,14308.219178082192,1,0,0,0,0,0
5826,129.72,42036.89908160592,650.0,0,8.04,3.0,84318.0,-84318.0,15071.972825128516,0,556.8949724310688,14308.219178082192,1,0,0,0,0,0
5827,100.32,22926.8990816059,650.0,0,8.04,3.0,65207.99999999999,-65207.99999999999,15071.972825128516,0,556.8949724310688,14308.219178082192,1,0,0,0,0,0
5828,91.4,17128.899081605916,650.0,0,8.04,3.0,59410.00000000001,-59410.00000000001,15071.972825128516,0,556.8949724310688,14308.219178082192,1,0,0,0,0,0
5829,77.41,8035.399081605917,650.0,0,8.04,3.0,50316.5,-50316.5,15071.972825128516,0,556.8949724310688,14308.219178082192,1,0,0,0,0,0
5830,65.13,53.39908160591301,650.0,0,8.04,3.0,42334.5,-42334.5,15071.972825128516,0,556.8949724310688,14308.219178082192,1,0,0,0,0,0
5831,55.73,-2894.8190626673454,-659.6383232550305,5.0,8.04,3.0,-36761.64375500285,36761.64375500285,3138.0483456800653,15.0,116.83198947648592,14308.219178082192,0,1,0,0,0,0
5832,45.42,3906.052050092018,-659.6383232550305,5.0,8.04,3.0,-29960.772642243486,29960.772642243486,3138.0483456800653,15.0,116.83198947648592,14308.219178082192,0,1,0,0,0,0
5833,53.52,-1437.0183682737256,-659.6383232550305,5.0,8.04,3.0,-35303.84306060924,35303.84306060924,3138.0483456800653,15.0,116.83198947648592,14308.219178082192,0,1,0,0,0,0
5834,48.73,1722.6492001178708,-659.6383232550305,5.0,8.04,3.0,-32144.175492217633,32144.175492217633,3138.0483456800653,15.0,116.83198947648592,14308.219178082192,0,1,0,0,0,0
5835,43.2,5370.449127718184,-659.6383232550305,5.0,8.04,3.0,-28496.37556461732,28496.37556461732,3138.0483456800653,15.0,116.83198947648592,14308.219178082192,0,1,0,0,0,0
5836,48.26,2032.679212047737,-659.6383232550305,5.0,8.04,3.0,-31834.14548028777,31834.14548028777,3138.0483456800653,15.0,116.83198947648592,14308.219178082192,0,1,0,0,0,0
5837,57.84,-4286.655924735467,-659.6383232550305,5.0,8.04,3.0,-38153.48061707097,38153.48061707097,3138.0483456800653,15.0,116.83198947648592,14308.219178082192,0,1,0,0,0,0
5838,56.05,-3105.9033261089494,-659.6383232550305,5.0,8.04,3.0,-36972.72801844446,36972.72801844446,3138.0483456800653,15.0,116.83198947648592,14308.219178082192,0,1,0,0,0,0
5839,59.39,-3677.600918394087,650.0,0,8.04,3.0,38603.5,-38603.5,15071.972825128516,0,556.8949724310688,14308.219178082192,1,0,0,0,0,0
5840,65.05,1.3990816059130111,650.0,0,8.04,3.0,42282.5,-42282.5,15071.972825128516,0,556.8949724310688,14308.219178082192,1,0,0,0,0,0
5841,75.51,6800.399081605917,650.0,0,8.04,3.0,49081.5,-49081.5,15071.972825128516,0,556.8949724310688,14308.219178082192,1,0,0,0,0,0
5842,85.77,13469.399081605916,650.0,0,8.04,3.0,55750.5,-55750.5,15071.972825128516,0,556.8949724310688,14308.219178082192,1,0,0,0,0,0
5843,86.45,13911.399081605916,650.0,0,8.04,3.0,56192.5,-56192.5,15071.972825128516,0,556.8949724310688,14308.219178082192,1,0,0,0,0,0
5844,95.28,19650.899081605916,650.0,0,8.04,3.0,61932.0,-61932.0,15071.972825128516,0,556.8949724310688,14308.219178082192,1,0,0,0,0,0
5845,115.65,32891.39908160592,650.0,0,8.04,3.0,75172.5,-75172.5,15071.972825128516,0,556.8949724310688,14308.219178082192,1,0,0,0,0,0
5846,128.05,40951.39908160594,650.0,0,8.04,3.0,83232.50000000001,-83232.50000000001,15071.972825128516,0,556.8949724310688,14308.219178082192,1,0,0,0,0,0
5847,127.25,40431.39908160592,650.0,0,8.04,3.0,82712.5,-82712.5,15071.972825128516,0,556.8949724310688,14308.219178082192,1,0,0,0,0,0
5848,114.98,32455.89908160592,650.0,0,8.04,3.0,74737.0,-74737.0,15071.972825128516,0,556.8949724310688,14308.219178082192,1,0,0,0,0,0
5849,103.4,24928.899081605916,650.0,0,8.04,3.0,67210.0,-67210.0,15071.972825128516,0,556.8949724310688,14308.219178082192,1,0,0,0,0,0
5850,107.02,27281.899081605916,650.0,0,8.04,3.0,69563.0,-69563.0,15071.972825128516,0,556.8949724310688,14308.219178082192,1,0,0,0,0,0
5851,88.39,15172.399081605916,650.0,0,8.04,3.0,57453.5,-57453.5,15071.972825128516,0,556.8949724310688,14308.219178082192,1,0,0,0,0,0
5852,70.32,3426.899081605906,650.0,0,8.04,3.0,45707.99999999999,-45707.99999999999,15071.972825128516,0,556.8949724310688,14308.219178082192,1,0,0,0,0,0
5853,93.69,18617.399081605916,650.0,0,8.04,3.0,60898.5,-60898.5,15071.972825128516,0,556.8949724310688,14308.219178082192,1,0,0,0,0,0
5854,88.95,15536.399081605916,650.0,0,8.04,3.0,57817.5,-57817.5,15071.972825128516,0,556.8949724310688,14308.219178082192,1,0,0,0,0,0
5855,67.25,1431.3990816059131,650.0,0,8.04,3.0,43712.5,-43712.5,15071.972825128516,0,556.8949724310688,14308.219178082192,1,0,0,0,0,0
5856,18.92,21386.467616350325,-659.6383232550305,5.0,8.04,3.0,-12480.35707598518,12480.35707598518,3138.0483456800653,15.0,116.83198947648592,14308.219178082192,0,1,0,0,0,0
5857,21.16,19908.877772259057,-659.6383232550305,5.0,8.04,3.0,-13957.946920076445,13957.946920076445,3138.0483456800653,15.0,116.83198947648592,14308.219178082192,0,1,0,0,0,0
5858,14.43,24348.243687765415,-659.6383232550305,5.0,8.04,3.0,-9518.581004570091,9518.581004570091,3138.0483456800653,15.0,116.83198947648592,14308.219178082192,0,1,0,0,0,0
5859,11.88,26030.321412065743,-659.6383232550305,5.0,8.04,3.0,-7836.503280269763,7836.503280269763,3138.0483456800653,15.0,116.83198947648592,14308.219178082192,0,1,0,0,0,0
5860,10.24,27112.12826220399,-659.6383232550305,5.0,8.04,3.0,-6754.696430131513,6754.696430131513,3138.0483456800653,15.0,116.83198947648592,14308.219178082192,0,1,0,0,0,0
5861,28.37,15152.88546159029,-659.6383232550305,5.0,8.04,3.0,-18713.939230745218,18713.939230745218,3138.0483456800653,15.0,116.83198947648592,14308.219178082192,0,1,0,0,0,0
5862,60.52,-2943.100918394087,650.0,0,8.04,3.0,39338.0,-39338.0,15071.972825128516,0,556.8949724310688,14308.219178082192,1,0,0,0,0,0
5863,61.54,-2280.100918394087,650.0,0,8.04,3.0,40001.0,-40001.0,15071.972825128516,0,556.8949724310688,14308.219178082192,1,0,0,0,0,0
5864,67.22,1411.8990816059131,650.0,0,8.04,3.0,43693.0,-43693.0,15071.972825128516,0,556.8949724310688,14308.219178082192,1,0,0,0,0,0
5865,74.76,6312.899081605917,650.0,0,8.04,3.0,48594.0,-48594.0,15071.972825128516,0,556.8949724310688,14308.219178082192,1,0,0,0,0,0
5866,79.87,9634.399081605916,650.0,0,8.04,3.0,51915.5,-51915.5,15071.972825128516,0,556.8949724310688,14308.219178082192,1,0,0,0,0,0
5867,85.41,13235.399081605916,650.0,0,8.04,3.0,55516.5,-55516.5,15071.972825128516,0,556.8949724310688,14308.219178082192,1,0,0,0,0,0
5868,92.37,17759.399081605916,650.0,0,8.04,3.0,60040.5,-60040.5,15071.972825128516,0,556.8949724310688,14308.219178082192,1,0,0,0,0,0
5869,93.07,18214.3990816059,650.0,0,8.04,3.0,60495.49999999999,-60495.49999999999,15071.972825128516,0,556.8949724310688,14308.219178082192,1,0,0,0,0,0
5870,102.73,24493.399081605916,650.0,0,8.04,3.0,66774.5,-66774.5,15071.972825128516,0,556.8949724310688,14308.219178082192,1,0,0,0,0,0
5871,97.25,20931.399081605916,650.0,0,8.04,3.0,63212.5,-63212.5,15071.972825128516,0,556.8949724310688,14308.219178082192,1,0,0,0,0,0
5872,97.13,20853.399081605916,650.0,0,8.04,3.0,63134.5,-63134.5,15071.972825128516,0,556.8949724310688,14308.219178082192,1,0,0,0,0,0
5873,91.39,17122.399081605916,650.0,0,8.04,3.0,59403.5,-59403.5,15071.972825128516,0,556.8949724310688,14308.219178082192,1,0,0,0,0,0
5874,88.23,15068.399081605916,650.0,0,8.04,3.0,57349.5,-57349.5,15071.972825128516,0,556.8949724310688,14308.219178082192,1,0,0,0,0,0
5875,88.86,15477.899081605916,650.0,0,8.04,3.0,57759.0,-57759.0,15071.972825128516,0,556.8949724310688,14308.219178082192,1,0,0,0,0,0
5876,67.25,1431.3990816059131,650.0,0,8.04,3.0,43712.5,-43712.5,15071.972825128516,0,556.8949724310688,14308.219178082192,1,0,0,0,0,0
5877,60.03,-3261.600918394087,650.0,0,8.04,3.0,39019.5,-39019.5,15071.972825128516,0,556.8949724310688,14308.219178082192,1,0,0,0,0,0
5878,53.26,-1265.5124042274178,-659.6383232550305,5.0,8.04,3.0,-35132.33709656292,35132.33709656292,3138.0483456800653,15.0,116.83198947648592,14308.219178082192,0,1,0,0,0,0
5879,42.85,5601.3225408574435,-659.6383232550305,5.0,8.04,3.0,-28265.50215147806,28265.50215147806,3138.0483456800653,15.0,116.83198947648592,14308.219178082192,0,1,0,0,0,0
5880,40.99,6828.2498221118,-659.6383232550305,5.0,8.04,3.0,-27038.574870223703,27038.574870223703,3138.0483456800653,15.0,116.83198947648592,14308.219178082192,0,1,0,0,0,0
5881,43.97,4862.527618811811,-659.6383232550305,5.0,8.04,3.0,-29004.297073523692,29004.297073523692,3138.0483456800653,15.0,116.83198947648592,14308.219178082192,0,1,0,0,0,0
5882,35.57,10403.489534154069,-659.6383232550305,5.0,8.04,3.0,-23463.335158181435,23463.335158181435,3138.0483456800653,15.0,116.83198947648592,14308.219178082192,0,1,0,0,0,0
5883,28.14,15304.602275938945,-659.6383232550305,5.0,8.04,3.0,-18562.22241639656,18562.22241639656,3138.0483456800653,15.0,116.83198947648592,14308.219178082192,0,1,0,0,0,0
5884,29.12,14658.156719149014,-659.6383232550305,5.0,8.04,3.0,-19208.66797318649,19208.66797318649,3138.0483456800653,15.0,116.83198947648592,14308.219178082192,0,1,0,0,0,0
5885,25.97,16736.017437402363,-659.6383232550305,5.0,8.04,3.0,-17130.80725493314,17130.80725493314,3138.0483456800653,15.0,116.83198947648592,14308.219178082192,0,1,0,0,0,0
5886,34.96,10805.868911339636,-659.6383232550305,5.0,8.04,3.0,-23060.955780995868,23060.955780995868,3138.0483456800653,15.0,116.83198947648592,14308.219178082192,0,1,0,0,0,0
5887,25.99,16722.82467093726,-659.6383232550305,5.0,8.04,3.0,-17144.000021398242,17144.000021398242,3138.0483456800653,15.0,116.83198947648592,14308.219178082192,0,1,0,0,0,0
5888,46.93,2909.9981819769205,-659.6383232550305,5.0,8.04,3.0,-30956.826510358584,30956.826510358584,3138.0483456800653,15.0,116.83198947648592,14308.219178082192,0,1,0,0,0,0
5889,60.47,-2975.600918394087,650.0,0,8.04,3.0,39305.5,-39305.5,15071.972825128516,0,556.8949724310688,14308.219178082192,1,0,0,0,0,0
5890,62.5,-1656.1009183940869,650.0,0,8.04,3.0,40625.0,-40625.0,15071.972825128516,0,556.8949724310688,14308.219178082192,1,0,0,0,0,0
5891,56.65,-3501.6863200619696,-659.6383232550305,5.0,8.04,3.0,-37368.51101239748,37368.51101239748,3138.0483456800653,15.0,116.83198947648592,14308.219178082192,0,1,0,0,0,0
5892,53.34,-1318.2834700878225,-659.6383232550305,5.0,8.04,3.0,-35185.10816242333,35185.10816242333,3138.0483456800653,15.0,116.83198947648592,14308.219178082192,0,1,0,0,0,0
5893,57.14,-3824.9090984569407,-659.6383232550305,5.0,8.04,3.0,-37691.733790792445,37691.733790792445,3138.0483456800653,15.0,116.83198947648592,14308.219178082192,0,1,0,0,0,0
5894,67.72,1736.8990816059131,650.0,0,8.04,3.0,44018.0,-44018.0,15071.972825128516,0,556.8949724310688,14308.219178082192,1,0,0,0,0,0
5895,66.54,969.8990816059203,650.0,0,8.04,3.0,43251.00000000001,-43251.00000000001,15071.972825128516,0,556.8949724310688,14308.219178082192,1,0,0,0,0,0
5896,68.02,1931.8990816059131,650.0,0,8.04,3.0,44213.0,-44213.0,15071.972825128516,0,556.8949724310688,14308.219178082192,1,0,0,0,0,0
5897,67.09,1327.3990816059131,650.0,0,8.04,3.0,43608.5,-43608.5,15071.972825128516,0,556.8949724310688,14308.219178082192,1,0,0,0,0,0
5898,69.29,2757.3990816059204,650.0,0,8.04,3.0,45038.50000000001,-45038.50000000001,15071.972825128516,0,556.8949724310688,14308.219178082192,1,0,0,0,0,0
5899,67.14,1359.8990816059131,650.0,0,8.04,3.0,43641.0,-43641.0,15071.972825128516,0,556.8949724310688,14308.219178082192,1,0,0,0,0,0
5900,49.19,1419.215571420555,-659.6383232550305,5.0,8.04,3.0,-32447.60912091495,32447.60912091495,3138.0483456800653,15.0,116.83198947648592,14308.219178082192,0,1,0,0,0,0
5901,47.59,2474.6368886286004,-659.6383232550305,5.0,8.04,3.0,-31392.187803706904,31392.187803706904,3138.0483456800653,15.0,116.83198947648592,14308.219178082192,0,1,0,0,0,0
5902,57.12,-3811.7163319918395,-659.6383232550305,5.0,8.04,3.0,-37678.54102432734,37678.54102432734,3138.0483456800653,15.0,116.83198947648592,14308.219178082192,0,1,0,0,0,0
5903,53.23,-1245.723254529766,-659.6383232550305,5.0,8.04,3.0,-35112.54794686527,35112.54794686527,3138.0483456800653,15.0,116.83198947648592,14308.219178082192,0,1,0,0,0,0
5904,37.35,9229.333318760113,-659.6383232550305,5.0,8.04,3.0,-24637.49137357539,24637.49137357539,3138.0483456800653,15.0,116.83198947648592,14308.219178082192,0,1,0,0,0,0
5905,50.45,588.0712841192149,-659.6383232550305,5.0,8.04,3.0,-33278.75340821629,33278.75340821629,3138.0483456800653,15.0,116.83198947648592,14308.219178082192,0,1,0,0,0,0
5906,45.46,3879.6665171618156,-659.6383232550305,5.0,8.04,3.0,-29987.15817517369,29987.15817517369,3138.0483456800653,15.0,116.83198947648592,14308.219178082192,0,1,0,0,0,0
5907,45.05,4150.118229696382,-659.6383232550305,5.0,8.04,3.0,-29716.706462639122,29716.706462639122,3138.0483456800653,15.0,116.83198947648592,14308.219178082192,0,1,0,0,0,0
5908,48.21,2065.6611282104827,-659.6383232550305,5.0,8.04,3.0,-31801.16356412502,31801.16356412502,3138.0483456800653,15.0,116.83198947648592,14308.219178082192,0,1,0,0,0,0
5909,49.04,1518.1613199088065,-659.6383232550305,5.0,8.04,3.0,-32348.663372426698,32348.663372426698,3138.0483456800653,15.0,116.83198947648592,14308.219178082192,0,1,0,0,0,0
5910,52.22,-579.4885480421867,-659.6383232550305,5.0,8.04,3.0,-34446.31324037769,34446.31324037769,3138.0483456800653,15.0,116.83198947648592,14308.219178082192,0,1,0,0,0,0
5911,49.03,1524.757703141357,-659.6383232550305,5.0,8.04,3.0,-32342.066989194147,32342.066989194147,3138.0483456800653,15.0,116.83198947648592,14308.219178082192,0,1,0,0,0,0
5912,52.32,-645.4523803676925,-659.6383232550305,5.0,8.04,3.0,-34512.2770727032,34512.2770727032,3138.0483456800653,15.0,116.83198947648592,14308.219178082192,0,1,0,0,0,0
5913,58.74,-4100.100918394087,650.0,0,8.04,3.0,38181.0,-38181.0,15071.972825128516,0,556.8949724310688,14308.219178082192,1,0,0,0,0,0
5914,59.27,-3755.600918394087,650.0,0,8.04,3.0,38525.5,-38525.5,15071.972825128516,0,556.8949724310688,14308.219178082192,1,0,0,0,0,0
5915,51.82,-315.6332187401781,-659.6383232550305,5.0,8.04,3.0,-34182.45791107568,34182.45791107568,3138.0483456800653,15.0,116.83198947648592,14308.219178082192,0,1,0,0,0,0
5916,58.02,-4405.39082292137,-659.6383232550305,5.0,8.04,3.0,-38272.215515256874,38272.215515256874,3138.0483456800653,15.0,116.83198947648592,14308.219178082192,0,1,0,0,0,0
5917,55.09,-2472.65053578413,-659.6383232550305,5.0,8.04,3.0,-36339.475228119634,36339.475228119634,3138.0483456800653,15.0,116.83198947648592,14308.219178082192,0,1,0,0,0,0
5918,64.18,-564.1009183940797,650.0,0,8.04,3.0,41717.00000000001,-41717.00000000001,15071.972825128516,0,556.8949724310688,14308.219178082192,1,0,0,0,0,0
5919,67.32,1476.8990816059058,650.0,0,8.04,3.0,43757.99999999999,-43757.99999999999,15071.972825128516,0,556.8949724310688,14308.219178082192,1,0,0,0,0,0
5920,62.83,-1441.6009183940869,650.0,0,8.04,3.0,40839.5,-40839.5,15071.972825128516,0,556.8949724310688,14308.219178082192,1,0,0,0,0,0
5921,61.59,-2247.600918394087,650.0,0,8.04,3.0,40033.5,-40033.5,15071.972825128516,0,556.8949724310688,14308.219178082192,1,0,0,0,0,0
5922,64.36,-447.100918394087,650.0,0,8.04,3.0,41834.0,-41834.0,15071.972825128516,0,556.8949724310688,14308.219178082192,1,0,0,0,0,0
5923,63.73,-856.600918394087,650.0,0,8.04,3.0,41424.5,-41424.5,15071.972825128516,0,556.8949724310688,14308.219178082192,1,0,0,0,0,0
5924,57.85,-4293.25230796801,-659.6383232550305,5.0,8.04,3.0,-38160.077000303514,38160.077000303514,3138.0483456800653,15.0,116.83198947648592,14308.219178082192,0,1,0,0,0,0
5925,53.58,-1476.596667669029,-659.6383232550305,5.0,8.04,3.0,-35343.42136000453,35343.42136000453,3138.0483456800653,15.0,116.83198947648592,14308.219178082192,0,1,0,0,0,0
5926,47.33,2646.142852674912,-659.6383232550305,5.0,8.04,3.0,-31220.681839660592,31220.681839660592,3138.0483456800653,15.0,116.83198947648592,14308.219178082192,0,1,0,0,0,0
5927,52.67,-876.3257935069555,-659.6383232550305,5.0,8.04,3.0,-34743.15048584246,34743.15048584246,3138.0483456800653,15.0,116.83198947648592,14308.219178082192,0,1,0,0,0,0
5928,16.15,23213.665771766762,-659.6383232550305,5.0,8.04,3.0,-10653.158920568741,10653.158920568741,3138.0483456800653,15.0,116.83198947648592,14308.219178082192,0,1,0,0,0,0
5929,1.5,32877.36720745296,-659.6383232550305,5.0,8.04,3.0,-989.4574848825457,989.4574848825457,3138.0483456800653,15.0,116.83198947648592,14308.219178082192,0,1,0,0,0,0
5930,3.17,31775.771207617057,-659.6383232550305,5.0,8.04,3.0,-2091.0534847184467,2091.0534847184467,3138.0483456800653,15.0,116.83198947648592,14308.219178082192,0,1,0,0,0,0
5931,0.43,33583.18021333584,-659.6383232550305,5.0,8.04,3.0,-283.64447899966314,283.64447899966314,3138.0483456800653,15.0,116.83198947648592,14308.219178082192,0,1,0,0,0,0
5932,17.93,22039.509556372806,-659.6383232550305,5.0,8.04,3.0,-11827.315135962697,11827.315135962697,3138.0483456800653,15.0,116.83198947648592,14308.219178082192,0,1,0,0,0,0
5933,21.45,19717.5826585151,-659.6383232550305,5.0,8.04,3.0,-14149.242033820405,14149.242033820405,3138.0483456800653,15.0,116.83198947648592,14308.219178082192,0,1,0,0,0,0
5934,12.38,25700.502250438225,-659.6383232550305,5.0,8.04,3.0,-8166.322441897279,8166.322441897279,3138.0483456800653,15.0,116.83198947648592,14308.219178082192,0,1,0,0,0,0
5935,17.5,22323.15403537247,-659.6383232550305,5.0,8.04,3.0,-11543.670656963033,11543.670656963033,3138.0483456800653,15.0,116.83198947648592,14308.219178082192,0,1,0,0,0,0
5936,32.2,12626.47068352352,-659.6383232550305,5.0,8.04,3.0,-21240.354008811984,21240.354008811984,3138.0483456800653,15.0,116.83198947648592,14308.219178082192,0,1,0,0,0,0
5937,45.04,4156.714612928932,-659.6383232550305,5.0,8.04,3.0,-29710.110079406575,29710.110079406575,3138.0483456800653,15.0,116.83198947648592,14308.219178082192,0,1,0,0,0,0
5938,46.04,3497.0762896739,-659.6383232550305,5.0,8.04,3.0,-30369.748402661604,30369.748402661604,3138.0483456800653,15.0,116.83198947648592,14308.219178082192,0,1,0,0,0,0
5939,47.28,2679.124768837661,-659.6383232550305,5.0,8.04,3.0,-31187.699923497843,31187.699923497843,3138.0483456800653,15.0,116.83198947648592,14308.219178082192,0,1,0,0,0,0
5940,46.76,3022.1366969302767,-659.6383232550305,5.0,8.04,3.0,-30844.687995405224,30844.687995405224,3138.0483456800653,15.0,116.83198947648592,14308.219178082192,0,1,0,0,0,0
5941,57.61,-4134.939110386804,-659.6383232550305,5.0,8.04,3.0,-38001.76380272231,38001.76380272231,3138.0483456800653,15.0,116.83198947648592,14308.219178082192,0,1,0,0,0,0
5942,67.64,1684.8990816059131,650.0,0,8.04,3.0,43966.0,-43966.0,15071.972825128516,0,556.8949724310688,14308.219178082192,1,0,0,0,0,0
5943,70.18,3335.8990816059204,650.0,0,8.04,3.0,45617.00000000001,-45617.00000000001,15071.972825128516,0,556.8949724310688,14308.219178082192,1,0,0,0,0,0
5944,76.91,7710.399081605917,650.0,0,8.04,3.0,49991.5,-49991.5,15071.972825128516,0,556.8949724310688,14308.219178082192,1,0,0,0,0,0
5945,68.33,2133.399081605913,650.0,0,8.04,3.0,44414.5,-44414.5,15071.972825128516,0,556.8949724310688,14308.219178082192,1,0,0,0,0,0
5946,68.9,2503.8990816059204,650.0,0,8.04,3.0,44785.00000000001,-44785.00000000001,15071.972825128516,0,556.8949724310688,14308.219178082192,1,0,0,0,0,0
5947,75.52,6806.899081605917,650.0,0,8.04,3.0,49088.0,-49088.0,15071.972825128516,0,556.8949724310688,14308.219178082192,1,0,0,0,0,0
5948,52.42,-711.4162126931983,-659.6383232550305,5.0,8.04,3.0,-34578.2409050287,34578.2409050287,3138.0483456800653,15.0,116.83198947648592,14308.219178082192,0,1,0,0,0,0
5949,25.04,17349.48107802954,-659.6383232550305,5.0,8.04,3.0,-16517.343614305963,16517.343614305963,3138.0483456800653,15.0,116.83198947648592,14308.219178082192,0,1,0,0,0,0
5950,36.0,10119.845055154405,-659.6383232550305,5.0,8.04,3.0,-23746.9796371811,23746.9796371811,3138.0483456800653,15.0,116.83198947648592,14308.219178082192,0,1,0,0,0,0
5951,32.13,12672.64536615137,-659.6383232550305,5.0,8.04,3.0,-21194.17932618413,21194.17932618413,3138.0483456800653,15.0,116.83198947648592,14308.219178082192,0,1,0,0,0,0
5952,21.23,19862.703089631206,-659.6383232550305,5.0,8.04,3.0,-14004.121602704297,14004.121602704297,3138.0483456800653,15.0,116.83198947648592,14308.219178082192,0,1,0,0,0,0
5953,24.79,17514.3906588433,-659.6383232550305,5.0,8.04,3.0,-16352.434033492205,16352.434033492205,3138.0483456800653,15.0,116.83198947648592,14308.219178082192,0,1,0,0,0,0
5954,11.93,25997.33949590299,-659.6383232550305,5.0,8.04,3.0,-7869.4851964325135,7869.4851964325135,3138.0483456800653,15.0,116.83198947648592,14308.219178082192,0,1,0,0,0,0
5955,10.19,27145.110178366744,-659.6383232550305,5.0,8.04,3.0,-6721.714513968761,6721.714513968761,3138.0483456800653,15.0,116.83198947648592,14308.219178082192,0,1,0,0,0,0
5956,14.59,24242.70155604461,-659.6383232550305,5.0,8.04,3.0,-9624.123136290895,9624.123136290895,3138.0483456800653,15.0,116.83198947648592,14308.219178082192,0,1,0,0,0,0
5957,45.56,3813.70268483631,-659.6383232550305,5.0,8.04,3.0,-30053.12200749919,30053.12200749919,3138.0483456800653,15.0,116.83198947648592,14308.219178082192,0,1,0,0,0,0
5958,64.27,-505.600918394087,650.0,0,8.04,3.0,41775.5,-41775.5,15071.972825128516,0,556.8949724310688,14308.219178082192,1,0,0,0,0,0
5959,59.65,-3508.600918394087,650.0,0,8.04,3.0,38772.5,-38772.5,15071.972825128516,0,556.8949724310688,14308.219178082192,1,0,0,0,0,0
5960,69.15,2666.3990816059204,650.0,0,8.04,3.0,44947.50000000001,-44947.50000000001,15071.972825128516,0,556.8949724310688,14308.219178082192,1,0,0,0,0,0
5961,76.59,7502.399081605917,650.0,0,8.04,3.0,49783.5,-49783.5,15071.972825128516,0,556.8949724310688,14308.219178082192,1,0,0,0,0,0
5962,76.7,7573.899081605917,650.0,0,8.04,3.0,49855.0,-49855.0,15071.972825128516,0,556.8949724310688,14308.219178082192,1,0,0,0,0,0
5963,92.76,18012.899081605916,650.0,0,8.04,3.0,60294.0,-60294.0,15071.972825128516,0,556.8949724310688,14308.219178082192,1,0,0,0,0,0
5964,105.51,26300.399081605916,650.0,0,8.04,3.0,68581.5,-68581.5,15071.972825128516,0,556.8949724310688,14308.219178082192,1,0,0,0,0,0
5965,111.58,30245.899081605916,650.0,0,8.04,3.0,72527.0,-72527.0,15071.972825128516,0,556.8949724310688,14308.219178082192,1,0,0,0,0,0
5966,113.68,31610.899081605916,650.0,0,8.04,3.0,73892.0,-73892.0,15071.972825128516,0,556.8949724310688,14308.219178082192,1,0,0,0,0,0
5967,129.79,42082.39908160592,650.0,0,8.04,3.0,84363.5,-84363.5,15071.972825128516,0,556.8949724310688,14308.219178082192,1,0,0,0,0,0
5968,217.48,99080.89908160592,650.0,0,8.04,3.0,141362.0,-141362.0,15071.972825128516,0,556.8949724310688,14308.219178082192,1,0,0,0,0,0
5969,128.02,40931.89908160592,650.0,0,8.04,3.0,83213.0,-83213.0,15071.972825128516,0,556.8949724310688,14308.219178082192,1,0,0,0,0,0
5970,156.64,59534.89908160591,650.0,0,8.04,3.0,101815.99999999999,-101815.99999999999,15071.972825128516,0,556.8949724310688,14308.219178082192,1,0,0,0,0,0
5971,137.94,47379.89908160592,650.0,0,8.04,3.0,89661.0,-89661.0,15071.972825128516,0,556.8949724310688,14308.219178082192,1,0,0,0,0,0
5972,144.37,51559.39908160592,650.0,0,8.04,3.0,93840.5,-93840.5,15071.972825128516,0,556.8949724310688,14308.219178082192,1,0,0,0,0,0
5973,104.3,25513.899081605916,650.0,0,8.04,3.0,67795.0,-67795.0,15071.972825128516,0,556.8949724310688,14308.219178082192,1,0,0,0,0,0
5974,107.65,27691.399081605916,650.0,0,8.04,3.0,69972.5,-69972.5,15071.972825128516,0,556.8949724310688,14308.219178082192,1,0,0,0,0,0
5975,82.21,11155.399081605901,650.0,0,8.04,3.0,53436.49999999999,-53436.49999999999,15071.972825128516,0,556.8949724310688,14308.219178082192,1,0,0,0,0,0
5976,66.2,748.899081605913,650.0,0,8.04,3.0,43030.0,-43030.0,15071.972825128516,0,556.8949724310688,14308.219178082192,1,0,0,0,0,0
5977,56.86,-3640.2103679455317,-659.6383232550305,5.0,8.04,3.0,-37507.035060281036,37507.035060281036,3138.0483456800653,15.0,116.83198947648592,14308.219178082192,0,1,0,0,0,0
5978,53.77,-1601.9279490874828,-659.6383232550305,5.0,8.04,3.0,-35468.752641422994,35468.752641422994,3138.0483456800653,15.0,116.83198947648592,14308.219178082192,0,1,0,0,0,0
5979,61.57,-2260.600918394087,650.0,0,8.04,3.0,40020.5,-40020.5,15071.972825128516,0,556.8949724310688,14308.219178082192,1,0,0,0,0,0
5980,64.42,-408.100918394087,650.0,0,8.04,3.0,41873.0,-41873.0,15071.972825128516,0,556.8949724310688,14308.219178082192,1,0,0,0,0,0
5981,86.37,13859.399081605916,650.0,0,8.04,3.0,56140.5,-56140.5,15071.972825128516,0,556.8949724310688,14308.219178082192,1,0,0,0,0,0
5982,85.73,13443.399081605916,650.0,0,8.04,3.0,55724.5,-55724.5,15071.972825128516,0,556.8949724310688,14308.219178082192,1,0,0,0,0,0
5983,72.66,4947.899081605917,650.0,0,8.04,3.0,47229.0,-47229.0,15071.972825128516,0,556.8949724310688,14308.219178082192,1,0,0,0,0,0
5984,69.1,2633.899081605906,650.0,0,8.04,3.0,44914.99999999999,-44914.99999999999,15071.972825128516,0,556.8949724310688,14308.219178082192,1,0,0,0,0,0
5985,75.96,7092.899081605902,650.0,0,8.04,3.0,49373.99999999999,-49373.99999999999,15071.972825128516,0,556.8949724310688,14308.219178082192,1,0,0,0,0,0
5986,104.78,25825.899081605916,650.0,0,8.04,3.0,68107.0,-68107.0,15071.972825128516,0,556.8949724310688,14308.219178082192,1,0,0,0,0,0
5987,144.27,51494.39908160592,650.0,0,8.04,3.0,93775.5,-93775.5,15071.972825128516,0,556.8949724310688,14308.219178082192,1,0,0,0,0,0
5988,109.2,28698.899081605916,650.0,0,8.04,3.0,70980.0,-70980.0,15071.972825128516,0,556.8949724310688,14308.219178082192,1,0,0,0,0,0
5989,109.09,28627.399081605916,650.0,0,8.04,3.0,70908.5,-70908.5,15071.972825128516,0,556.8949724310688,14308.219178082192,1,0,0,0,0,0
5990,126.4,39878.89908160592,650.0,0,8.04,3.0,82160.0,-82160.0,15071.972825128516,0,556.8949724310688,14308.219178082192,1,0,0,0,0,0
5991,129.13,41653.39908160592,650.0,0,8.04,3.0,83934.5,-83934.5,15071.972825128516,0,556.8949724310688,14308.219178082192,1,0,0,0,0,0
5992,131.22,43011.89908160592,650.0,0,8.04,3.0,85293.0,-85293.0,15071.972825128516,0,556.8949724310688,14308.219178082192,1,0,0,0,0,0
5993,125.85,39521.39908160592,650.0,0,8.04,3.0,81802.5,-81802.5,15071.972825128516,0,556.8949724310688,14308.219178082192,1,0,0,0,0,0
5994,125.43,39248.39908160592,650.0,0,8.04,3.0,81529.5,-81529.5,15071.972825128516,0,556.8949724310688,14308.219178082192,1,0,0,0,0,0
5995,110.67,29654.399081605916,650.0,0,8.04,3.0,71935.5,-71935.5,15071.972825128516,0,556.8949724310688,14308.219178082192,1,0,0,0,0,0
5996,84.22,12461.899081605916,650.0,0,8.04,3.0,54743.0,-54743.0,15071.972825128516,0,556.8949724310688,14308.219178082192,1,0,0,0,0,0
5997,69.93,3173.3990816059204,650.0,0,8.04,3.0,45454.50000000001,-45454.50000000001,15071.972825128516,0,556.8949724310688,14308.219178082192,1,0,0,0,0,0
5998,72.46,4817.899081605902,650.0,0,8.04,3.0,47098.99999999999,-47098.99999999999,15071.972825128516,0,556.8949724310688,14308.219178082192,1,0,0,0,0,0
5999,42.36,5924.545319252415,-659.6383232550305,5.0,8.04,3.0,-27942.279373083093,27942.279373083093,3138.0483456800653,15.0,116.83198947648592,14308.219178082192,0,1,0,0,0,0
6000,58.8,-4061.100918394087,650.0,0,8.04,3.0,38220.0,-38220.0,15071.972825128516,0,556.8949724310688,14308.219178082192,1,0,0,0,0,0
6001,56.2,-3204.849074597208,-659.6383232550305,5.0,8.04,3.0,-37071.67376693272,37071.67376693272,3138.0483456800653,15.0,116.83198947648592,14308.219178082192,0,1,0,0,0,0
6002,10.01,27263.84507655265,-659.6383232550305,5.0,8.04,3.0,-6602.979615782855,6602.979615782855,3138.0483456800653,15.0,116.83198947648592,14308.219178082192,0,1,0,0,0,0
6003,9.41,27659.628070505667,-659.6383232550305,5.0,8.04,3.0,-6207.196621829838,6207.196621829838,3138.0483456800653,15.0,116.83198947648592,14308.219178082192,0,1,0,0,0,0
6004,6.81,29374.68771096875,-659.6383232550305,5.0,8.04,3.0,-4492.136981366758,4492.136981366758,3138.0483456800653,15.0,116.83198947648592,14308.219178082192,0,1,0,0,0,0
6005,27.73,15575.053988473508,-659.6383232550305,5.0,8.04,3.0,-18291.770703861996,18291.770703861996,3138.0483456800653,15.0,116.83198947648592,14308.219178082192,0,1,0,0,0,0
6006,52.25,-599.2776977398385,-659.6383232550305,5.0,8.04,3.0,-34466.10239007534,34466.10239007534,3138.0483456800653,15.0,116.83198947648592,14308.219178082192,0,1,0,0,0,0
6007,53.61,-1496.3858173666808,-659.6383232550305,5.0,8.04,3.0,-35363.210509702185,35363.210509702185,3138.0483456800653,15.0,116.83198947648592,14308.219178082192,0,1,0,0,0,0
6008,76.78,7625.899081605917,650.0,0,8.04,3.0,49907.0,-49907.0,15071.972825128516,0,556.8949724310688,14308.219178082192,1,0,0,0,0,0
6009,94.39,19072.399081605916,650.0,0,8.04,3.0,61353.5,-61353.5,15071.972825128516,0,556.8949724310688,14308.219178082192,1,0,0,0,0,0
6010,86.87,14184.399081605916,650.0,0,8.04,3.0,56465.5,-56465.5,15071.972825128516,0,556.8949724310688,14308.219178082192,1,0,0,0,0,0
6011,74.79,6332.399081605917,650.0,0,8.04,3.0,48613.50000000001,-48613.50000000001,15071.972825128516,0,556.8949724310688,14308.219178082192,1,0,0,0,0,0
6012,55.43,-2696.9275656908353,-659.6383232550305,5.0,8.04,3.0,-36563.75225802634,36563.75225802634,3138.0483456800653,15.0,116.83198947648592,14308.219178082192,0,1,0,0,0,0
6013,65.44,254.899081605913,650.0,0,8.04,3.0,42536.0,-42536.0,15071.972825128516,0,556.8949724310688,14308.219178082192,1,0,0,0,0,0
6014,86.5,13943.899081605916,650.0,0,8.04,3.0,56225.0,-56225.0,15071.972825128516,0,556.8949724310688,14308.219178082192,1,0,0,0,0,0
6015,76.24,7274.899081605917,650.0,0,8.04,3.0,49556.0,-49556.0,15071.972825128516,0,556.8949724310688,14308.219178082192,1,0,0,0,0,0
6016,167.16,66372.89908160592,650.0,0,8.04,3.0,108654.0,-108654.0,15071.972825128516,0,556.8949724310688,14308.219178082192,1,0,0,0,0,0
6017,87.97,14899.399081605916,650.0,0,8.04,3.0,57180.5,-57180.5,15071.972825128516,0,556.8949724310688,14308.219178082192,1,0,0,0,0,0
6018,102.04,24044.899081605916,650.0,0,8.04,3.0,66326.0,-66326.0,15071.972825128516,0,556.8949724310688,14308.219178082192,1,0,0,0,0,0
6019,76.67,7554.399081605917,650.0,0,8.04,3.0,49835.5,-49835.5,15071.972825128516,0,556.8949724310688,14308.219178082192,1,0,0,0,0,0
6020,57.31,-3937.0476134102933,-659.6383232550305,5.0,8.04,3.0,-37803.8723057458,37803.8723057458,3138.0483456800653,15.0,116.83198947648592,14308.219178082192,0,1,0,0,0,0
6021,55.13,-2499.0360687143325,-659.6383232550305,5.0,8.04,3.0,-36365.86076104984,36365.86076104984,3138.0483456800653,15.0,116.83198947648592,14308.219178082192,0,1,0,0,0,0
6022,61.45,-2338.600918394087,650.0,0,8.04,3.0,39942.5,-39942.5,15071.972825128516,0,556.8949724310688,14308.219178082192,1,0,0,0,0,0
6023,37.44,9169.965869667161,-659.6383232550305,5.0,8.04,3.0,-24696.858822668342,24696.858822668342,3138.0483456800653,15.0,116.83198947648592,14308.219178082192,0,1,0,0,0,0
6024,25.91,16775.595736797663,-659.6383232550305,5.0,8.04,3.0,-17091.22895553784,17091.22895553784,3138.0483456800653,15.0,116.83198947648592,14308.219178082192,0,1,0,0,0,0
6025,22.78,18840.263688585906,-659.6383232550305,5.0,8.04,3.0,-15026.561003749595,15026.561003749595,3138.0483456800653,15.0,116.83198947648592,14308.219178082192,0,1,0,0,0,0
6026,14.09,24572.520717672123,-659.6383232550305,5.0,8.04,3.0,-9294.30397466338,9294.30397466338,3138.0483456800653,15.0,116.83198947648592,14308.219178082192,0,1,0,0,0,0
6027,23.17,18583.004742516445,-659.6383232550305,5.0,8.04,3.0,-15283.819949819059,15283.819949819059,3138.0483456800653,15.0,116.83198947648592,14308.219178082192,0,1,0,0,0,0
6028,38.81,8266.261366807768,-659.6383232550305,5.0,8.04,3.0,-25600.563325527735,25600.563325527735,3138.0483456800653,15.0,116.83198947648592,14308.219178082192,0,1,0,0,0,0
6029,60.04,-3255.100918394087,650.0,0,8.04,3.0,39026.0,-39026.0,15071.972825128516,0,556.8949724310688,14308.219178082192,1,0,0,0,0,0
6030,76.47,7424.399081605917,650.0,0,8.04,3.0,49705.5,-49705.5,15071.972825128516,0,556.8949724310688,14308.219178082192,1,0,0,0,0,0
6031,54.69,-2208.7952064821143,-659.6383232550305,5.0,8.04,3.0,-36075.61989881762,36075.61989881762,3138.0483456800653,15.0,116.83198947648592,14308.219178082192,0,1,0,0,0,0
6032,68.58,2295.899081605913,650.0,0,8.04,3.0,44577.0,-44577.0,15071.972825128516,0,556.8949724310688,14308.219178082192,1,0,0,0,0,0
6033,163.88,64240.89908160592,650.0,0,8.04,3.0,106522.0,-106522.0,15071.972825128516,0,556.8949724310688,14308.219178082192,1,0,0,0,0,0
6034,84.53,12663.399081605916,650.0,0,8.04,3.0,54944.5,-54944.5,15071.972825128516,0,556.8949724310688,14308.219178082192,1,0,0,0,0,0
6035,83.02,11681.899081605916,650.0,0,8.04,3.0,53963.0,-53963.0,15071.972825128516,0,556.8949724310688,14308.219178082192,1,0,0,0,0,0
6036,80.93,10323.399081605916,650.0,0,8.04,3.0,52604.50000000001,-52604.50000000001,15071.972825128516,0,556.8949724310688,14308.219178082192,1,0,0,0,0,0
6037,87.28,14450.899081605916,650.0,0,8.04,3.0,56732.0,-56732.0,15071.972825128516,0,556.8949724310688,14308.219178082192,1,0,0,0,0,0
6038,57.45,-4029.3969786660014,-659.6383232550305,5.0,8.04,3.0,-37896.221671001505,37896.221671001505,3138.0483456800653,15.0,116.83198947648592,14308.219178082192,0,1,0,0,0,0
6039,319.48,165380.89908160592,650.0,0,8.04,3.0,207662.0,-207662.0,15071.972825128516,0,556.8949724310688,14308.219178082192,1,0,0,0,0,0
6040,76.71,7580.399081605902,650.0,0,8.04,3.0,49861.49999999999,-49861.49999999999,15071.972825128516,0,556.8949724310688,14308.219178082192,1,0,0,0,0,0
6041,69.25,2731.399081605913,650.0,0,8.04,3.0,45012.5,-45012.5,15071.972825128516,0,556.8949724310688,14308.219178082192,1,0,0,0,0,0
6042,76.33,7333.399081605917,650.0,0,8.04,3.0,49614.5,-49614.5,15071.972825128516,0,556.8949724310688,14308.219178082192,1,0,0,0,0,0
6043,74.74,6299.899081605917,650.0,0,8.04,3.0,48581.0,-48581.0,15071.972825128516,0,556.8949724310688,14308.219178082192,1,0,0,0,0,0
6044,61.82,-2098.100918394087,650.0,0,8.04,3.0,40183.0,-40183.0,15071.972825128516,0,556.8949724310688,14308.219178082192,1,0,0,0,0,0
6045,72.76,5012.899081605917,650.0,0,8.04,3.0,47294.0,-47294.0,15071.972825128516,0,556.8949724310688,14308.219178082192,1,0,0,0,0,0
6046,59.44,-3645.100918394087,650.0,0,8.04,3.0,38636.0,-38636.0,15071.972825128516,0,556.8949724310688,14308.219178082192,1,0,0,0,0,0
6047,67.88,1840.8990816059131,650.0,0,8.04,3.0,44122.0,-44122.0,15071.972825128516,0,556.8949724310688,14308.219178082192,1,0,0,0,0,0
6048,82.03,11038.399081605916,650.0,0,8.04,3.0,53319.5,-53319.5,15071.972825128516,0,556.8949724310688,14308.219178082192,1,0,0,0,0,0
6049,55.81,-2947.59012852775,-659.6383232550305,5.0,8.04,3.0,-36814.414820863254,36814.414820863254,3138.0483456800653,15.0,116.83198947648592,14308.219178082192,0,1,0,0,0,0
6050,64.14,-590.100918394087,650.0,0,8.04,3.0,41691.0,-41691.0,15071.972825128516,0,556.8949724310688,14308.219178082192,1,0,0,0,0,0
6051,48.72,1729.2455833504214,-659.6383232550305,5.0,8.04,3.0,-32137.579108985086,32137.579108985086,3138.0483456800653,15.0,116.83198947648592,14308.219178082192,0,1,0,0,0,0
6052,43.28,5317.678061857783,-659.6383232550305,5.0,8.04,3.0,-28549.14663047772,28549.14663047772,3138.0483456800653,15.0,116.83198947648592,14308.219178082192,0,1,0,0,0,0
6053,65.66,397.899081605913,650.0,0,8.04,3.0,42679.0,-42679.0,15071.972825128516,0,556.8949724310688,14308.219178082192,1,0,0,0,0,0
6054,39.99,7487.888145366833,-659.6383232550305,5.0,8.04,3.0,-26378.93654696867,26378.93654696867,3138.0483456800653,15.0,116.83198947648592,14308.219178082192,0,1,0,0,0,0
6055,44.81,4308.431427277585,-659.6383232550305,5.0,8.04,3.0,-29558.39326505792,29558.39326505792,3138.0483456800653,15.0,116.83198947648592,14308.219178082192,0,1,0,0,0,0
6056,60.46,-2982.100918394087,650.0,0,8.04,3.0,39299.0,-39299.0,15071.972825128516,0,556.8949724310688,14308.219178082192,1,0,0,0,0,0
6057,124.51,38650.39908160592,650.0,0,8.04,3.0,80931.5,-80931.5,15071.972825128516,0,556.8949724310688,14308.219178082192,1,0,0,0,0,0
6058,131.67,43304.39908160591,650.0,0,8.04,3.0,85585.49999999999,-85585.49999999999,15071.972825128516,0,556.8949724310688,14308.219178082192,1,0,0,0,0,0
6059,64.08,-629.100918394087,650.0,0,8.04,3.0,41652.0,-41652.0,15071.972825128516,0,556.8949724310688,14308.219178082192,1,0,0,0,0,0
6060,53.99,-1747.0483802035956,-659.6383232550305,5.0,8.04,3.0,-35613.8730725391,35613.8730725391,3138.0483456800653,15.0,116.83198947648592,14308.219178082192,0,1,0,0,0,0
6061,56.09,-3132.288859039159,-659.6383232550305,5.0,8.04,3.0,-36999.11355137466,36999.11355137466,3138.0483456800653,15.0,116.83198947648592,14308.219178082192,0,1,0,0,0,0
6062,51.18,106.53530814304438,-659.6383232550305,5.0,8.04,3.0,-33760.28938419246,33760.28938419246,3138.0483456800653,15.0,116.83198947648592,14308.219178082192,0,1,0,0,0,0
6063,50.69,429.75808653800823,-659.6383232550305,5.0,8.04,3.0,-33437.066605797496,33437.066605797496,3138.0483456800653,15.0,116.83198947648592,14308.219178082192,0,1,0,0,0,0
6064,54.53,-2103.2530747613123,-659.6383232550305,5.0,8.04,3.0,-35970.07776709682,35970.07776709682,3138.0483456800653,15.0,116.83198947648592,14308.219178082192,0,1,0,0,0,0
6065,56.75,-3567.6501523874754,-659.6383232550305,5.0,8.04,3.0,-37434.47484472298,37434.47484472298,3138.0483456800653,15.0,116.83198947648592,14308.219178082192,0,1,0,0,0,0
6066,102.32,24226.899081605916,650.0,0,8.04,3.0,66508.0,-66508.0,15071.972825128516,0,556.8949724310688,14308.219178082192,1,0,0,0,0,0
6067,228.36,106152.89908160592,650.0,0,8.04,3.0,148434.0,-148434.0,15071.972825128516,0,556.8949724310688,14308.219178082192,1,0,0,0,0,0
6068,71.1,3933.899081605906,650.0,0,8.04,3.0,46214.99999999999,-46214.99999999999,15071.972825128516,0,556.8949724310688,14308.219178082192,1,0,0,0,0,0
6069,67.28,1450.8990816059131,650.0,0,8.04,3.0,43732.0,-43732.0,15071.972825128516,0,556.8949724310688,14308.219178082192,1,0,0,0,0,0
6070,61.07,-2585.600918394087,650.0,0,8.04,3.0,39695.5,-39695.5,15071.972825128516,0,556.8949724310688,14308.219178082192,1,0,0,0,0,0
6071,49.95,917.8904457467293,-659.6383232550305,5.0,8.04,3.0,-32948.934246588775,32948.934246588775,3138.0483456800653,15.0,116.83198947648592,14308.219178082192,0,1,0,0,0,0
6072,67.6,1658.8990816059058,650.0,0,8.04,3.0,43939.99999999999,-43939.99999999999,15071.972825128516,0,556.8949724310688,14308.219178082192,1,0,0,0,0,0
6073,59.3,-3736.100918394087,650.0,0,8.04,3.0,38545.0,-38545.0,15071.972825128516,0,556.8949724310688,14308.219178082192,1,0,0,0,0,0
6074,47.92,2256.9562419544422,-659.6383232550305,5.0,8.04,3.0,-31609.868450381062,31609.868450381062,3138.0483456800653,15.0,116.83198947648592,14308.219178082192,0,1,0,0,0,0
6075,43.44,5212.135930136978,-659.6383232550305,5.0,8.04,3.0,-28654.688762198522,28654.688762198522,3138.0483456800653,15.0,116.83198947648592,14308.219178082192,0,1,0,0,0,0
6076,37.39,9202.947785829914,-659.6383232550305,5.0,8.04,3.0,-24663.876906505593,24663.876906505593,3138.0483456800653,15.0,116.83198947648592,14308.219178082192,0,1,0,0,0,0
6077,44.86,4275.449511114835,-659.6383232550305,5.0,8.04,3.0,-29591.37518122067,29591.37518122067,3138.0483456800653,15.0,116.83198947648592,14308.219178082192,0,1,0,0,0,0
6078,42.14,6069.6657503685165,-659.6383232550305,5.0,8.04,3.0,-27797.158941966987,27797.158941966987,3138.0483456800653,15.0,116.83198947648592,14308.219178082192,0,1,0,0,0,0
6079,42.05,6129.033199461472,-659.6383232550305,5.0,8.04,3.0,-27737.791492874032,27737.791492874032,3138.0483456800653,15.0,116.83198947648592,14308.219178082192,0,1,0,0,0,0
6080,43.28,5317.678061857783,-659.6383232550305,5.0,8.04,3.0,-28549.14663047772,28549.14663047772,3138.0483456800653,15.0,116.83198947648592,14308.219178082192,0,1,0,0,0,0
6081,64.19,-557.600918394087,650.0,0,8.04,3.0,41723.5,-41723.5,15071.972825128516,0,556.8949724310688,14308.219178082192,1,0,0,0,0,0
6082,61.74,-2150.100918394087,650.0,0,8.04,3.0,40131.0,-40131.0,15071.972825128516,0,556.8949724310688,14308.219178082192,1,0,0,0,0,0
6083,58.0,-4392.198056456269,-659.6383232550305,5.0,8.04,3.0,-38259.02274879177,38259.02274879177,3138.0483456800653,15.0,116.83198947648592,14308.219178082192,0,1,0,0,0,0
6084,47.82,2322.9200742799444,-659.6383232550305,5.0,8.04,3.0,-31543.90461805556,31543.90461805556,3138.0483456800653,15.0,116.83198947648592,14308.219178082192,0,1,0,0,0,0
6085,48.65,1775.4202659782718,-659.6383232550305,5.0,8.04,3.0,-32091.404426357232,32091.404426357232,3138.0483456800653,15.0,116.83198947648592,14308.219178082192,0,1,0,0,0,0
6086,52.28,-619.0668474374902,-659.6383232550305,5.0,8.04,3.0,-34485.891539772994,34485.891539772994,3138.0483456800653,15.0,116.83198947648592,14308.219178082192,0,1,0,0,0,0
6087,59.63,-3521.600918394087,650.0,0,8.04,3.0,38759.5,-38759.5,15071.972825128516,0,556.8949724310688,14308.219178082192,1,0,0,0,0,0
6088,65.33,183.399081605913,650.0,0,8.04,3.0,42464.5,-42464.5,15071.972825128516,0,556.8949724310688,14308.219178082192,1,0,0,0,0,0
6089,81.61,10765.399081605916,650.0,0,8.04,3.0,53046.5,-53046.5,15071.972825128516,0,556.8949724310688,14308.219178082192,1,0,0,0,0,0
6090,81.19,10492.399081605916,650.0,0,8.04,3.0,52773.5,-52773.5,15071.972825128516,0,556.8949724310688,14308.219178082192,1,0,0,0,0,0
6091,86.86,14177.899081605916,650.0,0,8.04,3.0,56459.0,-56459.0,15071.972825128516,0,556.8949724310688,14308.219178082192,1,0,0,0,0,0
6092,203.42,89941.89908160592,650.0,0,8.04,3.0,132223.0,-132223.0,15071.972825128516,0,556.8949724310688,14308.219178082192,1,0,0,0,0,0
6093,67.56,1632.8990816059131,650.0,0,8.04,3.0,43914.0,-43914.0,15071.972825128516,0,556.8949724310688,14308.219178082192,1,0,0,0,0,0
6094,63.77,-830.600918394087,650.0,0,8.04,3.0,41450.5,-41450.5,15071.972825128516,0,556.8949724310688,14308.219178082192,1,0,0,0,0,0
6095,61.59,-2247.600918394087,650.0,0,8.04,3.0,40033.5,-40033.5,15071.972825128516,0,556.8949724310688,14308.219178082192,1,0,0,0,0,0
6096,50.38,634.2459667470689,-659.6383232550305,5.0,8.04,3.0,-33232.57872558844,33232.57872558844,3138.0483456800653,15.0,116.83198947648592,14308.219178082192,0,1,0,0,0,0
6097,38.77,8292.64689973797,-659.6383232550305,5.0,8.04,3.0,-25574.177792597537,25574.177792597537,3138.0483456800653,15.0,116.83198947648592,14308.219178082192,0,1,0,0,0,0
6098,29.77,14229.391809033248,-659.6383232550305,5.0,8.04,3.0,-19637.43288330226,19637.43288330226,3138.0483456800653,15.0,116.83198947648592,14308.219178082192,0,1,0,0,0,0
6099,33.79,11577.645749548024,-659.6383232550305,5.0,8.04,3.0,-22289.17894278748,22289.17894278748,3138.0483456800653,15.0,116.83198947648592,14308.219178082192,0,1,0,0,0,0
6100,38.88,8220.086684179918,-659.6383232550305,5.0,8.04,3.0,-25646.73800815559,25646.73800815559,3138.0483456800653,15.0,116.83198947648592,14308.219178082192,0,1,0,0,0,0
6101,41.52,6478.641510786634,-659.6383232550305,5.0,8.04,3.0,-27388.18318154887,27388.18318154887,3138.0483456800653,15.0,116.83198947648592,14308.219178082192,0,1,0,0,0,0
6102,47.58,2481.2332718611547,-659.6383232550305,5.0,8.04,3.0,-31385.59142047435,31385.59142047435,3138.0483456800653,15.0,116.83198947648592,14308.219178082192,0,1,0,0,0,0
6103,51.86,-342.01875167037315,-659.6383232550305,5.0,8.04,3.0,-34208.843444005885,34208.843444005885,3138.0483456800653,15.0,116.83198947648592,14308.219178082192,0,1,0,0,0,0
6104,86.79,14132.399081605916,650.0,0,8.04,3.0,56413.50000000001,-56413.50000000001,15071.972825128516,0,556.8949724310688,14308.219178082192,1,0,0,0,0,0
6105,74.25,5981.399081605917,650.0,0,8.04,3.0,48262.5,-48262.5,15071.972825128516,0,556.8949724310688,14308.219178082192,1,0,0,0,0,0
6106,72.98,5155.899081605917,650.0,0,8.04,3.0,47437.0,-47437.0,15071.972825128516,0,556.8949724310688,14308.219178082192,1,0,0,0,0,0
6107,69.58,2945.899081605913,650.0,0,8.04,3.0,45227.0,-45227.0,15071.972825128516,0,556.8949724310688,14308.219178082192,1,0,0,0,0,0
6108,71.17,3979.399081605913,650.0,0,8.04,3.0,46260.5,-46260.5,15071.972825128516,0,556.8949724310688,14308.219178082192,1,0,0,0,0,0
6109,72.21,4655.399081605906,650.0,0,8.04,3.0,46936.49999999999,-46936.49999999999,15071.972825128516,0,556.8949724310688,14308.219178082192,1,0,0,0,0,0
6110,68.15,2016.3990816059204,650.0,0,8.04,3.0,44297.50000000001,-44297.50000000001,15071.972825128516,0,556.8949724310688,14308.219178082192,1,0,0,0,0,0
6111,71.38,4115.899081605913,650.0,0,8.04,3.0,46397.0,-46397.0,15071.972825128516,0,556.8949724310688,14308.219178082192,1,0,0,0,0,0
6112,92.19,17642.399081605916,650.0,0,8.04,3.0,59923.5,-59923.5,15071.972825128516,0,556.8949724310688,14308.219178082192,1,0,0,0,0,0
6113,88.13,15003.399081605916,650.0,0,8.04,3.0,57284.5,-57284.5,15071.972825128516,0,556.8949724310688,14308.219178082192,1,0,0,0,0,0
6114,86.4,13878.899081605916,650.0,0,8.04,3.0,56160.00000000001,-56160.00000000001,15071.972825128516,0,556.8949724310688,14308.219178082192,1,0,0,0,0,0
6115,101.72,23836.899081605916,650.0,0,8.04,3.0,66118.0,-66118.0,15071.972825128516,0,556.8949724310688,14308.219178082192,1,0,0,0,0,0
6116,72.64,4934.899081605917,650.0,0,8.04,3.0,47216.0,-47216.0,15071.972825128516,0,556.8949724310688,14308.219178082192,1,0,0,0,0,0
6117,81.24,10524.899081605916,650.0,0,8.04,3.0,52806.0,-52806.0,15071.972825128516,0,556.8949724310688,14308.219178082192,1,0,0,0,0,0
6118,58.51,-4249.600918394087,650.0,0,8.04,3.0,38031.5,-38031.5,15071.972825128516,0,556.8949724310688,14308.219178082192,1,0,0,0,0,0
6119,52.4,-698.2234462280899,-659.6383232550305,5.0,8.04,3.0,-34565.0481385636,34565.0481385636,3138.0483456800653,15.0,116.83198947648592,14308.219178082192,0,1,0,0,0,0
6120,39.99,7487.888145366833,-659.6383232550305,5.0,8.04,3.0,-26378.93654696867,26378.93654696867,3138.0483456800653,15.0,116.83198947648592,14308.219178082192,0,1,0,0,0,0
6121,38.74,8312.436049435619,-659.6383232550305,5.0,8.04,3.0,-25554.388642899885,25554.388642899885,3138.0483456800653,15.0,116.83198947648592,14308.219178082192,0,1,0,0,0,0
6122,23.68,18246.58919765638,-659.6383232550305,5.0,8.04,3.0,-15620.235494679122,15620.235494679122,3138.0483456800653,15.0,116.83198947648592,14308.219178082192,0,1,0,0,0,0
6123,10.79,26749.327184413727,-659.6383232550305,5.0,8.04,3.0,-7117.497507921778,7117.497507921778,3138.0483456800653,15.0,116.83198947648592,14308.219178082192,0,1,0,0,0,0
6124,19.16,21228.154418769118,-659.6383232550305,5.0,8.04,3.0,-12638.670273566384,12638.670273566384,3138.0483456800653,15.0,116.83198947648592,14308.219178082192,0,1,0,0,0,0
6125,23.96,18061.89046714497,-659.6383232550305,5.0,8.04,3.0,-15804.934225190531,15804.934225190531,3138.0483456800653,15.0,116.83198947648592,14308.219178082192,0,1,0,0,0,0
6126,40.33,7263.611115460128,-659.6383232550305,5.0,8.04,3.0,-26603.21357687538,26603.21357687538,3138.0483456800653,15.0,116.83198947648592,14308.219178082192,0,1,0,0,0,0
6127,54.01,-1760.2411466686967,-659.6383232550305,5.0,8.04,3.0,-35627.06583900419,35627.06583900419,3138.0483456800653,15.0,116.83198947648592,14308.219178082192,0,1,0,0,0,0
6128,62.13,-1896.6009183940869,650.0,0,8.04,3.0,40384.5,-40384.5,15071.972825128516,0,556.8949724310688,14308.219178082192,1,0,0,0,0,0
6129,69.53,2913.399081605913,650.0,0,8.04,3.0,45194.5,-45194.5,15071.972825128516,0,556.8949724310688,14308.219178082192,1,0,0,0,0,0
6130,76.81,7645.399081605917,650.0,0,8.04,3.0,49926.5,-49926.5,15071.972825128516,0,556.8949724310688,14308.219178082192,1,0,0,0,0,0
6131,81.66,10797.899081605916,650.0,0,8.04,3.0,53079.0,-53079.0,15071.972825128516,0,556.8949724310688,14308.219178082192,1,0,0,0,0,0
6132,82.76,11512.899081605916,650.0,0,8.04,3.0,53794.0,-53794.0,15071.972825128516,0,556.8949724310688,14308.219178082192,1,0,0,0,0,0
6133,70.47,3524.399081605913,650.0,0,8.04,3.0,45805.5,-45805.5,15071.972825128516,0,556.8949724310688,14308.219178082192,1,0,0,0,0,0
6134,73.48,5480.899081605917,650.0,0,8.04,3.0,47762.0,-47762.0,15071.972825128516,0,556.8949724310688,14308.219178082192,1,0,0,0,0,0
6135,74.07,5864.399081605902,650.0,0,8.04,3.0,48145.49999999999,-48145.49999999999,15071.972825128516,0,556.8949724310688,14308.219178082192,1,0,0,0,0,0
6136,82.22,11161.899081605916,650.0,0,8.04,3.0,53443.0,-53443.0,15071.972825128516,0,556.8949724310688,14308.219178082192,1,0,0,0,0,0
6137,110.2,29348.899081605916,650.0,0,8.04,3.0,71630.0,-71630.0,15071.972825128516,0,556.8949724310688,14308.219178082192,1,0,0,0,0,0
6138,91.46,17167.8990816059,650.0,0,8.04,3.0,59448.99999999999,-59448.99999999999,15071.972825128516,0,556.8949724310688,14308.219178082192,1,0,0,0,0,0
6139,80.38,9965.899081605916,650.0,0,8.04,3.0,52247.0,-52247.0,15071.972825128516,0,556.8949724310688,14308.219178082192,1,0,0,0,0,0
6140,44.13,4756.985487091006,-659.6383232550305,5.0,8.04,3.0,-29109.839205244498,29109.839205244498,3138.0483456800653,15.0,116.83198947648592,14308.219178082192,0,1,0,0,0,0
6141,31.47,13108.006659499693,-659.6383232550305,5.0,8.04,3.0,-20758.81803283581,20758.81803283581,3138.0483456800653,15.0,116.83198947648592,14308.219178082192,0,1,0,0,0,0
6142,27.2,15924.662299798674,-659.6383232550305,5.0,8.04,3.0,-17942.16239253683,17942.16239253683,3138.0483456800653,15.0,116.83198947648592,14308.219178082192,0,1,0,0,0,0
6143,11.19,26485.47185511171,-659.6383232550305,5.0,8.04,3.0,-7381.3528372237915,7381.3528372237915,3138.0483456800653,15.0,116.83198947648592,14308.219178082192,0,1,0,0,0,0
6144,16.43,23028.967041255353,-659.6383232550305,5.0,8.04,3.0,-10837.85765108015,10837.85765108015,3138.0483456800653,15.0,116.83198947648592,14308.219178082192,0,1,0,0,0,0
6145,-3.4,36109.594991402606,-659.6383232550305,5.0,8.04,3.0,2242.7702990671037,-2242.7702990671037,3138.0483456800653,15.0,116.83198947648592,14308.219178082192,0,1,0,0,0,0
6146,1.4,32943.33103977846,-659.6383232550305,5.0,8.04,3.0,-923.4936525570427,923.4936525570427,3138.0483456800653,15.0,116.83198947648592,14308.219178082192,0,1,0,0,0,0
6147,4.36,30990.80160294357,-659.6383232550305,5.0,8.04,3.0,-2876.0230893919334,2876.0230893919334,3138.0483456800653,15.0,116.83198947648592,14308.219178082192,0,1,0,0,0,0
6148,6.44,29618.753890573105,-659.6383232550305,5.0,8.04,3.0,-4248.0708017623965,4248.0708017623965,3138.0483456800653,15.0,116.83198947648592,14308.219178082192,0,1,0,0,0,0
6149,30.2,13945.747330033584,-659.6383232550305,5.0,8.04,3.0,-19921.07736230192,19921.07736230192,3138.0483456800653,15.0,116.83198947648592,14308.219178082192,0,1,0,0,0,0
6150,16.66,22877.250226906697,-659.6383232550305,5.0,8.04,3.0,-10989.574465428808,10989.574465428808,3138.0483456800653,15.0,116.83198947648592,14308.219178082192,0,1,0,0,0,0
6151,23.33,18477.462610795643,-659.6383232550305,5.0,8.04,3.0,-15389.36208153986,15389.36208153986,3138.0483456800653,15.0,116.83198947648592,14308.219178082192,0,1,0,0,0,0
6152,35.56,10410.08591738662,-659.6383232550305,5.0,8.04,3.0,-23456.738774948888,23456.738774948888,3138.0483456800653,15.0,116.83198947648592,14308.219178082192,0,1,0,0,0,0
6153,56.55,-3435.722487736464,-659.6383232550305,5.0,8.04,3.0,-37302.547180071975,37302.547180071975,3138.0483456800653,15.0,116.83198947648592,14308.219178082192,0,1,0,0,0,0
6154,65.77,469.399081605913,650.0,0,8.04,3.0,42750.5,-42750.5,15071.972825128516,0,556.8949724310688,14308.219178082192,1,0,0,0,0,0
6155,75.09,6527.399081605917,650.0,0,8.04,3.0,48808.5,-48808.5,15071.972825128516,0,556.8949724310688,14308.219178082192,1,0,0,0,0,0
6156,73.89,5747.399081605917,650.0,0,8.04,3.0,48028.5,-48028.5,15071.972825128516,0,556.8949724310688,14308.219178082192,1,0,0,0,0,0
6157,50.24,726.5953320027697,-659.6383232550305,5.0,8.04,3.0,-33140.229360332734,33140.229360332734,3138.0483456800653,15.0,116.83198947648592,14308.219178082192,0,1,0,0,0,0
6158,20.21,20535.534179351336,-659.6383232550305,5.0,8.04,3.0,-13331.290512984167,13331.290512984167,3138.0483456800653,15.0,116.83198947648592,14308.219178082192,0,1,0,0,0,0
6159,17.96,22019.720406675155,-659.6383232550305,5.0,8.04,3.0,-11847.104285660349,11847.104285660349,3138.0483456800653,15.0,116.83198947648592,14308.219178082192,0,1,0,0,0,0
6160,20.59,20284.871616514425,-659.6383232550305,5.0,8.04,3.0,-13581.953075821079,13581.953075821079,3138.0483456800653,15.0,116.83198947648592,14308.219178082192,0,1,0,0,0,0
6161,27.37,15812.523784845318,-659.6383232550305,5.0,8.04,3.0,-18054.300907490186,18054.300907490186,3138.0483456800653,15.0,116.83198947648592,14308.219178082192,0,1,0,0,0,0
6162,36.86,9552.55609715508,-659.6383232550305,5.0,8.04,3.0,-24314.268595180423,24314.268595180423,3138.0483456800653,15.0,116.83198947648592,14308.219178082192,0,1,0,0,0,0
6163,23.2,18563.215592818797,-659.6383232550305,5.0,8.04,3.0,-15303.609099516707,15303.609099516707,3138.0483456800653,15.0,116.83198947648592,14308.219178082192,0,1,0,0,0,0
6164,23.88,18114.661533005376,-659.6383232550305,5.0,8.04,3.0,-15752.163159330128,15752.163159330128,3138.0483456800653,15.0,116.83198947648592,14308.219178082192,0,1,0,0,0,0
6165,21.16,19908.877772259057,-659.6383232550305,5.0,8.04,3.0,-13957.946920076445,13957.946920076445,3138.0483456800653,15.0,116.83198947648592,14308.219178082192,0,1,0,0,0,0
6166,15.79,23451.135568138572,-659.6383232550305,5.0,8.04,3.0,-10415.689124196932,10415.689124196932,3138.0483456800653,15.0,116.83198947648592,14308.219178082192,0,1,0,0,0,0
6167,3.74,31399.77736336169,-659.6383232550305,5.0,8.04,3.0,-2467.0473289738143,2467.0473289738143,3138.0483456800653,15.0,116.83198947648592,14308.219178082192,0,1,0,0,0,0
6168,4.66,30792.91010596706,-659.6383232550305,5.0,8.04,3.0,-3073.914586368442,3073.914586368442,3138.0483456800653,15.0,116.83198947648592,14308.219178082192,0,1,0,0,0,0
6169,0.86,33299.535734336176,-659.6383232550305,5.0,8.04,3.0,-567.2889579993263,567.2889579993263,3138.0483456800653,15.0,116.83198947648592,14308.219178082192,0,1,0,0,0,0
6170,1.31,33002.698488871414,-659.6383232550305,5.0,8.04,3.0,-864.12620346409,864.12620346409,3138.0483456800653,15.0,116.83198947648592,14308.219178082192,0,1,0,0,0,0
6171,-0.05,33899.80660849826,-659.6383232550305,5.0,8.04,3.0,32.981916162751524,-32.981916162751524,3138.0483456800653,15.0,116.83198947648592,14308.219178082192,0,1,0,0,0,0
6172,0.43,33583.18021333584,-659.6383232550305,5.0,8.04,3.0,-283.64447899966314,283.64447899966314,3138.0483456800653,15.0,116.83198947648592,14308.219178082192,0,1,0,0,0,0
6173,1.28,33022.487638569066,-659.6383232550305,5.0,8.04,3.0,-844.3370537664391,844.3370537664391,3138.0483456800653,15.0,116.83198947648592,14308.219178082192,0,1,0,0,0,0
6174,18.75,21498.60613130368,-659.6383232550305,5.0,8.04,3.0,-12368.218561031823,12368.218561031823,3138.0483456800653,15.0,116.83198947648592,14308.219178082192,0,1,0,0,0,0
6175,31.5,13088.217509802042,-659.6383232550305,5.0,8.04,3.0,-20778.607182533462,20778.607182533462,3138.0483456800653,15.0,116.83198947648592,14308.219178082192,0,1,0,0,0,0
6176,46.36,3285.9920262322926,-659.6383232550305,5.0,8.04,3.0,-30580.832666103215,30580.832666103215,3138.0483456800653,15.0,116.83198947648592,14308.219178082192,0,1,0,0,0,0
6177,67.65,1691.3990816059204,650.0,0,8.04,3.0,43972.50000000001,-43972.50000000001,15071.972825128516,0,556.8949724310688,14308.219178082192,1,0,0,0,0,0
6178,81.78,10875.899081605916,650.0,0,8.04,3.0,53157.0,-53157.0,15071.972825128516,0,556.8949724310688,14308.219178082192,1,0,0,0,0,0
6179,72.2,4648.899081605913,650.0,0,8.04,3.0,46930.0,-46930.0,15071.972825128516,0,556.8949724310688,14308.219178082192,1,0,0,0,0,0
6180,92.57,17889.3990816059,650.0,0,8.04,3.0,60170.49999999999,-60170.49999999999,15071.972825128516,0,556.8949724310688,14308.219178082192,1,0,0,0,0,0
6181,85.26,13137.899081605916,650.0,0,8.04,3.0,55419.0,-55419.0,15071.972825128516,0,556.8949724310688,14308.219178082192,1,0,0,0,0,0
6182,68.21,2055.399081605906,650.0,0,8.04,3.0,44336.49999999999,-44336.49999999999,15071.972825128516,0,556.8949724310688,14308.219178082192,1,0,0,0,0,0
6183,68.0,1918.8990816059131,650.0,0,8.04,3.0,44200.0,-44200.0,15071.972825128516,0,556.8949724310688,14308.219178082192,1,0,0,0,0,0
6184,118.41,34685.39908160592,650.0,0,8.04,3.0,76966.5,-76966.5,15071.972825128516,0,556.8949724310688,14308.219178082192,1,0,0,0,0,0
6185,101.79,23882.399081605916,650.0,0,8.04,3.0,66163.5,-66163.5,15071.972825128516,0,556.8949724310688,14308.219178082192,1,0,0,0,0,0
6186,86.81,14145.399081605916,650.0,0,8.04,3.0,56426.5,-56426.5,15071.972825128516,0,556.8949724310688,14308.219178082192,1,0,0,0,0,0
6187,74.01,5825.399081605917,650.0,0,8.04,3.0,48106.5,-48106.5,15071.972825128516,0,556.8949724310688,14308.219178082192,1,0,0,0,0,0
6188,54.47,-2063.6747753660015,-659.6383232550305,5.0,8.04,3.0,-35930.49946770151,35930.49946770151,3138.0483456800653,15.0,116.83198947648592,14308.219178082192,0,1,0,0,0,0
6189,46.95,2896.8054155118193,-659.6383232550305,5.0,8.04,3.0,-30970.019276823685,30970.019276823685,3138.0483456800653,15.0,116.83198947648592,14308.219178082192,0,1,0,0,0,0
6190,46.93,2909.9981819769205,-659.6383232550305,5.0,8.04,3.0,-30956.826510358584,30956.826510358584,3138.0483456800653,15.0,116.83198947648592,14308.219178082192,0,1,0,0,0,0
6191,40.1,7415.32792980878,-659.6383232550305,5.0,8.04,3.0,-26451.496762526724,26451.496762526724,3138.0483456800653,15.0,116.83198947648592,14308.219178082192,0,1,0,0,0,0
6192,17.9,22059.29870607046,-659.6383232550305,5.0,8.04,3.0,-11807.525986265046,11807.525986265046,3138.0483456800653,15.0,116.83198947648592,14308.219178082192,0,1,0,0,0,0
6193,17.56,22283.575735977167,-659.6383232550305,5.0,8.04,3.0,-11583.248956358335,11583.248956358335,3138.0483456800653,15.0,116.83198947648592,14308.219178082192,0,1,0,0,0,0
6194,25.26,17204.360646913432,-659.6383232550305,5.0,8.04,3.0,-16662.46404542207,16662.46404542207,3138.0483456800653,15.0,116.83198947648592,14308.219178082192,0,1,0,0,0,0
6195,31.09,13358.669222336604,-659.6383232550305,5.0,8.04,3.0,-20508.1554699989,20508.1554699989,3138.0483456800653,15.0,116.83198947648592,14308.219178082192,0,1,0,0,0,0
6196,45.89,3596.0220381621516,-659.6383232550305,5.0,8.04,3.0,-30270.80265417335,30270.80265417335,3138.0483456800653,15.0,116.83198947648592,14308.219178082192,0,1,0,0,0,0
6197,72.17,4629.399081605913,650.0,0,8.04,3.0,46910.5,-46910.5,15071.972825128516,0,556.8949724310688,14308.219178082192,1,0,0,0,0,0
6198,252.48,121830.89908160592,650.0,0,8.04,3.0,164112.0,-164112.0,15071.972825128516,0,556.8949724310688,14308.219178082192,1,0,0,0,0,0
6199,70.38,3465.899081605913,650.0,0,8.04,3.0,45747.0,-45747.0,15071.972825128516,0,556.8949724310688,14308.219178082192,1,0,0,0,0,0
6200,68.03,1938.3990816059131,650.0,0,8.04,3.0,44219.5,-44219.5,15071.972825128516,0,556.8949724310688,14308.219178082192,1,0,0,0,0,0
6201,95.91,20060.399081605916,650.0,0,8.04,3.0,62341.5,-62341.5,15071.972825128516,0,556.8949724310688,14308.219178082192,1,0,0,0,0,0
6202,79.79,9582.399081605916,650.0,0,8.04,3.0,51863.50000000001,-51863.50000000001,15071.972825128516,0,556.8949724310688,14308.219178082192,1,0,0,0,0,0
6203,90.68,16660.899081605916,650.0,0,8.04,3.0,58942.00000000001,-58942.00000000001,15071.972825128516,0,556.8949724310688,14308.219178082192,1,0,0,0,0,0
6204,102.25,24181.399081605916,650.0,0,8.04,3.0,66462.5,-66462.5,15071.972825128516,0,556.8949724310688,14308.219178082192,1,0,0,0,0,0
6205,102.43,24298.399081605916,650.0,0,8.04,3.0,66579.5,-66579.5,15071.972825128516,0,556.8949724310688,14308.219178082192,1,0,0,0,0,0
6206,94.23,18968.399081605916,650.0,0,8.04,3.0,61249.5,-61249.5,15071.972825128516,0,556.8949724310688,14308.219178082192,1,0,0,0,0,0
6207,88.37,15159.399081605916,650.0,0,8.04,3.0,57440.5,-57440.5,15071.972825128516,0,556.8949724310688,14308.219178082192,1,0,0,0,0,0
6208,97.09,20827.399081605916,650.0,0,8.04,3.0,63108.5,-63108.5,15071.972825128516,0,556.8949724310688,14308.219178082192,1,0,0,0,0,0
6209,88.21,15055.399081605901,650.0,0,8.04,3.0,57336.49999999999,-57336.49999999999,15071.972825128516,0,556.8949724310688,14308.219178082192,1,0,0,0,0,0
6210,81.4,10628.899081605916,650.0,0,8.04,3.0,52910.00000000001,-52910.00000000001,15071.972825128516,0,556.8949724310688,14308.219178082192,1,0,0,0,0,0
6211,70.89,3797.399081605913,650.0,0,8.04,3.0,46078.5,-46078.5,15071.972825128516,0,556.8949724310688,14308.219178082192,1,0,0,0,0,0
6212,56.78,-3587.439302085127,-659.6383232550305,5.0,8.04,3.0,-37454.26399442063,37454.26399442063,3138.0483456800653,15.0,116.83198947648592,14308.219178082192,0,1,0,0,0,0
6213,40.53,7131.683450809116,-659.6383232550305,5.0,8.04,3.0,-26735.141241526388,26735.141241526388,3138.0483456800653,15.0,116.83198947648592,14308.219178082192,0,1,0,0,0,0
6214,31.53,13068.428360104394,-659.6383232550305,5.0,8.04,3.0,-20798.396332231114,20798.396332231114,3138.0483456800653,15.0,116.83198947648592,14308.219178082192,0,1,0,0,0,0
6215,37.36,9222.736935527562,-659.6383232550305,5.0,8.04,3.0,-24644.08775680794,24644.08775680794,3138.0483456800653,15.0,116.83198947648592,14308.219178082192,0,1,0,0,0,0
6216,26.93,16102.764647077533,-659.6383232550305,5.0,8.04,3.0,-17764.06004525797,17764.06004525797,3138.0483456800653,15.0,116.83198947648592,14308.219178082192,0,1,0,0,0,0
6217,23.29,18503.848143725845,-659.6383232550305,5.0,8.04,3.0,-15362.97654860966,15362.97654860966,3138.0483456800653,15.0,116.83198947648592,14308.219178082192,0,1,0,0,0,0
6218,36.87,9545.95971392253,-659.6383232550305,5.0,8.04,3.0,-24320.864978412974,24320.864978412974,3138.0483456800653,15.0,116.83198947648592,14308.219178082192,0,1,0,0,0,0
6219,29.97,14097.46414438224,-659.6383232550305,5.0,8.04,3.0,-19769.360547953263,19769.360547953263,3138.0483456800653,15.0,116.83198947648592,14308.219178082192,0,1,0,0,0,0
6220,24.67,17593.5472576339,-659.6383232550305,5.0,8.04,3.0,-16273.277434701604,16273.277434701604,3138.0483456800653,15.0,116.83198947648592,14308.219178082192,0,1,0,0,0,0
6221,39.31,7936.442205180254,-659.6383232550305,5.0,8.04,3.0,-25930.38248715525,25930.38248715525,3138.0483456800653,15.0,116.83198947648592,14308.219178082192,0,1,0,0,0,0
6222,51.93,-388.1934342982272,-659.6383232550305,5.0,8.04,3.0,-34255.01812663373,34255.01812663373,3138.0483456800653,15.0,116.83198947648592,14308.219178082192,0,1,0,0,0,0
6223,44.93,4229.274828486981,-659.6383232550305,5.0,8.04,3.0,-29637.549863848522,29637.549863848522,3138.0483456800653,15.0,116.83198947648592,14308.219178082192,0,1,0,0,0,0
6224,41.53,6472.045127554084,-659.6383232550305,5.0,8.04,3.0,-27394.779564781416,27394.779564781416,3138.0483456800653,15.0,116.83198947648592,14308.219178082192,0,1,0,0,0,0
6225,46.83,2975.9620143024263,-659.6383232550305,5.0,8.04,3.0,-30890.862678033078,30890.862678033078,3138.0483456800653,15.0,116.83198947648592,14308.219178082192,0,1,0,0,0,0
6226,60.42,-3008.100918394087,650.0,0,8.04,3.0,39273.0,-39273.0,15071.972825128516,0,556.8949724310688,14308.219178082192,1,0,0,0,0,0
6227,49.08,1491.7757869786078,-659.6383232550305,5.0,8.04,3.0,-32375.048905356896,32375.048905356896,3138.0483456800653,15.0,116.83198947648592,14308.219178082192,0,1,0,0,0,0
6228,44.91,4242.467594952086,-659.6383232550305,5.0,8.04,3.0,-29624.357097383418,29624.357097383418,3138.0483456800653,15.0,116.83198947648592,14308.219178082192,0,1,0,0,0,0
6229,62.29,-1792.6009183940869,650.0,0,8.04,3.0,40488.5,-40488.5,15071.972825128516,0,556.8949724310688,14308.219178082192,1,0,0,0,0,0
6230,155.52,58806.89908160592,650.0,0,8.04,3.0,101088.0,-101088.0,15071.972825128516,0,556.8949724310688,14308.219178082192,1,0,0,0,0,0
6231,51.76,-276.05491934487463,-659.6383232550305,5.0,8.04,3.0,-34142.87961168038,34142.87961168038,3138.0483456800653,15.0,116.83198947648592,14308.219178082192,0,1,0,0,0,0
6232,148.44,54204.89908160592,650.0,0,8.04,3.0,96486.0,-96486.0,15071.972825128516,0,556.8949724310688,14308.219178082192,1,0,0,0,0,0
6233,77.13,7853.399081605917,650.0,0,8.04,3.0,50134.5,-50134.5,15071.972825128516,0,556.8949724310688,14308.219178082192,1,0,0,0,0,0
6234,69.02,2581.899081605913,650.0,0,8.04,3.0,44863.0,-44863.0,15071.972825128516,0,556.8949724310688,14308.219178082192,1,0,0,0,0,0
6235,67.87,1834.3990816059131,650.0,0,8.04,3.0,44115.5,-44115.5,15071.972825128516,0,556.8949724310688,14308.219178082192,1,0,0,0,0,0
6236,60.75,-2793.600918394087,650.0,0,8.04,3.0,39487.5,-39487.5,15071.972825128516,0,556.8949724310688,14308.219178082192,1,0,0,0,0,0
6237,52.14,-526.7174821817894,-659.6383232550305,5.0,8.04,3.0,-34393.54217451729,34393.54217451729,3138.0483456800653,15.0,116.83198947648592,14308.219178082192,0,1,0,0,0,0
6238,53.37,-1338.0726197854742,-659.6383232550305,5.0,8.04,3.0,-35204.89731212098,35204.89731212098,3138.0483456800653,15.0,116.83198947648592,14308.219178082192,0,1,0,0,0,0
6239,54.36,-1991.1145598079524,-659.6383232550305,5.0,8.04,3.0,-35857.93925214346,35857.93925214346,3138.0483456800653,15.0,116.83198947648592,14308.219178082192,0,1,0,0,0,0
6240,49.06,1504.968553443709,-659.6383232550305,5.0,8.04,3.0,-32361.8561388918,32361.8561388918,3138.0483456800653,15.0,116.83198947648592,14308.219178082192,0,1,0,0,0,0
6241,44.81,4308.431427277585,-659.6383232550305,5.0,8.04,3.0,-29558.39326505792,29558.39326505792,3138.0483456800653,15.0,116.83198947648592,14308.219178082192,0,1,0,0,0,0
6242,42.92,5555.147858229593,-659.6383232550305,5.0,8.04,3.0,-28311.67683410591,28311.67683410591,3138.0483456800653,15.0,116.83198947648592,14308.219178082192,0,1,0,0,0,0
6243,42.06,6122.436816228917,-659.6383232550305,5.0,8.04,3.0,-27744.387876106586,27744.387876106586,3138.0483456800653,15.0,116.83198947648592,14308.219178082192,0,1,0,0,0,0
6244,41.17,6709.514923925897,-659.6383232550305,5.0,8.04,3.0,-27157.309768409606,27157.309768409606,3138.0483456800653,15.0,116.83198947648592,14308.219178082192,0,1,0,0,0,0
6245,42.24,6003.701918043011,-659.6383232550305,5.0,8.04,3.0,-27863.12277429249,27863.12277429249,3138.0483456800653,15.0,116.83198947648592,14308.219178082192,0,1,0,0,0,0
6246,41.98,6175.207882089322,-659.6383232550305,5.0,8.04,3.0,-27691.616810246178,27691.616810246178,3138.0483456800653,15.0,116.83198947648592,14308.219178082192,0,1,0,0,0,0
6247,40.88,6900.810037669857,-659.6383232550305,5.0,8.04,3.0,-26966.01465466565,26966.01465466565,3138.0483456800653,15.0,116.83198947648592,14308.219178082192,0,1,0,0,0,0
6248,44.29,4651.443355370204,-659.6383232550305,5.0,8.04,3.0,-29215.3813369653,29215.3813369653,3138.0483456800653,15.0,116.83198947648592,14308.219178082192,0,1,0,0,0,0
6249,54.8,-2281.3554220401634,-659.6383232550305,5.0,8.04,3.0,-36148.18011437567,36148.18011437567,3138.0483456800653,15.0,116.83198947648592,14308.219178082192,0,1,0,0,0,0
6250,64.47,-375.600918394087,650.0,0,8.04,3.0,41905.5,-41905.5,15071.972825128516,0,556.8949724310688,14308.219178082192,1,0,0,0,0,0
6251,70.59,3602.399081605913,650.0,0,8.04,3.0,45883.5,-45883.5,15071.972825128516,0,556.8949724310688,14308.219178082192,1,0,0,0,0,0
6252,85.34,13189.899081605916,650.0,0,8.04,3.0,55471.0,-55471.0,15071.972825128516,0,556.8949724310688,14308.219178082192,1,0,0,0,0,0
6253,101.21,23505.399081605916,650.0,0,8.04,3.0,65786.5,-65786.5,15071.972825128516,0,556.8949724310688,14308.219178082192,1,0,0,0,0,0
6254,88.15,15016.399081605916,650.0,0,8.04,3.0,57297.50000000001,-57297.50000000001,15071.972825128516,0,556.8949724310688,14308.219178082192,1,0,0,0,0,0
6255,110.34,29439.899081605916,650.0,0,8.04,3.0,71721.0,-71721.0,15071.972825128516,0,556.8949724310688,14308.219178082192,1,0,0,0,0,0
6256,214.63,97228.39908160592,650.0,0,8.04,3.0,139509.5,-139509.5,15071.972825128516,0,556.8949724310688,14308.219178082192,1,0,0,0,0,0
6257,94.47,19124.399081605916,650.0,0,8.04,3.0,61405.5,-61405.5,15071.972825128516,0,556.8949724310688,14308.219178082192,1,0,0,0,0,0
6258,103.89,25247.399081605916,650.0,0,8.04,3.0,67528.5,-67528.5,15071.972825128516,0,556.8949724310688,14308.219178082192,1,0,0,0,0,0
6259,77.13,7853.399081605917,650.0,0,8.04,3.0,50134.5,-50134.5,15071.972825128516,0,556.8949724310688,14308.219178082192,1,0,0,0,0,0
6260,79.76,9562.899081605916,650.0,0,8.04,3.0,51844.0,-51844.0,15071.972825128516,0,556.8949724310688,14308.219178082192,1,0,0,0,0,0
6261,62.27,-1805.6009183940869,650.0,0,8.04,3.0,40475.5,-40475.5,15071.972825128516,0,556.8949724310688,14308.219178082192,1,0,0,0,0,0
6262,57.66,-4167.921026549557,-659.6383232550305,5.0,8.04,3.0,-38034.74571888506,38034.74571888506,3138.0483456800653,15.0,116.83198947648592,14308.219178082192,0,1,0,0,0,0
6263,45.21,4044.576097975573,-659.6383232550305,5.0,8.04,3.0,-29822.24859435993,29822.24859435993,3138.0483456800653,15.0,116.83198947648592,14308.219178082192,0,1,0,0,0,0
6264,32.62,12349.42258775641,-659.6383232550305,5.0,8.04,3.0,-21517.402104579094,21517.402104579094,3138.0483456800653,15.0,116.83198947648592,14308.219178082192,0,1,0,0,0,0
6265,31.48,13101.410276267146,-659.6383232550305,5.0,8.04,3.0,-20765.41441606836,20765.41441606836,3138.0483456800653,15.0,116.83198947648592,14308.219178082192,0,1,0,0,0,0
6266,29.96,14104.06052761479,-659.6383232550305,5.0,8.04,3.0,-19762.764164720717,19762.764164720717,3138.0483456800653,15.0,116.83198947648592,14308.219178082192,0,1,0,0,0,0
6267,29.56,14367.915856916803,-659.6383232550305,5.0,8.04,3.0,-19498.9088354187,19498.9088354187,3138.0483456800653,15.0,116.83198947648592,14308.219178082192,0,1,0,0,0,0
6268,25.81,16841.55956912317,-659.6383232550305,5.0,8.04,3.0,-17025.265123212335,17025.265123212335,3138.0483456800653,15.0,116.83198947648592,14308.219178082192,0,1,0,0,0,0
6269,38.66,8365.207115296023,-659.6383232550305,5.0,8.04,3.0,-25501.617577039477,25501.617577039477,3138.0483456800653,15.0,116.83198947648592,14308.219178082192,0,1,0,0,0,0
6270,223.0,102668.89908160592,650.0,0,8.04,3.0,144950.0,-144950.0,15071.972825128516,0,556.8949724310688,14308.219178082192,1,0,0,0,0,0
6271,38.75,8305.839666203072,-659.6383232550305,5.0,8.04,3.0,-25560.98502613243,25560.98502613243,3138.0483456800653,15.0,116.83198947648592,14308.219178082192,0,1,0,0,0,0
6272,38.24,8642.255211063137,-659.6383232550305,5.0,8.04,3.0,-25224.569481272367,25224.569481272367,3138.0483456800653,15.0,116.83198947648592,14308.219178082192,0,1,0,0,0,0
6273,45.89,3596.0220381621516,-659.6383232550305,5.0,8.04,3.0,-30270.80265417335,30270.80265417335,3138.0483456800653,15.0,116.83198947648592,14308.219178082192,0,1,0,0,0,0
6274,49.7,1082.8000265604865,-659.6383232550305,5.0,8.04,3.0,-32784.02466577502,32784.02466577502,3138.0483456800653,15.0,116.83198947648592,14308.219178082192,0,1,0,0,0,0
6275,43.98,4855.931235579261,-659.6383232550305,5.0,8.04,3.0,-29010.89345675624,29010.89345675624,3138.0483456800653,15.0,116.83198947648592,14308.219178082192,0,1,0,0,0,0
6276,44.62,4433.762708696046,-659.6383232550305,5.0,8.04,3.0,-29433.061983639458,29433.061983639458,3138.0483456800653,15.0,116.83198947648592,14308.219178082192,0,1,0,0,0,0
6277,41.82,6280.750013810131,-659.6383232550305,5.0,8.04,3.0,-27586.074678525376,27586.074678525376,3138.0483456800653,15.0,116.83198947648592,14308.219178082192,0,1,0,0,0,0
6278,49.64,1122.37832595579,-659.6383232550305,5.0,8.04,3.0,-32744.446366379714,32744.446366379714,3138.0483456800653,15.0,116.83198947648592,14308.219178082192,0,1,0,0,0,0
6279,52.3,-632.2596139025914,-659.6383232550305,5.0,8.04,3.0,-34499.084306238095,34499.084306238095,3138.0483456800653,15.0,116.83198947648592,14308.219178082192,0,1,0,0,0,0
6280,82.91,11610.399081605916,650.0,0,8.04,3.0,53891.5,-53891.5,15071.972825128516,0,556.8949724310688,14308.219178082192,1,0,0,0,0,0
6281,100.82,23251.8990816059,650.0,0,8.04,3.0,65532.99999999999,-65532.99999999999,15071.972825128516,0,556.8949724310688,14308.219178082192,1,0,0,0,0,0
6282,84.07,12364.399081605901,650.0,0,8.04,3.0,54645.49999999999,-54645.49999999999,15071.972825128516,0,556.8949724310688,14308.219178082192,1,0,0,0,0,0
6283,75.8,6988.899081605917,650.0,0,8.04,3.0,49270.0,-49270.0,15071.972825128516,0,556.8949724310688,14308.219178082192,1,0,0,0,0,0
6284,53.02,-1107.1992066462185,-659.6383232550305,5.0,8.04,3.0,-34974.02389898172,34974.02389898172,3138.0483456800653,15.0,116.83198947648592,14308.219178082192,0,1,0,0,0,0
6285,33.92,11491.892767524867,-659.6383232550305,5.0,8.04,3.0,-22374.931924810637,22374.931924810637,3138.0483456800653,15.0,116.83198947648592,14308.219178082192,0,1,0,0,0,0
6286,23.29,18503.848143725845,-659.6383232550305,5.0,8.04,3.0,-15362.97654860966,15362.97654860966,3138.0483456800653,15.0,116.83198947648592,14308.219178082192,0,1,0,0,0,0
6287,14.97,23992.038993207698,-659.6383232550305,5.0,8.04,3.0,-9874.785699127808,9874.785699127808,3138.0483456800653,15.0,116.83198947648592,14308.219178082192,0,1,0,0,0,0
6288,5.26,30397.127112014045,-659.6383232550305,5.0,8.04,3.0,-3469.6975803214605,3469.6975803214605,3138.0483456800653,15.0,116.83198947648592,14308.219178082192,0,1,0,0,0,0
6289,3.66,31452.548429222094,-659.6383232550305,5.0,8.04,3.0,-2414.276263113412,2414.276263113412,3138.0483456800653,15.0,116.83198947648592,14308.219178082192,0,1,0,0,0,0
6290,2.38,32296.88548298853,-659.6383232550305,5.0,8.04,3.0,-1569.9392093469726,1569.9392093469726,3138.0483456800653,15.0,116.83198947648592,14308.219178082192,0,1,0,0,0,0
6291,5.72,30093.69348331673,-659.6383232550305,5.0,8.04,3.0,-3773.1312090187744,3773.1312090187744,3138.0483456800653,15.0,116.83198947648592,14308.219178082192,0,1,0,0,0,0
6292,9.69,27474.929339994258,-659.6383232550305,5.0,8.04,3.0,-6391.895352341246,6391.895352341246,3138.0483456800653,15.0,116.83198947648592,14308.219178082192,0,1,0,0,0,0
6293,15.85,23411.557268743272,-659.6383232550305,5.0,8.04,3.0,-10455.267423592233,10455.267423592233,3138.0483456800653,15.0,116.83198947648592,14308.219178082192,0,1,0,0,0,0
6294,30.92,13470.80773728996,-659.6383232550305,5.0,8.04,3.0,-20396.016955045543,20396.016955045543,3138.0483456800653,15.0,116.83198947648592,14308.219178082192,0,1,0,0,0,0
6295,37.73,8978.670755923205,-659.6383232550305,5.0,8.04,3.0,-24888.1539364123,24888.1539364123,3138.0483456800653,15.0,116.83198947648592,14308.219178082192,0,1,0,0,0,0
6296,52.14,-526.7174821817894,-659.6383232550305,5.0,8.04,3.0,-34393.54217451729,34393.54217451729,3138.0483456800653,15.0,116.83198947648592,14308.219178082192,0,1,0,0,0,0
6297,64.09,-622.600918394087,650.0,0,8.04,3.0,41658.5,-41658.5,15071.972825128516,0,556.8949724310688,14308.219178082192,1,0,0,0,0,0
6298,66.92,1216.8990816059131,650.0,0,8.04,3.0,43498.0,-43498.0,15071.972825128516,0,556.8949724310688,14308.219178082192,1,0,0,0,0,0
6299,83.55,12026.399081605916,650.0,0,8.04,3.0,54307.5,-54307.5,15071.972825128516,0,556.8949724310688,14308.219178082192,1,0,0,0,0,0
6300,76.62,7521.899081605917,650.0,0,8.04,3.0,49803.0,-49803.0,15071.972825128516,0,556.8949724310688,14308.219178082192,1,0,0,0,0,0
6301,80.81,10245.399081605916,650.0,0,8.04,3.0,52526.5,-52526.5,15071.972825128516,0,556.8949724310688,14308.219178082192,1,0,0,0,0,0
6302,79.76,9562.899081605916,650.0,0,8.04,3.0,51844.0,-51844.0,15071.972825128516,0,556.8949724310688,14308.219178082192,1,0,0,0,0,0
6303,73.46,5467.899081605902,650.0,0,8.04,3.0,47748.99999999999,-47748.99999999999,15071.972825128516,0,556.8949724310688,14308.219178082192,1,0,0,0,0,0
6304,61.0,-2631.100918394087,650.0,0,8.04,3.0,39650.0,-39650.0,15071.972825128516,0,556.8949724310688,14308.219178082192,1,0,0,0,0,0
6305,80.19,9842.399081605916,650.0,0,8.04,3.0,52123.5,-52123.5,15071.972825128516,0,556.8949724310688,14308.219178082192,1,0,0,0,0,0
6306,81.3,10563.899081605916,650.0,0,8.04,3.0,52845.0,-52845.0,15071.972825128516,0,556.8949724310688,14308.219178082192,1,0,0,0,0,0
6307,66.79,1132.3990816059204,650.0,0,8.04,3.0,43413.50000000001,-43413.50000000001,15071.972825128516,0,556.8949724310688,14308.219178082192,1,0,0,0,0,0
6308,54.04,-1780.0302963663412,-659.6383232550305,5.0,8.04,3.0,-35646.854988701845,35646.854988701845,3138.0483456800653,15.0,116.83198947648592,14308.219178082192,0,1,0,0,0,0
6309,28.91,14796.680767032572,-659.6383232550305,5.0,8.04,3.0,-19070.14392530293,19070.14392530293,3138.0483456800653,15.0,116.83198947648592,14308.219178082192,0,1,0,0,0,0
6310,16.27,23134.509172976155,-659.6383232550305,5.0,8.04,3.0,-10732.315519359347,10732.315519359347,3138.0483456800653,15.0,116.83198947648592,14308.219178082192,0,1,0,0,0,0
6311,13.63,24875.954346369435,-659.6383232550305,5.0,8.04,3.0,-8990.870345966066,8990.870345966066,3138.0483456800653,15.0,116.83198947648592,14308.219178082192,0,1,0,0,0,0
6312,9.36,27692.609986668416,-659.6383232550305,5.0,8.04,3.0,-6174.214705667086,6174.214705667086,3138.0483456800653,15.0,116.83198947648592,14308.219178082192,0,1,0,0,0,0
6313,2.31,32343.06016561638,-659.6383232550305,5.0,8.04,3.0,-1523.7645267191206,1523.7645267191206,3138.0483456800653,15.0,116.83198947648592,14308.219178082192,0,1,0,0,0,0
6314,1.44,32916.94550684826,-659.6383232550305,5.0,8.04,3.0,-949.879185487244,949.879185487244,3138.0483456800653,15.0,116.83198947648592,14308.219178082192,0,1,0,0,0,0
6315,1.09,33147.81891998752,-659.6383232550305,5.0,8.04,3.0,-719.0057723479833,719.0057723479833,3138.0483456800653,15.0,116.83198947648592,14308.219178082192,0,1,0,0,0,0
6316,-8.19,39269.2625597942,-659.6383232550305,5.0,8.04,3.0,5402.4378674587,-5402.4378674587,3138.0483456800653,15.0,116.83198947648592,14308.219178082192,0,1,0,0,0,0
6317,-10.99,41116.24986490829,-659.6383232550305,5.0,8.04,3.0,7249.425172572785,-7249.425172572785,3138.0483456800653,15.0,116.83198947648592,14308.219178082192,0,1,0,0,0,0
6318,17.66,22217.611903651665,-659.6383232550305,5.0,8.04,3.0,-11649.212788683839,11649.212788683839,3138.0483456800653,15.0,116.83198947648592,14308.219178082192,0,1,0,0,0,0
6319,32.74,12270.265988965803,-659.6383232550305,5.0,8.04,3.0,-21596.5587033697,21596.5587033697,3138.0483456800653,15.0,116.83198947648592,14308.219178082192,0,1,0,0,0,0
6320,48.02,2190.99240962894,-659.6383232550305,5.0,8.04,3.0,-31675.832282706568,31675.832282706568,3138.0483456800653,15.0,116.83198947648592,14308.219178082192,0,1,0,0,0,0
6321,45.41,3912.648433324572,-659.6383232550305,5.0,8.04,3.0,-29954.176259010932,29954.176259010932,3138.0483456800653,15.0,116.83198947648592,14308.219178082192,0,1,0,0,0,0
6322,44.98,4196.292912324236,-659.6383232550305,5.0,8.04,3.0,-29670.53178001127,29670.53178001127,3138.0483456800653,15.0,116.83198947648592,14308.219178082192,0,1,0,0,0,0
6323,67.51,1600.3990816059131,650.0,0,8.04,3.0,43881.5,-43881.5,15071.972825128516,0,556.8949724310688,14308.219178082192,1,0,0,0,0,0
6324,50.22,739.7880984678709,-659.6383232550305,5.0,8.04,3.0,-33127.03659386763,33127.03659386763,3138.0483456800653,15.0,116.83198947648592,14308.219178082192,0,1,0,0,0,0
6325,54.7,-2215.391589714665,-659.6383232550305,5.0,8.04,3.0,-36082.21628205017,36082.21628205017,3138.0483456800653,15.0,116.83198947648592,14308.219178082192,0,1,0,0,0,0
6326,54.05,-1786.6266795988918,-659.6383232550305,5.0,8.04,3.0,-35653.451371934396,35653.451371934396,3138.0483456800653,15.0,116.83198947648592,14308.219178082192,0,1,0,0,0,0
6327,41.3,6623.761941902747,-659.6383232550305,5.0,8.04,3.0,-27243.062750432757,27243.062750432757,3138.0483456800653,15.0,116.83198947648592,14308.219178082192,0,1,0,0,0,0
6328,29.92,14130.44606054499,-659.6383232550305,5.0,8.04,3.0,-19736.378631790514,19736.378631790514,3138.0483456800653,15.0,116.83198947648592,14308.219178082192,0,1,0,0,0,0
6329,22.29,19163.486466980874,-659.6383232550305,5.0,8.04,3.0,-14703.33822535463,14703.33822535463,3138.0483456800653,15.0,116.83198947648592,14308.219178082192,0,1,0,0,0,0
6330,50.09,825.5410804910211,-659.6383232550305,5.0,8.04,3.0,-33041.28361184448,33041.28361184448,3138.0483456800653,15.0,116.83198947648592,14308.219178082192,0,1,0,0,0,0
6331,59.93,-3326.600918394087,650.0,0,8.04,3.0,38954.5,-38954.5,15071.972825128516,0,556.8949724310688,14308.219178082192,1,0,0,0,0,0
6332,38.58,8417.978181156424,-659.6383232550305,5.0,8.04,3.0,-25448.846511179076,25448.846511179076,3138.0483456800653,15.0,116.83198947648592,14308.219178082192,0,1,0,0,0,0
6333,33.09,12039.39257582654,-659.6383232550305,5.0,8.04,3.0,-21827.43211650896,21827.43211650896,3138.0483456800653,15.0,116.83198947648592,14308.219178082192,0,1,0,0,0,0
6334,17.43,22369.328718000324,-659.6383232550305,5.0,8.04,3.0,-11497.495974335181,11497.495974335181,3138.0483456800653,15.0,116.83198947648592,14308.219178082192,0,1,0,0,0,0
6335,27.48,15739.963569287265,-659.6383232550305,5.0,8.04,3.0,-18126.86112304824,18126.86112304824,3138.0483456800653,15.0,116.83198947648592,14308.219178082192,0,1,0,0,0,0
6336,29.25,14572.40373712586,-659.6383232550305,5.0,8.04,3.0,-19294.420955209644,19294.420955209644,3138.0483456800653,15.0,116.83198947648592,14308.219178082192,0,1,0,0,0,0
6337,30.06,14038.096695289285,-659.6383232550305,5.0,8.04,3.0,-19828.727997046215,19828.727997046215,3138.0483456800653,15.0,116.83198947648592,14308.219178082192,0,1,0,0,0,0
6338,37.16,9354.66460017857,-659.6383232550305,5.0,8.04,3.0,-24512.160092156933,24512.160092156933,3138.0483456800653,15.0,116.83198947648592,14308.219178082192,0,1,0,0,0,0
6339,36.98,9473.399498364477,-659.6383232550305,5.0,8.04,3.0,-24393.425193971027,24393.425193971027,3138.0483456800653,15.0,116.83198947648592,14308.219178082192,0,1,0,0,0,0
6340,32.52,12415.386420081912,-659.6383232550305,5.0,8.04,3.0,-21451.438272253596,21451.438272253596,3138.0483456800653,15.0,116.83198947648592,14308.219178082192,0,1,0,0,0,0
6341,47.42,2586.7754035819567,-659.6383232550305,5.0,8.04,3.0,-31280.049288753547,31280.049288753547,3138.0483456800653,15.0,116.83198947648592,14308.219178082192,0,1,0,0,0,0
6342,56.79,-3594.0356853176777,-659.6383232550305,5.0,8.04,3.0,-37460.86037765318,37460.86037765318,3138.0483456800653,15.0,116.83198947648592,14308.219178082192,0,1,0,0,0,0
6343,56.69,-3528.071852992172,-659.6383232550305,5.0,8.04,3.0,-37394.896545327676,37394.896545327676,3138.0483456800653,15.0,116.83198947648592,14308.219178082192,0,1,0,0,0,0
6344,53.26,-1265.5124042274178,-659.6383232550305,5.0,8.04,3.0,-35132.33709656292,35132.33709656292,3138.0483456800653,15.0,116.83198947648592,14308.219178082192,0,1,0,0,0,0
6345,56.12,-3152.0780087368034,-659.6383232550305,5.0,8.04,3.0,-37018.90270107231,37018.90270107231,3138.0483456800653,15.0,116.83198947648592,14308.219178082192,0,1,0,0,0,0
6346,57.25,-3897.46931401499,-659.6383232550305,5.0,8.04,3.0,-37764.294006350494,37764.294006350494,3138.0483456800653,15.0,116.83198947648592,14308.219178082192,0,1,0,0,0,0
6347,57.63,-4148.131876851905,-659.6383232550305,5.0,8.04,3.0,-38014.95656918741,38014.95656918741,3138.0483456800653,15.0,116.83198947648592,14308.219178082192,0,1,0,0,0,0
6348,61.13,-2546.600918394087,650.0,0,8.04,3.0,39734.5,-39734.5,15071.972825128516,0,556.8949724310688,14308.219178082192,1,0,0,0,0,0
6349,59.02,-3918.100918394087,650.0,0,8.04,3.0,38363.0,-38363.0,15071.972825128516,0,556.8949724310688,14308.219178082192,1,0,0,0,0,0
6350,55.42,-2690.3311824582847,-659.6383232550305,5.0,8.04,3.0,-36557.15587479379,36557.15587479379,3138.0483456800653,15.0,116.83198947648592,14308.219178082192,0,1,0,0,0,0
6351,55.8,-2940.993745295192,-659.6383232550305,5.0,8.04,3.0,-36807.8184376307,36807.8184376307,3138.0483456800653,15.0,116.83198947648592,14308.219178082192,0,1,0,0,0,0
6352,57.07,-3778.7344158290866,-659.6383232550305,5.0,8.04,3.0,-37645.55910816459,37645.55910816459,3138.0483456800653,15.0,116.83198947648592,14308.219178082192,0,1,0,0,0,0
6353,56.35,-3303.7948230854668,-659.6383232550305,5.0,8.04,3.0,-37170.61951542097,37170.61951542097,3138.0483456800653,15.0,116.83198947648592,14308.219178082192,0,1,0,0,0,0
6354,56.91,-3673.1922841082774,-659.6383232550305,5.0,8.04,3.0,-37540.01697644378,37540.01697644378,3138.0483456800653,15.0,116.83198947648592,14308.219178082192,0,1,0,0,0,0
6355,61.84,-2085.100918394087,650.0,0,8.04,3.0,40196.0,-40196.0,15071.972825128516,0,556.8949724310688,14308.219178082192,1,0,0,0,0,0
6356,53.09,-1153.3738892740653,-659.6383232550305,5.0,8.04,3.0,-35020.19858160957,35020.19858160957,3138.0483456800653,15.0,116.83198947648592,14308.219178082192,0,1,0,0,0,0
6357,49.17,1432.4083378856526,-659.6383232550305,5.0,8.04,3.0,-32434.41635444985,32434.41635444985,3138.0483456800653,15.0,116.83198947648592,14308.219178082192,0,1,0,0,0,0
6358,43.77,4994.455283462816,-659.6383232550305,5.0,8.04,3.0,-28872.369408872688,28872.369408872688,3138.0483456800653,15.0,116.83198947648592,14308.219178082192,0,1,0,0,0,0
6359,30.66,13642.313701336268,-659.6383232550305,5.0,8.04,3.0,-20224.510990999235,20224.510990999235,3138.0483456800653,15.0,116.83198947648592,14308.219178082192,0,1,0,0,0,0
6360,14.88,24051.40644230065,-659.6383232550305,5.0,8.04,3.0,-9815.418250034854,9815.418250034854,3138.0483456800653,15.0,116.83198947648592,14308.219178082192,0,1,0,0,0,0
6361,14.91,24031.617292602998,-659.6383232550305,5.0,8.04,3.0,-9835.207399732504,9835.207399732504,3138.0483456800653,15.0,116.83198947648592,14308.219178082192,0,1,0,0,0,0
6362,14.21,24493.36411888152,-659.6383232550305,5.0,8.04,3.0,-9373.460573453984,9373.460573453984,3138.0483456800653,15.0,116.83198947648592,14308.219178082192,0,1,0,0,0,0
6363,3.52,31544.897794477794,-659.6383232550305,5.0,8.04,3.0,-2321.9268978577074,2321.9268978577074,3138.0483456800653,15.0,116.83198947648592,14308.219178082192,0,1,0,0,0,0
6364,4.86,30660.982441316057,-659.6383232550305,5.0,8.04,3.0,-3205.8422510194487,3205.8422510194487,3138.0483456800653,15.0,116.83198947648592,14308.219178082192,0,1,0,0,0,0
6365,-4.25,36670.28756616938,-659.6383232550305,5.0,8.04,3.0,2803.4628738338797,-2803.4628738338797,3138.0483456800653,15.0,116.83198947648592,14308.219178082192,0,1,0,0,0,0
6366,24.24,17877.191736633566,-659.6383232550305,5.0,8.04,3.0,-15989.632955701938,15989.632955701938,3138.0483456800653,15.0,116.83198947648592,14308.219178082192,0,1,0,0,0,0
6367,21.02,20001.22713751476,-659.6383232550305,5.0,8.04,3.0,-13865.59755482074,13865.59755482074,3138.0483456800653,15.0,116.83198947648592,14308.219178082192,0,1,0,0,0,0
6368,37.89,8873.1286242024,-659.6383232550305,5.0,8.04,3.0,-24993.696068133107,24993.696068133107,3138.0483456800653,15.0,116.83198947648592,14308.219178082192,0,1,0,0,0,0
6369,51.58,-157.32002115896424,-659.6383232550305,5.0,8.04,3.0,-34024.144713494476,34024.144713494476,3138.0483456800653,15.0,116.83198947648592,14308.219178082192,0,1,0,0,0,0
6370,44.47,4532.708457184297,-659.6383232550305,5.0,8.04,3.0,-29334.116235151207,29334.116235151207,3138.0483456800653,15.0,116.83198947648592,14308.219178082192,0,1,0,0,0,0
6371,47.33,2646.142852674912,-659.6383232550305,5.0,8.04,3.0,-31220.681839660592,31220.681839660592,3138.0483456800653,15.0,116.83198947648592,14308.219178082192,0,1,0,0,0,0
6372,27.81,15522.282922613107,-659.6383232550305,5.0,8.04,3.0,-18344.541769722397,18344.541769722397,3138.0483456800653,15.0,116.83198947648592,14308.219178082192,0,1,0,0,0,0
6373,16.08,23259.840454394616,-659.6383232550305,5.0,8.04,3.0,-10606.98423794089,10606.98423794089,3138.0483456800653,15.0,116.83198947648592,14308.219178082192,0,1,0,0,0,0
6374,8.37,28345.651926690898,-659.6383232550305,5.0,8.04,3.0,-5521.172765644605,5521.172765644605,3138.0483456800653,15.0,116.83198947648592,14308.219178082192,0,1,0,0,0,0
6375,5.83,30021.133267758676,-659.6383232550305,5.0,8.04,3.0,-3845.691424576828,3845.691424576828,3138.0483456800653,15.0,116.83198947648592,14308.219178082192,0,1,0,0,0,0
6376,37.98,8813.761175109448,-659.6383232550305,5.0,8.04,3.0,-25053.063517226055,25053.063517226055,3138.0483456800653,15.0,116.83198947648592,14308.219178082192,0,1,0,0,0,0
6377,41.21,6683.1293909956985,-659.6383232550305,5.0,8.04,3.0,-27183.69530133981,27183.69530133981,3138.0483456800653,15.0,116.83198947648592,14308.219178082192,0,1,0,0,0,0
6378,55.44,-2703.523948923386,-659.6383232550305,5.0,8.04,3.0,-36570.34864125889,36570.34864125889,3138.0483456800653,15.0,116.83198947648592,14308.219178082192,0,1,0,0,0,0
6379,68.2,2048.899081605913,650.0,0,8.04,3.0,44330.0,-44330.0,15071.972825128516,0,556.8949724310688,14308.219178082192,1,0,0,0,0,0
6380,53.82,-1634.9098652502357,-659.6383232550305,5.0,8.04,3.0,-35501.73455758574,35501.73455758574,3138.0483456800653,15.0,116.83198947648592,14308.219178082192,0,1,0,0,0,0
6381,50.39,627.6495835145183,-659.6383232550305,5.0,8.04,3.0,-33239.175108820986,33239.175108820986,3138.0483456800653,15.0,116.83198947648592,14308.219178082192,0,1,0,0,0,0
6382,34.92,10832.254444269834,-659.6383232550305,5.0,8.04,3.0,-23034.570248065666,23034.570248065666,3138.0483456800653,15.0,116.83198947648592,14308.219178082192,0,1,0,0,0,0
6383,45.09,4123.732696766176,-659.6383232550305,5.0,8.04,3.0,-29743.091995569328,29743.091995569328,3138.0483456800653,15.0,116.83198947648592,14308.219178082192,0,1,0,0,0,0
6384,37.32,9249.122468457765,-659.6383232550305,5.0,8.04,3.0,-24617.70222387774,24617.70222387774,3138.0483456800653,15.0,116.83198947648592,14308.219178082192,0,1,0,0,0,0
6385,37.05,9427.224815736627,-659.6383232550305,5.0,8.04,3.0,-24439.599876598877,24439.599876598877,3138.0483456800653,15.0,116.83198947648592,14308.219178082192,0,1,0,0,0,0
6386,35.88,10199.001653945004,-659.6383232550305,5.0,8.04,3.0,-23667.823038390496,23667.823038390496,3138.0483456800653,15.0,116.83198947648592,14308.219178082192,0,1,0,0,0,0
6387,33.24,11940.446827338288,-659.6383232550305,5.0,8.04,3.0,-21926.377864997216,21926.377864997216,3138.0483456800653,15.0,116.83198947648592,14308.219178082192,0,1,0,0,0,0
6388,36.27,9941.742707875546,-659.6383232550305,5.0,8.04,3.0,-23925.081984459957,23925.081984459957,3138.0483456800653,15.0,116.83198947648592,14308.219178082192,0,1,0,0,0,0
6389,25.29,17184.571497215784,-659.6383232550305,5.0,8.04,3.0,-16682.25319511972,16682.25319511972,3138.0483456800653,15.0,116.83198947648592,14308.219178082192,0,1,0,0,0,0
6390,23.48,18378.516862307388,-659.6383232550305,5.0,8.04,3.0,-15488.307830028116,15488.307830028116,3138.0483456800653,15.0,116.83198947648592,14308.219178082192,0,1,0,0,0,0
6391,24.71,17567.1617247037,-659.6383232550305,5.0,8.04,3.0,-16299.662967631804,16299.662967631804,3138.0483456800653,15.0,116.83198947648592,14308.219178082192,0,1,0,0,0,0
6392,39.19,8015.598803970857,-659.6383232550305,5.0,8.04,3.0,-25851.225888364643,25851.225888364643,3138.0483456800653,15.0,116.83198947648592,14308.219178082192,0,1,0,0,0,0
6393,47.9,2270.1490084195434,-659.6383232550305,5.0,8.04,3.0,-31596.67568391596,31596.67568391596,3138.0483456800653,15.0,116.83198947648592,14308.219178082192,0,1,0,0,0,0
6394,48.72,1729.2455833504214,-659.6383232550305,5.0,8.04,3.0,-32137.579108985086,32137.579108985086,3138.0483456800653,15.0,116.83198947648592,14308.219178082192,0,1,0,0,0,0
6395,46.41,3253.0101100695397,-659.6383232550305,5.0,8.04,3.0,-30613.814582265964,30613.814582265964,3138.0483456800653,15.0,116.83198947648592,14308.219178082192,0,1,0,0,0,0
6396,17.15,22554.027448511733,-659.6383232550305,5.0,8.04,3.0,-11312.797243823772,11312.797243823772,3138.0483456800653,15.0,116.83198947648592,14308.219178082192,0,1,0,0,0,0
6397,18.85,21432.64229897818,-659.6383232550305,5.0,8.04,3.0,-12434.182393357327,12434.182393357327,3138.0483456800653,15.0,116.83198947648592,14308.219178082192,0,1,0,0,0,0
6398,2.88,31967.066321361017,-659.6383232550305,5.0,8.04,3.0,-1899.758370974488,1899.758370974488,3138.0483456800653,15.0,116.83198947648592,14308.219178082192,0,1,0,0,0,0
6399,2.37,32303.481866221082,-659.6383232550305,5.0,8.04,3.0,-1563.3428261144225,1563.3428261144225,3138.0483456800653,15.0,116.83198947648592,14308.219178082192,0,1,0,0,0,0
6400,3.9,31294.235231640883,-659.6383232550305,5.0,8.04,3.0,-2572.589460694619,2572.589460694619,3138.0483456800653,15.0,116.83198947648592,14308.219178082192,0,1,0,0,0,0
6401,6.41,29638.543040270757,-659.6383232550305,5.0,8.04,3.0,-4228.281652064746,4228.281652064746,3138.0483456800653,15.0,116.83198947648592,14308.219178082192,0,1,0,0,0,0
6402,10.86,26703.152501785873,-659.6383232550305,5.0,8.04,3.0,-7163.672190549631,7163.672190549631,3138.0483456800653,15.0,116.83198947648592,14308.219178082192,0,1,0,0,0,0
6403,10.4,27006.586130483185,-659.6383232550305,5.0,8.04,3.0,-6860.238561852318,6860.238561852318,3138.0483456800653,15.0,116.83198947648592,14308.219178082192,0,1,0,0,0,0
6404,7.64,28827.187902667072,-659.6383232550305,5.0,8.04,3.0,-5039.636789668433,5039.636789668433,3138.0483456800653,15.0,116.83198947648592,14308.219178082192,0,1,0,0,0,0
6405,-8.01,39150.5276616083,-659.6383232550305,5.0,8.04,3.0,5283.702969272795,-5283.702969272795,3138.0483456800653,15.0,116.83198947648592,14308.219178082192,0,1,0,0,0,0
6406,-16.4,44684.893193718,-659.6383232550305,5.0,8.04,3.0,10818.068501382499,-10818.068501382499,3138.0483456800653,15.0,116.83198947648592,14308.219178082192,0,1,0,0,0,0
6407,-14.68,43550.31527771935,-659.6383232550305,5.0,8.04,3.0,9683.490585383848,-9683.490585383848,3138.0483456800653,15.0,116.83198947648592,14308.219178082192,0,1,0,0,0,0
6408,-14.94,43721.82124176566,-659.6383232550305,5.0,8.04,3.0,9854.996549430156,-9854.996549430156,3138.0483456800653,15.0,116.83198947648592,14308.219178082192,0,1,0,0,0,0
6409,-11.07,41169.02093076869,-659.6383232550305,5.0,8.04,3.0,7302.196238433188,-7302.196238433188,3138.0483456800653,15.0,116.83198947648592,14308.219178082192,0,1,0,0,0,0
6410,-10.93,41076.67156551299,-659.6383232550305,5.0,8.04,3.0,7209.846873177484,-7209.846873177484,3138.0483456800653,15.0,116.83198947648592,14308.219178082192,0,1,0,0,0,0
6411,-15.78,44275.91743329988,-659.6383232550305,5.0,8.04,3.0,10409.092740964381,-10409.092740964381,3138.0483456800653,15.0,116.83198947648592,14308.219178082192,0,1,0,0,0,0
6412,-21.59,48108.416091411615,-659.6383232550305,5.0,8.04,3.0,14241.59139907611,-14241.59139907611,3138.0483456800653,15.0,116.83198947648592,14308.219178082192,0,1,0,0,0,0
6413,-21.46,48022.66310938846,-659.6383232550305,5.0,8.04,3.0,14155.838417052955,-14155.838417052955,3138.0483456800653,15.0,116.83198947648592,14308.219178082192,0,1,0,0,0,0
6414,-10.48,40779.83432004822,-659.6383232550305,5.0,8.04,3.0,6913.00962771272,-6913.00962771272,3138.0483456800653,15.0,116.83198947648592,14308.219178082192,0,1,0,0,0,0
6415,-14.48,43418.38761306835,-659.6383232550305,5.0,8.04,3.0,9551.562920732842,-9551.562920732842,3138.0483456800653,15.0,116.83198947648592,14308.219178082192,0,1,0,0,0,0
6416,-13.31,42646.61077485996,-659.6383232550305,5.0,8.04,3.0,8779.786082524457,-8779.786082524457,3138.0483456800653,15.0,116.83198947648592,14308.219178082192,0,1,0,0,0,0
6417,8.25,28424.8085254815,-659.6383232550305,5.0,8.04,3.0,-5442.016166854001,5442.016166854001,3138.0483456800653,15.0,116.83198947648592,14308.219178082192,0,1,0,0,0,0
6418,3.48,31571.283327407997,-659.6383232550305,5.0,8.04,3.0,-2295.541364927506,2295.541364927506,3138.0483456800653,15.0,116.83198947648592,14308.219178082192,0,1,0,0,0,0
6419,-17.86,45647.96514567034,-659.6383232550305,5.0,8.04,3.0,11781.140453334845,-11781.140453334845,3138.0483456800653,15.0,116.83198947648592,14308.219178082192,0,1,0,0,0,0
6420,-11.65,41551.61115825661,-659.6383232550305,5.0,8.04,3.0,7684.786465921105,-7684.786465921105,3138.0483456800653,15.0,116.83198947648592,14308.219178082192,0,1,0,0,0,0
6421,-4.45,36802.21523082039,-659.6383232550305,5.0,8.04,3.0,2935.390538484886,-2935.390538484886,3138.0483456800653,15.0,116.83198947648592,14308.219178082192,0,1,0,0,0,0
6422,2.3,32349.656548848932,-659.6383232550305,5.0,8.04,3.0,-1517.16814348657,1517.16814348657,3138.0483456800653,15.0,116.83198947648592,14308.219178082192,0,1,0,0,0,0
6423,-8.24,39302.244475956955,-659.6383232550305,5.0,8.04,3.0,5435.419783621452,-5435.419783621452,3138.0483456800653,15.0,116.83198947648592,14308.219178082192,0,1,0,0,0,0
6424,-11.88,41703.327972605264,-659.6383232550305,5.0,8.04,3.0,7836.503280269763,-7836.503280269763,3138.0483456800653,15.0,116.83198947648592,14308.219178082192,0,1,0,0,0,0
6425,-2.74,35674.23369805429,-659.6383232550305,5.0,8.04,3.0,1807.4090057187836,-1807.4090057187836,3138.0483456800653,15.0,116.83198947648592,14308.219178082192,0,1,0,0,0,0
6426,14.65,24203.123256649305,-659.6383232550305,5.0,8.04,3.0,-9663.701435686196,9663.701435686196,3138.0483456800653,15.0,116.83198947648592,14308.219178082192,0,1,0,0,0,0
6427,45.36,3945.6303494873214,-659.6383232550305,5.0,8.04,3.0,-29921.194342848183,29921.194342848183,3138.0483456800653,15.0,116.83198947648592,14308.219178082192,0,1,0,0,0,0
6428,13.5,24961.707328392593,-659.6383232550305,5.0,8.04,3.0,-8905.117363942913,8905.117363942913,3138.0483456800653,15.0,116.83198947648592,14308.219178082192,0,1,0,0,0,0
6429,-8.64,39566.09980525897,-659.6383232550305,5.0,8.04,3.0,5699.275112923464,-5699.275112923464,3138.0483456800653,15.0,116.83198947648592,14308.219178082192,0,1,0,0,0,0
6430,-12.93,42395.948212023046,-659.6383232550305,5.0,8.04,3.0,8529.123519687544,-8529.123519687544,3138.0483456800653,15.0,116.83198947648592,14308.219178082192,0,1,0,0,0,0
6431,-3.85,36406.432236867375,-659.6383232550305,5.0,8.04,3.0,2539.6075445318675,-2539.6075445318675,3138.0483456800653,15.0,116.83198947648592,14308.219178082192,0,1,0,0,0,0
6432,-5.47,37475.04632054052,-659.6383232550305,5.0,8.04,3.0,3608.2216282050167,-3608.2216282050167,3138.0483456800653,15.0,116.83198947648592,14308.219178082192,0,1,0,0,0,0
6433,-6.27,38002.75697914454,-659.6383232550305,5.0,8.04,3.0,4135.932286809041,-4135.932286809041,3138.0483456800653,15.0,116.83198947648592,14308.219178082192,0,1,0,0,0,0
6434,1.8,32679.47571047645,-659.6383232550305,5.0,8.04,3.0,-1187.348981859055,1187.348981859055,3138.0483456800653,15.0,116.83198947648592,14308.219178082192,0,1,0,0,0,0
6435,18.89,21406.256766047976,-659.6383232550305,5.0,8.04,3.0,-12460.567926287527,12460.567926287527,3138.0483456800653,15.0,116.83198947648592,14308.219178082192,0,1,0,0,0,0
6436,28.38,15146.289078357739,-659.6383232550305,5.0,8.04,3.0,-18720.535613977765,18720.535613977765,3138.0483456800653,15.0,116.83198947648592,14308.219178082192,0,1,0,0,0,0
6437,41.07,6775.478756251399,-659.6383232550305,5.0,8.04,3.0,-27091.345936084104,27091.345936084104,3138.0483456800653,15.0,116.83198947648592,14308.219178082192,0,1,0,0,0,0
6438,47.26,2692.3175353027623,-659.6383232550305,5.0,8.04,3.0,-31174.50715703274,31174.50715703274,3138.0483456800653,15.0,116.83198947648592,14308.219178082192,0,1,0,0,0,0
6439,50.01,878.3121463514331,-659.6383232550305,5.0,8.04,3.0,-32988.51254598408,32988.51254598408,3138.0483456800653,15.0,116.83198947648592,14308.219178082192,0,1,0,0,0,0
6440,47.27,2685.7211520702117,-659.6383232550305,5.0,8.04,3.0,-31181.103540265296,31181.103540265296,3138.0483456800653,15.0,116.83198947648592,14308.219178082192,0,1,0,0,0,0
6441,50.25,719.9989487702192,-659.6383232550305,5.0,8.04,3.0,-33146.825743565285,33146.825743565285,3138.0483456800653,15.0,116.83198947648592,14308.219178082192,0,1,0,0,0,0
6442,46.56,3154.0643615812846,-659.6383232550305,5.0,8.04,3.0,-30712.760330754223,30712.760330754223,3138.0483456800653,15.0,116.83198947648592,14308.219178082192,0,1,0,0,0,0
6443,29.11,14664.753102381568,-659.6383232550305,5.0,8.04,3.0,-19202.07158995394,19202.07158995394,3138.0483456800653,15.0,116.83198947648592,14308.219178082192,0,1,0,0,0,0
6444,24.65,17606.740024099003,-659.6383232550305,5.0,8.04,3.0,-16260.0846682365,16260.0846682365,3138.0483456800653,15.0,116.83198947648592,14308.219178082192,0,1,0,0,0,0
6445,25.22,17230.746179843638,-659.6383232550305,5.0,8.04,3.0,-16636.07851249187,16636.07851249187,3138.0483456800653,15.0,116.83198947648592,14308.219178082192,0,1,0,0,0,0
6446,22.55,18991.980502934566,-659.6383232550305,5.0,8.04,3.0,-14874.84418940094,14874.84418940094,3138.0483456800653,15.0,116.83198947648592,14308.219178082192,0,1,0,0,0,0
6447,26.75,16221.49954526344,-659.6383232550305,5.0,8.04,3.0,-17645.325147072068,17645.325147072068,3138.0483456800653,15.0,116.83198947648592,14308.219178082192,0,1,0,0,0,0
6448,40.03,7461.50261243663,-659.6383232550305,5.0,8.04,3.0,-26405.322079898873,26405.322079898873,3138.0483456800653,15.0,116.83198947648592,14308.219178082192,0,1,0,0,0,0
6449,62.53,-1636.6009183940869,650.0,0,8.04,3.0,40644.5,-40644.5,15071.972825128516,0,556.8949724310688,14308.219178082192,1,0,0,0,0,0
6450,161.54,62719.89908160592,650.0,0,8.04,3.0,105001.0,-105001.0,15071.972825128516,0,556.8949724310688,14308.219178082192,1,0,0,0,0,0
6451,66.82,1151.8990816059058,650.0,0,8.04,3.0,43432.99999999999,-43432.99999999999,15071.972825128516,0,556.8949724310688,14308.219178082192,1,0,0,0,0,0
6452,56.76,-3574.246535620026,-659.6383232550305,5.0,8.04,3.0,-37441.07122795553,37441.07122795553,3138.0483456800653,15.0,116.83198947648592,14308.219178082192,0,1,0,0,0,0
6453,47.75,2369.0947569077985,-659.6383232550305,5.0,8.04,3.0,-31497.729935427706,31497.729935427706,3138.0483456800653,15.0,116.83198947648592,14308.219178082192,0,1,0,0,0,0
6454,41.73,6340.117462903083,-659.6383232550305,5.0,8.04,3.0,-27526.70722943242,27526.70722943242,3138.0483456800653,15.0,116.83198947648592,14308.219178082192,0,1,0,0,0,0
6455,39.29,7949.634971645359,-659.6383232550305,5.0,8.04,3.0,-25917.18972069015,25917.18972069015,3138.0483456800653,15.0,116.83198947648592,14308.219178082192,0,1,0,0,0,0
6456,32.77,12250.476839268154,-659.6383232550305,5.0,8.04,3.0,-21616.347853067353,21616.347853067353,3138.0483456800653,15.0,116.83198947648592,14308.219178082192,0,1,0,0,0,0
6457,28.64,14974.78311431143,-659.6383232550305,5.0,8.04,3.0,-18892.041578024073,18892.041578024073,3138.0483456800653,15.0,116.83198947648592,14308.219178082192,0,1,0,0,0,0
6458,27.05,16023.608048286926,-659.6383232550305,5.0,8.04,3.0,-17843.216644048574,17843.216644048574,3138.0483456800653,15.0,116.83198947648592,14308.219178082192,0,1,0,0,0,0
6459,27.1,15990.626132124176,-659.6383232550305,5.0,8.04,3.0,-17876.198560211327,17876.198560211327,3138.0483456800653,15.0,116.83198947648592,14308.219178082192,0,1,0,0,0,0
6460,29.37,14493.247138335257,-659.6383232550305,5.0,8.04,3.0,-19373.577554000247,19373.577554000247,3138.0483456800653,15.0,116.83198947648592,14308.219178082192,0,1,0,0,0,0
6461,34.26,11267.615737618162,-659.6383232550305,5.0,8.04,3.0,-22599.208954717345,22599.208954717345,3138.0483456800653,15.0,116.83198947648592,14308.219178082192,0,1,0,0,0,0
6462,57.19,-3857.8910146196863,-659.6383232550305,5.0,8.04,3.0,-37724.71570695519,37724.71570695519,3138.0483456800653,15.0,116.83198947648592,14308.219178082192,0,1,0,0,0,0
6463,46.8,2995.751164000078,-659.6383232550305,5.0,8.04,3.0,-30871.073528335426,30871.073528335426,3138.0483456800653,15.0,116.83198947648592,14308.219178082192,0,1,0,0,0,0
6464,37.64,9038.038205016157,-659.6383232550305,5.0,8.04,3.0,-24828.78648731935,24828.78648731935,3138.0483456800653,15.0,116.83198947648592,14308.219178082192,0,1,0,0,0,0
6465,41.01,6815.057055646703,-659.6383232550305,5.0,8.04,3.0,-27051.7676366888,27051.7676366888,3138.0483456800653,15.0,116.83198947648592,14308.219178082192,0,1,0,0,0,0
6466,38.1,8734.604576318841,-659.6383232550305,5.0,8.04,3.0,-25132.220116016662,25132.220116016662,3138.0483456800653,15.0,116.83198947648592,14308.219178082192,0,1,0,0,0,0
6467,38.04,8774.182875714141,-659.6383232550305,5.0,8.04,3.0,-25092.64181662136,25092.64181662136,3138.0483456800653,15.0,116.83198947648592,14308.219178082192,0,1,0,0,0,0
6468,38.27,8622.466061365485,-659.6383232550305,5.0,8.04,3.0,-25244.35863097002,25244.35863097002,3138.0483456800653,15.0,116.83198947648592,14308.219178082192,0,1,0,0,0,0
6469,39.5,7811.1109237618,-659.6383232550305,5.0,8.04,3.0,-26055.713768573707,26055.713768573707,3138.0483456800653,15.0,116.83198947648592,14308.219178082192,0,1,0,0,0,0
6470,44.11,4770.178253556111,-659.6383232550305,5.0,8.04,3.0,-29096.646438779397,29096.646438779397,3138.0483456800653,15.0,116.83198947648592,14308.219178082192,0,1,0,0,0,0
6471,46.77,3015.5403136977225,-659.6383232550305,5.0,8.04,3.0,-30851.284378637778,30851.284378637778,3138.0483456800653,15.0,116.83198947648592,14308.219178082192,0,1,0,0,0,0
6472,46.45,3226.6245771393374,-659.6383232550305,5.0,8.04,3.0,-30640.20011519617,30640.20011519617,3138.0483456800653,15.0,116.83198947648592,14308.219178082192,0,1,0,0,0,0
6473,49.65,1115.7819427232394,-659.6383232550305,5.0,8.04,3.0,-32751.042749612265,32751.042749612265,3138.0483456800653,15.0,116.83198947648592,14308.219178082192,0,1,0,0,0,0
6474,55.48,-2729.909481853588,-659.6383232550305,5.0,8.04,3.0,-36596.73417418909,36596.73417418909,3138.0483456800653,15.0,116.83198947648592,14308.219178082192,0,1,0,0,0,0
6475,42.88,5581.533391159795,-659.6383232550305,5.0,8.04,3.0,-28285.291301175712,28285.291301175712,3138.0483456800653,15.0,116.83198947648592,14308.219178082192,0,1,0,0,0,0
6476,31.98,12771.591114639628,-659.6383232550305,5.0,8.04,3.0,-21095.233577695875,21095.233577695875,3138.0483456800653,15.0,116.83198947648592,14308.219178082192,0,1,0,0,0,0
6477,15.65,23543.484933394277,-659.6383232550305,5.0,8.04,3.0,-10323.339758941227,10323.339758941227,3138.0483456800653,15.0,116.83198947648592,14308.219178082192,0,1,0,0,0,0
6478,16.39,23055.352574185556,-659.6383232550305,5.0,8.04,3.0,-10811.47211814995,10811.47211814995,3138.0483456800653,15.0,116.83198947648592,14308.219178082192,0,1,0,0,0,0
6479,22.05,19321.79966456208,-659.6383232550305,5.0,8.04,3.0,-14545.025027773423,14545.025027773423,3138.0483456800653,15.0,116.83198947648592,14308.219178082192,0,1,0,0,0,0
6480,24.0,18035.50493421477,-659.6383232550305,5.0,8.04,3.0,-15831.319758120731,15831.319758120731,3138.0483456800653,15.0,116.83198947648592,14308.219178082192,0,1,0,0,0,0
6481,22.2,19222.85391607383,-659.6383232550305,5.0,8.04,3.0,-14643.970776261676,14643.970776261676,3138.0483456800653,15.0,116.83198947648592,14308.219178082192,0,1,0,0,0,0
6482,25.1,17309.902778634238,-659.6383232550305,5.0,8.04,3.0,-16556.921913701266,16556.921913701266,3138.0483456800653,15.0,116.83198947648592,14308.219178082192,0,1,0,0,0,0
6483,25.74,16887.73425175102,-659.6383232550305,5.0,8.04,3.0,-16979.090440584485,16979.090440584485,3138.0483456800653,15.0,116.83198947648592,14308.219178082192,0,1,0,0,0,0
6484,26.71,16247.885078193638,-659.6383232550305,5.0,8.04,3.0,-17618.939614141866,17618.939614141866,3138.0483456800653,15.0,116.83198947648592,14308.219178082192,0,1,0,0,0,0
6485,24.26,17863.99897016846,-659.6383232550305,5.0,8.04,3.0,-16002.825722167041,16002.825722167041,3138.0483456800653,15.0,116.83198947648592,14308.219178082192,0,1,0,0,0,0
6486,35.46,10476.049749712121,-659.6383232550305,5.0,8.04,3.0,-23390.774942623382,23390.774942623382,3138.0483456800653,15.0,116.83198947648592,14308.219178082192,0,1,0,0,0,0
6487,37.34,9235.929701992663,-659.6383232550305,5.0,8.04,3.0,-24630.89499034284,24630.89499034284,3138.0483456800653,15.0,116.83198947648592,14308.219178082192,0,1,0,0,0,0
6488,35.09,10720.115929316478,-659.6383232550305,5.0,8.04,3.0,-23146.70876301902,23146.70876301902,3138.0483456800653,15.0,116.83198947648592,14308.219178082192,0,1,0,0,0,0
6489,42.06,6122.436816228917,-659.6383232550305,5.0,8.04,3.0,-27744.387876106586,27744.387876106586,3138.0483456800653,15.0,116.83198947648592,14308.219178082192,0,1,0,0,0,0
6490,41.95,6194.997031786974,-659.6383232550305,5.0,8.04,3.0,-27671.827660548533,27671.827660548533,3138.0483456800653,15.0,116.83198947648592,14308.219178082192,0,1,0,0,0,0
6491,37.08,9407.435666038971,-659.6383232550305,5.0,8.04,3.0,-24459.38902629653,24459.38902629653,3138.0483456800653,15.0,116.83198947648592,14308.219178082192,0,1,0,0,0,0
6492,45.41,3912.648433324572,-659.6383232550305,5.0,8.04,3.0,-29954.176259010932,29954.176259010932,3138.0483456800653,15.0,116.83198947648592,14308.219178082192,0,1,0,0,0,0
6493,48.29,2012.8900623500817,-659.6383232550305,5.0,8.04,3.0,-31853.934629985422,31853.934629985422,3138.0483456800653,15.0,116.83198947648592,14308.219178082192,0,1,0,0,0,0
6494,49.95,917.8904457467293,-659.6383232550305,5.0,8.04,3.0,-32948.934246588775,32948.934246588775,3138.0483456800653,15.0,116.83198947648592,14308.219178082192,0,1,0,0,0,0
6495,51.98,-421.1753504609801,-659.6383232550305,5.0,8.04,3.0,-34288.000042796484,34288.000042796484,3138.0483456800653,15.0,116.83198947648592,14308.219178082192,0,1,0,0,0,0
6496,47.32,2652.7392359074624,-659.6383232550305,5.0,8.04,3.0,-31214.085456428045,31214.085456428045,3138.0483456800653,15.0,116.83198947648592,14308.219178082192,0,1,0,0,0,0
6497,48.7,1742.438349815519,-659.6383232550305,5.0,8.04,3.0,-32124.38634251999,32124.38634251999,3138.0483456800653,15.0,116.83198947648592,14308.219178082192,0,1,0,0,0,0
6498,42.21,6023.491067740666,-659.6383232550305,5.0,8.04,3.0,-27843.333624594838,27843.333624594838,3138.0483456800653,15.0,116.83198947648592,14308.219178082192,0,1,0,0,0,0
6499,29.03,14717.52416824197,-659.6383232550305,5.0,8.04,3.0,-19149.300524093538,19149.300524093538,3138.0483456800653,15.0,116.83198947648592,14308.219178082192,0,1,0,0,0,0
6500,21.74,19526.28754477114,-659.6383232550305,5.0,8.04,3.0,-14340.537147564362,14340.537147564362,3138.0483456800653,15.0,116.83198947648592,14308.219178082192,0,1,0,0,0,0
6501,11.97,25970.953962972788,-659.6383232550305,5.0,8.04,3.0,-7895.870729362716,7895.870729362716,3138.0483456800653,15.0,116.83198947648592,14308.219178082192,0,1,0,0,0,0
6502,-3.45,36142.57690756536,-659.6383232550305,5.0,8.04,3.0,2275.752215229855,-2275.752215229855,3138.0483456800653,15.0,116.83198947648592,14308.219178082192,0,1,0,0,0,0
6503,-0.81,34401.13173417208,-659.6383232550305,5.0,8.04,3.0,534.3070418365747,-534.3070418365747,3138.0483456800653,15.0,116.83198947648592,14308.219178082192,0,1,0,0,0,0
6504,-3.3,36043.63115907711,-659.6383232550305,5.0,8.04,3.0,2176.8064667416006,-2176.8064667416006,3138.0483456800653,15.0,116.83198947648592,14308.219178082192,0,1,0,0,0,0
6505,-5.99,37818.05824863313,-659.6383232550305,5.0,8.04,3.0,3951.2335562976327,-3951.2335562976327,3138.0483456800653,15.0,116.83198947648592,14308.219178082192,0,1,0,0,0,0
6506,-2.29,35377.39645258952,-659.6383232550305,5.0,8.04,3.0,1510.5717602540199,-1510.5717602540199,3138.0483456800653,15.0,116.83198947648592,14308.219178082192,0,1,0,0,0,0
6507,-3.84,36399.835853634824,-659.6383232550305,5.0,8.04,3.0,2533.011161299317,-2533.011161299317,3138.0483456800653,15.0,116.83198947648592,14308.219178082192,0,1,0,0,0,0
6508,-1.21,34664.98706347409,-659.6383232550305,5.0,8.04,3.0,798.1623711385869,-798.1623711385869,3138.0483456800653,15.0,116.83198947648592,14308.219178082192,0,1,0,0,0,0
6509,5.02,30555.44030959525,-659.6383232550305,5.0,8.04,3.0,-3311.384382740253,3311.384382740253,3138.0483456800653,15.0,116.83198947648592,14308.219178082192,0,1,0,0,0,0
6510,16.7,22850.864693976495,-659.6383232550305,5.0,8.04,3.0,-11015.959998359009,11015.959998359009,3138.0483456800653,15.0,116.83198947648592,14308.219178082192,0,1,0,0,0,0
6511,18.43,21709.690394745292,-659.6383232550305,5.0,8.04,3.0,-12157.134297590212,12157.134297590212,3138.0483456800653,15.0,116.83198947648592,14308.219178082192,0,1,0,0,0,0
6512,26.07,16670.053605076857,-659.6383232550305,5.0,8.04,3.0,-17196.771087258647,17196.771087258647,3138.0483456800653,15.0,116.83198947648592,14308.219178082192,0,1,0,0,0,0
6513,43.1,5436.412960043686,-659.6383232550305,5.0,8.04,3.0,-28430.411732291817,28430.411732291817,3138.0483456800653,15.0,116.83198947648592,14308.219178082192,0,1,0,0,0,0
6514,25.01,17369.27022772719,-659.6383232550305,5.0,8.04,3.0,-16497.554464608314,16497.554464608314,3138.0483456800653,15.0,116.83198947648592,14308.219178082192,0,1,0,0,0,0
6515,19.7,20871.9497242114,-659.6383232550305,5.0,8.04,3.0,-12994.8749681241,12994.8749681241,3138.0483456800653,15.0,116.83198947648592,14308.219178082192,0,1,0,0,0,0
6516,23.79,18174.02898209833,-659.6383232550305,5.0,8.04,3.0,-15692.795710237175,15692.795710237175,3138.0483456800653,15.0,116.83198947648592,14308.219178082192,0,1,0,0,0,0
6517,23.89,18108.065149772825,-659.6383232550305,5.0,8.04,3.0,-15758.759542562679,15758.759542562679,3138.0483456800653,15.0,116.83198947648592,14308.219178082192,0,1,0,0,0,0
6518,22.51,19018.366035864765,-659.6383232550305,5.0,8.04,3.0,-14848.458656470739,14848.458656470739,3138.0483456800653,15.0,116.83198947648592,14308.219178082192,0,1,0,0,0,0
6519,21.29,19823.124790235903,-659.6383232550305,5.0,8.04,3.0,-14043.699902099599,14043.699902099599,3138.0483456800653,15.0,116.83198947648592,14308.219178082192,0,1,0,0,0,0
6520,29.3,14539.42182096311,-659.6383232550305,5.0,8.04,3.0,-19327.402871372393,19327.402871372393,3138.0483456800653,15.0,116.83198947648592,14308.219178082192,0,1,0,0,0,0
6521,39.93,7527.466444762136,-659.6383232550305,5.0,8.04,3.0,-26339.358247573367,26339.358247573367,3138.0483456800653,15.0,116.83198947648592,14308.219178082192,0,1,0,0,0,0
6522,64.86,-122.10091839408699,650.0,0,8.04,3.0,42159.0,-42159.0,15071.972825128516,0,556.8949724310688,14308.219178082192,1,0,0,0,0,0
6523,40.91,6881.020887972209,-659.6383232550305,5.0,8.04,3.0,-26985.803804363295,26985.803804363295,3138.0483456800653,15.0,116.83198947648592,14308.219178082192,0,1,0,0,0,0
6524,23.96,18061.89046714497,-659.6383232550305,5.0,8.04,3.0,-15804.934225190531,15804.934225190531,3138.0483456800653,15.0,116.83198947648592,14308.219178082192,0,1,0,0,0,0
6525,9.49,27606.857004645262,-659.6383232550305,5.0,8.04,3.0,-6259.9676876902395,6259.9676876902395,3138.0483456800653,15.0,116.83198947648592,14308.219178082192,0,1,0,0,0,0
6526,1.85,32646.493794313697,-659.6383232550305,5.0,8.04,3.0,-1220.3308980218064,1220.3308980218064,3138.0483456800653,15.0,116.83198947648592,14308.219178082192,0,1,0,0,0,0
6527,0.75,33372.09594989423,-659.6383232550305,5.0,8.04,3.0,-494.72874244127286,494.72874244127286,3138.0483456800653,15.0,116.83198947648592,14308.219178082192,0,1,0,0,0,0
6528,1.46,32903.75274038316,-659.6383232550305,5.0,8.04,3.0,-963.0719519523445,963.0719519523445,3138.0483456800653,15.0,116.83198947648592,14308.219178082192,0,1,0,0,0,0
6529,-0.64,34288.993219218726,-659.6383232550305,5.0,8.04,3.0,422.16852688321956,-422.16852688321956,3138.0483456800653,15.0,116.83198947648592,14308.219178082192,0,1,0,0,0,0
6530,1.5,32877.36720745296,-659.6383232550305,5.0,8.04,3.0,-989.4574848825457,989.4574848825457,3138.0483456800653,15.0,116.83198947648592,14308.219178082192,0,1,0,0,0,0
6531,2.65,32118.783135709673,-659.6383232550305,5.0,8.04,3.0,-1748.0415566258307,1748.0415566258307,3138.0483456800653,15.0,116.83198947648592,14308.219178082192,0,1,0,0,0,0
6532,12.69,25496.014370229168,-659.6383232550305,5.0,8.04,3.0,-8370.810322106337,8370.810322106337,3138.0483456800653,15.0,116.83198947648592,14308.219178082192,0,1,0,0,0,0
6533,19.17,21221.558035536567,-659.6383232550305,5.0,8.04,3.0,-12645.266656798936,12645.266656798936,3138.0483456800653,15.0,116.83198947648592,14308.219178082192,0,1,0,0,0,0
6534,38.49,8477.345630249376,-659.6383232550305,5.0,8.04,3.0,-25389.479062086124,25389.479062086124,3138.0483456800653,15.0,116.83198947648592,14308.219178082192,0,1,0,0,0,0
6535,53.97,-1733.8556137384944,-659.6383232550305,5.0,8.04,3.0,-35600.680306074,35600.680306074,3138.0483456800653,15.0,116.83198947648592,14308.219178082192,0,1,0,0,0,0
6536,46.66,3088.1005292557825,-659.6383232550305,5.0,8.04,3.0,-30778.72416307972,30778.72416307972,3138.0483456800653,15.0,116.83198947648592,14308.219178082192,0,1,0,0,0,0
6537,49.58,1161.9566253510934,-659.6383232550305,5.0,8.04,3.0,-32704.86806698441,32704.86806698441,3138.0483456800653,15.0,116.83198947648592,14308.219178082192,0,1,0,0,0,0
6538,48.57,1828.1913318386728,-659.6383232550305,5.0,8.04,3.0,-32038.63336049683,32038.63336049683,3138.0483456800653,15.0,116.83198947648592,14308.219178082192,0,1,0,0,0,0
6539,47.56,2494.4260383262485,-659.6383232550305,5.0,8.04,3.0,-31372.398654009252,31372.398654009252,3138.0483456800653,15.0,116.83198947648592,14308.219178082192,0,1,0,0,0,0
6540,47.32,2652.7392359074624,-659.6383232550305,5.0,8.04,3.0,-31214.085456428045,31214.085456428045,3138.0483456800653,15.0,116.83198947648592,14308.219178082192,0,1,0,0,0,0
6541,48.08,2151.4141102336366,-659.6383232550305,5.0,8.04,3.0,-31715.410582101867,31715.410582101867,3138.0483456800653,15.0,116.83198947648592,14308.219178082192,0,1,0,0,0,0
6542,48.06,2164.606876698738,-659.6383232550305,5.0,8.04,3.0,-31702.217815636766,31702.217815636766,3138.0483456800653,15.0,116.83198947648592,14308.219178082192,0,1,0,0,0,0
6543,37.39,9202.947785829914,-659.6383232550305,5.0,8.04,3.0,-24663.876906505593,24663.876906505593,3138.0483456800653,15.0,116.83198947648592,14308.219178082192,0,1,0,0,0,0
6544,48.91,1603.914301931964,-659.6383232550305,5.0,8.04,3.0,-32262.91039040354,32262.91039040354,3138.0483456800653,15.0,116.83198947648592,14308.219178082192,0,1,0,0,0,0
6545,57.45,-4029.3969786660014,-659.6383232550305,5.0,8.04,3.0,-37896.221671001505,37896.221671001505,3138.0483456800653,15.0,116.83198947648592,14308.219178082192,0,1,0,0,0,0
6546,54.16,-1859.1868951569481,-659.6383232550305,5.0,8.04,3.0,-35726.01158749245,35726.01158749245,3138.0483456800653,15.0,116.83198947648592,14308.219178082192,0,1,0,0,0,0
6547,49.63,1128.9747091883369,-659.6383232550305,5.0,8.04,3.0,-32737.849983147167,32737.849983147167,3138.0483456800653,15.0,116.83198947648592,14308.219178082192,0,1,0,0,0,0
6548,37.15,9361.26098341112,-659.6383232550305,5.0,8.04,3.0,-24505.563708924383,24505.563708924383,3138.0483456800653,15.0,116.83198947648592,14308.219178082192,0,1,0,0,0,0
6549,30.79,13556.560719313115,-659.6383232550305,5.0,8.04,3.0,-20310.26397302239,20310.26397302239,3138.0483456800653,15.0,116.83198947648592,14308.219178082192,0,1,0,0,0,0
6550,25.44,17085.62574872753,-659.6383232550305,5.0,8.04,3.0,-16781.19894360798,16781.19894360798,3138.0483456800653,15.0,116.83198947648592,14308.219178082192,0,1,0,0,0,0
6551,24.67,17593.5472576339,-659.6383232550305,5.0,8.04,3.0,-16273.277434701604,16273.277434701604,3138.0483456800653,15.0,116.83198947648592,14308.219178082192,0,1,0,0,0,0
6552,12.27,25773.062465996278,-659.6383232550305,5.0,8.04,3.0,-8093.762226339224,8093.762226339224,3138.0483456800653,15.0,116.83198947648592,14308.219178082192,0,1,0,0,0,0
6553,10.19,27145.110178366744,-659.6383232550305,5.0,8.04,3.0,-6721.714513968761,6721.714513968761,3138.0483456800653,15.0,116.83198947648592,14308.219178082192,0,1,0,0,0,0
6554,19.15,21234.75080200167,-659.6383232550305,5.0,8.04,3.0,-12632.073890333833,12632.073890333833,3138.0483456800653,15.0,116.83198947648592,14308.219178082192,0,1,0,0,0,0
6555,31.16,13312.494539708754,-659.6383232550305,5.0,8.04,3.0,-20554.33015262675,20554.33015262675,3138.0483456800653,15.0,116.83198947648592,14308.219178082192,0,1,0,0,0,0
6556,37.96,8826.953941574542,-659.6383232550305,5.0,8.04,3.0,-25039.870750760958,25039.870750760958,3138.0483456800653,15.0,116.83198947648592,14308.219178082192,0,1,0,0,0,0
6557,40.83,6933.79195383261,-659.6383232550305,5.0,8.04,3.0,-26933.032738502894,26933.032738502894,3138.0483456800653,15.0,116.83198947648592,14308.219178082192,0,1,0,0,0,0
6558,45.89,3596.0220381621516,-659.6383232550305,5.0,8.04,3.0,-30270.80265417335,30270.80265417335,3138.0483456800653,15.0,116.83198947648592,14308.219178082192,0,1,0,0,0,0
6559,40.63,7065.719618483614,-659.6383232550305,5.0,8.04,3.0,-26801.10507385189,26801.10507385189,3138.0483456800653,15.0,116.83198947648592,14308.219178082192,0,1,0,0,0,0
6560,39.96,7507.6772950644845,-659.6383232550305,5.0,8.04,3.0,-26359.14739727102,26359.14739727102,3138.0483456800653,15.0,116.83198947648592,14308.219178082192,0,1,0,0,0,0
6561,48.99,1551.1432360715594,-659.6383232550305,5.0,8.04,3.0,-32315.681456263945,32315.681456263945,3138.0483456800653,15.0,116.83198947648592,14308.219178082192,0,1,0,0,0,0
6562,48.58,1821.5949486061222,-659.6383232550305,5.0,8.04,3.0,-32045.229743729382,32045.229743729382,3138.0483456800653,15.0,116.83198947648592,14308.219178082192,0,1,0,0,0,0
6563,46.86,2956.1728646047745,-659.6383232550305,5.0,8.04,3.0,-30910.65182773073,30910.65182773073,3138.0483456800653,15.0,116.83198947648592,14308.219178082192,0,1,0,0,0,0
6564,42.51,5825.59957076416,-659.6383232550305,5.0,8.04,3.0,-28041.225121571344,28041.225121571344,3138.0483456800653,15.0,116.83198947648592,14308.219178082192,0,1,0,0,0,0
6565,42.74,5673.8827564155,-659.6383232550305,5.0,8.04,3.0,-28192.941935920004,28192.941935920004,3138.0483456800653,15.0,116.83198947648592,14308.219178082192,0,1,0,0,0,0
6566,46.5,3193.6426609765845,-659.6383232550305,5.0,8.04,3.0,-30673.18203135892,30673.18203135892,3138.0483456800653,15.0,116.83198947648592,14308.219178082192,0,1,0,0,0,0
6567,50.68,436.3544697705588,-659.6383232550305,5.0,8.04,3.0,-33430.470222564945,33430.470222564945,3138.0483456800653,15.0,116.83198947648592,14308.219178082192,0,1,0,0,0,0
6568,45.71,3714.7569363480584,-659.6383232550305,5.0,8.04,3.0,-30152.067755987446,30152.067755987446,3138.0483456800653,15.0,116.83198947648592,14308.219178082192,0,1,0,0,0,0
6569,48.47,1894.1551641641786,-659.6383232550305,5.0,8.04,3.0,-31972.66952817133,31972.66952817133,3138.0483456800653,15.0,116.83198947648592,14308.219178082192,0,1,0,0,0,0
6570,49.73,1063.0108768628347,-659.6383232550305,5.0,8.04,3.0,-32803.81381547266,32803.81381547266,3138.0483456800653,15.0,116.83198947648592,14308.219178082192,0,1,0,0,0,0
6571,43.96,4869.124002044362,-659.6383232550305,5.0,8.04,3.0,-28997.70069029114,28997.70069029114,3138.0483456800653,15.0,116.83198947648592,14308.219178082192,0,1,0,0,0,0
6572,35.9,10185.80888747991,-659.6383232550305,5.0,8.04,3.0,-23681.015804855593,23681.015804855593,3138.0483456800653,15.0,116.83198947648592,14308.219178082192,0,1,0,0,0,0
6573,33.26,11927.254060873187,-659.6383232550305,5.0,8.04,3.0,-21939.570631462313,21939.570631462313,3138.0483456800653,15.0,116.83198947648592,14308.219178082192,0,1,0,0,0,0
6574,20.92,20067.190969840267,-659.6383232550305,5.0,8.04,3.0,-13799.63372249524,13799.63372249524,3138.0483456800653,15.0,116.83198947648592,14308.219178082192,0,1,0,0,0,0
6575,23.58,18312.553029981886,-659.6383232550305,5.0,8.04,3.0,-15554.271662353618,15554.271662353618,3138.0483456800653,15.0,116.83198947648592,14308.219178082192,0,1,0,0,0,0
6576,13.07,25245.351807392253,-659.6383232550305,5.0,8.04,3.0,-8621.472884943249,8621.472884943249,3138.0483456800653,15.0,116.83198947648592,14308.219178082192,0,1,0,0,0,0
6577,23.03,18675.35410777215,-659.6383232550305,5.0,8.04,3.0,-15191.470584563354,15191.470584563354,3138.0483456800653,15.0,116.83198947648592,14308.219178082192,0,1,0,0,0,0
6578,22.87,18780.896239492955,-659.6383232550305,5.0,8.04,3.0,-15085.928452842549,15085.928452842549,3138.0483456800653,15.0,116.83198947648592,14308.219178082192,0,1,0,0,0,0
6579,22.87,18780.896239492955,-659.6383232550305,5.0,8.04,3.0,-15085.928452842549,15085.928452842549,3138.0483456800653,15.0,116.83198947648592,14308.219178082192,0,1,0,0,0,0
6580,23.36,18457.67346109799,-659.6383232550305,5.0,8.04,3.0,-15409.151231237513,15409.151231237513,3138.0483456800653,15.0,116.83198947648592,14308.219178082192,0,1,0,0,0,0
6581,25.29,17184.571497215784,-659.6383232550305,5.0,8.04,3.0,-16682.25319511972,16682.25319511972,3138.0483456800653,15.0,116.83198947648592,14308.219178082192,0,1,0,0,0,0
6582,25.58,16993.276383471824,-659.6383232550305,5.0,8.04,3.0,-16873.54830886368,16873.54830886368,3138.0483456800653,15.0,116.83198947648592,14308.219178082192,0,1,0,0,0,0
6583,28.11,15324.391425636597,-659.6383232550305,5.0,8.04,3.0,-18542.433266698907,18542.433266698907,3138.0483456800653,15.0,116.83198947648592,14308.219178082192,0,1,0,0,0,0
6584,32.02,12745.205581709422,-659.6383232550305,5.0,8.04,3.0,-21121.619110626078,21121.619110626078,3138.0483456800653,15.0,116.83198947648592,14308.219178082192,0,1,0,0,0,0
6585,38.57,8424.574564388975,-659.6383232550305,5.0,8.04,3.0,-25442.25012794653,25442.25012794653,3138.0483456800653,15.0,116.83198947648592,14308.219178082192,0,1,0,0,0,0
6586,37.03,9440.417582201724,-659.6383232550305,5.0,8.04,3.0,-24426.40711013378,24426.40711013378,3138.0483456800653,15.0,116.83198947648592,14308.219178082192,0,1,0,0,0,0
6587,36.23,9968.128240805752,-659.6383232550305,5.0,8.04,3.0,-23898.696451529755,23898.696451529755,3138.0483456800653,15.0,116.83198947648592,14308.219178082192,0,1,0,0,0,0
6588,40.14,7388.942396878578,-659.6383232550305,5.0,8.04,3.0,-26477.882295456926,26477.882295456926,3138.0483456800653,15.0,116.83198947648592,14308.219178082192,0,1,0,0,0,0
6589,37.62,9051.230971481255,-659.6383232550305,5.0,8.04,3.0,-24815.593720854245,24815.593720854245,3138.0483456800653,15.0,116.83198947648592,14308.219178082192,0,1,0,0,0,0
6590,39.28,7956.231354877902,-659.6383232550305,5.0,8.04,3.0,-25910.593337457598,25910.593337457598,3138.0483456800653,15.0,116.83198947648592,14308.219178082192,0,1,0,0,0,0
6591,37.49,9136.983953504408,-659.6383232550305,5.0,8.04,3.0,-24729.840738831095,24729.840738831095,3138.0483456800653,15.0,116.83198947648592,14308.219178082192,0,1,0,0,0,0
6592,45.34,3958.823115952419,-659.6383232550305,5.0,8.04,3.0,-29908.001576383085,29908.001576383085,3138.0483456800653,15.0,116.83198947648592,14308.219178082192,0,1,0,0,0,0
6593,55.14,-2505.632451946883,-659.6383232550305,5.0,8.04,3.0,-36372.45714428238,36372.45714428238,3138.0483456800653,15.0,116.83198947648592,14308.219178082192,0,1,0,0,0,0
6594,49.59,1155.3602421185392,-659.6383232550305,5.0,8.04,3.0,-32711.464450216965,32711.464450216965,3138.0483456800653,15.0,116.83198947648592,14308.219178082192,0,1,0,0,0,0
6595,44.48,4526.11207395175,-659.6383232550305,5.0,8.04,3.0,-29340.712618383754,29340.712618383754,3138.0483456800653,15.0,116.83198947648592,14308.219178082192,0,1,0,0,0,0
6596,24.93,17422.041293587594,-659.6383232550305,5.0,8.04,3.0,-16444.78339874791,16444.78339874791,3138.0483456800653,15.0,116.83198947648592,14308.219178082192,0,1,0,0,0,0
6597,-1.17,34638.60153054389,-659.6383232550305,5.0,8.04,3.0,771.7768382083857,-771.7768382083857,3138.0483456800653,15.0,116.83198947648592,14308.219178082192,0,1,0,0,0,0
6598,-9.05,39836.55151779353,-659.6383232550305,5.0,8.04,3.0,5969.726825458027,-5969.726825458027,3138.0483456800653,15.0,116.83198947648592,14308.219178082192,0,1,0,0,0,0
6599,-11.19,41248.177529559296,-659.6383232550305,5.0,8.04,3.0,7381.3528372237915,-7381.3528372237915,3138.0483456800653,15.0,116.83198947648592,14308.219178082192,0,1,0,0,0,0
6600,-13.68,42890.67695446432,-659.6383232550305,5.0,8.04,3.0,9023.852262128818,-9023.852262128818,3138.0483456800653,15.0,116.83198947648592,14308.219178082192,0,1,0,0,0,0
6601,-14.97,43741.61039146331,-659.6383232550305,5.0,8.04,3.0,9874.785699127808,-9874.785699127808,3138.0483456800653,15.0,116.83198947648592,14308.219178082192,0,1,0,0,0,0
6602,-13.52,42785.134822743516,-659.6383232550305,5.0,8.04,3.0,8918.310130408012,-8918.310130408012,3138.0483456800653,15.0,116.83198947648592,14308.219178082192,0,1,0,0,0,0
6603,-9.09,39862.93705072373,-659.6383232550305,5.0,8.04,3.0,5996.112358388227,-5996.112358388227,3138.0483456800653,15.0,116.83198947648592,14308.219178082192,0,1,0,0,0,0
6604,-8.5,39473.75044000326,-659.6383232550305,5.0,8.04,3.0,5606.925747667759,-5606.925747667759,3138.0483456800653,15.0,116.83198947648592,14308.219178082192,0,1,0,0,0,0
6605,16.19,23187.28023883656,-659.6383232550305,5.0,8.04,3.0,-10679.544453498946,10679.544453498946,3138.0483456800653,15.0,116.83198947648592,14308.219178082192,0,1,0,0,0,0
6606,34.28,11254.422971153057,-659.6383232550305,5.0,8.04,3.0,-22612.401721182447,22612.401721182447,3138.0483456800653,15.0,116.83198947648592,14308.219178082192,0,1,0,0,0,0
6607,26.28,16531.529557193302,-659.6383232550305,5.0,8.04,3.0,-17335.2951351422,17335.2951351422,3138.0483456800653,15.0,116.83198947648592,14308.219178082192,0,1,0,0,0,0
6608,14.48,24315.26177160266,-659.6383232550305,5.0,8.04,3.0,-9551.562920732842,9551.562920732842,3138.0483456800653,15.0,116.83198947648592,14308.219178082192,0,1,0,0,0,0
6609,37.87,8886.321390667497,-659.6383232550305,5.0,8.04,3.0,-24980.503301668003,24980.503301668003,3138.0483456800653,15.0,116.83198947648592,14308.219178082192,0,1,0,0,0,0
6610,50.9,291.23403865445334,-659.6383232550305,5.0,8.04,3.0,-33575.59065368105,33575.59065368105,3138.0483456800653,15.0,116.83198947648592,14308.219178082192,0,1,0,0,0,0
6611,48.11,2131.6249605359885,-659.6383232550305,5.0,8.04,3.0,-31735.19973179952,31735.19973179952,3138.0483456800653,15.0,116.83198947648592,14308.219178082192,0,1,0,0,0,0
6612,53.5,-1423.8256018086245,-659.6383232550305,5.0,8.04,3.0,-35290.650294144136,35290.650294144136,3138.0483456800653,15.0,116.83198947648592,14308.219178082192,0,1,0,0,0,0
6613,198.95,87036.39908160591,650.0,0,8.04,3.0,129317.49999999999,-129317.49999999999,15071.972825128516,0,556.8949724310688,14308.219178082192,1,0,0,0,0,0
6614,43.82,4961.47336730007,-659.6383232550305,5.0,8.04,3.0,-28905.351325035437,28905.351325035437,3138.0483456800653,15.0,116.83198947648592,14308.219178082192,0,1,0,0,0,0
6615,48.03,2184.3960263963895,-659.6383232550305,5.0,8.04,3.0,-31682.428665939115,31682.428665939115,3138.0483456800653,15.0,116.83198947648592,14308.219178082192,0,1,0,0,0,0
6616,51.44,-64.9706559032634,-659.6383232550305,5.0,8.04,3.0,-33931.79534823877,33931.79534823877,3138.0483456800653,15.0,116.83198947648592,14308.219178082192,0,1,0,0,0,0
6617,60.95,-2663.600918394087,650.0,0,8.04,3.0,39617.5,-39617.5,15071.972825128516,0,556.8949724310688,14308.219178082192,1,0,0,0,0,0
6618,121.27,36544.39908160592,650.0,0,8.04,3.0,78825.5,-78825.5,15071.972825128516,0,556.8949724310688,14308.219178082192,1,0,0,0,0,0
6619,50.66,449.54723623565997,-659.6383232550305,5.0,8.04,3.0,-33417.277456099844,33417.277456099844,3138.0483456800653,15.0,116.83198947648592,14308.219178082192,0,1,0,0,0,0
6620,36.17,10007.706540201048,-659.6383232550305,5.0,8.04,3.0,-23859.118152134455,23859.118152134455,3138.0483456800653,15.0,116.83198947648592,14308.219178082192,0,1,0,0,0,0
6621,46.24,3365.1486250228922,-659.6383232550305,5.0,8.04,3.0,-30501.676067312612,30501.676067312612,3138.0483456800653,15.0,116.83198947648592,14308.219178082192,0,1,0,0,0,0
6622,36.49,9796.622276759437,-659.6383232550305,5.0,8.04,3.0,-24070.202415576066,24070.202415576066,3138.0483456800653,15.0,116.83198947648592,14308.219178082192,0,1,0,0,0,0
6623,17.99,21999.931256977507,-659.6383232550305,5.0,8.04,3.0,-11866.893435357997,11866.893435357997,3138.0483456800653,15.0,116.83198947648592,14308.219178082192,0,1,0,0,0,0
6624,29.91,14137.04244377754,-659.6383232550305,5.0,8.04,3.0,-19729.782248557964,19729.782248557964,3138.0483456800653,15.0,116.83198947648592,14308.219178082192,0,1,0,0,0,0
6625,23.08,18642.3721916094,-659.6383232550305,5.0,8.04,3.0,-15224.452500726104,15224.452500726104,3138.0483456800653,15.0,116.83198947648592,14308.219178082192,0,1,0,0,0,0
6626,31.35,13187.1632582903,-659.6383232550305,5.0,8.04,3.0,-20679.661434045207,20679.661434045207,3138.0483456800653,15.0,116.83198947648592,14308.219178082192,0,1,0,0,0,0
6627,26.31,16511.740407495654,-659.6383232550305,5.0,8.04,3.0,-17355.084284839853,17355.084284839853,3138.0483456800653,15.0,116.83198947648592,14308.219178082192,0,1,0,0,0,0
6628,26.03,16696.43913800706,-659.6383232550305,5.0,8.04,3.0,-17170.385554328444,17170.385554328444,3138.0483456800653,15.0,116.83198947648592,14308.219178082192,0,1,0,0,0,0
6629,26.79,16195.114012333237,-659.6383232550305,5.0,8.04,3.0,-17671.710680002267,17671.710680002267,3138.0483456800653,15.0,116.83198947648592,14308.219178082192,0,1,0,0,0,0
6630,36.69,9664.694612108437,-659.6383232550305,5.0,8.04,3.0,-24202.130080227067,24202.130080227067,3138.0483456800653,15.0,116.83198947648592,14308.219178082192,0,1,0,0,0,0
6631,35.4,10515.628049107425,-659.6383232550305,5.0,8.04,3.0,-23351.19664322808,23351.19664322808,3138.0483456800653,15.0,116.83198947648592,14308.219178082192,0,1,0,0,0,0
6632,36.91,9519.574180992327,-659.6383232550305,5.0,8.04,3.0,-24347.250511343173,24347.250511343173,3138.0483456800653,15.0,116.83198947648592,14308.219178082192,0,1,0,0,0,0
6633,42.99,5508.973175601743,-659.6383232550305,5.0,8.04,3.0,-28357.851516733765,28357.851516733765,3138.0483456800653,15.0,116.83198947648592,14308.219178082192,0,1,0,0,0,0
6634,47.19,2738.4922179306163,-659.6383232550305,5.0,8.04,3.0,-31128.332474404888,31128.332474404888,3138.0483456800653,15.0,116.83198947648592,14308.219178082192,0,1,0,0,0,0
6635,63.43,-1051.6009183940869,650.0,0,8.04,3.0,41229.5,-41229.5,15071.972825128516,0,556.8949724310688,14308.219178082192,1,0,0,0,0,0
6636,53.7,-1555.753266459636,-659.6383232550305,5.0,8.04,3.0,-35422.57795879514,35422.57795879514,3138.0483456800653,15.0,116.83198947648592,14308.219178082192,0,1,0,0,0,0
6637,61.85,-2078.600918394087,650.0,0,8.04,3.0,40202.5,-40202.5,15071.972825128516,0,556.8949724310688,14308.219178082192,1,0,0,0,0,0
6638,52.91,-1034.6389910881549,-659.6383232550305,5.0,8.04,3.0,-34901.46368342366,34901.46368342366,3138.0483456800653,15.0,116.83198947648592,14308.219178082192,0,1,0,0,0,0
6639,52.43,-718.0125959257489,-659.6383232550305,5.0,8.04,3.0,-34584.83728826125,34584.83728826125,3138.0483456800653,15.0,116.83198947648592,14308.219178082192,0,1,0,0,0,0
6640,58.01,-4398.794439688812,-659.6383232550305,5.0,8.04,3.0,-38265.619132024316,38265.619132024316,3138.0483456800653,15.0,116.83198947648592,14308.219178082192,0,1,0,0,0,0
6641,69.11,2640.399081605913,650.0,0,8.04,3.0,44921.5,-44921.5,15071.972825128516,0,556.8949724310688,14308.219178082192,1,0,0,0,0,0
6642,61.7,-2176.100918394087,650.0,0,8.04,3.0,40105.0,-40105.0,15071.972825128516,0,556.8949724310688,14308.219178082192,1,0,0,0,0,0
6643,114.53,32163.399081605916,650.0,0,8.04,3.0,74444.5,-74444.5,15071.972825128516,0,556.8949724310688,14308.219178082192,1,0,0,0,0,0
6644,47.2,2731.895834698062,-659.6383232550305,5.0,8.04,3.0,-31134.928857637442,31134.928857637442,3138.0483456800653,15.0,116.83198947648592,14308.219178082192,0,1,0,0,0,0
6645,43.79,4981.262516997718,-659.6383232550305,5.0,8.04,3.0,-28885.562175337785,28885.562175337785,3138.0483456800653,15.0,116.83198947648592,14308.219178082192,0,1,0,0,0,0
6646,45.19,4057.7688644406776,-659.6383232550305,5.0,8.04,3.0,-29809.055827894827,29809.055827894827,3138.0483456800653,15.0,116.83198947648592,14308.219178082192,0,1,0,0,0,0
6647,44.82,4301.835044045038,-659.6383232550305,5.0,8.04,3.0,-29564.98964829047,29564.98964829047,3138.0483456800653,15.0,116.83198947648592,14308.219178082192,0,1,0,0,0,0
6648,39.97,7501.080911831934,-659.6383232550305,5.0,8.04,3.0,-26365.74378050357,26365.74378050357,3138.0483456800653,15.0,116.83198947648592,14308.219178082192,0,1,0,0,0,0
6649,35.75,10284.754635968162,-659.6383232550305,5.0,8.04,3.0,-23582.07005636734,23582.07005636734,3138.0483456800653,15.0,116.83198947648592,14308.219178082192,0,1,0,0,0,0
6650,31.51,13081.621126569491,-659.6383232550305,5.0,8.04,3.0,-20785.203565766013,20785.203565766013,3138.0483456800653,15.0,116.83198947648592,14308.219178082192,0,1,0,0,0,0
6651,32.47,12448.36833624466,-659.6383232550305,5.0,8.04,3.0,-21418.45635609084,21418.45635609084,3138.0483456800653,15.0,116.83198947648592,14308.219178082192,0,1,0,0,0,0
6652,35.66,10344.122085061117,-659.6383232550305,5.0,8.04,3.0,-23522.702607274387,23522.702607274387,3138.0483456800653,15.0,116.83198947648592,14308.219178082192,0,1,0,0,0,0
6653,60.65,-2858.600918394087,650.0,0,8.04,3.0,39422.5,-39422.5,15071.972825128516,0,556.8949724310688,14308.219178082192,1,0,0,0,0,0
6654,59.78,-3424.100918394087,650.0,0,8.04,3.0,38857.0,-38857.0,15071.972825128516,0,556.8949724310688,14308.219178082192,1,0,0,0,0,0
6655,88.56,15282.899081605916,650.0,0,8.04,3.0,57564.0,-57564.0,15071.972825128516,0,556.8949724310688,14308.219178082192,1,0,0,0,0,0
6656,51.15,126.32445784069611,-659.6383232550305,5.0,8.04,3.0,-33740.50023449481,33740.50023449481,3138.0483456800653,15.0,116.83198947648592,14308.219178082192,0,1,0,0,0,0
6657,62.52,-1643.1009183940869,650.0,0,8.04,3.0,40638.0,-40638.0,15071.972825128516,0,556.8949724310688,14308.219178082192,1,0,0,0,0,0
6658,61.49,-2312.600918394087,650.0,0,8.04,3.0,39968.5,-39968.5,15071.972825128516,0,556.8949724310688,14308.219178082192,1,0,0,0,0,0
6659,133.44,44454.89908160592,650.0,0,8.04,3.0,86736.0,-86736.0,15071.972825128516,0,556.8949724310688,14308.219178082192,1,0,0,0,0,0
6660,59.34,-3710.100918394087,650.0,0,8.04,3.0,38571.0,-38571.0,15071.972825128516,0,556.8949724310688,14308.219178082192,1,0,0,0,0,0
6661,58.07,-4438.372739084116,-659.6383232550305,5.0,8.04,3.0,-38305.19743141962,38305.19743141962,3138.0483456800653,15.0,116.83198947648592,14308.219178082192,0,1,0,0,0,0
6662,57.64,-4154.7282600844555,-659.6383232550305,5.0,8.04,3.0,-38021.55295241996,38021.55295241996,3138.0483456800653,15.0,116.83198947648592,14308.219178082192,0,1,0,0,0,0
6663,55.78,-2927.8009788300983,-659.6383232550305,5.0,8.04,3.0,-36794.6256711656,36794.6256711656,3138.0483456800653,15.0,116.83198947648592,14308.219178082192,0,1,0,0,0,0
6664,56.37,-3316.9875895505606,-659.6383232550305,5.0,8.04,3.0,-37183.812281886065,37183.812281886065,3138.0483456800653,15.0,116.83198947648592,14308.219178082192,0,1,0,0,0,0
6665,60.02,-3268.100918394087,650.0,0,8.04,3.0,39013.0,-39013.0,15071.972825128516,0,556.8949724310688,14308.219178082192,1,0,0,0,0,0
6666,58.02,-4405.39082292137,-659.6383232550305,5.0,8.04,3.0,-38272.215515256874,38272.215515256874,3138.0483456800653,15.0,116.83198947648592,14308.219178082192,0,1,0,0,0,0
6667,74.86,6377.899081605917,650.0,0,8.04,3.0,48659.0,-48659.0,15071.972825128516,0,556.8949724310688,14308.219178082192,1,0,0,0,0,0
6668,98.94,22029.899081605916,650.0,0,8.04,3.0,64311.0,-64311.0,15071.972825128516,0,556.8949724310688,14308.219178082192,1,0,0,0,0,0
6669,44.24,4684.425271532953,-659.6383232550305,5.0,8.04,3.0,-29182.39942080255,29182.39942080255,3138.0483456800653,15.0,116.83198947648592,14308.219178082192,0,1,0,0,0,0
6670,38.91,8200.297534482266,-659.6383232550305,5.0,8.04,3.0,-25666.527157853234,25666.527157853234,3138.0483456800653,15.0,116.83198947648592,14308.219178082192,0,1,0,0,0,0
6671,35.86,10212.19442041011,-659.6383232550305,5.0,8.04,3.0,-23654.630271925394,23654.630271925394,3138.0483456800653,15.0,116.83198947648592,14308.219178082192,0,1,0,0,0,0
6672,56.01,-3079.5177931787543,-659.6383232550305,5.0,8.04,3.0,-36946.34248551426,36946.34248551426,3138.0483456800653,15.0,116.83198947648592,14308.219178082192,0,1,0,0,0,0
6673,34.81,10904.81465982789,-659.6383232550305,5.0,8.04,3.0,-22962.010032507613,22962.010032507613,3138.0483456800653,15.0,116.83198947648592,14308.219178082192,0,1,0,0,0,0
6674,24.94,17415.444910355043,-659.6383232550305,5.0,8.04,3.0,-16451.37978198046,16451.37978198046,3138.0483456800653,15.0,116.83198947648592,14308.219178082192,0,1,0,0,0,0
6675,22.03,19334.99243102718,-659.6383232550305,5.0,8.04,3.0,-14531.832261308324,14531.832261308324,3138.0483456800653,15.0,116.83198947648592,14308.219178082192,0,1,0,0,0,0
6676,-17.42,45357.72428343813,-659.6383232550305,5.0,8.04,3.0,11490.899591102632,-11490.899591102632,3138.0483456800653,15.0,116.83198947648592,14308.219178082192,0,1,0,0,0,0
6677,-6.62,38233.630392283805,-659.6383232550305,5.0,8.04,3.0,4366.805699948302,-4366.805699948302,3138.0483456800653,15.0,116.83198947648592,14308.219178082192,0,1,0,0,0,0
6678,39.85,7580.237510622537,-659.6383232550305,5.0,8.04,3.0,-26286.587181712966,26286.587181712966,3138.0483456800653,15.0,116.83198947648592,14308.219178082192,0,1,0,0,0,0
6679,30.82,13536.771569615463,-659.6383232550305,5.0,8.04,3.0,-20330.05312272004,20330.05312272004,3138.0483456800653,15.0,116.83198947648592,14308.219178082192,0,1,0,0,0,0
6680,9.57,27554.08593878486,-659.6383232550305,5.0,8.04,3.0,-6312.738753550642,6312.738753550642,3138.0483456800653,15.0,116.83198947648592,14308.219178082192,0,1,0,0,0,0
6681,10.4,27006.586130483185,-659.6383232550305,5.0,8.04,3.0,-6860.238561852318,6860.238561852318,3138.0483456800653,15.0,116.83198947648592,14308.219178082192,0,1,0,0,0,0
6682,11.5,26280.983974902654,-659.6383232550305,5.0,8.04,3.0,-7585.840717432851,7585.840717432851,3138.0483456800653,15.0,116.83198947648592,14308.219178082192,0,1,0,0,0,0
6683,16.36,23075.141723883204,-659.6383232550305,5.0,8.04,3.0,-10791.682968452298,10791.682968452298,3138.0483456800653,15.0,116.83198947648592,14308.219178082192,0,1,0,0,0,0
6684,20.72,20199.11863449127,-659.6383232550305,5.0,8.04,3.0,-13667.70605784423,13667.70605784423,3138.0483456800653,15.0,116.83198947648592,14308.219178082192,0,1,0,0,0,0
6685,11.82,26069.899711461043,-659.6383232550305,5.0,8.04,3.0,-7796.924980874461,7796.924980874461,3138.0483456800653,15.0,116.83198947648592,14308.219178082192,0,1,0,0,0,0
6686,11.89,26023.72502883319,-659.6383232550305,5.0,8.04,3.0,-7843.099663502313,7843.099663502313,3138.0483456800653,15.0,116.83198947648592,14308.219178082192,0,1,0,0,0,0
6687,13.4,25027.671160718095,-659.6383232550305,5.0,8.04,3.0,-8839.153531617409,8839.153531617409,3138.0483456800653,15.0,116.83198947648592,14308.219178082192,0,1,0,0,0,0
6688,15.05,23939.267927347293,-659.6383232550305,5.0,8.04,3.0,-9927.55676498821,9927.55676498821,3138.0483456800653,15.0,116.83198947648592,14308.219178082192,0,1,0,0,0,0
6689,26.33,16498.547641030553,-659.6383232550305,5.0,8.04,3.0,-17368.27705130495,17368.27705130495,3138.0483456800653,15.0,116.83198947648592,14308.219178082192,0,1,0,0,0,0
6690,50.66,449.54723623565997,-659.6383232550305,5.0,8.04,3.0,-33417.277456099844,33417.277456099844,3138.0483456800653,15.0,116.83198947648592,14308.219178082192,0,1,0,0,0,0
6691,90.43,16498.399081605916,650.0,0,8.04,3.0,58779.50000000001,-58779.50000000001,15071.972825128516,0,556.8949724310688,14308.219178082192,1,0,0,0,0,0
6692,46.51,3187.046277744034,-659.6383232550305,5.0,8.04,3.0,-30679.778414591467,30679.778414591467,3138.0483456800653,15.0,116.83198947648592,14308.219178082192,0,1,0,0,0,0
6693,43.11,5429.816576811136,-659.6383232550305,5.0,8.04,3.0,-28437.008115524364,28437.008115524364,3138.0483456800653,15.0,116.83198947648592,14308.219178082192,0,1,0,0,0,0
6694,46.39,3266.202876534637,-659.6383232550305,5.0,8.04,3.0,-30600.621815800867,30600.621815800867,3138.0483456800653,15.0,116.83198947648592,14308.219178082192,0,1,0,0,0,0
6695,49.01,1537.9504696064619,-659.6383232550305,5.0,8.04,3.0,-32328.874222729046,32328.874222729046,3138.0483456800653,15.0,116.83198947648592,14308.219178082192,0,1,0,0,0,0
6696,41.99,6168.611498856775,-659.6383232550305,5.0,8.04,3.0,-27698.213193478732,27698.213193478732,3138.0483456800653,15.0,116.83198947648592,14308.219178082192,0,1,0,0,0,0
6697,36.86,9552.55609715508,-659.6383232550305,5.0,8.04,3.0,-24314.268595180423,24314.268595180423,3138.0483456800653,15.0,116.83198947648592,14308.219178082192,0,1,0,0,0,0
6698,38.93,8187.104768017165,-659.6383232550305,5.0,8.04,3.0,-25679.71992431834,25679.71992431834,3138.0483456800653,15.0,116.83198947648592,14308.219178082192,0,1,0,0,0,0
6699,36.95,9493.188648062125,-659.6383232550305,5.0,8.04,3.0,-24373.63604427338,24373.63604427338,3138.0483456800653,15.0,116.83198947648592,14308.219178082192,0,1,0,0,0,0
6700,38.26,8629.06244459804,-659.6383232550305,5.0,8.04,3.0,-25237.762247737464,25237.762247737464,3138.0483456800653,15.0,116.83198947648592,14308.219178082192,0,1,0,0,0,0
6701,44.71,4374.39525960309,-659.6383232550305,5.0,8.04,3.0,-29492.429432732413,29492.429432732413,3138.0483456800653,15.0,116.83198947648592,14308.219178082192,0,1,0,0,0,0
6702,72.73,4993.399081605917,650.0,0,8.04,3.0,47274.5,-47274.5,15071.972825128516,0,556.8949724310688,14308.219178082192,1,0,0,0,0,0
6703,50.73,403.3725536078132,-659.6383232550305,5.0,8.04,3.0,-33463.4521387277,33463.4521387277,3138.0483456800653,15.0,116.83198947648592,14308.219178082192,0,1,0,0,0,0
6704,47.99,2210.781559326588,-659.6383232550305,5.0,8.04,3.0,-31656.043133008916,31656.043133008916,3138.0483456800653,15.0,116.83198947648592,14308.219178082192,0,1,0,0,0,0
6705,49.39,1287.2879067695471,-659.6383232550305,5.0,8.04,3.0,-32579.536785565957,32579.536785565957,3138.0483456800653,15.0,116.83198947648592,14308.219178082192,0,1,0,0,0,0
6706,59.28,-3749.100918394087,650.0,0,8.04,3.0,38532.0,-38532.0,15071.972825128516,0,556.8949724310688,14308.219178082192,1,0,0,0,0,0
6707,59.53,-3586.600918394087,650.0,0,8.04,3.0,38694.5,-38694.5,15071.972825128516,0,556.8949724310688,14308.219178082192,1,0,0,0,0,0
6708,59.42,-3658.100918394087,650.0,0,8.04,3.0,38623.0,-38623.0,15071.972825128516,0,556.8949724310688,14308.219178082192,1,0,0,0,0,0
6709,59.49,-3612.600918394087,650.0,0,8.04,3.0,38668.5,-38668.5,15071.972825128516,0,556.8949724310688,14308.219178082192,1,0,0,0,0,0
6710,63.41,-1064.6009183940869,650.0,0,8.04,3.0,41216.5,-41216.5,15071.972825128516,0,556.8949724310688,14308.219178082192,1,0,0,0,0,0
6711,61.2,-2501.100918394087,650.0,0,8.04,3.0,39780.0,-39780.0,15071.972825128516,0,556.8949724310688,14308.219178082192,1,0,0,0,0,0
6712,59.34,-3710.100918394087,650.0,0,8.04,3.0,38571.0,-38571.0,15071.972825128516,0,556.8949724310688,14308.219178082192,1,0,0,0,0,0
6713,61.18,-2514.100918394087,650.0,0,8.04,3.0,39767.0,-39767.0,15071.972825128516,0,556.8949724310688,14308.219178082192,1,0,0,0,0,0
6714,108.15,28016.399081605916,650.0,0,8.04,3.0,70297.5,-70297.5,15071.972825128516,0,556.8949724310688,14308.219178082192,1,0,0,0,0,0
6715,64.34,-460.100918394087,650.0,0,8.04,3.0,41821.0,-41821.0,15071.972825128516,0,556.8949724310688,14308.219178082192,1,0,0,0,0,0
6716,57.47,-4042.5897451310952,-659.6383232550305,5.0,8.04,3.0,-37909.4144374666,37909.4144374666,3138.0483456800653,15.0,116.83198947648592,14308.219178082192,0,1,0,0,0,0
6717,61.05,-2598.600918394087,650.0,0,8.04,3.0,39682.5,-39682.5,15071.972825128516,0,556.8949724310688,14308.219178082192,1,0,0,0,0,0
6718,57.03,-3752.3488828988843,-659.6383232550305,5.0,8.04,3.0,-37619.17357523439,37619.17357523439,3138.0483456800653,15.0,116.83198947648592,14308.219178082192,0,1,0,0,0,0
6719,55.64,-2835.45161357439,-659.6383232550305,5.0,8.04,3.0,-36702.2763059099,36702.2763059099,3138.0483456800653,15.0,116.83198947648592,14308.219178082192,0,1,0,0,0,0
6720,50.68,436.3544697705588,-659.6383232550305,5.0,8.04,3.0,-33430.470222564945,33430.470222564945,3138.0483456800653,15.0,116.83198947648592,14308.219178082192,0,1,0,0,0,0
6721,58.27,-4405.600918394087,650.0,0,8.04,3.0,37875.5,-37875.5,15071.972825128516,0,556.8949724310688,14308.219178082192,1,0,0,0,0,0
6722,50.78,370.390637445053,-659.6383232550305,5.0,8.04,3.0,-33496.43405489045,33496.43405489045,3138.0483456800653,15.0,116.83198947648592,14308.219178082192,0,1,0,0,0,0
6723,49.32,1333.4625893974012,-659.6383232550305,5.0,8.04,3.0,-32533.362102938107,32533.362102938107,3138.0483456800653,15.0,116.83198947648592,14308.219178082192,0,1,0,0,0,0
6724,44.37,4598.672289509803,-659.6383232550305,5.0,8.04,3.0,-29268.1524028257,29268.1524028257,3138.0483456800653,15.0,116.83198947648592,14308.219178082192,0,1,0,0,0,0
6725,40.78,6966.773869995359,-659.6383232550305,5.0,8.04,3.0,-26900.050822340145,26900.050822340145,3138.0483456800653,15.0,116.83198947648592,14308.219178082192,0,1,0,0,0,0
6726,43.32,5291.2925289275845,-659.6383232550305,5.0,8.04,3.0,-28575.532163407923,28575.532163407923,3138.0483456800653,15.0,116.83198947648592,14308.219178082192,0,1,0,0,0,0
6727,44.64,4420.569942230941,-659.6383232550305,5.0,8.04,3.0,-29446.254750104563,29446.254750104563,3138.0483456800653,15.0,116.83198947648592,14308.219178082192,0,1,0,0,0,0
6728,46.51,3187.046277744034,-659.6383232550305,5.0,8.04,3.0,-30679.778414591467,30679.778414591467,3138.0483456800653,15.0,116.83198947648592,14308.219178082192,0,1,0,0,0,0
6729,151.29,56057.39908160592,650.0,0,8.04,3.0,98338.5,-98338.5,15071.972825128516,0,556.8949724310688,14308.219178082192,1,0,0,0,0,0
6730,48.42,1927.1370803269242,-659.6383232550305,5.0,8.04,3.0,-31939.68761200858,31939.68761200858,3138.0483456800653,15.0,116.83198947648592,14308.219178082192,0,1,0,0,0,0
6731,40.25,7316.382181320529,-659.6383232550305,5.0,8.04,3.0,-26550.44251101498,26550.44251101498,3138.0483456800653,15.0,116.83198947648592,14308.219178082192,0,1,0,0,0,0
6732,36.42,9842.796959387295,-659.6383232550305,5.0,8.04,3.0,-24024.027732948212,24024.027732948212,3138.0483456800653,15.0,116.83198947648592,14308.219178082192,0,1,0,0,0,0
6733,15.67,23530.292166929175,-659.6383232550305,5.0,8.04,3.0,-10336.532525406328,10336.532525406328,3138.0483456800653,15.0,116.83198947648592,14308.219178082192,0,1,0,0,0,0
6734,15.16,23866.70771178924,-659.6383232550305,5.0,8.04,3.0,-10000.116980546263,10000.116980546263,3138.0483456800653,15.0,116.83198947648592,14308.219178082192,0,1,0,0,0,0
6735,29.51,14400.897773079552,-659.6383232550305,5.0,8.04,3.0,-19465.92691925595,19465.92691925595,3138.0483456800653,15.0,116.83198947648592,14308.219178082192,0,1,0,0,0,0
6736,26.13,16630.475305681557,-659.6383232550305,5.0,8.04,3.0,-17236.349386653947,17236.349386653947,3138.0483456800653,15.0,116.83198947648592,14308.219178082192,0,1,0,0,0,0
6737,44.12,4763.58187032356,-659.6383232550305,5.0,8.04,3.0,-29103.242822011944,29103.242822011944,3138.0483456800653,15.0,116.83198947648592,14308.219178082192,0,1,0,0,0,0
6738,81.17,10479.399081605916,650.0,0,8.04,3.0,52760.5,-52760.5,15071.972825128516,0,556.8949724310688,14308.219178082192,1,0,0,0,0,0
6739,65.44,254.899081605913,650.0,0,8.04,3.0,42536.0,-42536.0,15071.972825128516,0,556.8949724310688,14308.219178082192,1,0,0,0,0,0
6740,54.69,-2208.7952064821143,-659.6383232550305,5.0,8.04,3.0,-36075.61989881762,36075.61989881762,3138.0483456800653,15.0,116.83198947648592,14308.219178082192,0,1,0,0,0,0
6741,47.67,2421.8658227681995,-659.6383232550305,5.0,8.04,3.0,-31444.958869567305,31444.958869567305,3138.0483456800653,15.0,116.83198947648592,14308.219178082192,0,1,0,0,0,0
6742,38.98,8154.122851854416,-659.6383232550305,5.0,8.04,3.0,-25712.701840481088,25712.701840481088,3138.0483456800653,15.0,116.83198947648592,14308.219178082192,0,1,0,0,0,0
6743,39.52,7797.918157296695,-659.6383232550305,5.0,8.04,3.0,-26068.90653503881,26068.90653503881,3138.0483456800653,15.0,116.83198947648592,14308.219178082192,0,1,0,0,0,0
6744,41.94,6201.593415019524,-659.6383232550305,5.0,8.04,3.0,-27665.23127731598,27665.23127731598,3138.0483456800653,15.0,116.83198947648592,14308.219178082192,0,1,0,0,0,0
6745,40.05,7448.309845971533,-659.6383232550305,5.0,8.04,3.0,-26418.51484636397,26418.51484636397,3138.0483456800653,15.0,116.83198947648592,14308.219178082192,0,1,0,0,0,0
6746,35.87,10205.598037177559,-659.6383232550305,5.0,8.04,3.0,-23661.22665515794,23661.22665515794,3138.0483456800653,15.0,116.83198947648592,14308.219178082192,0,1,0,0,0,0
6747,35.02,10766.290611944336,-659.6383232550305,5.0,8.04,3.0,-23100.53408039117,23100.53408039117,3138.0483456800653,15.0,116.83198947648592,14308.219178082192,0,1,0,0,0,0
6748,34.02,11425.928935199365,-659.6383232550305,5.0,8.04,3.0,-22440.89575713614,22440.89575713614,3138.0483456800653,15.0,116.83198947648592,14308.219178082192,0,1,0,0,0,0
6749,35.24,10621.170180828227,-659.6383232550305,5.0,8.04,3.0,-23245.654511507277,23245.654511507277,3138.0483456800653,15.0,116.83198947648592,14308.219178082192,0,1,0,0,0,0
6750,38.45,8503.731163179578,-659.6383232550305,5.0,8.04,3.0,-25363.093529155925,25363.093529155925,3138.0483456800653,15.0,116.83198947648592,14308.219178082192,0,1,0,0,0,0
6751,34.79,10918.007426292992,-659.6383232550305,5.0,8.04,3.0,-22948.81726604251,22948.81726604251,3138.0483456800653,15.0,116.83198947648592,14308.219178082192,0,1,0,0,0,0
6752,36.27,9941.742707875546,-659.6383232550305,5.0,8.04,3.0,-23925.081984459957,23925.081984459957,3138.0483456800653,15.0,116.83198947648592,14308.219178082192,0,1,0,0,0,0
6753,47.73,2382.2875233728996,-659.6383232550305,5.0,8.04,3.0,-31484.537168962604,31484.537168962604,3138.0483456800653,15.0,116.83198947648592,14308.219178082192,0,1,0,0,0,0
6754,49.02,1531.3540863739076,-659.6383232550305,5.0,8.04,3.0,-32335.470605961596,32335.470605961596,3138.0483456800653,15.0,116.83198947648592,14308.219178082192,0,1,0,0,0,0
6755,47.32,2652.7392359074624,-659.6383232550305,5.0,8.04,3.0,-31214.085456428045,31214.085456428045,3138.0483456800653,15.0,116.83198947648592,14308.219178082192,0,1,0,0,0,0
6756,36.41,9849.393342619845,-659.6383232550305,5.0,8.04,3.0,-24017.431349715658,24017.431349715658,3138.0483456800653,15.0,116.83198947648592,14308.219178082192,0,1,0,0,0,0
6757,32.98,12111.9527913846,-659.6383232550305,5.0,8.04,3.0,-21754.871900950904,21754.871900950904,3138.0483456800653,15.0,116.83198947648592,14308.219178082192,0,1,0,0,0,0
6758,30.58,13695.084767196673,-659.6383232550305,5.0,8.04,3.0,-20171.73992513883,20171.73992513883,3138.0483456800653,15.0,116.83198947648592,14308.219178082192,0,1,0,0,0,0
6759,40.51,7144.876217274221,-659.6383232550305,5.0,8.04,3.0,-26721.948475061286,26721.948475061286,3138.0483456800653,15.0,116.83198947648592,14308.219178082192,0,1,0,0,0,0
6760,50.55,522.1074517937163,-659.6383232550305,5.0,8.04,3.0,-33344.71724054179,33344.71724054179,3138.0483456800653,15.0,116.83198947648592,14308.219178082192,0,1,0,0,0,0
6761,77.57,8139.399081605902,650.0,0,8.04,3.0,50420.49999999999,-50420.49999999999,15071.972825128516,0,556.8949724310688,14308.219178082192,1,0,0,0,0,0
6762,441.67,244804.39908160592,650.0,0,8.04,3.0,287085.5,-287085.5,15071.972825128516,0,556.8949724310688,14308.219178082192,1,0,0,0,0,0
6763,60.68,-2839.100918394087,650.0,0,8.04,3.0,39442.0,-39442.0,15071.972825128516,0,556.8949724310688,14308.219178082192,1,0,0,0,0,0
6764,51.51,-111.14533853111746,-659.6383232550305,5.0,8.04,3.0,-33977.97003086662,33977.97003086662,3138.0483456800653,15.0,116.83198947648592,14308.219178082192,0,1,0,0,0,0
6765,50.55,522.1074517937163,-659.6383232550305,5.0,8.04,3.0,-33344.71724054179,33344.71724054179,3138.0483456800653,15.0,116.83198947648592,14308.219178082192,0,1,0,0,0,0
6766,48.47,1894.1551641641786,-659.6383232550305,5.0,8.04,3.0,-31972.66952817133,31972.66952817133,3138.0483456800653,15.0,116.83198947648592,14308.219178082192,0,1,0,0,0,0
6767,48.68,1755.63111628062,-659.6383232550305,5.0,8.04,3.0,-32111.193576054884,32111.193576054884,3138.0483456800653,15.0,116.83198947648592,14308.219178082192,0,1,0,0,0,0
6768,44.44,4552.497606881952,-659.6383232550305,5.0,8.04,3.0,-29314.327085453555,29314.327085453555,3138.0483456800653,15.0,116.83198947648592,14308.219178082192,0,1,0,0,0,0
6769,44.04,4816.352936183961,-659.6383232550305,5.0,8.04,3.0,-29050.471756151543,29050.471756151543,3138.0483456800653,15.0,116.83198947648592,14308.219178082192,0,1,0,0,0,0
6770,46.07,3477.2871399762485,-659.6383232550305,5.0,8.04,3.0,-30389.537552359256,30389.537552359256,3138.0483456800653,15.0,116.83198947648592,14308.219178082192,0,1,0,0,0,0
6771,67.34,1489.8990816059131,650.0,0,8.04,3.0,43771.0,-43771.0,15071.972825128516,0,556.8949724310688,14308.219178082192,1,0,0,0,0,0
6772,111.26,30037.899081605916,650.0,0,8.04,3.0,72319.0,-72319.0,15071.972825128516,0,556.8949724310688,14308.219178082192,1,0,0,0,0,0
6773,54.24,-1911.9579610173528,-659.6383232550305,5.0,8.04,3.0,-35778.78265335286,35778.78265335286,3138.0483456800653,15.0,116.83198947648592,14308.219178082192,0,1,0,0,0,0
6774,77.14,7859.899081605917,650.0,0,8.04,3.0,50141.0,-50141.0,15071.972825128516,0,556.8949724310688,14308.219178082192,1,0,0,0,0,0
6775,69.47,2874.399081605913,650.0,0,8.04,3.0,45155.5,-45155.5,15071.972825128516,0,556.8949724310688,14308.219178082192,1,0,0,0,0,0
6776,61.42,-2358.100918394087,650.0,0,8.04,3.0,39923.0,-39923.0,15071.972825128516,0,556.8949724310688,14308.219178082192,1,0,0,0,0,0
6777,63.79,-817.600918394087,650.0,0,8.04,3.0,41463.5,-41463.5,15071.972825128516,0,556.8949724310688,14308.219178082192,1,0,0,0,0,0
6778,70.64,3634.899081605913,650.0,0,8.04,3.0,45916.0,-45916.0,15071.972825128516,0,556.8949724310688,14308.219178082192,1,0,0,0,0,0
6779,83.82,12201.899081605901,650.0,0,8.04,3.0,54482.99999999999,-54482.99999999999,15071.972825128516,0,556.8949724310688,14308.219178082192,1,0,0,0,0,0
6780,59.42,-3658.100918394087,650.0,0,8.04,3.0,38623.0,-38623.0,15071.972825128516,0,556.8949724310688,14308.219178082192,1,0,0,0,0,0
6781,56.23,-3224.63822429486,-659.6383232550305,5.0,8.04,3.0,-37091.462916630364,37091.462916630364,3138.0483456800653,15.0,116.83198947648592,14308.219178082192,0,1,0,0,0,0
6782,52.21,-572.8921648096361,-659.6383232550305,5.0,8.04,3.0,-34439.71685714514,34439.71685714514,3138.0483456800653,15.0,116.83198947648592,14308.219178082192,0,1,0,0,0,0
6783,44.75,4348.009726672888,-659.6383232550305,5.0,8.04,3.0,-29518.814965662616,29518.814965662616,3138.0483456800653,15.0,116.83198947648592,14308.219178082192,0,1,0,0,0,0
6784,45.4,3919.2448165571227,-659.6383232550305,5.0,8.04,3.0,-29947.579875778385,29947.579875778385,3138.0483456800653,15.0,116.83198947648592,14308.219178082192,0,1,0,0,0,0
6785,167.91,66860.39908160592,650.0,0,8.04,3.0,109141.5,-109141.5,15071.972825128516,0,556.8949724310688,14308.219178082192,1,0,0,0,0,0
6786,73.65,5591.399081605917,650.0,0,8.04,3.0,47872.50000000001,-47872.50000000001,15071.972825128516,0,556.8949724310688,14308.219178082192,1,0,0,0,0,0
6787,27.95,15429.933557357403,-659.6383232550305,5.0,8.04,3.0,-18436.8911349781,18436.8911349781,3138.0483456800653,15.0,116.83198947648592,14308.219178082192,0,1,0,0,0,0
6788,18.11,21920.7746581869,-659.6383232550305,5.0,8.04,3.0,-11946.050034148602,11946.050034148602,3138.0483456800653,15.0,116.83198947648592,14308.219178082192,0,1,0,0,0,0
6789,41.87,6247.768097647378,-659.6383232550305,5.0,8.04,3.0,-27619.056594688125,27619.056594688125,3138.0483456800653,15.0,116.83198947648592,14308.219178082192,0,1,0,0,0,0
6790,22.96,18721.528790400003,-659.6383232550305,5.0,8.04,3.0,-15145.2959019355,15145.2959019355,3138.0483456800653,15.0,116.83198947648592,14308.219178082192,0,1,0,0,0,0
6791,10.0,27270.4414597852,-659.6383232550305,5.0,8.04,3.0,-6596.383232550305,6596.383232550305,3138.0483456800653,15.0,116.83198947648592,14308.219178082192,0,1,0,0,0,0
6792,5.48,30252.006680897935,-659.6383232550305,5.0,8.04,3.0,-3614.8180114375673,3614.8180114375673,3138.0483456800653,15.0,116.83198947648592,14308.219178082192,0,1,0,0,0,0
6793,6.27,29730.89240552646,-659.6383232550305,5.0,8.04,3.0,-4135.932286809041,4135.932286809041,3138.0483456800653,15.0,116.83198947648592,14308.219178082192,0,1,0,0,0,0
6794,4.06,31188.69309992008,-659.6383232550305,5.0,8.04,3.0,-2678.1315924154237,2678.1315924154237,3138.0483456800653,15.0,116.83198947648592,14308.219178082192,0,1,0,0,0,0
6795,3.19,31762.578441151956,-659.6383232550305,5.0,8.04,3.0,-2104.2462511835474,2104.2462511835474,3138.0483456800653,15.0,116.83198947648592,14308.219178082192,0,1,0,0,0,0
6796,19.88,20753.214826025498,-659.6383232550305,5.0,8.04,3.0,-13113.609866310006,13113.609866310006,3138.0483456800653,15.0,116.83198947648592,14308.219178082192,0,1,0,0,0,0
6797,6.93,29295.53111217814,-659.6383232550305,5.0,8.04,3.0,-4571.293580157361,4571.293580157361,3138.0483456800653,15.0,116.83198947648592,14308.219178082192,0,1,0,0,0,0
6798,34.17,11326.98318671111,-659.6383232550305,5.0,8.04,3.0,-22539.841505624394,22539.841505624394,3138.0483456800653,15.0,116.83198947648592,14308.219178082192,0,1,0,0,0,0
6799,26.92,16109.36103031008,-659.6383232550305,5.0,8.04,3.0,-17757.463662025424,17757.463662025424,3138.0483456800653,15.0,116.83198947648592,14308.219178082192,0,1,0,0,0,0
6800,24.37,17791.43875461041,-659.6383232550305,5.0,8.04,3.0,-16075.385937725094,16075.385937725094,3138.0483456800653,15.0,116.83198947648592,14308.219178082192,0,1,0,0,0,0
6801,16.5,22982.7923586275,-659.6383232550305,5.0,8.04,3.0,-10884.032333708003,10884.032333708003,3138.0483456800653,15.0,116.83198947648592,14308.219178082192,0,1,0,0,0,0
6802,21.55,19651.618826189595,-659.6383232550305,5.0,8.04,3.0,-14215.205866145909,14215.205866145909,3138.0483456800653,15.0,116.83198947648592,14308.219178082192,0,1,0,0,0,0
6803,17.6,22257.190203046965,-659.6383232550305,5.0,8.04,3.0,-11609.634489288537,11609.634489288537,3138.0483456800653,15.0,116.83198947648592,14308.219178082192,0,1,0,0,0,0
6804,16.03,23292.822370557366,-659.6383232550305,5.0,8.04,3.0,-10574.00232177814,10574.00232177814,3138.0483456800653,15.0,116.83198947648592,14308.219178082192,0,1,0,0,0,0
6805,13.82,24750.62306495098,-659.6383232550305,5.0,8.04,3.0,-9116.201627384522,9116.201627384522,3138.0483456800653,15.0,116.83198947648592,14308.219178082192,0,1,0,0,0,0
6806,14.69,24176.737723719107,-659.6383232550305,5.0,8.04,3.0,-9690.086968616399,9690.086968616399,3138.0483456800653,15.0,116.83198947648592,14308.219178082192,0,1,0,0,0,0
6807,94.08,18870.899081605916,650.0,0,8.04,3.0,61152.0,-61152.0,15071.972825128516,0,556.8949724310688,14308.219178082192,1,0,0,0,0,0
6808,16.19,23187.28023883656,-659.6383232550305,5.0,8.04,3.0,-10679.544453498946,10679.544453498946,3138.0483456800653,15.0,116.83198947648592,14308.219178082192,0,1,0,0,0,0
6809,22.25,19189.871999911076,-659.6383232550305,5.0,8.04,3.0,-14676.95269242443,14676.95269242443,3138.0483456800653,15.0,116.83198947648592,14308.219178082192,0,1,0,0,0,0
6810,38.57,8424.574564388975,-659.6383232550305,5.0,8.04,3.0,-25442.25012794653,25442.25012794653,3138.0483456800653,15.0,116.83198947648592,14308.219178082192,0,1,0,0,0,0
6811,41.07,6775.478756251399,-659.6383232550305,5.0,8.04,3.0,-27091.345936084104,27091.345936084104,3138.0483456800653,15.0,116.83198947648592,14308.219178082192,0,1,0,0,0,0
6812,22.91,18754.510706562753,-659.6383232550305,5.0,8.04,3.0,-15112.31398577275,15112.31398577275,3138.0483456800653,15.0,116.83198947648592,14308.219178082192,0,1,0,0,0,0
6813,22.59,18965.594970004364,-659.6383232550305,5.0,8.04,3.0,-14901.22972233114,14901.22972233114,3138.0483456800653,15.0,116.83198947648592,14308.219178082192,0,1,0,0,0,0
6814,16.25,23147.701939441256,-659.6383232550305,5.0,8.04,3.0,-10719.122752894245,10719.122752894245,3138.0483456800653,15.0,116.83198947648592,14308.219178082192,0,1,0,0,0,0
6815,8.96,27956.46531597043,-659.6383232550305,5.0,8.04,3.0,-5910.359376365074,5910.359376365074,3138.0483456800653,15.0,116.83198947648592,14308.219178082192,0,1,0,0,0,0
6816,4.51,30891.855854455316,-659.6383232550305,5.0,8.04,3.0,-2974.9688378801875,2974.9688378801875,3138.0483456800653,15.0,116.83198947648592,14308.219178082192,0,1,0,0,0,0
6817,16.83,22765.11171195334,-659.6383232550305,5.0,8.04,3.0,-11101.712980382163,11101.712980382163,3138.0483456800653,15.0,116.83198947648592,14308.219178082192,0,1,0,0,0,0
6818,25.84,16821.770419425517,-659.6383232550305,5.0,8.04,3.0,-17045.054272909987,17045.054272909987,3138.0483456800653,15.0,116.83198947648592,14308.219178082192,0,1,0,0,0,0
6819,8.6,28193.935112342242,-659.6383232550305,5.0,8.04,3.0,-5672.8895799932625,5672.8895799932625,3138.0483456800653,15.0,116.83198947648592,14308.219178082192,0,1,0,0,0,0
6820,27.71,15588.24675493861,-659.6383232550305,5.0,8.04,3.0,-18278.577937396894,18278.577937396894,3138.0483456800653,15.0,116.83198947648592,14308.219178082192,0,1,0,0,0,0
6821,16.57,22936.61767599965,-659.6383232550305,5.0,8.04,3.0,-10930.207016335857,10930.207016335857,3138.0483456800653,15.0,116.83198947648592,14308.219178082192,0,1,0,0,0,0
6822,45.91,3582.8292716970577,-659.6383232550305,5.0,8.04,3.0,-30283.99542063845,30283.99542063845,3138.0483456800653,15.0,116.83198947648592,14308.219178082192,0,1,0,0,0,0
6823,94.6,19208.8990816059,650.0,0,8.04,3.0,61489.99999999999,-61489.99999999999,15071.972825128516,0,556.8949724310688,14308.219178082192,1,0,0,0,0,0
6824,52.05,-467.35003308883415,-659.6383232550305,5.0,8.04,3.0,-34334.17472542434,34334.17472542434,3138.0483456800653,15.0,116.83198947648592,14308.219178082192,0,1,0,0,0,0
6825,53.36,-1331.4762365529236,-659.6383232550305,5.0,8.04,3.0,-35198.30092888843,35198.30092888843,3138.0483456800653,15.0,116.83198947648592,14308.219178082192,0,1,0,0,0,0
6826,38.03,8780.779258946692,-659.6383232550305,5.0,8.04,3.0,-25086.045433388812,25086.045433388812,3138.0483456800653,15.0,116.83198947648592,14308.219178082192,0,1,0,0,0,0
6827,12.95,25324.50840618286,-659.6383232550305,5.0,8.04,3.0,-8542.316286152645,8542.316286152645,3138.0483456800653,15.0,116.83198947648592,14308.219178082192,0,1,0,0,0,0
6828,13.84,24737.43029848588,-659.6383232550305,5.0,8.04,3.0,-9129.394393849621,9129.394393849621,3138.0483456800653,15.0,116.83198947648592,14308.219178082192,0,1,0,0,0,0
6829,25.94,16755.80658710001,-659.6383232550305,5.0,8.04,3.0,-17111.018105235493,17111.018105235493,3138.0483456800653,15.0,116.83198947648592,14308.219178082192,0,1,0,0,0,0
6830,30.9,13484.000503755062,-659.6383232550305,5.0,8.04,3.0,-20382.824188580442,20382.824188580442,3138.0483456800653,15.0,116.83198947648592,14308.219178082192,0,1,0,0,0,0
6831,27.22,15911.469533333573,-659.6383232550305,5.0,8.04,3.0,-17955.35515900193,17955.35515900193,3138.0483456800653,15.0,116.83198947648592,14308.219178082192,0,1,0,0,0,0
6832,32.31,12553.91046796547,-659.6383232550305,5.0,8.04,3.0,-21312.914224370037,21312.914224370037,3138.0483456800653,15.0,116.83198947648592,14308.219178082192,0,1,0,0,0,0
6833,47.47,2553.7934874192038,-659.6383232550305,5.0,8.04,3.0,-31313.031204916297,31313.031204916297,3138.0483456800653,15.0,116.83198947648592,14308.219178082192,0,1,0,0,0,0
6834,172.24,69674.89908160592,650.0,0,8.04,3.0,111956.0,-111956.0,15071.972825128516,0,556.8949724310688,14308.219178082192,1,0,0,0,0,0
6835,116.89,33697.39908160592,650.0,0,8.04,3.0,75978.5,-75978.5,15071.972825128516,0,556.8949724310688,14308.219178082192,1,0,0,0,0,0
6836,61.39,-2377.600918394087,650.0,0,8.04,3.0,39903.5,-39903.5,15071.972825128516,0,556.8949724310688,14308.219178082192,1,0,0,0,0,0
6837,17.2,22521.04553234898,-659.6383232550305,5.0,8.04,3.0,-11345.779159986525,11345.779159986525,3138.0483456800653,15.0,116.83198947648592,14308.219178082192,0,1,0,0,0,0
6838,18.88,21412.853149280527,-659.6383232550305,5.0,8.04,3.0,-12453.971543054975,12453.971543054975,3138.0483456800653,15.0,116.83198947648592,14308.219178082192,0,1,0,0,0,0
6839,10.42,26993.393364018084,-659.6383232550305,5.0,8.04,3.0,-6873.431328317418,6873.431328317418,3138.0483456800653,15.0,116.83198947648592,14308.219178082192,0,1,0,0,0,0
6840,5.26,30397.127112014045,-659.6383232550305,5.0,8.04,3.0,-3469.6975803214605,3469.6975803214605,3138.0483456800653,15.0,116.83198947648592,14308.219178082192,0,1,0,0,0,0
6841,8.32,28378.63384285365,-659.6383232550305,5.0,8.04,3.0,-5488.1908494818545,5488.1908494818545,3138.0483456800653,15.0,116.83198947648592,14308.219178082192,0,1,0,0,0,0
6842,17.21,22514.44914911643,-659.6383232550305,5.0,8.04,3.0,-11352.375543219076,11352.375543219076,3138.0483456800653,15.0,116.83198947648592,14308.219178082192,0,1,0,0,0,0
6843,17.77,22145.051688093612,-659.6383232550305,5.0,8.04,3.0,-11721.773004241892,11721.773004241892,3138.0483456800653,15.0,116.83198947648592,14308.219178082192,0,1,0,0,0,0
6844,12.32,25740.08054983353,-659.6383232550305,5.0,8.04,3.0,-8126.744142501976,8126.744142501976,3138.0483456800653,15.0,116.83198947648592,14308.219178082192,0,1,0,0,0,0
6845,23.63,18279.571113819133,-659.6383232550305,5.0,8.04,3.0,-15587.25357851637,15587.25357851637,3138.0483456800653,15.0,116.83198947648592,14308.219178082192,0,1,0,0,0,0
6846,61.17,-2520.600918394087,650.0,0,8.04,3.0,39760.5,-39760.5,15071.972825128516,0,556.8949724310688,14308.219178082192,1,0,0,0,0,0
6847,110.17,29329.399081605916,650.0,0,8.04,3.0,71610.5,-71610.5,15071.972825128516,0,556.8949724310688,14308.219178082192,1,0,0,0,0,0
6848,66.24,774.899081605913,650.0,0,8.04,3.0,43056.0,-43056.0,15071.972825128516,0,556.8949724310688,14308.219178082192,1,0,0,0,0,0
6849,47.9,2270.1490084195434,-659.6383232550305,5.0,8.04,3.0,-31596.67568391596,31596.67568391596,3138.0483456800653,15.0,116.83198947648592,14308.219178082192,0,1,0,0,0,0
6850,20.16,20568.51609551409,-659.6383232550305,5.0,8.04,3.0,-13298.308596821415,13298.308596821415,3138.0483456800653,15.0,116.83198947648592,14308.219178082192,0,1,0,0,0,0
6851,31.85,12857.344096662779,-659.6383232550305,5.0,8.04,3.0,-21009.48059567272,21009.48059567272,3138.0483456800653,15.0,116.83198947648592,14308.219178082192,0,1,0,0,0,0
6852,60.54,-2930.100918394087,650.0,0,8.04,3.0,39351.0,-39351.0,15071.972825128516,0,556.8949724310688,14308.219178082192,1,0,0,0,0,0
6853,46.96,2890.2090322792724,-659.6383232550305,5.0,8.04,3.0,-30976.61566005623,30976.61566005623,3138.0483456800653,15.0,116.83198947648592,14308.219178082192,0,1,0,0,0,0
6854,47.62,2454.8477389309523,-659.6383232550305,5.0,8.04,3.0,-31411.97695340455,31411.97695340455,3138.0483456800653,15.0,116.83198947648592,14308.219178082192,0,1,0,0,0,0
6855,36.07,10073.670372526554,-659.6383232550305,5.0,8.04,3.0,-23793.15431980895,23793.15431980895,3138.0483456800653,15.0,116.83198947648592,14308.219178082192,0,1,0,0,0,0
6856,46.55,3160.660744813835,-659.6383232550305,5.0,8.04,3.0,-30706.16394752167,30706.16394752167,3138.0483456800653,15.0,116.83198947648592,14308.219178082192,0,1,0,0,0,0
6857,95.37,19709.399081605916,650.0,0,8.04,3.0,61990.5,-61990.5,15071.972825128516,0,556.8949724310688,14308.219178082192,1,0,0,0,0,0
6858,288.67,145354.39908160592,650.0,0,8.04,3.0,187635.5,-187635.5,15071.972825128516,0,556.8949724310688,14308.219178082192,1,0,0,0,0,0
6859,86.53,13963.399081605916,650.0,0,8.04,3.0,56244.5,-56244.5,15071.972825128516,0,556.8949724310688,14308.219178082192,1,0,0,0,0,0
6860,98.37,21659.399081605916,650.0,0,8.04,3.0,63940.5,-63940.5,15071.972825128516,0,556.8949724310688,14308.219178082192,1,0,0,0,0,0
6861,65.96,592.8990816059057,650.0,0,8.04,3.0,42873.99999999999,-42873.99999999999,15071.972825128516,0,556.8949724310688,14308.219178082192,1,0,0,0,0,0
6862,59.1,-3866.100918394087,650.0,0,8.04,3.0,38415.0,-38415.0,15071.972825128516,0,556.8949724310688,14308.219178082192,1,0,0,0,0,0
6863,73.98,5805.899081605917,650.0,0,8.04,3.0,48087.0,-48087.0,15071.972825128516,0,556.8949724310688,14308.219178082192,1,0,0,0,0,0
6864,41.91,6221.38256471718,-659.6383232550305,5.0,8.04,3.0,-27645.442127618328,27645.442127618328,3138.0483456800653,15.0,116.83198947648592,14308.219178082192,0,1,0,0,0,0
6865,35.32,10568.399114967826,-659.6383232550305,5.0,8.04,3.0,-23298.425577367678,23298.425577367678,3138.0483456800653,15.0,116.83198947648592,14308.219178082192,0,1,0,0,0,0
6866,15.8,23444.539184906018,-659.6383232550305,5.0,8.04,3.0,-10422.285507429482,10422.285507429482,3138.0483456800653,15.0,116.83198947648592,14308.219178082192,0,1,0,0,0,0
6867,9.36,27692.609986668416,-659.6383232550305,5.0,8.04,3.0,-6174.214705667086,6174.214705667086,3138.0483456800653,15.0,116.83198947648592,14308.219178082192,0,1,0,0,0,0
6868,16.56,22943.2140592322,-659.6383232550305,5.0,8.04,3.0,-10923.610633103304,10923.610633103304,3138.0483456800653,15.0,116.83198947648592,14308.219178082192,0,1,0,0,0,0
6869,26.24,16557.915090123504,-659.6383232550305,5.0,8.04,3.0,-17308.909602212,17308.909602212,3138.0483456800653,15.0,116.83198947648592,14308.219178082192,0,1,0,0,0,0
6870,50.1,818.9446972584778,-659.6383232550305,5.0,8.04,3.0,-33047.879995077026,33047.879995077026,3138.0483456800653,15.0,116.83198947648592,14308.219178082192,0,1,0,0,0,0
6871,50.18,766.1736313980732,-659.6383232550305,5.0,8.04,3.0,-33100.65106093743,33100.65106093743,3138.0483456800653,15.0,116.83198947648592,14308.219178082192,0,1,0,0,0,0
6872,54.15,-1852.5905119243976,-659.6383232550305,5.0,8.04,3.0,-35719.4152042599,35719.4152042599,3138.0483456800653,15.0,116.83198947648592,14308.219178082192,0,1,0,0,0,0
6873,57.65,-4161.324643317006,-659.6383232550305,5.0,8.04,3.0,-38028.14933565251,38028.14933565251,3138.0483456800653,15.0,116.83198947648592,14308.219178082192,0,1,0,0,0,0
6874,38.03,8780.779258946692,-659.6383232550305,5.0,8.04,3.0,-25086.045433388812,25086.045433388812,3138.0483456800653,15.0,116.83198947648592,14308.219178082192,0,1,0,0,0,0
6875,26.16,16610.686155983905,-659.6383232550305,5.0,8.04,3.0,-17256.1385363516,17256.1385363516,3138.0483456800653,15.0,116.83198947648592,14308.219178082192,0,1,0,0,0,0
6876,26.5,16386.409126077197,-659.6383232550305,5.0,8.04,3.0,-17480.415566258307,17480.415566258307,3138.0483456800653,15.0,116.83198947648592,14308.219178082192,0,1,0,0,0,0
6877,23.72,18220.20366472618,-659.6383232550305,5.0,8.04,3.0,-15646.621027609322,15646.621027609322,3138.0483456800653,15.0,116.83198947648592,14308.219178082192,0,1,0,0,0,0
6878,23.77,18187.22174856343,-659.6383232550305,5.0,8.04,3.0,-15679.602943772075,15679.602943772075,3138.0483456800653,15.0,116.83198947648592,14308.219178082192,0,1,0,0,0,0
6879,23.21,18556.619209586243,-659.6383232550305,5.0,8.04,3.0,-15310.20548274926,15310.20548274926,3138.0483456800653,15.0,116.83198947648592,14308.219178082192,0,1,0,0,0,0
6880,23.49,18371.92047907484,-659.6383232550305,5.0,8.04,3.0,-15494.904213260666,15494.904213260666,3138.0483456800653,15.0,116.83198947648592,14308.219178082192,0,1,0,0,0,0
6881,43.46,5198.943163671876,-659.6383232550305,5.0,8.04,3.0,-28667.881528663627,28667.881528663627,3138.0483456800653,15.0,116.83198947648592,14308.219178082192,0,1,0,0,0,0
6882,45.03,4163.310996161479,-659.6383232550305,5.0,8.04,3.0,-29703.513696174025,29703.513696174025,3138.0483456800653,15.0,116.83198947648592,14308.219178082192,0,1,0,0,0,0
6883,52.44,-724.6089791582922,-659.6383232550305,5.0,8.04,3.0,-34591.433671493796,34591.433671493796,3138.0483456800653,15.0,116.83198947648592,14308.219178082192,0,1,0,0,0,0
6884,48.54,1847.9804815363245,-659.6383232550305,5.0,8.04,3.0,-32018.84421079918,32018.84421079918,3138.0483456800653,15.0,116.83198947648592,14308.219178082192,0,1,0,0,0,0
6885,47.25,2698.913918535313,-659.6383232550305,5.0,8.04,3.0,-31167.91077380019,31167.91077380019,3138.0483456800653,15.0,116.83198947648592,14308.219178082192,0,1,0,0,0,0
6886,47.19,2738.4922179306163,-659.6383232550305,5.0,8.04,3.0,-31128.332474404888,31128.332474404888,3138.0483456800653,15.0,116.83198947648592,14308.219178082192,0,1,0,0,0,0
6887,45.64,3760.931618975909,-659.6383232550305,5.0,8.04,3.0,-30105.89307335959,30105.89307335959,3138.0483456800653,15.0,116.83198947648592,14308.219178082192,0,1,0,0,0,0
6888,44.04,4816.352936183961,-659.6383232550305,5.0,8.04,3.0,-29050.471756151543,29050.471756151543,3138.0483456800653,15.0,116.83198947648592,14308.219178082192,0,1,0,0,0,0
6889,37.5,9130.387570271858,-659.6383232550305,5.0,8.04,3.0,-24736.437122063646,24736.437122063646,3138.0483456800653,15.0,116.83198947648592,14308.219178082192,0,1,0,0,0,0
6890,36.83,9572.345246852728,-659.6383232550305,5.0,8.04,3.0,-24294.47944548277,24294.47944548277,3138.0483456800653,15.0,116.83198947648592,14308.219178082192,0,1,0,0,0,0
6891,36.56,9750.447594131587,-659.6383232550305,5.0,8.04,3.0,-24116.377098203917,24116.377098203917,3138.0483456800653,15.0,116.83198947648592,14308.219178082192,0,1,0,0,0,0
6892,25.95,16749.210203867464,-659.6383232550305,5.0,8.04,3.0,-17117.61448846804,17117.61448846804,3138.0483456800653,15.0,116.83198947648592,14308.219178082192,0,1,0,0,0,0
6893,21.92,19407.552646585234,-659.6383232550305,5.0,8.04,3.0,-14459.27204575027,14459.27204575027,3138.0483456800653,15.0,116.83198947648592,14308.219178082192,0,1,0,0,0,0
6894,23.03,18675.35410777215,-659.6383232550305,5.0,8.04,3.0,-15191.470584563354,15191.470584563354,3138.0483456800653,15.0,116.83198947648592,14308.219178082192,0,1,0,0,0,0
6895,25.97,16736.017437402363,-659.6383232550305,5.0,8.04,3.0,-17130.80725493314,17130.80725493314,3138.0483456800653,15.0,116.83198947648592,14308.219178082192,0,1,0,0,0,0
6896,25.09,17316.49916186679,-659.6383232550305,5.0,8.04,3.0,-16550.325530468715,16550.325530468715,3138.0483456800653,15.0,116.83198947648592,14308.219178082192,0,1,0,0,0,0
6897,33.43,11815.11554591983,-659.6383232550305,5.0,8.04,3.0,-22051.70914641567,22051.70914641567,3138.0483456800653,15.0,116.83198947648592,14308.219178082192,0,1,0,0,0,0
6898,14.15,24532.94241827682,-659.6383232550305,5.0,8.04,3.0,-9333.882274058682,9333.882274058682,3138.0483456800653,15.0,116.83198947648592,14308.219178082192,0,1,0,0,0,0
6899,9.93,27316.61614241305,-659.6383232550305,5.0,8.04,3.0,-6550.208549922453,6550.208549922453,3138.0483456800653,15.0,116.83198947648592,14308.219178082192,0,1,0,0,0,0
6900,8.14,28497.368741039554,-659.6383232550305,5.0,8.04,3.0,-5369.455951295949,5369.455951295949,3138.0483456800653,15.0,116.83198947648592,14308.219178082192,0,1,0,0,0,0
6901,3.42,31610.8616268033,-659.6383232550305,5.0,8.04,3.0,-2255.9630655322044,2255.9630655322044,3138.0483456800653,15.0,116.83198947648592,14308.219178082192,0,1,0,0,0,0
6902,-2.14,35278.45070410127,-659.6383232550305,5.0,8.04,3.0,1411.6260117657653,-1411.6260117657653,3138.0483456800653,15.0,116.83198947648592,14308.219178082192,0,1,0,0,0,0
6903,1.31,33002.698488871414,-659.6383232550305,5.0,8.04,3.0,-864.12620346409,864.12620346409,3138.0483456800653,15.0,116.83198947648592,14308.219178082192,0,1,0,0,0,0
6904,7.22,29104.235998434182,-659.6383232550305,5.0,8.04,3.0,-4762.58869390132,4762.58869390132,3138.0483456800653,15.0,116.83198947648592,14308.219178082192,0,1,0,0,0,0
6905,27.11,15984.029748891626,-659.6383232550305,5.0,8.04,3.0,-17882.794943443878,17882.794943443878,3138.0483456800653,15.0,116.83198947648592,14308.219178082192,0,1,0,0,0,0
6906,40.78,6966.773869995359,-659.6383232550305,5.0,8.04,3.0,-26900.050822340145,26900.050822340145,3138.0483456800653,15.0,116.83198947648592,14308.219178082192,0,1,0,0,0,0
6907,28.07,15350.7769585668,-659.6383232550305,5.0,8.04,3.0,-18516.047733768708,18516.047733768708,3138.0483456800653,15.0,116.83198947648592,14308.219178082192,0,1,0,0,0,0
6908,31.59,13028.85006070909,-659.6383232550305,5.0,8.04,3.0,-20837.974631626414,20837.974631626414,3138.0483456800653,15.0,116.83198947648592,14308.219178082192,0,1,0,0,0,0
6909,26.7,16254.481461426189,-659.6383232550305,5.0,8.04,3.0,-17612.343230909315,17612.343230909315,3138.0483456800653,15.0,116.83198947648592,14308.219178082192,0,1,0,0,0,0
6910,32.5,12428.579186547013,-659.6383232550305,5.0,8.04,3.0,-21438.24550578849,21438.24550578849,3138.0483456800653,15.0,116.83198947648592,14308.219178082192,0,1,0,0,0,0
6911,29.07,14691.138635311767,-659.6383232550305,5.0,8.04,3.0,-19175.686057023737,19175.686057023737,3138.0483456800653,15.0,116.83198947648592,14308.219178082192,0,1,0,0,0,0
6912,29.5,14407.494156312106,-659.6383232550305,5.0,8.04,3.0,-19459.3305360234,19459.3305360234,3138.0483456800653,15.0,116.83198947648592,14308.219178082192,0,1,0,0,0,0
6913,27.68,15608.035904636261,-659.6383232550305,5.0,8.04,3.0,-18258.788787699243,18258.788787699243,3138.0483456800653,15.0,116.83198947648592,14308.219178082192,0,1,0,0,0,0
6914,30.0,14077.674994684588,-659.6383232550305,5.0,8.04,3.0,-19789.149697650915,19789.149697650915,3138.0483456800653,15.0,116.83198947648592,14308.219178082192,0,1,0,0,0,0
6915,30.97,13437.825821127208,-659.6383232550305,5.0,8.04,3.0,-20428.998871208296,20428.998871208296,3138.0483456800653,15.0,116.83198947648592,14308.219178082192,0,1,0,0,0,0
6916,31.66,12982.67537808124,-659.6383232550305,5.0,8.04,3.0,-20884.149314254268,20884.149314254268,3138.0483456800653,15.0,116.83198947648592,14308.219178082192,0,1,0,0,0,0
6917,28.52,15053.939713102034,-659.6383232550305,5.0,8.04,3.0,-18812.88497923347,18812.88497923347,3138.0483456800653,15.0,116.83198947648592,14308.219178082192,0,1,0,0,0,0
6918,28.46,15093.518012497334,-659.6383232550305,5.0,8.04,3.0,-18773.30667983817,18773.30667983817,3138.0483456800653,15.0,116.83198947648592,14308.219178082192,0,1,0,0,0,0
6919,33.64,11676.59149803628,-659.6383232550305,5.0,8.04,3.0,-22190.233194299228,22190.233194299228,3138.0483456800653,15.0,116.83198947648592,14308.219178082192,0,1,0,0,0,0
6920,33.75,11604.031282478223,-659.6383232550305,5.0,8.04,3.0,-22262.79340985728,22262.79340985728,3138.0483456800653,15.0,116.83198947648592,14308.219178082192,0,1,0,0,0,0
6921,31.44,13127.795809197345,-659.6383232550305,5.0,8.04,3.0,-20739.02888313816,20739.02888313816,3138.0483456800653,15.0,116.83198947648592,14308.219178082192,0,1,0,0,0,0
6922,13.39,25034.267543950642,-659.6383232550305,5.0,8.04,3.0,-8832.55714838486,8832.55714838486,3138.0483456800653,15.0,116.83198947648592,14308.219178082192,0,1,0,0,0,0
6923,7.75,28754.627687109016,-659.6383232550305,5.0,8.04,3.0,-5112.197005226487,5112.197005226487,3138.0483456800653,15.0,116.83198947648592,14308.219178082192,0,1,0,0,0,0
6924,13.26,25120.0205259738,-659.6383232550305,5.0,8.04,3.0,-8746.804166361704,8746.804166361704,3138.0483456800653,15.0,116.83198947648592,14308.219178082192,0,1,0,0,0,0
6925,14.02,24618.695400299977,-659.6383232550305,5.0,8.04,3.0,-9248.129292035528,9248.129292035528,3138.0483456800653,15.0,116.83198947648592,14308.219178082192,0,1,0,0,0,0
6926,14.61,24229.508789579508,-659.6383232550305,5.0,8.04,3.0,-9637.315902755996,9637.315902755996,3138.0483456800653,15.0,116.83198947648592,14308.219178082192,0,1,0,0,0,0
6927,16.82,22771.70809518589,-659.6383232550305,5.0,8.04,3.0,-11095.116597149614,11095.116597149614,3138.0483456800653,15.0,116.83198947648592,14308.219178082192,0,1,0,0,0,0
6928,29.61,14334.93394075405,-659.6383232550305,5.0,8.04,3.0,-19531.890751581454,19531.890751581454,3138.0483456800653,15.0,116.83198947648592,14308.219178082192,0,1,0,0,0,0
6929,39.51,7804.51454052925,-659.6383232550305,5.0,8.04,3.0,-26062.310151806254,26062.310151806254,3138.0483456800653,15.0,116.83198947648592,14308.219178082192,0,1,0,0,0,0
6930,56.73,-3554.457385922374,-659.6383232550305,5.0,8.04,3.0,-37421.28207825788,37421.28207825788,3138.0483456800653,15.0,116.83198947648592,14308.219178082192,0,1,0,0,0,0
6931,73.13,5253.399081605917,650.0,0,8.04,3.0,47534.5,-47534.5,15071.972825128516,0,556.8949724310688,14308.219178082192,1,0,0,0,0,0
6932,23.04,18668.757724539602,-659.6383232550305,5.0,8.04,3.0,-15198.066967795903,15198.066967795903,3138.0483456800653,15.0,116.83198947648592,14308.219178082192,0,1,0,0,0,0
6933,19.95,20707.040143397644,-659.6383232550305,5.0,8.04,3.0,-13159.784548937858,13159.784548937858,3138.0483456800653,15.0,116.83198947648592,14308.219178082192,0,1,0,0,0,0
6934,21.99,19361.377963957384,-659.6383232550305,5.0,8.04,3.0,-14505.44672837812,14505.44672837812,3138.0483456800653,15.0,116.83198947648592,14308.219178082192,0,1,0,0,0,0
6935,14.4,24368.032837463063,-659.6383232550305,5.0,8.04,3.0,-9498.79185487244,9498.79185487244,3138.0483456800653,15.0,116.83198947648592,14308.219178082192,0,1,0,0,0,0
6936,9.22,27784.959351924124,-659.6383232550305,5.0,8.04,3.0,-6081.865340411382,6081.865340411382,3138.0483456800653,15.0,116.83198947648592,14308.219178082192,0,1,0,0,0,0
6937,10.82,26729.538034716075,-659.6383232550305,5.0,8.04,3.0,-7137.28665761943,7137.28665761943,3138.0483456800653,15.0,116.83198947648592,14308.219178082192,0,1,0,0,0,0
6938,8.74,28101.585747086538,-659.6383232550305,5.0,8.04,3.0,-5765.238945248967,5765.238945248967,3138.0483456800653,15.0,116.83198947648592,14308.219178082192,0,1,0,0,0,0
6939,12.52,25608.15288518252,-659.6383232550305,5.0,8.04,3.0,-8258.671807152981,8258.671807152981,3138.0483456800653,15.0,116.83198947648592,14308.219178082192,0,1,0,0,0,0
6940,15.97,23332.400669952665,-659.6383232550305,5.0,8.04,3.0,-10534.424022382838,10534.424022382838,3138.0483456800653,15.0,116.83198947648592,14308.219178082192,0,1,0,0,0,0
6941,30.84,13523.578803150362,-659.6383232550305,5.0,8.04,3.0,-20343.245889185142,20343.245889185142,3138.0483456800653,15.0,116.83198947648592,14308.219178082192,0,1,0,0,0,0
6942,31.69,12962.886228383588,-659.6383232550305,5.0,8.04,3.0,-20903.93846395192,20903.93846395192,3138.0483456800653,15.0,116.83198947648592,14308.219178082192,0,1,0,0,0,0
6943,41.15,6722.707690390998,-659.6383232550305,5.0,8.04,3.0,-27144.117001944505,27144.117001944505,3138.0483456800653,15.0,116.83198947648592,14308.219178082192,0,1,0,0,0,0
6944,49.79,1023.4325774675385,-659.6383232550305,5.0,8.04,3.0,-32843.392114867966,32843.392114867966,3138.0483456800653,15.0,116.83198947648592,14308.219178082192,0,1,0,0,0,0
6945,38.8,8272.857750040323,-659.6383232550305,5.0,8.04,3.0,-25593.96694229518,25593.96694229518,3138.0483456800653,15.0,116.83198947648592,14308.219178082192,0,1,0,0,0,0
6946,32.8,12230.687689570503,-659.6383232550305,5.0,8.04,3.0,-21636.137002764997,21636.137002764997,3138.0483456800653,15.0,116.83198947648592,14308.219178082192,0,1,0,0,0,0
6947,33.17,11986.621509966139,-659.6383232550305,5.0,8.04,3.0,-21880.20318236936,21880.20318236936,3138.0483456800653,15.0,116.83198947648592,14308.219178082192,0,1,0,0,0,0
6948,26.71,16247.885078193638,-659.6383232550305,5.0,8.04,3.0,-17618.939614141866,17618.939614141866,3138.0483456800653,15.0,116.83198947648592,14308.219178082192,0,1,0,0,0,0
6949,22.72,18879.841987981214,-659.6383232550305,5.0,8.04,3.0,-14986.982704354292,14986.982704354292,3138.0483456800653,15.0,116.83198947648592,14308.219178082192,0,1,0,0,0,0
6950,16.09,23253.244071162062,-659.6383232550305,5.0,8.04,3.0,-10613.580621173442,10613.580621173442,3138.0483456800653,15.0,116.83198947648592,14308.219178082192,0,1,0,0,0,0
6951,20.53,20324.449915909725,-659.6383232550305,5.0,8.04,3.0,-13542.374776425777,13542.374776425777,3138.0483456800653,15.0,116.83198947648592,14308.219178082192,0,1,0,0,0,0
6952,20.98,20027.612670444963,-659.6383232550305,5.0,8.04,3.0,-13839.21202189054,13839.21202189054,3138.0483456800653,15.0,116.83198947648592,14308.219178082192,0,1,0,0,0,0
6953,22.33,19137.10093405067,-659.6383232550305,5.0,8.04,3.0,-14729.72375828483,14729.72375828483,3138.0483456800653,15.0,116.83198947648592,14308.219178082192,0,1,0,0,0,0
6954,30.73,13596.139018708418,-659.6383232550305,5.0,8.04,3.0,-20270.68567362709,20270.68567362709,3138.0483456800653,15.0,116.83198947648592,14308.219178082192,0,1,0,0,0,0
6955,41.86,6254.364480879925,-659.6383232550305,5.0,8.04,3.0,-27612.46021145558,27612.46021145558,3138.0483456800653,15.0,116.83198947648592,14308.219178082192,0,1,0,0,0,0
6956,26.79,16195.114012333237,-659.6383232550305,5.0,8.04,3.0,-17671.710680002267,17671.710680002267,3138.0483456800653,15.0,116.83198947648592,14308.219178082192,0,1,0,0,0,0
6957,24.58,17652.914706726857,-659.6383232550305,5.0,8.04,3.0,-16213.909985608649,16213.909985608649,3138.0483456800653,15.0,116.83198947648592,14308.219178082192,0,1,0,0,0,0
6958,27.56,15687.192503426864,-659.6383232550305,5.0,8.04,3.0,-18179.63218890864,18179.63218890864,3138.0483456800653,15.0,116.83198947648592,14308.219178082192,0,1,0,0,0,0
6959,19.62,20924.720790071806,-659.6383232550305,5.0,8.04,3.0,-12942.1039022637,12942.1039022637,3138.0483456800653,15.0,116.83198947648592,14308.219178082192,0,1,0,0,0,0
6960,13.91,24691.25561585803,-659.6383232550305,5.0,8.04,3.0,-9175.569076477475,9175.569076477475,3138.0483456800653,15.0,116.83198947648592,14308.219178082192,0,1,0,0,0,0
6961,13.66,24856.165196671787,-659.6383232550305,5.0,8.04,3.0,-9010.659495663716,9010.659495663716,3138.0483456800653,15.0,116.83198947648592,14308.219178082192,0,1,0,0,0,0
6962,20.48,20357.431832072478,-659.6383232550305,5.0,8.04,3.0,-13509.392860263026,13509.392860263026,3138.0483456800653,15.0,116.83198947648592,14308.219178082192,0,1,0,0,0,0
6963,18.9,21399.66038281543,-659.6383232550305,5.0,8.04,3.0,-12467.164309520076,12467.164309520076,3138.0483456800653,15.0,116.83198947648592,14308.219178082192,0,1,0,0,0,0
6964,26.58,16333.638060216796,-659.6383232550305,5.0,8.04,3.0,-17533.18663211871,17533.18663211871,3138.0483456800653,15.0,116.83198947648592,14308.219178082192,0,1,0,0,0,0
6965,35.89,10192.405270712461,-659.6383232550305,5.0,8.04,3.0,-23674.419421623046,23674.419421623046,3138.0483456800653,15.0,116.83198947648592,14308.219178082192,0,1,0,0,0,0
6966,87.52,14606.899081605916,650.0,0,8.04,3.0,56888.0,-56888.0,15071.972825128516,0,556.8949724310688,14308.219178082192,1,0,0,0,0,0
6967,55.31,-2617.7709669002356,-659.6383232550305,5.0,8.04,3.0,-36484.59565923574,36484.59565923574,3138.0483456800653,15.0,116.83198947648592,14308.219178082192,0,1,0,0,0,0
6968,47.02,2850.6307328839653,-659.6383232550305,5.0,8.04,3.0,-31016.193959451535,31016.193959451535,3138.0483456800653,15.0,116.83198947648592,14308.219178082192,0,1,0,0,0,0
6969,51.36,-12.199590042858773,-659.6383232550305,5.0,8.04,3.0,-33879.02428237837,33879.02428237837,3138.0483456800653,15.0,116.83198947648592,14308.219178082192,0,1,0,0,0,0
6970,36.65,9691.080145038635,-659.6383232550305,5.0,8.04,3.0,-24175.74454729687,24175.74454729687,3138.0483456800653,15.0,116.83198947648592,14308.219178082192,0,1,0,0,0,0
6971,42.39,5904.756169554759,-659.6383232550305,5.0,8.04,3.0,-27962.068522780744,27962.068522780744,3138.0483456800653,15.0,116.83198947648592,14308.219178082192,0,1,0,0,0,0
6972,42.41,5891.563403089662,-659.6383232550305,5.0,8.04,3.0,-27975.261289245842,27975.261289245842,3138.0483456800653,15.0,116.83198947648592,14308.219178082192,0,1,0,0,0,0
6973,41.99,6168.611498856775,-659.6383232550305,5.0,8.04,3.0,-27698.213193478732,27698.213193478732,3138.0483456800653,15.0,116.83198947648592,14308.219178082192,0,1,0,0,0,0
6974,37.31,9255.718851690315,-659.6383232550305,5.0,8.04,3.0,-24611.10584064519,24611.10584064519,3138.0483456800653,15.0,116.83198947648592,14308.219178082192,0,1,0,0,0,0
6975,37.33,9242.526085225214,-659.6383232550305,5.0,8.04,3.0,-24624.29860711029,24624.29860711029,3138.0483456800653,15.0,116.83198947648592,14308.219178082192,0,1,0,0,0,0
6976,39.93,7527.466444762136,-659.6383232550305,5.0,8.04,3.0,-26339.358247573367,26339.358247573367,3138.0483456800653,15.0,116.83198947648592,14308.219178082192,0,1,0,0,0,0
6977,149.85,55121.39908160592,650.0,0,8.04,3.0,97402.5,-97402.5,15071.972825128516,0,556.8949724310688,14308.219178082192,1,0,0,0,0,0
6978,111.37,30109.399081605916,650.0,0,8.04,3.0,72390.5,-72390.5,15071.972825128516,0,556.8949724310688,14308.219178082192,1,0,0,0,0,0
6979,45.87,3609.2148046272564,-659.6383232550305,5.0,8.04,3.0,-30257.609887708248,30257.609887708248,3138.0483456800653,15.0,116.83198947648592,14308.219178082192,0,1,0,0,0,0
6980,84.41,12585.399081605916,650.0,0,8.04,3.0,54866.5,-54866.5,15071.972825128516,0,556.8949724310688,14308.219178082192,1,0,0,0,0,0
6981,44.73,4361.202493137993,-659.6383232550305,5.0,8.04,3.0,-29505.622199197514,29505.622199197514,3138.0483456800653,15.0,116.83198947648592,14308.219178082192,0,1,0,0,0,0
6982,39.63,7725.357941738643,-659.6383232550305,5.0,8.04,3.0,-26141.46675059686,26141.46675059686,3138.0483456800653,15.0,116.83198947648592,14308.219178082192,0,1,0,0,0,0
6983,37.14,9367.857366643671,-659.6383232550305,5.0,8.04,3.0,-24498.967325691832,24498.967325691832,3138.0483456800653,15.0,116.83198947648592,14308.219178082192,0,1,0,0,0,0
6984,57.75,-4227.288475642512,-659.6383232550305,5.0,8.04,3.0,-38094.113167978016,38094.113167978016,3138.0483456800653,15.0,116.83198947648592,14308.219178082192,0,1,0,0,0,0
6985,41.51,6485.237894019188,-659.6383232550305,5.0,8.04,3.0,-27381.586798316315,27381.586798316315,3138.0483456800653,15.0,116.83198947648592,14308.219178082192,0,1,0,0,0,0
6986,49.93,931.0832122118304,-659.6383232550305,5.0,8.04,3.0,-32935.741480123674,32935.741480123674,3138.0483456800653,15.0,116.83198947648592,14308.219178082192,0,1,0,0,0,0
6987,49.85,983.854278072235,-659.6383232550305,5.0,8.04,3.0,-32882.97041426327,32882.97041426327,3138.0483456800653,15.0,116.83198947648592,14308.219178082192,0,1,0,0,0,0
6988,58.09,-4451.565505549224,-659.6383232550305,5.0,8.04,3.0,-38318.39019788473,38318.39019788473,3138.0483456800653,15.0,116.83198947648592,14308.219178082192,0,1,0,0,0,0
6989,136.63,46528.39908160592,650.0,0,8.04,3.0,88809.5,-88809.5,15071.972825128516,0,556.8949724310688,14308.219178082192,1,0,0,0,0,0
6990,117.65,34191.39908160592,650.0,0,8.04,3.0,76472.5,-76472.5,15071.972825128516,0,556.8949724310688,14308.219178082192,1,0,0,0,0,0
6991,50.55,522.1074517937163,-659.6383232550305,5.0,8.04,3.0,-33344.71724054179,33344.71724054179,3138.0483456800653,15.0,116.83198947648592,14308.219178082192,0,1,0,0,0,0
6992,49.25,1379.6372720252516,-659.6383232550305,5.0,8.04,3.0,-32487.187420310252,32487.187420310252,3138.0483456800653,15.0,116.83198947648592,14308.219178082192,0,1,0,0,0,0
6993,67.54,1619.8990816059204,650.0,0,8.04,3.0,43901.00000000001,-43901.00000000001,15071.972825128516,0,556.8949724310688,14308.219178082192,1,0,0,0,0,0
6994,59.88,-3359.100918394087,650.0,0,8.04,3.0,38922.0,-38922.0,15071.972825128516,0,556.8949724310688,14308.219178082192,1,0,0,0,0,0
6995,48.76,1702.860050420219,-659.6383232550305,5.0,8.04,3.0,-32163.964641915285,32163.964641915285,3138.0483456800653,15.0,116.83198947648592,14308.219178082192,0,1,0,0,0,0
6996,90.76,16712.899081605916,650.0,0,8.04,3.0,58994.0,-58994.0,15071.972825128516,0,556.8949724310688,14308.219178082192,1,0,0,0,0,0
6997,44.62,4433.762708696046,-659.6383232550305,5.0,8.04,3.0,-29433.061983639458,29433.061983639458,3138.0483456800653,15.0,116.83198947648592,14308.219178082192,0,1,0,0,0,0
6998,67.22,1411.8990816059131,650.0,0,8.04,3.0,43693.0,-43693.0,15071.972825128516,0,556.8949724310688,14308.219178082192,1,0,0,0,0,0
6999,41.72,6346.71384613563,-659.6383232550305,5.0,8.04,3.0,-27520.110846199874,27520.110846199874,3138.0483456800653,15.0,116.83198947648592,14308.219178082192,0,1,0,0,0,0
7000,56.53,-3422.52972127137,-659.6383232550305,5.0,8.04,3.0,-37289.354413606874,37289.354413606874,3138.0483456800653,15.0,116.83198947648592,14308.219178082192,0,1,0,0,0,0
7001,209.42,93841.89908160592,650.0,0,8.04,3.0,136123.0,-136123.0,15071.972825128516,0,556.8949724310688,14308.219178082192,1,0,0,0,0,0
7002,388.02,209931.89908160592,650.0,0,8.04,3.0,252213.0,-252213.0,15071.972825128516,0,556.8949724310688,14308.219178082192,1,0,0,0,0,0
7003,71.69,4317.399081605913,650.0,0,8.04,3.0,46598.5,-46598.5,15071.972825128516,0,556.8949724310688,14308.219178082192,1,0,0,0,0,0
7004,80.5,10043.899081605916,650.0,0,8.04,3.0,52325.0,-52325.0,15071.972825128516,0,556.8949724310688,14308.219178082192,1,0,0,0,0,0
7005,26.01,16709.63190447216,-659.6383232550305,5.0,8.04,3.0,-17157.192787863343,17157.192787863343,3138.0483456800653,15.0,116.83198947648592,14308.219178082192,0,1,0,0,0,0
7006,30.37,13833.608815080228,-659.6383232550305,5.0,8.04,3.0,-20033.215877255276,20033.215877255276,3138.0483456800653,15.0,116.83198947648592,14308.219178082192,0,1,0,0,0,0
7007,17.51,22316.55765213992,-659.6383232550305,5.0,8.04,3.0,-11550.267040195586,11550.267040195586,3138.0483456800653,15.0,116.83198947648592,14308.219178082192,0,1,0,0,0,0
7008,20.61,20271.678850049328,-659.6383232550305,5.0,8.04,3.0,-13595.145842286178,13595.145842286178,3138.0483456800653,15.0,116.83198947648592,14308.219178082192,0,1,0,0,0,0
7009,26.72,16241.288694961091,-659.6383232550305,5.0,8.04,3.0,-17625.535997374416,17625.535997374416,3138.0483456800653,15.0,116.83198947648592,14308.219178082192,0,1,0,0,0,0
7010,27.26,15885.08400040337,-659.6383232550305,5.0,8.04,3.0,-17981.740691932133,17981.740691932133,3138.0483456800653,15.0,116.83198947648592,14308.219178082192,0,1,0,0,0,0
7011,10.96,26637.188669460367,-659.6383232550305,5.0,8.04,3.0,-7229.636022875135,7229.636022875135,3138.0483456800653,15.0,116.83198947648592,14308.219178082192,0,1,0,0,0,0
7012,18.79,21472.220598373482,-659.6383232550305,5.0,8.04,3.0,-12394.604093962023,12394.604093962023,3138.0483456800653,15.0,116.83198947648592,14308.219178082192,0,1,0,0,0,0
7013,34.91,10838.850827502389,-659.6383232550305,5.0,8.04,3.0,-23027.97386483311,23027.97386483311,3138.0483456800653,15.0,116.83198947648592,14308.219178082192,0,1,0,0,0,0
7014,37.55,9097.405654109112,-659.6383232550305,5.0,8.04,3.0,-24769.419038226395,24769.419038226395,3138.0483456800653,15.0,116.83198947648592,14308.219178082192,0,1,0,0,0,0
7015,42.59,5772.828504903751,-659.6383232550305,5.0,8.04,3.0,-28093.996187431752,28093.996187431752,3138.0483456800653,15.0,116.83198947648592,14308.219178082192,0,1,0,0,0,0
7016,39.63,7725.357941738643,-659.6383232550305,5.0,8.04,3.0,-26141.46675059686,26141.46675059686,3138.0483456800653,15.0,116.83198947648592,14308.219178082192,0,1,0,0,0,0
7017,50.24,726.5953320027697,-659.6383232550305,5.0,8.04,3.0,-33140.229360332734,33140.229360332734,3138.0483456800653,15.0,116.83198947648592,14308.219178082192,0,1,0,0,0,0
7018,53.45,-1390.8436856458788,-659.6383232550305,5.0,8.04,3.0,-35257.66837798138,35257.66837798138,3138.0483456800653,15.0,116.83198947648592,14308.219178082192,0,1,0,0,0,0
7019,335.38,175715.89908160592,650.0,0,8.04,3.0,217997.0,-217997.0,15071.972825128516,0,556.8949724310688,14308.219178082192,1,0,0,0,0,0
7020,48.97,1564.3360025366642,-659.6383232550305,5.0,8.04,3.0,-32302.488689798844,32302.488689798844,3138.0483456800653,15.0,116.83198947648592,14308.219178082192,0,1,0,0,0,0
7021,48.83,1656.685367792365,-659.6383232550305,5.0,8.04,3.0,-32210.13932454314,32210.13932454314,3138.0483456800653,15.0,116.83198947648592,14308.219178082192,0,1,0,0,0,0
7022,45.09,4123.732696766176,-659.6383232550305,5.0,8.04,3.0,-29743.091995569328,29743.091995569328,3138.0483456800653,15.0,116.83198947648592,14308.219178082192,0,1,0,0,0,0
7023,45.85,3622.407571092354,-659.6383232550305,5.0,8.04,3.0,-30244.41712124315,30244.41712124315,3138.0483456800653,15.0,116.83198947648592,14308.219178082192,0,1,0,0,0,0
7024,85.0,12968.899081605916,650.0,0,8.04,3.0,55250.0,-55250.0,15071.972825128516,0,556.8949724310688,14308.219178082192,1,0,0,0,0,0
7025,182.03,76038.39908160592,650.0,0,8.04,3.0,118319.5,-118319.5,15071.972825128516,0,556.8949724310688,14308.219178082192,1,0,0,0,0,0
7026,32.7,12296.651521896005,-659.6383232550305,5.0,8.04,3.0,-21570.1731704395,21570.1731704395,3138.0483456800653,15.0,116.83198947648592,14308.219178082192,0,1,0,0,0,0
7027,21.94,19394.359880120133,-659.6383232550305,5.0,8.04,3.0,-14472.46481221537,14472.46481221537,3138.0483456800653,15.0,116.83198947648592,14308.219178082192,0,1,0,0,0,0
7028,27.29,15865.294850705723,-659.6383232550305,5.0,8.04,3.0,-18001.52984162978,18001.52984162978,3138.0483456800653,15.0,116.83198947648592,14308.219178082192,0,1,0,0,0,0
7029,35.29,10588.188264665478,-659.6383232550305,5.0,8.04,3.0,-23278.636427670026,23278.636427670026,3138.0483456800653,15.0,116.83198947648592,14308.219178082192,0,1,0,0,0,0
7030,4.48,30911.645004152968,-659.6383232550305,5.0,8.04,3.0,-2955.179688182537,2955.179688182537,3138.0483456800653,15.0,116.83198947648592,14308.219178082192,0,1,0,0,0,0
7031,4.48,30911.645004152968,-659.6383232550305,5.0,8.04,3.0,-2955.179688182537,2955.179688182537,3138.0483456800653,15.0,116.83198947648592,14308.219178082192,0,1,0,0,0,0
7032,6.64,29486.8262259221,-659.6383232550305,5.0,8.04,3.0,-4379.998466413403,4379.998466413403,3138.0483456800653,15.0,116.83198947648592,14308.219178082192,0,1,0,0,0,0
7033,10.22,27125.321028669092,-659.6383232550305,5.0,8.04,3.0,-6741.503663666413,6741.503663666413,3138.0483456800653,15.0,116.83198947648592,14308.219178082192,0,1,0,0,0,0
7034,9.05,27897.097866877477,-659.6383232550305,5.0,8.04,3.0,-5969.726825458027,5969.726825458027,3138.0483456800653,15.0,116.83198947648592,14308.219178082192,0,1,0,0,0,0
7035,11.88,26030.321412065743,-659.6383232550305,5.0,8.04,3.0,-7836.503280269763,7836.503280269763,3138.0483456800653,15.0,116.83198947648592,14308.219178082192,0,1,0,0,0,0
7036,4.21,31089.747351431826,-659.6383232550305,5.0,8.04,3.0,-2777.0773409036783,2777.0773409036783,3138.0483456800653,15.0,116.83198947648592,14308.219178082192,0,1,0,0,0,0
7037,4.01,31221.67501608283,-659.6383232550305,5.0,8.04,3.0,-2645.149676252672,2645.149676252672,3138.0483456800653,15.0,116.83198947648592,14308.219178082192,0,1,0,0,0,0
7038,10.49,26947.218681390234,-659.6383232550305,5.0,8.04,3.0,-6919.60601094527,6919.60601094527,3138.0483456800653,15.0,116.83198947648592,14308.219178082192,0,1,0,0,0,0
7039,20.63,20258.486083584226,-659.6383232550305,5.0,8.04,3.0,-13608.338608751279,13608.338608751279,3138.0483456800653,15.0,116.83198947648592,14308.219178082192,0,1,0,0,0,0
7040,17.52,22309.96126890737,-659.6383232550305,5.0,8.04,3.0,-11556.863423428134,11556.863423428134,3138.0483456800653,15.0,116.83198947648592,14308.219178082192,0,1,0,0,0,0
7041,39.88,7560.4483609248855,-659.6383232550305,5.0,8.04,3.0,-26306.376331410618,26306.376331410618,3138.0483456800653,15.0,116.83198947648592,14308.219178082192,0,1,0,0,0,0
7042,41.32,6610.569175437642,-659.6383232550305,5.0,8.04,3.0,-27256.25551689786,27256.25551689786,3138.0483456800653,15.0,116.83198947648592,14308.219178082192,0,1,0,0,0,0
7043,43.09,5443.009343276237,-659.6383232550305,5.0,8.04,3.0,-28423.815349059267,28423.815349059267,3138.0483456800653,15.0,116.83198947648592,14308.219178082192,0,1,0,0,0,0
7044,40.64,7059.123235251063,-659.6383232550305,5.0,8.04,3.0,-26807.70145708444,26807.70145708444,3138.0483456800653,15.0,116.83198947648592,14308.219178082192,0,1,0,0,0,0
7045,40.64,7059.123235251063,-659.6383232550305,5.0,8.04,3.0,-26807.70145708444,26807.70145708444,3138.0483456800653,15.0,116.83198947648592,14308.219178082192,0,1,0,0,0,0
7046,39.01,8134.333702156764,-659.6383232550305,5.0,8.04,3.0,-25732.49099017874,25732.49099017874,3138.0483456800653,15.0,116.83198947648592,14308.219178082192,0,1,0,0,0,0
7047,34.21,11300.597653780907,-659.6383232550305,5.0,8.04,3.0,-22566.227038554596,22566.227038554596,3138.0483456800653,15.0,116.83198947648592,14308.219178082192,0,1,0,0,0,0
7048,74.75,6306.399081605917,650.0,0,8.04,3.0,48587.5,-48587.5,15071.972825128516,0,556.8949724310688,14308.219178082192,1,0,0,0,0,0
7049,86.34,13839.899081605916,650.0,0,8.04,3.0,56121.0,-56121.0,15071.972825128516,0,556.8949724310688,14308.219178082192,1,0,0,0,0,0
7050,54.47,-2063.6747753660015,-659.6383232550305,5.0,8.04,3.0,-35930.49946770151,35930.49946770151,3138.0483456800653,15.0,116.83198947648592,14308.219178082192,0,1,0,0,0,0
7051,49.42,1267.4987570718954,-659.6383232550305,5.0,8.04,3.0,-32599.32593526361,32599.32593526361,3138.0483456800653,15.0,116.83198947648592,14308.219178082192,0,1,0,0,0,0
7052,72.4,4778.89908160592,650.0,0,8.04,3.0,47060.00000000001,-47060.00000000001,15071.972825128516,0,556.8949724310688,14308.219178082192,1,0,0,0,0,0
7053,28.18,15278.216743008743,-659.6383232550305,5.0,8.04,3.0,-18588.60794932676,18588.60794932676,3138.0483456800653,15.0,116.83198947648592,14308.219178082192,0,1,0,0,0,0
7054,16.1,23246.64768792951,-659.6383232550305,5.0,8.04,3.0,-10620.177004405992,10620.177004405992,3138.0483456800653,15.0,116.83198947648592,14308.219178082192,0,1,0,0,0,0
7055,4.71,30759.928189804312,-659.6383232550305,5.0,8.04,3.0,-3106.8965025311936,3106.8965025311936,3138.0483456800653,15.0,116.83198947648592,14308.219178082192,0,1,0,0,0,0
7056,7.42,28972.308333783178,-659.6383232550305,5.0,8.04,3.0,-4894.516358552326,4894.516358552326,3138.0483456800653,15.0,116.83198947648592,14308.219178082192,0,1,0,0,0,0
7057,0.7,33405.077866056985,-659.6383232550305,5.0,8.04,3.0,-461.7468262785213,461.7468262785213,3138.0483456800653,15.0,116.83198947648592,14308.219178082192,0,1,0,0,0,0
7058,-0.33,34084.505339009665,-659.6383232550305,5.0,8.04,3.0,217.68064667416007,-217.68064667416007,3138.0483456800653,15.0,116.83198947648592,14308.219178082192,0,1,0,0,0,0
7059,0.25,33701.91511152175,-659.6383232550305,5.0,8.04,3.0,-164.90958081375763,164.90958081375763,3138.0483456800653,15.0,116.83198947648592,14308.219178082192,0,1,0,0,0,0
7060,4.24,31069.958201734175,-659.6383232550305,5.0,8.04,3.0,-2796.8664906013296,2796.8664906013296,3138.0483456800653,15.0,116.83198947648592,14308.219178082192,0,1,0,0,0,0
7061,6.38,29658.33218996841,-659.6383232550305,5.0,8.04,3.0,-4208.492502367095,4208.492502367095,3138.0483456800653,15.0,116.83198947648592,14308.219178082192,0,1,0,0,0,0
7062,21.47,19704.38989205,-659.6383232550305,5.0,8.04,3.0,-14162.434800285504,14162.434800285504,3138.0483456800653,15.0,116.83198947648592,14308.219178082192,0,1,0,0,0,0
7063,20.65,20245.293317119125,-659.6383232550305,5.0,8.04,3.0,-13621.531375216378,13621.531375216378,3138.0483456800653,15.0,116.83198947648592,14308.219178082192,0,1,0,0,0,0
7064,22.28,19170.082850213425,-659.6383232550305,5.0,8.04,3.0,-14696.741842122081,14696.741842122081,3138.0483456800653,15.0,116.83198947648592,14308.219178082192,0,1,0,0,0,0
7065,20.35,20443.18481409563,-659.6383232550305,5.0,8.04,3.0,-13423.639878239872,13423.639878239872,3138.0483456800653,15.0,116.83198947648592,14308.219178082192,0,1,0,0,0,0
7066,37.46,9156.773103202064,-659.6383232550305,5.0,8.04,3.0,-24710.051589133443,24710.051589133443,3138.0483456800653,15.0,116.83198947648592,14308.219178082192,0,1,0,0,0,0
7067,30.24,13919.361797103382,-659.6383232550305,5.0,8.04,3.0,-19947.46289523212,19947.46289523212,3138.0483456800653,15.0,116.83198947648592,14308.219178082192,0,1,0,0,0,0
7068,37.11,9387.646516341323,-659.6383232550305,5.0,8.04,3.0,-24479.17817599418,24479.17817599418,3138.0483456800653,15.0,116.83198947648592,14308.219178082192,0,1,0,0,0,0
7069,12.04,25924.779280344937,-659.6383232550305,5.0,8.04,3.0,-7942.045411990567,7942.045411990567,3138.0483456800653,15.0,116.83198947648592,14308.219178082192,0,1,0,0,0,0
7070,4.46,30924.83777061807,-659.6383232550305,5.0,8.04,3.0,-2941.986921717436,2941.986921717436,3138.0483456800653,15.0,116.83198947648592,14308.219178082192,0,1,0,0,0,0
7071,5.1,30502.669243734847,-659.6383232550305,5.0,8.04,3.0,-3364.1554486006553,3364.1554486006553,3138.0483456800653,15.0,116.83198947648592,14308.219178082192,0,1,0,0,0,0
7072,12.33,25733.484166600978,-659.6383232550305,5.0,8.04,3.0,-8133.340525734527,8133.340525734527,3138.0483456800653,15.0,116.83198947648592,14308.219178082192,0,1,0,0,0,0
7073,33.23,11947.043210570842,-659.6383232550305,5.0,8.04,3.0,-21919.78148176466,21919.78148176466,3138.0483456800653,15.0,116.83198947648592,14308.219178082192,0,1,0,0,0,0
7074,33.27,11920.65767764064,-659.6383232550305,5.0,8.04,3.0,-21946.167014694867,21946.167014694867,3138.0483456800653,15.0,116.83198947648592,14308.219178082192,0,1,0,0,0,0
7075,18.39,21736.07592767549,-659.6383232550305,5.0,8.04,3.0,-12130.748764660011,12130.748764660011,3138.0483456800653,15.0,116.83198947648592,14308.219178082192,0,1,0,0,0,0
7076,11.18,26492.06823834426,-659.6383232550305,5.0,8.04,3.0,-7374.756453991241,7374.756453991241,3138.0483456800653,15.0,116.83198947648592,14308.219178082192,0,1,0,0,0,0
7077,7.95,28622.70002245801,-659.6383232550305,5.0,8.04,3.0,-5244.124669877493,5244.124669877493,3138.0483456800653,15.0,116.83198947648592,14308.219178082192,0,1,0,0,0,0
7078,8.84,28035.621914761035,-659.6383232550305,5.0,8.04,3.0,-5831.20277757447,5831.20277757447,3138.0483456800653,15.0,116.83198947648592,14308.219178082192,0,1,0,0,0,0
7079,18.62,21584.359113326835,-659.6383232550305,5.0,8.04,3.0,-12282.465579008669,12282.465579008669,3138.0483456800653,15.0,116.83198947648592,14308.219178082192,0,1,0,0,0,0
7080,17.29,22461.678083256025,-659.6383232550305,5.0,8.04,3.0,-11405.146609079477,11405.146609079477,3138.0483456800653,15.0,116.83198947648592,14308.219178082192,0,1,0,0,0,0
7081,1.1,33141.22253675497,-659.6383232550305,5.0,8.04,3.0,-725.6021555805336,725.6021555805336,3138.0483456800653,15.0,116.83198947648592,14308.219178082192,0,1,0,0,0,0
7082,1.2,33075.25870442947,-659.6383232550305,5.0,8.04,3.0,-791.5659879060366,791.5659879060366,3138.0483456800653,15.0,116.83198947648592,14308.219178082192,0,1,0,0,0,0
7083,8.93,27976.254465668084,-659.6383232550305,5.0,8.04,3.0,-5890.5702266674225,5890.5702266674225,3138.0483456800653,15.0,116.83198947648592,14308.219178082192,0,1,0,0,0,0
7084,7.33,29031.67578287613,-659.6383232550305,5.0,8.04,3.0,-4835.1489094593735,4835.1489094593735,3138.0483456800653,15.0,116.83198947648592,14308.219178082192,0,1,0,0,0,0
7085,11.86,26043.514178530844,-659.6383232550305,5.0,8.04,3.0,-7823.310513804661,7823.310513804661,3138.0483456800653,15.0,116.83198947648592,14308.219178082192,0,1,0,0,0,0
7086,4.94,30608.211375455652,-659.6383232550305,5.0,8.04,3.0,-3258.613316879851,3258.613316879851,3138.0483456800653,15.0,116.83198947648592,14308.219178082192,0,1,0,0,0,0
7087,15.62,23563.27408309193,-659.6383232550305,5.0,8.04,3.0,-10303.550609243575,10303.550609243575,3138.0483456800653,15.0,116.83198947648592,14308.219178082192,0,1,0,0,0,0
7088,23.52,18352.131329377185,-659.6383232550305,5.0,8.04,3.0,-15514.693362958318,15514.693362958318,3138.0483456800653,15.0,116.83198947648592,14308.219178082192,0,1,0,0,0,0
7089,5.45,30271.795830595587,-659.6383232550305,5.0,8.04,3.0,-3595.0288617399165,3595.0288617399165,3138.0483456800653,15.0,116.83198947648592,14308.219178082192,0,1,0,0,0,0
7090,3.53,31538.301411245247,-659.6383232550305,5.0,8.04,3.0,-2328.5232810902576,2328.5232810902576,3138.0483456800653,15.0,116.83198947648592,14308.219178082192,0,1,0,0,0,0
7091,2.39,32290.28909975598,-659.6383232550305,5.0,8.04,3.0,-1576.535592579523,1576.535592579523,3138.0483456800653,15.0,116.83198947648592,14308.219178082192,0,1,0,0,0,0
7092,1.47,32897.15635715061,-659.6383232550305,5.0,8.04,3.0,-969.6683351848949,969.6683351848949,3138.0483456800653,15.0,116.83198947648592,14308.219178082192,0,1,0,0,0,0
7093,1.5,32877.36720745296,-659.6383232550305,5.0,8.04,3.0,-989.4574848825457,989.4574848825457,3138.0483456800653,15.0,116.83198947648592,14308.219178082192,0,1,0,0,0,0
7094,1.83,32659.6865607788,-659.6383232550305,5.0,8.04,3.0,-1207.138131556706,1207.138131556706,3138.0483456800653,15.0,116.83198947648592,14308.219178082192,0,1,0,0,0,0
7095,1.68,32758.63230926705,-659.6383232550305,5.0,8.04,3.0,-1108.1923830684511,1108.1923830684511,3138.0483456800653,15.0,116.83198947648592,14308.219178082192,0,1,0,0,0,0
7096,21.43,19730.775424980202,-659.6383232550305,5.0,8.04,3.0,-14136.049267355304,14136.049267355304,3138.0483456800653,15.0,116.83198947648592,14308.219178082192,0,1,0,0,0,0
7097,42.12,6082.858516833621,-659.6383232550305,5.0,8.04,3.0,-27783.966175501882,27783.966175501882,3138.0483456800653,15.0,116.83198947648592,14308.219178082192,0,1,0,0,0,0
7098,68.61,2315.399081605913,650.0,0,8.04,3.0,44596.5,-44596.5,15071.972825128516,0,556.8949724310688,14308.219178082192,1,0,0,0,0,0
7099,35.67,10337.525701828563,-659.6383232550305,5.0,8.04,3.0,-23529.29899050694,23529.29899050694,3138.0483456800653,15.0,116.83198947648592,14308.219178082192,0,1,0,0,0,0
7100,13.5,24961.707328392593,-659.6383232550305,5.0,8.04,3.0,-8905.117363942913,8905.117363942913,3138.0483456800653,15.0,116.83198947648592,14308.219178082192,0,1,0,0,0,0
7101,7.96,28616.10363922546,-659.6383232550305,5.0,8.04,3.0,-5250.721053110043,5250.721053110043,3138.0483456800653,15.0,116.83198947648592,14308.219178082192,0,1,0,0,0,0
7102,6.69,29453.844309759348,-659.6383232550305,5.0,8.04,3.0,-4412.980382576155,4412.980382576155,3138.0483456800653,15.0,116.83198947648592,14308.219178082192,0,1,0,0,0,0
7103,10.4,27006.586130483185,-659.6383232550305,5.0,8.04,3.0,-6860.238561852318,6860.238561852318,3138.0483456800653,15.0,116.83198947648592,14308.219178082192,0,1,0,0,0,0
7104,17.23,22501.25638265133,-659.6383232550305,5.0,8.04,3.0,-11365.568309684177,11365.568309684177,3138.0483456800653,15.0,116.83198947648592,14308.219178082192,0,1,0,0,0,0
7105,8.93,27976.254465668084,-659.6383232550305,5.0,8.04,3.0,-5890.5702266674225,5890.5702266674225,3138.0483456800653,15.0,116.83198947648592,14308.219178082192,0,1,0,0,0,0
7106,11.04,26584.417603599966,-659.6383232550305,5.0,8.04,3.0,-7282.4070887355365,7282.4070887355365,3138.0483456800653,15.0,116.83198947648592,14308.219178082192,0,1,0,0,0,0
7107,14.1,24565.924334439573,-659.6383232550305,5.0,8.04,3.0,-9300.90035789593,9300.90035789593,3138.0483456800653,15.0,116.83198947648592,14308.219178082192,0,1,0,0,0,0
7108,20.41,20403.606514700332,-659.6383232550305,5.0,8.04,3.0,-13463.218177635174,13463.218177635174,3138.0483456800653,15.0,116.83198947648592,14308.219178082192,0,1,0,0,0,0
7109,12.49,25627.942034880172,-659.6383232550305,5.0,8.04,3.0,-8238.882657455331,8238.882657455331,3138.0483456800653,15.0,116.83198947648592,14308.219178082192,0,1,0,0,0,0
7110,26.79,16195.114012333237,-659.6383232550305,5.0,8.04,3.0,-17671.710680002267,17671.710680002267,3138.0483456800653,15.0,116.83198947648592,14308.219178082192,0,1,0,0,0,0
7111,47.67,2421.8658227681995,-659.6383232550305,5.0,8.04,3.0,-31444.958869567305,31444.958869567305,3138.0483456800653,15.0,116.83198947648592,14308.219178082192,0,1,0,0,0,0
7112,51.31,20.782326119886847,-659.6383232550305,5.0,8.04,3.0,-33846.04236621562,33846.04236621562,3138.0483456800653,15.0,116.83198947648592,14308.219178082192,0,1,0,0,0,0
7113,26.43,16432.583808705047,-659.6383232550305,5.0,8.04,3.0,-17434.240883630457,17434.240883630457,3138.0483456800653,15.0,116.83198947648592,14308.219178082192,0,1,0,0,0,0
7114,110.13,29303.399081605916,650.0,0,8.04,3.0,71584.5,-71584.5,15071.972825128516,0,556.8949724310688,14308.219178082192,1,0,0,0,0,0
7115,57.3,-3930.4512301777427,-659.6383232550305,5.0,8.04,3.0,-37797.27592251325,37797.27592251325,3138.0483456800653,15.0,116.83198947648592,14308.219178082192,0,1,0,0,0,0
7116,51.1,159.30637400344173,-659.6383232550305,5.0,8.04,3.0,-33707.51831833206,33707.51831833206,3138.0483456800653,15.0,116.83198947648592,14308.219178082192,0,1,0,0,0,0
7117,58.26,-4412.100918394087,650.0,0,8.04,3.0,37869.0,-37869.0,15071.972825128516,0,556.8949724310688,14308.219178082192,1,0,0,0,0,0
7118,41.57,6445.659594623889,-659.6383232550305,5.0,8.04,3.0,-27421.16509771162,27421.16509771162,3138.0483456800653,15.0,116.83198947648592,14308.219178082192,0,1,0,0,0,0
7119,34.0,11439.121701664466,-659.6383232550305,5.0,8.04,3.0,-22427.702990671038,22427.702990671038,3138.0483456800653,15.0,116.83198947648592,14308.219178082192,0,1,0,0,0,0
7120,35.92,10172.616121014806,-659.6383232550305,5.0,8.04,3.0,-23694.208571320698,23694.208571320698,3138.0483456800653,15.0,116.83198947648592,14308.219178082192,0,1,0,0,0,0
7121,35.56,10410.08591738662,-659.6383232550305,5.0,8.04,3.0,-23456.738774948888,23456.738774948888,3138.0483456800653,15.0,116.83198947648592,14308.219178082192,0,1,0,0,0,0
7122,41.69,6366.502995833282,-659.6383232550305,5.0,8.04,3.0,-27500.321696502222,27500.321696502222,3138.0483456800653,15.0,116.83198947648592,14308.219178082192,0,1,0,0,0,0
7123,31.21,13279.512623546001,-659.6383232550305,5.0,8.04,3.0,-20587.312068789503,20587.312068789503,3138.0483456800653,15.0,116.83198947648592,14308.219178082192,0,1,0,0,0,0
7124,25.69,16920.716167913768,-659.6383232550305,5.0,8.04,3.0,-16946.108524421736,16946.108524421736,3138.0483456800653,15.0,116.83198947648592,14308.219178082192,0,1,0,0,0,0
7125,39.93,7527.466444762136,-659.6383232550305,5.0,8.04,3.0,-26339.358247573367,26339.358247573367,3138.0483456800653,15.0,116.83198947648592,14308.219178082192,0,1,0,0,0,0
7126,34.52,11096.10977357185,-659.6383232550305,5.0,8.04,3.0,-22770.714918763657,22770.714918763657,3138.0483456800653,15.0,116.83198947648592,14308.219178082192,0,1,0,0,0,0
7127,34.15,11340.175953176215,-659.6383232550305,5.0,8.04,3.0,-22526.648739159293,22526.648739159293,3138.0483456800653,15.0,116.83198947648592,14308.219178082192,0,1,0,0,0,0
7128,24.42,17758.45683844766,-659.6383232550305,5.0,8.04,3.0,-16108.367853887847,16108.367853887847,3138.0483456800653,15.0,116.83198947648592,14308.219178082192,0,1,0,0,0,0
7129,13.02,25278.333723555006,-659.6383232550305,5.0,8.04,3.0,-8588.490968780497,8588.490968780497,3138.0483456800653,15.0,116.83198947648592,14308.219178082192,0,1,0,0,0,0
7130,17.96,22019.720406675155,-659.6383232550305,5.0,8.04,3.0,-11847.104285660349,11847.104285660349,3138.0483456800653,15.0,116.83198947648592,14308.219178082192,0,1,0,0,0,0
7131,9.42,27653.031687273116,-659.6383232550305,5.0,8.04,3.0,-6213.793005062387,6213.793005062387,3138.0483456800653,15.0,116.83198947648592,14308.219178082192,0,1,0,0,0,0
7132,13.21,25153.002442136552,-659.6383232550305,5.0,8.04,3.0,-8713.822250198953,8713.822250198953,3138.0483456800653,15.0,116.83198947648592,14308.219178082192,0,1,0,0,0,0
7133,31.98,12771.591114639628,-659.6383232550305,5.0,8.04,3.0,-21095.233577695875,21095.233577695875,3138.0483456800653,15.0,116.83198947648592,14308.219178082192,0,1,0,0,0,0
7134,45.41,3912.648433324572,-659.6383232550305,5.0,8.04,3.0,-29954.176259010932,29954.176259010932,3138.0483456800653,15.0,116.83198947648592,14308.219178082192,0,1,0,0,0,0
7135,53.33,-1311.687086855272,-659.6383232550305,5.0,8.04,3.0,-35178.511779190776,35178.511779190776,3138.0483456800653,15.0,116.83198947648592,14308.219178082192,0,1,0,0,0,0
7136,56.37,-3316.9875895505606,-659.6383232550305,5.0,8.04,3.0,-37183.812281886065,37183.812281886065,3138.0483456800653,15.0,116.83198947648592,14308.219178082192,0,1,0,0,0,0
7137,393.18,213285.89908160592,650.0,0,8.04,3.0,255567.0,-255567.0,15071.972825128516,0,556.8949724310688,14308.219178082192,1,0,0,0,0,0
7138,43.01,5495.7804091366415,-659.6383232550305,5.0,8.04,3.0,-28371.044283198862,28371.044283198862,3138.0483456800653,15.0,116.83198947648592,14308.219178082192,0,1,0,0,0,0
7139,44.62,4433.762708696046,-659.6383232550305,5.0,8.04,3.0,-29433.061983639458,29433.061983639458,3138.0483456800653,15.0,116.83198947648592,14308.219178082192,0,1,0,0,0,0
7140,31.48,13101.410276267146,-659.6383232550305,5.0,8.04,3.0,-20765.41441606836,20765.41441606836,3138.0483456800653,15.0,116.83198947648592,14308.219178082192,0,1,0,0,0,0
7141,20.22,20528.937796118786,-659.6383232550305,5.0,8.04,3.0,-13337.886896216716,13337.886896216716,3138.0483456800653,15.0,116.83198947648592,14308.219178082192,0,1,0,0,0,0
7142,28.96,14763.69885086982,-659.6383232550305,5.0,8.04,3.0,-19103.125841465684,19103.125841465684,3138.0483456800653,15.0,116.83198947648592,14308.219178082192,0,1,0,0,0,0
7143,22.56,18985.384119702016,-659.6383232550305,5.0,8.04,3.0,-14881.440572633488,14881.440572633488,3138.0483456800653,15.0,116.83198947648592,14308.219178082192,0,1,0,0,0,0
7144,25.74,16887.73425175102,-659.6383232550305,5.0,8.04,3.0,-16979.090440584485,16979.090440584485,3138.0483456800653,15.0,116.83198947648592,14308.219178082192,0,1,0,0,0,0
7145,36.96,9486.592264829578,-659.6383232550305,5.0,8.04,3.0,-24380.23242750593,24380.23242750593,3138.0483456800653,15.0,116.83198947648592,14308.219178082192,0,1,0,0,0,0
7146,61.14,-2540.100918394087,650.0,0,8.04,3.0,39741.0,-39741.0,15071.972825128516,0,556.8949724310688,14308.219178082192,1,0,0,0,0,0
7147,50.42,607.8604338168666,-659.6383232550305,5.0,8.04,3.0,-33258.96425851864,33258.96425851864,3138.0483456800653,15.0,116.83198947648592,14308.219178082192,0,1,0,0,0,0
7148,55.09,-2472.65053578413,-659.6383232550305,5.0,8.04,3.0,-36339.475228119634,36339.475228119634,3138.0483456800653,15.0,116.83198947648592,14308.219178082192,0,1,0,0,0,0
7149,35.79,10258.36910303796,-659.6383232550305,5.0,8.04,3.0,-23608.45558929754,23608.45558929754,3138.0483456800653,15.0,116.83198947648592,14308.219178082192,0,1,0,0,0,0
7150,33.2,11966.83236026849,-659.6383232550305,5.0,8.04,3.0,-21899.992332067013,21899.992332067013,3138.0483456800653,15.0,116.83198947648592,14308.219178082192,0,1,0,0,0,0
7151,26.36,16478.7584913329,-659.6383232550305,5.0,8.04,3.0,-17388.066201002603,17388.066201002603,3138.0483456800653,15.0,116.83198947648592,14308.219178082192,0,1,0,0,0,0
7152,17.66,22217.611903651665,-659.6383232550305,5.0,8.04,3.0,-11649.212788683839,11649.212788683839,3138.0483456800653,15.0,116.83198947648592,14308.219178082192,0,1,0,0,0,0
7153,10.91,26670.17058562312,-659.6383232550305,5.0,8.04,3.0,-7196.654106712383,7196.654106712383,3138.0483456800653,15.0,116.83198947648592,14308.219178082192,0,1,0,0,0,0
7154,14.55,24269.08708897481,-659.6383232550305,5.0,8.04,3.0,-9597.737603360694,9597.737603360694,3138.0483456800653,15.0,116.83198947648592,14308.219178082192,0,1,0,0,0,0
7155,18.66,21557.973580396632,-659.6383232550305,5.0,8.04,3.0,-12308.85111193887,12308.85111193887,3138.0483456800653,15.0,116.83198947648592,14308.219178082192,0,1,0,0,0,0
7156,22.89,18767.703473027854,-659.6383232550305,5.0,8.04,3.0,-15099.121219307648,15099.121219307648,3138.0483456800653,15.0,116.83198947648592,14308.219178082192,0,1,0,0,0,0
7157,35.98,10133.03782161951,-659.6383232550305,5.0,8.04,3.0,-23733.786870715994,23733.786870715994,3138.0483456800653,15.0,116.83198947648592,14308.219178082192,0,1,0,0,0,0
7158,49.33,1326.8662061648506,-659.6383232550305,5.0,8.04,3.0,-32539.958486170653,32539.958486170653,3138.0483456800653,15.0,116.83198947648592,14308.219178082192,0,1,0,0,0,0
7159,63.95,-713.600918394087,650.0,0,8.04,3.0,41567.5,-41567.5,15071.972825128516,0,556.8949724310688,14308.219178082192,1,0,0,0,0,0
7160,46.88,2942.9800981396734,-659.6383232550305,5.0,8.04,3.0,-30923.84459419583,30923.84459419583,3138.0483456800653,15.0,116.83198947648592,14308.219178082192,0,1,0,0,0,0
7161,50.93,271.4448889568016,-659.6383232550305,5.0,8.04,3.0,-33595.3798033787,33595.3798033787,3138.0483456800653,15.0,116.83198947648592,14308.219178082192,0,1,0,0,0,0
7162,70.1,3283.899081605906,650.0,0,8.04,3.0,45564.99999999999,-45564.99999999999,15071.972825128516,0,556.8949724310688,14308.219178082192,1,0,0,0,0,0
7163,48.24,2045.871978512831,-659.6383232550305,5.0,8.04,3.0,-31820.952713822673,31820.952713822673,3138.0483456800653,15.0,116.83198947648592,14308.219178082192,0,1,0,0,0,0
7164,44.55,4479.937391323896,-659.6383232550305,5.0,8.04,3.0,-29386.887301011608,29386.887301011608,3138.0483456800653,15.0,116.83198947648592,14308.219178082192,0,1,0,0,0,0
7165,41.19,6696.322157460796,-659.6383232550305,5.0,8.04,3.0,-27170.502534874704,27170.502534874704,3138.0483456800653,15.0,116.83198947648592,14308.219178082192,0,1,0,0,0,0
7166,37.83,8912.706923597703,-659.6383232550305,5.0,8.04,3.0,-24954.117768737804,24954.117768737804,3138.0483456800653,15.0,116.83198947648592,14308.219178082192,0,1,0,0,0,0
7167,40.18,7362.556863948379,-659.6383232550305,5.0,8.04,3.0,-26504.267828387125,26504.267828387125,3138.0483456800653,15.0,116.83198947648592,14308.219178082192,0,1,0,0,0,0
7168,46.22,3378.3413914879934,-659.6383232550305,5.0,8.04,3.0,-30488.48330084751,30488.48330084751,3138.0483456800653,15.0,116.83198947648592,14308.219178082192,0,1,0,0,0,0
7169,52.91,-1034.6389910881549,-659.6383232550305,5.0,8.04,3.0,-34901.46368342366,34901.46368342366,3138.0483456800653,15.0,116.83198947648592,14308.219178082192,0,1,0,0,0,0
7170,56.42,-3349.969505713321,-659.6383232550305,5.0,8.04,3.0,-37216.794198048825,37216.794198048825,3138.0483456800653,15.0,116.83198947648592,14308.219178082192,0,1,0,0,0,0
7171,46.93,2909.9981819769205,-659.6383232550305,5.0,8.04,3.0,-30956.826510358584,30956.826510358584,3138.0483456800653,15.0,116.83198947648592,14308.219178082192,0,1,0,0,0,0
7172,45.58,3800.509918371216,-659.6383232550305,5.0,8.04,3.0,-30066.314773964288,30066.314773964288,3138.0483456800653,15.0,116.83198947648592,14308.219178082192,0,1,0,0,0,0
7173,69.88,3140.899081605913,650.0,0,8.04,3.0,45422.0,-45422.0,15071.972825128516,0,556.8949724310688,14308.219178082192,1,0,0,0,0,0
7174,35.54,10423.27868385172,-659.6383232550305,5.0,8.04,3.0,-23443.546008483783,23443.546008483783,3138.0483456800653,15.0,116.83198947648592,14308.219178082192,0,1,0,0,0,0
7175,27.46,15753.156335752366,-659.6383232550305,5.0,8.04,3.0,-18113.668356583137,18113.668356583137,3138.0483456800653,15.0,116.83198947648592,14308.219178082192,0,1,0,0,0,0
7176,22.18,19236.04668253893,-659.6383232550305,5.0,8.04,3.0,-14630.778009796577,14630.778009796577,3138.0483456800653,15.0,116.83198947648592,14308.219178082192,0,1,0,0,0,0
7177,16.78,22798.09362811609,-659.6383232550305,5.0,8.04,3.0,-11068.731064219413,11068.731064219413,3138.0483456800653,15.0,116.83198947648592,14308.219178082192,0,1,0,0,0,0
7178,21.87,19440.534562747987,-659.6383232550305,5.0,8.04,3.0,-14426.290129587518,14426.290129587518,3138.0483456800653,15.0,116.83198947648592,14308.219178082192,0,1,0,0,0,0
7179,12.34,25726.887783368427,-659.6383232550305,5.0,8.04,3.0,-8139.936908967076,8139.936908967076,3138.0483456800653,15.0,116.83198947648592,14308.219178082192,0,1,0,0,0,0
7180,24.82,17494.601509145647,-659.6383232550305,5.0,8.04,3.0,-16372.223183189857,16372.223183189857,3138.0483456800653,15.0,116.83198947648592,14308.219178082192,0,1,0,0,0,0
7181,27.03,16036.80081475203,-659.6383232550305,5.0,8.04,3.0,-17830.023877583477,17830.023877583477,3138.0483456800653,15.0,116.83198947648592,14308.219178082192,0,1,0,0,0,0
7182,27.69,15601.439521403707,-659.6383232550305,5.0,8.04,3.0,-18265.385170931797,18265.385170931797,3138.0483456800653,15.0,116.83198947648592,14308.219178082192,0,1,0,0,0,0
7183,63.47,-1025.6009183940869,650.0,0,8.04,3.0,41255.5,-41255.5,15071.972825128516,0,556.8949724310688,14308.219178082192,1,0,0,0,0,0
7184,34.94,10819.06167780474,-659.6383232550305,5.0,8.04,3.0,-23047.763014530763,23047.763014530763,3138.0483456800653,15.0,116.83198947648592,14308.219178082192,0,1,0,0,0,0
7185,38.69,8345.417965598375,-659.6383232550305,5.0,8.04,3.0,-25521.40672673713,25521.40672673713,3138.0483456800653,15.0,116.83198947648592,14308.219178082192,0,1,0,0,0,0
7186,33.89,11511.681917222522,-659.6383232550305,5.0,8.04,3.0,-22355.142775112985,22355.142775112985,3138.0483456800653,15.0,116.83198947648592,14308.219178082192,0,1,0,0,0,0
7187,20.47,20364.02821530503,-659.6383232550305,5.0,8.04,3.0,-13502.796477030473,13502.796477030473,3138.0483456800653,15.0,116.83198947648592,14308.219178082192,0,1,0,0,0,0
7188,24.95,17408.848527122493,-659.6383232550305,5.0,8.04,3.0,-16457.97616521301,16457.97616521301,3138.0483456800653,15.0,116.83198947648592,14308.219178082192,0,1,0,0,0,0
7189,29.77,14229.391809033248,-659.6383232550305,5.0,8.04,3.0,-19637.43288330226,19637.43288330226,3138.0483456800653,15.0,116.83198947648592,14308.219178082192,0,1,0,0,0,0
7190,33.75,11604.031282478223,-659.6383232550305,5.0,8.04,3.0,-22262.79340985728,22262.79340985728,3138.0483456800653,15.0,116.83198947648592,14308.219178082192,0,1,0,0,0,0
7191,36.96,9486.592264829578,-659.6383232550305,5.0,8.04,3.0,-24380.23242750593,24380.23242750593,3138.0483456800653,15.0,116.83198947648592,14308.219178082192,0,1,0,0,0,0
7192,40.82,6940.3883370651565,-659.6383232550305,5.0,8.04,3.0,-26926.436355270347,26926.436355270347,3138.0483456800653,15.0,116.83198947648592,14308.219178082192,0,1,0,0,0,0
7193,54.32,-1964.7290268777501,-659.6383232550305,5.0,8.04,3.0,-35831.553719213254,35831.553719213254,3138.0483456800653,15.0,116.83198947648592,14308.219178082192,0,1,0,0,0,0
7194,45.59,3793.9135351386617,-659.6383232550305,5.0,8.04,3.0,-30072.911157196842,30072.911157196842,3138.0483456800653,15.0,116.83198947648592,14308.219178082192,0,1,0,0,0,0
7195,18.84,21439.23868221073,-659.6383232550305,5.0,8.04,3.0,-12427.586010124774,12427.586010124774,3138.0483456800653,15.0,116.83198947648592,14308.219178082192,0,1,0,0,0,0
7196,11.09,26551.435687437217,-659.6383232550305,5.0,8.04,3.0,-7315.3890048982885,7315.3890048982885,3138.0483456800653,15.0,116.83198947648592,14308.219178082192,0,1,0,0,0,0
7197,34.26,11267.615737618162,-659.6383232550305,5.0,8.04,3.0,-22599.208954717345,22599.208954717345,3138.0483456800653,15.0,116.83198947648592,14308.219178082192,0,1,0,0,0,0
7198,25.08,17323.09554509934,-659.6383232550305,5.0,8.04,3.0,-16543.729147236165,16543.729147236165,3138.0483456800653,15.0,116.83198947648592,14308.219178082192,0,1,0,0,0,0
7199,18.62,21584.359113326835,-659.6383232550305,5.0,8.04,3.0,-12282.465579008669,12282.465579008669,3138.0483456800653,15.0,116.83198947648592,14308.219178082192,0,1,0,0,0,0
7200,21.38,19763.75734114295,-659.6383232550305,5.0,8.04,3.0,-14103.067351192552,14103.067351192552,3138.0483456800653,15.0,116.83198947648592,14308.219178082192,0,1,0,0,0,0
7201,24.24,17877.191736633566,-659.6383232550305,5.0,8.04,3.0,-15989.632955701938,15989.632955701938,3138.0483456800653,15.0,116.83198947648592,14308.219178082192,0,1,0,0,0,0
7202,27.38,15805.927401612767,-659.6383232550305,5.0,8.04,3.0,-18060.897290722736,18060.897290722736,3138.0483456800653,15.0,116.83198947648592,14308.219178082192,0,1,0,0,0,0
7203,27.62,15647.61420403156,-659.6383232550305,5.0,8.04,3.0,-18219.210488303943,18219.210488303943,3138.0483456800653,15.0,116.83198947648592,14308.219178082192,0,1,0,0,0,0
7204,25.53,17026.258299634574,-659.6383232550305,5.0,8.04,3.0,-16840.56639270093,16840.56639270093,3138.0483456800653,15.0,116.83198947648592,14308.219178082192,0,1,0,0,0,0
7205,28.63,14981.379497543981,-659.6383232550305,5.0,8.04,3.0,-18885.445194791522,18885.445194791522,3138.0483456800653,15.0,116.83198947648592,14308.219178082192,0,1,0,0,0,0
7206,40.69,7026.141319088314,-659.6383232550305,5.0,8.04,3.0,-26840.68337324719,26840.68337324719,3138.0483456800653,15.0,116.83198947648592,14308.219178082192,0,1,0,0,0,0
7207,43.51,5165.961247509127,-659.6383232550305,5.0,8.04,3.0,-28700.863444826377,28700.863444826377,3138.0483456800653,15.0,116.83198947648592,14308.219178082192,0,1,0,0,0,0
7208,36.38,9869.18249231749,-659.6383232550305,5.0,8.04,3.0,-23997.64220001801,23997.64220001801,3138.0483456800653,15.0,116.83198947648592,14308.219178082192,0,1,0,0,0,0
7209,42.97,5522.165942066844,-659.6383232550305,5.0,8.04,3.0,-28344.65875026866,28344.65875026866,3138.0483456800653,15.0,116.83198947648592,14308.219178082192,0,1,0,0,0,0
7210,50.3,687.0170326074735,-659.6383232550305,5.0,8.04,3.0,-33179.80765972803,33179.80765972803,3138.0483456800653,15.0,116.83198947648592,14308.219178082192,0,1,0,0,0,0
7211,50.54,528.7038350262669,-659.6383232550305,5.0,8.04,3.0,-33338.120857309244,33338.120857309244,3138.0483456800653,15.0,116.83198947648592,14308.219178082192,0,1,0,0,0,0
7212,40.26,7309.785798087978,-659.6383232550305,5.0,8.04,3.0,-26557.038894247526,26557.038894247526,3138.0483456800653,15.0,116.83198947648592,14308.219178082192,0,1,0,0,0,0
7213,34.03,11419.332551966814,-659.6383232550305,5.0,8.04,3.0,-22447.49214036869,22447.49214036869,3138.0483456800653,15.0,116.83198947648592,14308.219178082192,0,1,0,0,0,0
7214,32.45,12461.561102709762,-659.6383232550305,5.0,8.04,3.0,-21405.26358962574,21405.26358962574,3138.0483456800653,15.0,116.83198947648592,14308.219178082192,0,1,0,0,0,0
7215,30.34,13853.397964777876,-659.6383232550305,5.0,8.04,3.0,-20013.426727557624,20013.426727557624,3138.0483456800653,15.0,116.83198947648592,14308.219178082192,0,1,0,0,0,0
7216,35.47,10469.453366479574,-659.6383232550305,5.0,8.04,3.0,-23397.371325855933,23397.371325855933,3138.0483456800653,15.0,116.83198947648592,14308.219178082192,0,1,0,0,0,0
7217,43.91,4902.1059182071185,-659.6383232550305,5.0,8.04,3.0,-28964.71877412839,28964.71877412839,3138.0483456800653,15.0,116.83198947648592,14308.219178082192,0,1,0,0,0,0
7218,45.35,3952.2267327198683,-659.6383232550305,5.0,8.04,3.0,-29914.597959615636,29914.597959615636,3138.0483456800653,15.0,116.83198947648592,14308.219178082192,0,1,0,0,0,0
7219,31.8,12890.326012825532,-659.6383232550305,5.0,8.04,3.0,-20976.498679509972,20976.498679509972,3138.0483456800653,15.0,116.83198947648592,14308.219178082192,0,1,0,0,0,0
7220,30.74,13589.542635475867,-659.6383232550305,5.0,8.04,3.0,-20277.282056859636,20277.282056859636,3138.0483456800653,15.0,116.83198947648592,14308.219178082192,0,1,0,0,0,0
7221,31.89,12830.958563732584,-659.6383232550305,5.0,8.04,3.0,-21035.866128602924,21035.866128602924,3138.0483456800653,15.0,116.83198947648592,14308.219178082192,0,1,0,0,0,0
7222,15.16,23866.70771178924,-659.6383232550305,5.0,8.04,3.0,-10000.116980546263,10000.116980546263,3138.0483456800653,15.0,116.83198947648592,14308.219178082192,0,1,0,0,0,0
7223,11.32,26399.718873088557,-659.6383232550305,5.0,8.04,3.0,-7467.105819246945,7467.105819246945,3138.0483456800653,15.0,116.83198947648592,14308.219178082192,0,1,0,0,0,0
7224,9.08,27877.308717179825,-659.6383232550305,5.0,8.04,3.0,-5989.515975155678,5989.515975155678,3138.0483456800653,15.0,116.83198947648592,14308.219178082192,0,1,0,0,0,0
7225,7.12,29170.199830759688,-659.6383232550305,5.0,8.04,3.0,-4696.624861575818,4696.624861575818,3138.0483456800653,15.0,116.83198947648592,14308.219178082192,0,1,0,0,0,0
7226,9.07,27883.905100412376,-659.6383232550305,5.0,8.04,3.0,-5982.919591923127,5982.919591923127,3138.0483456800653,15.0,116.83198947648592,14308.219178082192,0,1,0,0,0,0
7227,7.8,28721.645770946267,-659.6383232550305,5.0,8.04,3.0,-5145.178921389238,5145.178921389238,3138.0483456800653,15.0,116.83198947648592,14308.219178082192,0,1,0,0,0,0
7228,11.23,26459.08632218151,-659.6383232550305,5.0,8.04,3.0,-7407.738370153993,7407.738370153993,3138.0483456800653,15.0,116.83198947648592,14308.219178082192,0,1,0,0,0,0
7229,17.14,22560.62383174428,-659.6383232550305,5.0,8.04,3.0,-11306.200860591223,11306.200860591223,3138.0483456800653,15.0,116.83198947648592,14308.219178082192,0,1,0,0,0,0
7230,19.07,21287.521867862073,-659.6383232550305,5.0,8.04,3.0,-12579.302824473432,12579.302824473432,3138.0483456800653,15.0,116.83198947648592,14308.219178082192,0,1,0,0,0,0
7231,19.33,21116.015903815765,-659.6383232550305,5.0,8.04,3.0,-12750.808788519738,12750.808788519738,3138.0483456800653,15.0,116.83198947648592,14308.219178082192,0,1,0,0,0,0
7232,20.77,20166.13671832852,-659.6383232550305,5.0,8.04,3.0,-13700.687974006983,13700.687974006983,3138.0483456800653,15.0,116.83198947648592,14308.219178082192,0,1,0,0,0,0
7233,26.6,16320.44529375169,-659.6383232550305,5.0,8.04,3.0,-17546.379398583813,17546.379398583813,3138.0483456800653,15.0,116.83198947648592,14308.219178082192,0,1,0,0,0,0
7234,40.08,7428.520696273885,-659.6383232550305,5.0,8.04,3.0,-26438.303996061622,26438.303996061622,3138.0483456800653,15.0,116.83198947648592,14308.219178082192,0,1,0,0,0,0
7235,31.3,13220.145174453046,-659.6383232550305,5.0,8.04,3.0,-20646.679517882454,20646.679517882454,3138.0483456800653,15.0,116.83198947648592,14308.219178082192,0,1,0,0,0,0
7236,20.08,20621.287161374494,-659.6383232550305,5.0,8.04,3.0,-13245.537530961012,13245.537530961012,3138.0483456800653,15.0,116.83198947648592,14308.219178082192,0,1,0,0,0,0
7237,22.25,19189.871999911076,-659.6383232550305,5.0,8.04,3.0,-14676.95269242443,14676.95269242443,3138.0483456800653,15.0,116.83198947648592,14308.219178082192,0,1,0,0,0,0
7238,23.56,18325.745796446987,-659.6383232550305,5.0,8.04,3.0,-15541.078895888519,15541.078895888519,3138.0483456800653,15.0,116.83198947648592,14308.219178082192,0,1,0,0,0,0
7239,22.04,19328.39604779463,-659.6383232550305,5.0,8.04,3.0,-14538.428644540872,14538.428644540872,3138.0483456800653,15.0,116.83198947648592,14308.219178082192,0,1,0,0,0,0
7240,33.3,11900.868527942992,-659.6383232550305,5.0,8.04,3.0,-21965.956164392515,21965.956164392515,3138.0483456800653,15.0,116.83198947648592,14308.219178082192,0,1,0,0,0,0
7241,41.47,6511.623426949391,-659.6383232550305,5.0,8.04,3.0,-27355.201265386113,27355.201265386113,3138.0483456800653,15.0,116.83198947648592,14308.219178082192,0,1,0,0,0,0
7242,39.72,7665.990492645695,-659.6383232550305,5.0,8.04,3.0,-26200.834199689813,26200.834199689813,3138.0483456800653,15.0,116.83198947648592,14308.219178082192,0,1,0,0,0,0
7243,37.29,9268.91161815542,-659.6383232550305,5.0,8.04,3.0,-24597.913074180087,24597.913074180087,3138.0483456800653,15.0,116.83198947648592,14308.219178082192,0,1,0,0,0,0
7244,33.75,11604.031282478223,-659.6383232550305,5.0,8.04,3.0,-22262.79340985728,22262.79340985728,3138.0483456800653,15.0,116.83198947648592,14308.219178082192,0,1,0,0,0,0
7245,33.48,11782.133629757085,-659.6383232550305,5.0,8.04,3.0,-22084.69106257842,22084.69106257842,3138.0483456800653,15.0,116.83198947648592,14308.219178082192,0,1,0,0,0,0
7246,32.61,12356.01897098896,-659.6383232550305,5.0,8.04,3.0,-21510.805721346544,21510.805721346544,3138.0483456800653,15.0,116.83198947648592,14308.219178082192,0,1,0,0,0,0
7247,27.73,15575.053988473508,-659.6383232550305,5.0,8.04,3.0,-18291.770703861996,18291.770703861996,3138.0483456800653,15.0,116.83198947648592,14308.219178082192,0,1,0,0,0,0
7248,27.47,15746.559952519816,-659.6383232550305,5.0,8.04,3.0,-18120.264739815688,18120.264739815688,3138.0483456800653,15.0,116.83198947648592,14308.219178082192,0,1,0,0,0,0
7249,28.01,15390.3552579621,-659.6383232550305,5.0,8.04,3.0,-18476.469434373405,18476.469434373405,3138.0483456800653,15.0,116.83198947648592,14308.219178082192,0,1,0,0,0,0
7250,30.46,13774.241365987273,-659.6383232550305,5.0,8.04,3.0,-20092.58332634823,20092.58332634823,3138.0483456800653,15.0,116.83198947648592,14308.219178082192,0,1,0,0,0,0
7251,34.39,11181.862755595004,-659.6383232550305,5.0,8.04,3.0,-22684.9619367405,22684.9619367405,3138.0483456800653,15.0,116.83198947648592,14308.219178082192,0,1,0,0,0,0
7252,36.14,10027.4956898987,-659.6383232550305,5.0,8.04,3.0,-23839.329002436803,23839.329002436803,3138.0483456800653,15.0,116.83198947648592,14308.219178082192,0,1,0,0,0,0
7253,35.91,10179.21250424736,-659.6383232550305,5.0,8.04,3.0,-23687.612188088144,23687.612188088144,3138.0483456800653,15.0,116.83198947648592,14308.219178082192,0,1,0,0,0,0
7254,37.15,9361.26098341112,-659.6383232550305,5.0,8.04,3.0,-24505.563708924383,24505.563708924383,3138.0483456800653,15.0,116.83198947648592,14308.219178082192,0,1,0,0,0,0
7255,38.27,8622.466061365485,-659.6383232550305,5.0,8.04,3.0,-25244.35863097002,25244.35863097002,3138.0483456800653,15.0,116.83198947648592,14308.219178082192,0,1,0,0,0,0
7256,39.49,7817.707306994347,-659.6383232550305,5.0,8.04,3.0,-26049.117385341156,26049.117385341156,3138.0483456800653,15.0,116.83198947648592,14308.219178082192,0,1,0,0,0,0
7257,38.02,8787.375642179242,-659.6383232550305,5.0,8.04,3.0,-25079.44905015626,25079.44905015626,3138.0483456800653,15.0,116.83198947648592,14308.219178082192,0,1,0,0,0,0
7258,40.38,7230.629199297371,-659.6383232550305,5.0,8.04,3.0,-26636.195493038133,26636.195493038133,3138.0483456800653,15.0,116.83198947648592,14308.219178082192,0,1,0,0,0,0
7259,41.53,6472.045127554084,-659.6383232550305,5.0,8.04,3.0,-27394.779564781416,27394.779564781416,3138.0483456800653,15.0,116.83198947648592,14308.219178082192,0,1,0,0,0,0
7260,40.12,7402.1351633436825,-659.6383232550305,5.0,8.04,3.0,-26464.68952899182,26464.68952899182,3138.0483456800653,15.0,116.83198947648592,14308.219178082192,0,1,0,0,0,0
7261,39.82,7600.026660320189,-659.6383232550305,5.0,8.04,3.0,-26266.798032015315,26266.798032015315,3138.0483456800653,15.0,116.83198947648592,14308.219178082192,0,1,0,0,0,0
7262,40.74,6993.1594029255575,-659.6383232550305,5.0,8.04,3.0,-26873.665289409946,26873.665289409946,3138.0483456800653,15.0,116.83198947648592,14308.219178082192,0,1,0,0,0,0
7263,43.2,5370.449127718184,-659.6383232550305,5.0,8.04,3.0,-28496.37556461732,28496.37556461732,3138.0483456800653,15.0,116.83198947648592,14308.219178082192,0,1,0,0,0,0
7264,42.38,5911.35255278731,-659.6383232550305,5.0,8.04,3.0,-27955.472139548194,27955.472139548194,3138.0483456800653,15.0,116.83198947648592,14308.219178082192,0,1,0,0,0,0
7265,44.28,4658.039738602754,-659.6383232550305,5.0,8.04,3.0,-29208.784953732753,29208.784953732753,3138.0483456800653,15.0,116.83198947648592,14308.219178082192,0,1,0,0,0,0
7266,92.35,17746.3990816059,650.0,0,8.04,3.0,60027.49999999999,-60027.49999999999,15071.972825128516,0,556.8949724310688,14308.219178082192,1,0,0,0,0,0
7267,53.77,-1601.9279490874828,-659.6383232550305,5.0,8.04,3.0,-35468.752641422994,35468.752641422994,3138.0483456800653,15.0,116.83198947648592,14308.219178082192,0,1,0,0,0,0
7268,45.29,3991.805032115172,-659.6383232550305,5.0,8.04,3.0,-29875.019660220332,29875.019660220332,3138.0483456800653,15.0,116.83198947648592,14308.219178082192,0,1,0,0,0,0
7269,41.16,6716.111307158451,-659.6383232550305,5.0,8.04,3.0,-27150.713385177052,27150.713385177052,3138.0483456800653,15.0,116.83198947648592,14308.219178082192,0,1,0,0,0,0
7270,35.97,10139.63420485206,-659.6383232550305,5.0,8.04,3.0,-23727.190487483447,23727.190487483447,3138.0483456800653,15.0,116.83198947648592,14308.219178082192,0,1,0,0,0,0
7271,-9.3,40001.46109860729,-659.6383232550305,5.0,8.04,3.0,6134.636406271784,-6134.636406271784,3138.0483456800653,15.0,116.83198947648592,14308.219178082192,0,1,0,0,0,0
7272,28.2,15265.023976543645,-659.6383232550305,5.0,8.04,3.0,-18601.80071579186,18601.80071579186,3138.0483456800653,15.0,116.83198947648592,14308.219178082192,0,1,0,0,0,0
7273,28.69,14941.801198148678,-659.6383232550305,5.0,8.04,3.0,-18925.023494186826,18925.023494186826,3138.0483456800653,15.0,116.83198947648592,14308.219178082192,0,1,0,0,0,0
7274,26.18,16597.493389518808,-659.6383232550305,5.0,8.04,3.0,-17269.3313028167,17269.3313028167,3138.0483456800653,15.0,116.83198947648592,14308.219178082192,0,1,0,0,0,0
7275,27.32,15845.50570100807,-659.6383232550305,5.0,8.04,3.0,-18021.318991327433,18021.318991327433,3138.0483456800653,15.0,116.83198947648592,14308.219178082192,0,1,0,0,0,0
7276,31.06,13378.45837203426,-659.6383232550305,5.0,8.04,3.0,-20488.366320301247,20488.366320301247,3138.0483456800653,15.0,116.83198947648592,14308.219178082192,0,1,0,0,0,0
7277,39.73,7659.394109413144,-659.6383232550305,5.0,8.04,3.0,-26207.43058292236,26207.43058292236,3138.0483456800653,15.0,116.83198947648592,14308.219178082192,0,1,0,0,0,0
7278,47.05,2830.8415831863244,-659.6383232550305,5.0,8.04,3.0,-31035.983109149183,31035.983109149183,3138.0483456800653,15.0,116.83198947648592,14308.219178082192,0,1,0,0,0,0
7279,65.48,280.899081605913,650.0,0,8.04,3.0,42562.0,-42562.0,15071.972825128516,0,556.8949724310688,14308.219178082192,1,0,0,0,0,0
7280,51.33,7.589559654792964,-659.6383232550305,5.0,8.04,3.0,-33859.23513268072,33859.23513268072,3138.0483456800653,15.0,116.83198947648592,14308.219178082192,0,1,0,0,0,0
7281,46.55,3160.660744813835,-659.6383232550305,5.0,8.04,3.0,-30706.16394752167,30706.16394752167,3138.0483456800653,15.0,116.83198947648592,14308.219178082192,0,1,0,0,0,0
7282,49.48,1227.9204576765992,-659.6383232550305,5.0,8.04,3.0,-32638.90423465891,32638.90423465891,3138.0483456800653,15.0,116.83198947648592,14308.219178082192,0,1,0,0,0,0
7283,85.1,13033.899081605901,650.0,0,8.04,3.0,55314.99999999999,-55314.99999999999,15071.972825128516,0,556.8949724310688,14308.219178082192,1,0,0,0,0,0
7284,56.69,-3528.071852992172,-659.6383232550305,5.0,8.04,3.0,-37394.896545327676,37394.896545327676,3138.0483456800653,15.0,116.83198947648592,14308.219178082192,0,1,0,0,0,0
7285,48.25,2039.2755952802804,-659.6383232550305,5.0,8.04,3.0,-31827.549097055224,31827.549097055224,3138.0483456800653,15.0,116.83198947648592,14308.219178082192,0,1,0,0,0,0
7286,47.77,2355.9019904426973,-659.6383232550305,5.0,8.04,3.0,-31510.92270189281,31510.92270189281,3138.0483456800653,15.0,116.83198947648592,14308.219178082192,0,1,0,0,0,0
7287,48.54,1847.9804815363245,-659.6383232550305,5.0,8.04,3.0,-32018.84421079918,32018.84421079918,3138.0483456800653,15.0,116.83198947648592,14308.219178082192,0,1,0,0,0,0
7288,50.66,449.54723623565997,-659.6383232550305,5.0,8.04,3.0,-33417.277456099844,33417.277456099844,3138.0483456800653,15.0,116.83198947648592,14308.219178082192,0,1,0,0,0,0
7289,53.51,-1430.421985041175,-659.6383232550305,5.0,8.04,3.0,-35297.24667737668,35297.24667737668,3138.0483456800653,15.0,116.83198947648592,14308.219178082192,0,1,0,0,0,0
7290,42.32,5950.93085218261,-659.6383232550305,5.0,8.04,3.0,-27915.89384015289,27915.89384015289,3138.0483456800653,15.0,116.83198947648592,14308.219178082192,0,1,0,0,0,0
7291,44.19,4717.40718769571,-659.6383232550305,5.0,8.04,3.0,-29149.417504639798,29149.417504639798,3138.0483456800653,15.0,116.83198947648592,14308.219178082192,0,1,0,0,0,0
7292,37.22,9315.08630078327,-659.6383232550305,5.0,8.04,3.0,-24551.738391552233,24551.738391552233,3138.0483456800653,15.0,116.83198947648592,14308.219178082192,0,1,0,0,0,0
7293,24.36,17798.035137842962,-659.6383232550305,5.0,8.04,3.0,-16068.789554492543,16068.789554492543,3138.0483456800653,15.0,116.83198947648592,14308.219178082192,0,1,0,0,0,0
7294,13.76,24790.201364346285,-659.6383232550305,5.0,8.04,3.0,-9076.62332798922,9076.62332798922,3138.0483456800653,15.0,116.83198947648592,14308.219178082192,0,1,0,0,0,0
7295,12.15,25852.219064786885,-659.6383232550305,5.0,8.04,3.0,-8014.605627548621,8014.605627548621,3138.0483456800653,15.0,116.83198947648592,14308.219178082192,0,1,0,0,0,0
7296,10.08,27217.670393924796,-659.6383232550305,5.0,8.04,3.0,-6649.154298410707,6649.154298410707,3138.0483456800653,15.0,116.83198947648592,14308.219178082192,0,1,0,0,0,0
7297,8.26,28418.21214224895,-659.6383232550305,5.0,8.04,3.0,-5448.612550086552,5448.612550086552,3138.0483456800653,15.0,116.83198947648592,14308.219178082192,0,1,0,0,0,0
7298,9.98,27283.6342262503,-659.6383232550305,5.0,8.04,3.0,-6583.190466085205,6583.190466085205,3138.0483456800653,15.0,116.83198947648592,14308.219178082192,0,1,0,0,0,0
7299,21.41,19743.968191445303,-659.6383232550305,5.0,8.04,3.0,-14122.856500890204,14122.856500890204,3138.0483456800653,15.0,116.83198947648592,14308.219178082192,0,1,0,0,0,0
7300,23.89,18108.065149772825,-659.6383232550305,5.0,8.04,3.0,-15758.759542562679,15758.759542562679,3138.0483456800653,15.0,116.83198947648592,14308.219178082192,0,1,0,0,0,0
7301,30.72,13602.735401940965,-659.6383232550305,5.0,8.04,3.0,-20264.089290394535,20264.089290394535,3138.0483456800653,15.0,116.83198947648592,14308.219178082192,0,1,0,0,0,0
7302,37.89,8873.1286242024,-659.6383232550305,5.0,8.04,3.0,-24993.696068133107,24993.696068133107,3138.0483456800653,15.0,116.83198947648592,14308.219178082192,0,1,0,0,0,0
7303,44.71,4374.39525960309,-659.6383232550305,5.0,8.04,3.0,-29492.429432732413,29492.429432732413,3138.0483456800653,15.0,116.83198947648592,14308.219178082192,0,1,0,0,0,0
7304,39.51,7804.51454052925,-659.6383232550305,5.0,8.04,3.0,-26062.310151806254,26062.310151806254,3138.0483456800653,15.0,116.83198947648592,14308.219178082192,0,1,0,0,0,0
7305,39.95,7514.273678297031,-659.6383232550305,5.0,8.04,3.0,-26352.551014038472,26352.551014038472,3138.0483456800653,15.0,116.83198947648592,14308.219178082192,0,1,0,0,0,0
7306,54.65,-2182.409673551912,-659.6383232550305,5.0,8.04,3.0,-36049.234365887416,36049.234365887416,3138.0483456800653,15.0,116.83198947648592,14308.219178082192,0,1,0,0,0,0
7307,47.21,2725.2994514655115,-659.6383232550305,5.0,8.04,3.0,-31141.525240869993,31141.525240869993,3138.0483456800653,15.0,116.83198947648592,14308.219178082192,0,1,0,0,0,0
7308,48.42,1927.1370803269242,-659.6383232550305,5.0,8.04,3.0,-31939.68761200858,31939.68761200858,3138.0483456800653,15.0,116.83198947648592,14308.219178082192,0,1,0,0,0,0
7309,44.73,4361.202493137993,-659.6383232550305,5.0,8.04,3.0,-29505.622199197514,29505.622199197514,3138.0483456800653,15.0,116.83198947648592,14308.219178082192,0,1,0,0,0,0
7310,37.41,9189.755019364813,-659.6383232550305,5.0,8.04,3.0,-24677.06967297069,24677.06967297069,3138.0483456800653,15.0,116.83198947648592,14308.219178082192,0,1,0,0,0,0
7311,33.92,11491.892767524867,-659.6383232550305,5.0,8.04,3.0,-22374.931924810637,22374.931924810637,3138.0483456800653,15.0,116.83198947648592,14308.219178082192,0,1,0,0,0,0
7312,31.95,12791.38026433728,-659.6383232550305,5.0,8.04,3.0,-21075.444427998224,21075.444427998224,3138.0483456800653,15.0,116.83198947648592,14308.219178082192,0,1,0,0,0,0
7313,25.23,17224.149796611084,-659.6383232550305,5.0,8.04,3.0,-16642.67489572442,16642.67489572442,3138.0483456800653,15.0,116.83198947648592,14308.219178082192,0,1,0,0,0,0
7314,3.47,31577.879710640547,-659.6383232550305,5.0,8.04,3.0,-2288.944981694956,2288.944981694956,3138.0483456800653,15.0,116.83198947648592,14308.219178082192,0,1,0,0,0,0
7315,5.75,30073.904333619077,-659.6383232550305,5.0,8.04,3.0,-3792.9203587164257,3792.9203587164257,3138.0483456800653,15.0,116.83198947648592,14308.219178082192,0,1,0,0,0,0
7316,12.33,25733.484166600978,-659.6383232550305,5.0,8.04,3.0,-8133.340525734527,8133.340525734527,3138.0483456800653,15.0,116.83198947648592,14308.219178082192,0,1,0,0,0,0
7317,11.48,26294.17674136775,-659.6383232550305,5.0,8.04,3.0,-7572.64795096775,7572.64795096775,3138.0483456800653,15.0,116.83198947648592,14308.219178082192,0,1,0,0,0,0
7318,4.46,30924.83777061807,-659.6383232550305,5.0,8.04,3.0,-2941.986921717436,2941.986921717436,3138.0483456800653,15.0,116.83198947648592,14308.219178082192,0,1,0,0,0,0
7319,2.22,32402.427614709337,-659.6383232550305,5.0,8.04,3.0,-1464.3970776261679,1464.3970776261679,3138.0483456800653,15.0,116.83198947648592,14308.219178082192,0,1,0,0,0,0
7320,-1.51,34862.8785604506,-659.6383232550305,5.0,8.04,3.0,996.0538681150961,-996.0538681150961,3138.0483456800653,15.0,116.83198947648592,14308.219178082192,0,1,0,0,0,0
7321,-2.09,35245.46878793852,-659.6383232550305,5.0,8.04,3.0,1378.6440956030137,-1378.6440956030137,3138.0483456800653,15.0,116.83198947648592,14308.219178082192,0,1,0,0,0,0
7322,1.45,32910.349123615706,-659.6383232550305,5.0,8.04,3.0,-956.4755687197942,956.4755687197942,3138.0483456800653,15.0,116.83198947648592,14308.219178082192,0,1,0,0,0,0
7323,0.29,33675.529578591544,-659.6383232550305,5.0,8.04,3.0,-191.29511374395884,191.29511374395884,3138.0483456800653,15.0,116.83198947648592,14308.219178082192,0,1,0,0,0,0
7324,1.95,32580.529961988195,-659.6383232550305,5.0,8.04,3.0,-1286.2947303473095,1286.2947303473095,3138.0483456800653,15.0,116.83198947648592,14308.219178082192,0,1,0,0,0,0
7325,14.82,24090.984741695953,-659.6383232550305,5.0,8.04,3.0,-9775.839950639553,9775.839950639553,3138.0483456800653,15.0,116.83198947648592,14308.219178082192,0,1,0,0,0,0
7326,16.93,22699.14787962784,-659.6383232550305,5.0,8.04,3.0,-11167.676812707667,11167.676812707667,3138.0483456800653,15.0,116.83198947648592,14308.219178082192,0,1,0,0,0,0
7327,25.13,17290.113628936586,-659.6383232550305,5.0,8.04,3.0,-16576.711063398918,16576.711063398918,3138.0483456800653,15.0,116.83198947648592,14308.219178082192,0,1,0,0,0,0
7328,13.14,25199.177124764403,-659.6383232550305,5.0,8.04,3.0,-8667.6475675711,8667.6475675711,3138.0483456800653,15.0,116.83198947648592,14308.219178082192,0,1,0,0,0,0
7329,6.88,29328.513028340894,-659.6383232550305,5.0,8.04,3.0,-4538.31166399461,4538.31166399461,3138.0483456800653,15.0,116.83198947648592,14308.219178082192,0,1,0,0,0,0
7330,13.72,24816.586897276484,-659.6383232550305,5.0,8.04,3.0,-9050.23779505902,9050.23779505902,3138.0483456800653,15.0,116.83198947648592,14308.219178082192,0,1,0,0,0,0
7331,13.61,24889.147112834537,-659.6383232550305,5.0,8.04,3.0,-8977.677579500965,8977.677579500965,3138.0483456800653,15.0,116.83198947648592,14308.219178082192,0,1,0,0,0,0
7332,8.2,28457.790441644254,-659.6383232550305,5.0,8.04,3.0,-5409.034250691249,5409.034250691249,3138.0483456800653,15.0,116.83198947648592,14308.219178082192,0,1,0,0,0,0
7333,9.45,27633.24253757547,-659.6383232550305,5.0,8.04,3.0,-6233.582154760038,6233.582154760038,3138.0483456800653,15.0,116.83198947648592,14308.219178082192,0,1,0,0,0,0
7334,4.97,30588.422225758004,-659.6383232550305,5.0,8.04,3.0,-3278.4024665775014,3278.4024665775014,3138.0483456800653,15.0,116.83198947648592,14308.219178082192,0,1,0,0,0,0
7335,3.83,31340.409914268737,-659.6383232550305,5.0,8.04,3.0,-2526.4147780667668,2526.4147780667668,3138.0483456800653,15.0,116.83198947648592,14308.219178082192,0,1,0,0,0,0
7336,13.33,25073.845843345945,-659.6383232550305,5.0,8.04,3.0,-8792.978848989556,8792.978848989556,3138.0483456800653,15.0,116.83198947648592,14308.219178082192,0,1,0,0,0,0
7337,20.01,20667.46184400234,-659.6383232550305,5.0,8.04,3.0,-13199.362848333161,13199.362848333161,3138.0483456800653,15.0,116.83198947648592,14308.219178082192,0,1,0,0,0,0
7338,8.53,28240.109794970092,-659.6383232550305,5.0,8.04,3.0,-5626.71489736541,5626.71489736541,3138.0483456800653,15.0,116.83198947648592,14308.219178082192,0,1,0,0,0,0
7339,1.74,32719.054009871754,-659.6383232550305,5.0,8.04,3.0,-1147.770682463753,1147.770682463753,3138.0483456800653,15.0,116.83198947648592,14308.219178082192,0,1,0,0,0,0
7340,-1.5,34856.28217721805,-659.6383232550305,5.0,8.04,3.0,989.4574848825457,-989.4574848825457,3138.0483456800653,15.0,116.83198947648592,14308.219178082192,0,1,0,0,0,0
7341,-2.47,35496.13135077543,-659.6383232550305,5.0,8.04,3.0,1629.3066584399255,-1629.3066584399255,3138.0483456800653,15.0,116.83198947648592,14308.219178082192,0,1,0,0,0,0
7342,-5.82,37705.91973367978,-659.6383232550305,5.0,8.04,3.0,3839.095041344278,-3839.095041344278,3138.0483456800653,15.0,116.83198947648592,14308.219178082192,0,1,0,0,0,0
7343,-10.53,40812.81623621097,-659.6383232550305,5.0,8.04,3.0,6945.991543875471,-6945.991543875471,3138.0483456800653,15.0,116.83198947648592,14308.219178082192,0,1,0,0,0,0
7344,-9.3,40001.46109860729,-659.6383232550305,5.0,8.04,3.0,6134.636406271784,-6134.636406271784,3138.0483456800653,15.0,116.83198947648592,14308.219178082192,0,1,0,0,0,0
7345,-8.44,39434.17214060796,-659.6383232550305,5.0,8.04,3.0,5567.347448272457,-5567.347448272457,3138.0483456800653,15.0,116.83198947648592,14308.219178082192,0,1,0,0,0,0
7346,-8.39,39401.19022444521,-659.6383232550305,5.0,8.04,3.0,5534.365532109707,-5534.365532109707,3138.0483456800653,15.0,116.83198947648592,14308.219178082192,0,1,0,0,0,0
7347,-7.39,38741.55190119018,-659.6383232550305,5.0,8.04,3.0,4874.727208854675,-4874.727208854675,3138.0483456800653,15.0,116.83198947648592,14308.219178082192,0,1,0,0,0,0
7348,-6.86,38391.94358986501,-659.6383232550305,5.0,8.04,3.0,4525.11889752951,-4525.11889752951,3138.0483456800653,15.0,116.83198947648592,14308.219178082192,0,1,0,0,0,0
7349,7.11,29176.79621399224,-659.6383232550305,5.0,8.04,3.0,-4690.028478343267,4690.028478343267,3138.0483456800653,15.0,116.83198947648592,14308.219178082192,0,1,0,0,0,0
7350,9.71,27461.736573529157,-659.6383232550305,5.0,8.04,3.0,-6405.088118806347,6405.088118806347,3138.0483456800653,15.0,116.83198947648592,14308.219178082192,0,1,0,0,0,0
7351,10.47,26960.411447855335,-659.6383232550305,5.0,8.04,3.0,-6906.41324448017,6906.41324448017,3138.0483456800653,15.0,116.83198947648592,14308.219178082192,0,1,0,0,0,0
7352,14.02,24618.695400299977,-659.6383232550305,5.0,8.04,3.0,-9248.129292035528,9248.129292035528,3138.0483456800653,15.0,116.83198947648592,14308.219178082192,0,1,0,0,0,0
7353,11.63,26195.230992879497,-659.6383232550305,5.0,8.04,3.0,-7671.593699456005,7671.593699456005,3138.0483456800653,15.0,116.83198947648592,14308.219178082192,0,1,0,0,0,0
7354,13.37,25047.460310415747,-659.6383232550305,5.0,8.04,3.0,-8819.364381919757,8819.364381919757,3138.0483456800653,15.0,116.83198947648592,14308.219178082192,0,1,0,0,0,0
7355,12.85,25390.472238508362,-659.6383232550305,5.0,8.04,3.0,-8476.352453827141,8476.352453827141,3138.0483456800653,15.0,116.83198947648592,14308.219178082192,0,1,0,0,0,0
7356,8.16,28484.175974574453,-659.6383232550305,5.0,8.04,3.0,-5382.648717761049,5382.648717761049,3138.0483456800653,15.0,116.83198947648592,14308.219178082192,0,1,0,0,0,0
7357,2.64,32125.379518942224,-659.6383232550305,5.0,8.04,3.0,-1741.4451733932806,1741.4451733932806,3138.0483456800653,15.0,116.83198947648592,14308.219178082192,0,1,0,0,0,0
7358,2.63,32131.975902174774,-659.6383232550305,5.0,8.04,3.0,-1734.8487901607302,1734.8487901607302,3138.0483456800653,15.0,116.83198947648592,14308.219178082192,0,1,0,0,0,0
7359,6.22,29763.874321689214,-659.6383232550305,5.0,8.04,3.0,-4102.950370646289,4102.950370646289,3138.0483456800653,15.0,116.83198947648592,14308.219178082192,0,1,0,0,0,0
7360,10.33,27052.76081311104,-659.6383232550305,5.0,8.04,3.0,-6814.063879224465,6814.063879224465,3138.0483456800653,15.0,116.83198947648592,14308.219178082192,0,1,0,0,0,0
7361,12.96,25317.91202295031,-659.6383232550305,5.0,8.04,3.0,-8548.912669385196,8548.912669385196,3138.0483456800653,15.0,116.83198947648592,14308.219178082192,0,1,0,0,0,0
7362,29.0,14737.313317939617,-659.6383232550305,5.0,8.04,3.0,-19129.511374395886,19129.511374395886,3138.0483456800653,15.0,116.83198947648592,14308.219178082192,0,1,0,0,0,0
7363,14.93,24018.424526137896,-659.6383232550305,5.0,8.04,3.0,-9848.400166197605,9848.400166197605,3138.0483456800653,15.0,116.83198947648592,14308.219178082192,0,1,0,0,0,0
7364,7.54,28893.151734992574,-659.6383232550305,5.0,8.04,3.0,-4973.67295734293,4973.67295734293,3138.0483456800653,15.0,116.83198947648592,14308.219178082192,0,1,0,0,0,0
7365,5.01,30562.0366928278,-659.6383232550305,5.0,8.04,3.0,-3304.787999507703,3304.787999507703,3138.0483456800653,15.0,116.83198947648592,14308.219178082192,0,1,0,0,0,0
7366,9.29,27738.78466929627,-659.6383232550305,5.0,8.04,3.0,-6128.040023039233,6128.040023039233,3138.0483456800653,15.0,116.83198947648592,14308.219178082192,0,1,0,0,0,0
7367,4.92,30621.404141920753,-659.6383232550305,5.0,8.04,3.0,-3245.42055041475,3245.42055041475,3138.0483456800653,15.0,116.83198947648592,14308.219178082192,0,1,0,0,0,0
7368,-0.56,34236.22215335832,-659.6383232550305,5.0,8.04,3.0,369.39746102281714,-369.39746102281714,3138.0483456800653,15.0,116.83198947648592,14308.219178082192,0,1,0,0,0,0
7369,2.84,31993.451854291216,-659.6383232550305,5.0,8.04,3.0,-1873.3728380442865,1873.3728380442865,3138.0483456800653,15.0,116.83198947648592,14308.219178082192,0,1,0,0,0,0
7370,2.29,32356.252932081483,-659.6383232550305,5.0,8.04,3.0,-1510.5717602540199,1510.5717602540199,3138.0483456800653,15.0,116.83198947648592,14308.219178082192,0,1,0,0,0,0
7371,4.43,30944.626920315717,-659.6383232550305,5.0,8.04,3.0,-2922.197772019785,2922.197772019785,3138.0483456800653,15.0,116.83198947648592,14308.219178082192,0,1,0,0,0,0
7372,10.76,26769.116334111375,-659.6383232550305,5.0,8.04,3.0,-7097.7083582241285,7097.7083582241285,3138.0483456800653,15.0,116.83198947648592,14308.219178082192,0,1,0,0,0,0
7373,30.32,13866.59073124298,-659.6383232550305,5.0,8.04,3.0,-20000.233961092526,20000.233961092526,3138.0483456800653,15.0,116.83198947648592,14308.219178082192,0,1,0,0,0,0
7374,47.6,2468.0405053960535,-659.6383232550305,5.0,8.04,3.0,-31398.784186939454,31398.784186939454,3138.0483456800653,15.0,116.83198947648592,14308.219178082192,0,1,0,0,0,0
7375,43.31,5297.888912160131,-659.6383232550305,5.0,8.04,3.0,-28568.935780175372,28568.935780175372,3138.0483456800653,15.0,116.83198947648592,14308.219178082192,0,1,0,0,0,0
7376,77.77,8269.399081605916,650.0,0,8.04,3.0,50550.5,-50550.5,15071.972825128516,0,556.8949724310688,14308.219178082192,1,0,0,0,0,0
7377,39.27,7962.827738110453,-659.6383232550305,5.0,8.04,3.0,-25903.99695422505,25903.99695422505,3138.0483456800653,15.0,116.83198947648592,14308.219178082192,0,1,0,0,0,0
7378,39.02,8127.73731892421,-659.6383232550305,5.0,8.04,3.0,-25739.087373411294,25739.087373411294,3138.0483456800653,15.0,116.83198947648592,14308.219178082192,0,1,0,0,0,0
7379,36.7,9658.098228875882,-659.6383232550305,5.0,8.04,3.0,-24208.72646345962,24208.72646345962,3138.0483456800653,15.0,116.83198947648592,14308.219178082192,0,1,0,0,0,0
7380,43.13,5416.623810346038,-659.6383232550305,5.0,8.04,3.0,-28450.20088198947,28450.20088198947,3138.0483456800653,15.0,116.83198947648592,14308.219178082192,0,1,0,0,0,0
7381,62.15,-1883.6009183940869,650.0,0,8.04,3.0,40397.5,-40397.5,15071.972825128516,0,556.8949724310688,14308.219178082192,1,0,0,0,0,0
7382,43.61,5099.997415183625,-659.6383232550305,5.0,8.04,3.0,-28766.82727715188,28766.82727715188,3138.0483456800653,15.0,116.83198947648592,14308.219178082192,0,1,0,0,0,0
7383,34.95,10812.465294572186,-659.6383232550305,5.0,8.04,3.0,-23054.359397763317,23054.359397763317,3138.0483456800653,15.0,116.83198947648592,14308.219178082192,0,1,0,0,0,0
7384,35.97,10139.63420485206,-659.6383232550305,5.0,8.04,3.0,-23727.190487483447,23727.190487483447,3138.0483456800653,15.0,116.83198947648592,14308.219178082192,0,1,0,0,0,0
7385,63.36,-1097.1009183940869,650.0,0,8.04,3.0,41184.0,-41184.0,15071.972825128516,0,556.8949724310688,14308.219178082192,1,0,0,0,0,0
7386,49.95,917.8904457467293,-659.6383232550305,5.0,8.04,3.0,-32948.934246588775,32948.934246588775,3138.0483456800653,15.0,116.83198947648592,14308.219178082192,0,1,0,0,0,0
7387,57.64,-4154.7282600844555,-659.6383232550305,5.0,8.04,3.0,-38021.55295241996,38021.55295241996,3138.0483456800653,15.0,116.83198947648592,14308.219178082192,0,1,0,0,0,0
7388,40.62,7072.316001716168,-659.6383232550305,5.0,8.04,3.0,-26794.50869061934,26794.50869061934,3138.0483456800653,15.0,116.83198947648592,14308.219178082192,0,1,0,0,0,0
7389,32.64,12336.229821291305,-659.6383232550305,5.0,8.04,3.0,-21530.594871044195,21530.594871044195,3138.0483456800653,15.0,116.83198947648592,14308.219178082192,0,1,0,0,0,0
7390,32.27,12580.296000895669,-659.6383232550305,5.0,8.04,3.0,-21286.52869143984,21286.52869143984,3138.0483456800653,15.0,116.83198947648592,14308.219178082192,0,1,0,0,0,0
7391,33.42,11821.711929152381,-659.6383232550305,5.0,8.04,3.0,-22045.112763183122,22045.112763183122,3138.0483456800653,15.0,116.83198947648592,14308.219178082192,0,1,0,0,0,0
7392,39.21,8002.40603750576,-659.6383232550305,5.0,8.04,3.0,-25864.418654829748,25864.418654829748,3138.0483456800653,15.0,116.83198947648592,14308.219178082192,0,1,0,0,0,0
7393,15.89,23385.17173581307,-659.6383232550305,5.0,8.04,3.0,-10481.652956522435,10481.652956522435,3138.0483456800653,15.0,116.83198947648592,14308.219178082192,0,1,0,0,0,0
7394,24.54,17679.300239657055,-659.6383232550305,5.0,8.04,3.0,-16187.524452678448,16187.524452678448,3138.0483456800653,15.0,116.83198947648592,14308.219178082192,0,1,0,0,0,0
7395,14.56,24262.49070574226,-659.6383232550305,5.0,8.04,3.0,-9604.333986593245,9604.333986593245,3138.0483456800653,15.0,116.83198947648592,14308.219178082192,0,1,0,0,0,0
7396,29.17,14625.174802986261,-659.6383232550305,5.0,8.04,3.0,-19241.649889349243,19241.649889349243,3138.0483456800653,15.0,116.83198947648592,14308.219178082192,0,1,0,0,0,0
7397,21.95,19387.763496887583,-659.6383232550305,5.0,8.04,3.0,-14479.061195447919,14479.061195447919,3138.0483456800653,15.0,116.83198947648592,14308.219178082192,0,1,0,0,0,0
7398,21.64,19592.251377096643,-659.6383232550305,5.0,8.04,3.0,-14274.57331523886,14274.57331523886,3138.0483456800653,15.0,116.83198947648592,14308.219178082192,0,1,0,0,0,0
7399,28.45,15100.114395729888,-659.6383232550305,5.0,8.04,3.0,-18766.71029660562,18766.71029660562,3138.0483456800653,15.0,116.83198947648592,14308.219178082192,0,1,0,0,0,0
7400,29.58,14354.723090451706,-659.6383232550305,5.0,8.04,3.0,-19512.1016018838,19512.1016018838,3138.0483456800653,15.0,116.83198947648592,14308.219178082192,0,1,0,0,0,0
7401,31.85,12857.344096662779,-659.6383232550305,5.0,8.04,3.0,-21009.48059567272,21009.48059567272,3138.0483456800653,15.0,116.83198947648592,14308.219178082192,0,1,0,0,0,0
7402,40.55,7118.4906843440185,-659.6383232550305,5.0,8.04,3.0,-26748.334007991485,26748.334007991485,3138.0483456800653,15.0,116.83198947648592,14308.219178082192,0,1,0,0,0,0
7403,32.96,12125.145557849697,-659.6383232550305,5.0,8.04,3.0,-21741.679134485807,21741.679134485807,3138.0483456800653,15.0,116.83198947648592,14308.219178082192,0,1,0,0,0,0
7404,23.98,18048.69770067987,-659.6383232550305,5.0,8.04,3.0,-15818.126991655632,15818.126991655632,3138.0483456800653,15.0,116.83198947648592,14308.219178082192,0,1,0,0,0,0
7405,14.75,24137.159424323807,-659.6383232550305,5.0,8.04,3.0,-9729.6652680117,9729.6652680117,3138.0483456800653,15.0,116.83198947648592,14308.219178082192,0,1,0,0,0,0
7406,14.8,24104.177508161054,-659.6383232550305,5.0,8.04,3.0,-9762.647184174451,9762.647184174451,3138.0483456800653,15.0,116.83198947648592,14308.219178082192,0,1,0,0,0,0
7407,13.06,25251.948190624804,-659.6383232550305,5.0,8.04,3.0,-8614.876501710698,8614.876501710698,3138.0483456800653,15.0,116.83198947648592,14308.219178082192,0,1,0,0,0,0
7408,13.71,24823.183280509034,-659.6383232550305,5.0,8.04,3.0,-9043.64141182647,9043.64141182647,3138.0483456800653,15.0,116.83198947648592,14308.219178082192,0,1,0,0,0,0
7409,26.4,16452.3729584027,-659.6383232550305,5.0,8.04,3.0,-17414.451733932805,17414.451733932805,3138.0483456800653,15.0,116.83198947648592,14308.219178082192,0,1,0,0,0,0
7410,12.52,25608.15288518252,-659.6383232550305,5.0,8.04,3.0,-8258.671807152981,8258.671807152981,3138.0483456800653,15.0,116.83198947648592,14308.219178082192,0,1,0,0,0,0
7411,14.18,24513.15326857917,-659.6383232550305,5.0,8.04,3.0,-9353.671423756332,9353.671423756332,3138.0483456800653,15.0,116.83198947648592,14308.219178082192,0,1,0,0,0,0
7412,4.39,30971.01245324592,-659.6383232550305,5.0,8.04,3.0,-2895.8122390895837,2895.8122390895837,3138.0483456800653,15.0,116.83198947648592,14308.219178082192,0,1,0,0,0,0
7413,1.98,32560.740812290544,-659.6383232550305,5.0,8.04,3.0,-1306.0838800449603,1306.0838800449603,3138.0483456800653,15.0,116.83198947648592,14308.219178082192,0,1,0,0,0,0
7414,3.16,31782.367590849608,-659.6383232550305,5.0,8.04,3.0,-2084.4571014858966,2084.4571014858966,3138.0483456800653,15.0,116.83198947648592,14308.219178082192,0,1,0,0,0,0
7415,-1.26,34697.96897963684,-659.6383232550305,5.0,8.04,3.0,831.1442873013384,-831.1442873013384,3138.0483456800653,15.0,116.83198947648592,14308.219178082192,0,1,0,0,0,0
7416,-1.29,34717.75812933449,-659.6383232550305,5.0,8.04,3.0,850.9334369989894,-850.9334369989894,3138.0483456800653,15.0,116.83198947648592,14308.219178082192,0,1,0,0,0,0
7417,-8.76,39645.25640404957,-659.6383232550305,5.0,8.04,3.0,5778.431711714067,-5778.431711714067,3138.0483456800653,15.0,116.83198947648592,14308.219178082192,0,1,0,0,0,0
7418,-1.22,34671.58344670664,-659.6383232550305,5.0,8.04,3.0,804.7587543711372,-804.7587543711372,3138.0483456800653,15.0,116.83198947648592,14308.219178082192,0,1,0,0,0,0
7419,-2.8,35713.811997449586,-659.6383232550305,5.0,8.04,3.0,1846.9873051140853,-1846.9873051140853,3138.0483456800653,15.0,116.83198947648592,14308.219178082192,0,1,0,0,0,0
7420,-3.92,36452.60691949522,-659.6383232550305,5.0,8.04,3.0,2585.7822271597197,-2585.7822271597197,3138.0483456800653,15.0,116.83198947648592,14308.219178082192,0,1,0,0,0,0
7421,-0.34,34091.101722242216,-659.6383232550305,5.0,8.04,3.0,224.2770299067104,-224.2770299067104,3138.0483456800653,15.0,116.83198947648592,14308.219178082192,0,1,0,0,0,0
7422,0.85,33306.132117568726,-659.6383232550305,5.0,8.04,3.0,-560.6925747667759,560.6925747667759,3138.0483456800653,15.0,116.83198947648592,14308.219178082192,0,1,0,0,0,0
7423,-1.39,34783.72196166,-659.6383232550305,5.0,8.04,3.0,916.8972693244923,-916.8972693244923,3138.0483456800653,15.0,116.83198947648592,14308.219178082192,0,1,0,0,0,0
7424,1.92,32600.319111685843,-659.6383232550305,5.0,8.04,3.0,-1266.5055806496584,1266.5055806496584,3138.0483456800653,15.0,116.83198947648592,14308.219178082192,0,1,0,0,0,0
7425,5.03,30548.8439263627,-659.6383232550305,5.0,8.04,3.0,-3317.9807659728035,3317.9807659728035,3138.0483456800653,15.0,116.83198947648592,14308.219178082192,0,1,0,0,0,0
7426,1.51,32870.77082422041,-659.6383232550305,5.0,8.04,3.0,-996.0538681150961,996.0538681150961,3138.0483456800653,15.0,116.83198947648592,14308.219178082192,0,1,0,0,0,0
7427,0.71,33398.481482824434,-659.6383232550305,5.0,8.04,3.0,-468.3432095110716,468.3432095110716,3138.0483456800653,15.0,116.83198947648592,14308.219178082192,0,1,0,0,0,0
7428,-2.43,35469.74581784523,-659.6383232550305,5.0,8.04,3.0,1602.9211255097243,-1602.9211255097243,3138.0483456800653,15.0,116.83198947648592,14308.219178082192,0,1,0,0,0,0
7429,-1.79,35047.57729096201,-659.6383232550305,5.0,8.04,3.0,1180.7525986265046,-1180.7525986265046,3138.0483456800653,15.0,116.83198947648592,14308.219178082192,0,1,0,0,0,0
7430,-0.8,34394.53535093953,-659.6383232550305,5.0,8.04,3.0,527.7106586040244,-527.7106586040244,3138.0483456800653,15.0,116.83198947648592,14308.219178082192,0,1,0,0,0,0
7431,4.5,30898.452237687867,-659.6383232550305,5.0,8.04,3.0,-2968.3724546476374,2968.3724546476374,3138.0483456800653,15.0,116.83198947648592,14308.219178082192,0,1,0,0,0,0
7432,4.15,31129.325650827126,-659.6383232550305,5.0,8.04,3.0,-2737.4990415083766,2737.4990415083766,3138.0483456800653,15.0,116.83198947648592,14308.219178082192,0,1,0,0,0,0
7433,20.44,20383.81736500268,-659.6383232550305,5.0,8.04,3.0,-13483.007327332825,13483.007327332825,3138.0483456800653,15.0,116.83198947648592,14308.219178082192,0,1,0,0,0,0
7434,19.32,21122.612287048316,-659.6383232550305,5.0,8.04,3.0,-12744.21240528719,12744.21240528719,3138.0483456800653,15.0,116.83198947648592,14308.219178082192,0,1,0,0,0,0
7435,5.95,29941.976668968073,-659.6383232550305,5.0,8.04,3.0,-3924.848023367432,3924.848023367432,3138.0483456800653,15.0,116.83198947648592,14308.219178082192,0,1,0,0,0,0
7436,4.26,31056.765435269073,-659.6383232550305,5.0,8.04,3.0,-2810.05925706643,2810.05925706643,3138.0483456800653,15.0,116.83198947648592,14308.219178082192,0,1,0,0,0,0
7437,-0.1,33932.78852466101,-659.6383232550305,5.0,8.04,3.0,65.96383232550305,-65.96383232550305,3138.0483456800653,15.0,116.83198947648592,14308.219178082192,0,1,0,0,0,0
7438,-1.94,35146.523039450265,-659.6383232550305,5.0,8.04,3.0,1279.6983471147591,-1279.6983471147591,3138.0483456800653,15.0,116.83198947648592,14308.219178082192,0,1,0,0,0,0
7439,3.56,31518.512261547596,-659.6383232550305,5.0,8.04,3.0,-2348.312430787909,2348.312430787909,3138.0483456800653,15.0,116.83198947648592,14308.219178082192,0,1,0,0,0,0
7440,8.02,28576.525339830157,-659.6383232550305,5.0,8.04,3.0,-5290.299352505344,5290.299352505344,3138.0483456800653,15.0,116.83198947648592,14308.219178082192,0,1,0,0,0,0
7441,4.84,30674.175207781154,-659.6383232550305,5.0,8.04,3.0,-3192.6494845543475,3192.6494845543475,3138.0483456800653,15.0,116.83198947648592,14308.219178082192,0,1,0,0,0,0
7442,5.31,30364.14519585129,-659.6383232550305,5.0,8.04,3.0,-3502.679496484212,3502.679496484212,3138.0483456800653,15.0,116.83198947648592,14308.219178082192,0,1,0,0,0,0
7443,8.63,28174.14596264459,-659.6383232550305,5.0,8.04,3.0,-5692.678729690914,5692.678729690914,3138.0483456800653,15.0,116.83198947648592,14308.219178082192,0,1,0,0,0,0
7444,10.36,27032.971663413387,-659.6383232550305,5.0,8.04,3.0,-6833.853028922115,6833.853028922115,3138.0483456800653,15.0,116.83198947648592,14308.219178082192,0,1,0,0,0,0
7445,9.04,27903.694250110027,-659.6383232550305,5.0,8.04,3.0,-5963.130442225475,5963.130442225475,3138.0483456800653,15.0,116.83198947648592,14308.219178082192,0,1,0,0,0,0
7446,30.27,13899.572647405734,-659.6383232550305,5.0,8.04,3.0,-19967.252044929774,19967.252044929774,3138.0483456800653,15.0,116.83198947648592,14308.219178082192,0,1,0,0,0,0
7447,39.05,8107.948169226565,-659.6383232550305,5.0,8.04,3.0,-25758.87652310894,25758.87652310894,3138.0483456800653,15.0,116.83198947648592,14308.219178082192,0,1,0,0,0,0
7448,42.38,5911.35255278731,-659.6383232550305,5.0,8.04,3.0,-27955.472139548194,27955.472139548194,3138.0483456800653,15.0,116.83198947648592,14308.219178082192,0,1,0,0,0,0
7449,51.82,-315.6332187401781,-659.6383232550305,5.0,8.04,3.0,-34182.45791107568,34182.45791107568,3138.0483456800653,15.0,116.83198947648592,14308.219178082192,0,1,0,0,0,0
7450,154.44,58104.89908160592,650.0,0,8.04,3.0,100386.0,-100386.0,15071.972825128516,0,556.8949724310688,14308.219178082192,1,0,0,0,0,0
7451,86.43,13898.399081605916,650.0,0,8.04,3.0,56179.50000000001,-56179.50000000001,15071.972825128516,0,556.8949724310688,14308.219178082192,1,0,0,0,0,0
7452,84.78,12825.899081605916,650.0,0,8.04,3.0,55107.0,-55107.0,15071.972825128516,0,556.8949724310688,14308.219178082192,1,0,0,0,0,0
7453,119.18,35185.89908160592,650.0,0,8.04,3.0,77467.0,-77467.0,15071.972825128516,0,556.8949724310688,14308.219178082192,1,0,0,0,0,0
7454,73.22,5311.899081605917,650.0,0,8.04,3.0,47593.0,-47593.0,15071.972825128516,0,556.8949724310688,14308.219178082192,1,0,0,0,0,0
7455,49.87,970.6615116071339,-659.6383232550305,5.0,8.04,3.0,-32896.16318072837,32896.16318072837,3138.0483456800653,15.0,116.83198947648592,14308.219178082192,0,1,0,0,0,0
7456,67.77,1769.3990816059131,650.0,0,8.04,3.0,44050.5,-44050.5,15071.972825128516,0,556.8949724310688,14308.219178082192,1,0,0,0,0,0
7457,48.5,1874.3660144665232,-659.6383232550305,5.0,8.04,3.0,-31992.45867786898,31992.45867786898,3138.0483456800653,15.0,116.83198947648592,14308.219178082192,0,1,0,0,0,0
7458,47.61,2461.444122163503,-659.6383232550305,5.0,8.04,3.0,-31405.380570172,31405.380570172,3138.0483456800653,15.0,116.83198947648592,14308.219178082192,0,1,0,0,0,0
7459,18.74,21505.202514536235,-659.6383232550305,5.0,8.04,3.0,-12361.62217779927,12361.62217779927,3138.0483456800653,15.0,116.83198947648592,14308.219178082192,0,1,0,0,0,0
7460,33.15,11999.814276431243,-659.6383232550305,5.0,8.04,3.0,-21867.01041590426,21867.01041590426,3138.0483456800653,15.0,116.83198947648592,14308.219178082192,0,1,0,0,0,0
7461,20.28,20489.359496723482,-659.6383232550305,5.0,8.04,3.0,-13377.46519561202,13377.46519561202,3138.0483456800653,15.0,116.83198947648592,14308.219178082192,0,1,0,0,0,0
7462,14.55,24269.08708897481,-659.6383232550305,5.0,8.04,3.0,-9597.737603360694,9597.737603360694,3138.0483456800653,15.0,116.83198947648592,14308.219178082192,0,1,0,0,0,0
7463,8.65,28160.95319617949,-659.6383232550305,5.0,8.04,3.0,-5705.8714961560145,5705.8714961560145,3138.0483456800653,15.0,116.83198947648592,14308.219178082192,0,1,0,0,0,0
7464,5.88,29988.151351595923,-659.6383232550305,5.0,8.04,3.0,-3878.6733407395795,3878.6733407395795,3138.0483456800653,15.0,116.83198947648592,14308.219178082192,0,1,0,0,0,0
7465,1.67,32765.2286924996,-659.6383232550305,5.0,8.04,3.0,-1101.595999835901,1101.595999835901,3138.0483456800653,15.0,116.83198947648592,14308.219178082192,0,1,0,0,0,0
7466,0.79,33345.71041696403,-659.6383232550305,5.0,8.04,3.0,-521.1142753714742,521.1142753714742,3138.0483456800653,15.0,116.83198947648592,14308.219178082192,0,1,0,0,0,0
7467,1.77,32699.264860174102,-659.6383232550305,5.0,8.04,3.0,-1167.559832161404,1167.559832161404,3138.0483456800653,15.0,116.83198947648592,14308.219178082192,0,1,0,0,0,0
7468,0.76,33365.49956666168,-659.6383232550305,5.0,8.04,3.0,-501.3251256738232,501.3251256738232,3138.0483456800653,15.0,116.83198947648592,14308.219178082192,0,1,0,0,0,0
7469,0.89,33279.746584638524,-659.6383232550305,5.0,8.04,3.0,-587.0781076969772,587.0781076969772,3138.0483456800653,15.0,116.83198947648592,14308.219178082192,0,1,0,0,0,0
7470,3.11,31815.34950701236,-659.6383232550305,5.0,8.04,3.0,-2051.4751853231446,2051.4751853231446,3138.0483456800653,15.0,116.83198947648592,14308.219178082192,0,1,0,0,0,0
7471,16.81,22778.304478418442,-659.6383232550305,5.0,8.04,3.0,-11088.520213917061,11088.520213917061,3138.0483456800653,15.0,116.83198947648592,14308.219178082192,0,1,0,0,0,0
7472,25.35,17144.99319782048,-659.6383232550305,5.0,8.04,3.0,-16721.831494515023,16721.831494515023,3138.0483456800653,15.0,116.83198947648592,14308.219178082192,0,1,0,0,0,0
7473,18.0,21993.334873744956,-659.6383232550305,5.0,8.04,3.0,-11873.48981859055,11873.48981859055,3138.0483456800653,15.0,116.83198947648592,14308.219178082192,0,1,0,0,0,0
7474,24.42,17758.45683844766,-659.6383232550305,5.0,8.04,3.0,-16108.367853887847,16108.367853887847,3138.0483456800653,15.0,116.83198947648592,14308.219178082192,0,1,0,0,0,0
7475,18.32,21782.250610303345,-659.6383232550305,5.0,8.04,3.0,-12084.574082032159,12084.574082032159,3138.0483456800653,15.0,116.83198947648592,14308.219178082192,0,1,0,0,0,0
7476,17.64,22230.804670116766,-659.6383232550305,5.0,8.04,3.0,-11636.02002221874,11636.02002221874,3138.0483456800653,15.0,116.83198947648592,14308.219178082192,0,1,0,0,0,0
7477,17.93,22039.509556372806,-659.6383232550305,5.0,8.04,3.0,-11827.315135962697,11827.315135962697,3138.0483456800653,15.0,116.83198947648592,14308.219178082192,0,1,0,0,0,0
7478,20.77,20166.13671832852,-659.6383232550305,5.0,8.04,3.0,-13700.687974006983,13700.687974006983,3138.0483456800653,15.0,116.83198947648592,14308.219178082192,0,1,0,0,0,0
7479,20.56,20304.66076621208,-659.6383232550305,5.0,8.04,3.0,-13562.163926123427,13562.163926123427,3138.0483456800653,15.0,116.83198947648592,14308.219178082192,0,1,0,0,0,0
7480,20.27,20495.955879956036,-659.6383232550305,5.0,8.04,3.0,-13370.86881237947,13370.86881237947,3138.0483456800653,15.0,116.83198947648592,14308.219178082192,0,1,0,0,0,0
7481,26.03,16696.43913800706,-659.6383232550305,5.0,8.04,3.0,-17170.385554328444,17170.385554328444,3138.0483456800653,15.0,116.83198947648592,14308.219178082192,0,1,0,0,0,0
7482,27.82,15515.686539380556,-659.6383232550305,5.0,8.04,3.0,-18351.13815295495,18351.13815295495,3138.0483456800653,15.0,116.83198947648592,14308.219178082192,0,1,0,0,0,0
7483,22.73,18873.24560474866,-659.6383232550305,5.0,8.04,3.0,-14993.579087586844,14993.579087586844,3138.0483456800653,15.0,116.83198947648592,14308.219178082192,0,1,0,0,0,0
7484,19.67,20891.738873909053,-659.6383232550305,5.0,8.04,3.0,-12975.08581842645,12975.08581842645,3138.0483456800653,15.0,116.83198947648592,14308.219178082192,0,1,0,0,0,0
7485,22.52,19011.769652632218,-659.6383232550305,5.0,8.04,3.0,-14855.055039703288,14855.055039703288,3138.0483456800653,15.0,116.83198947648592,14308.219178082192,0,1,0,0,0,0
7486,20.84,20119.962035700668,-659.6383232550305,5.0,8.04,3.0,-13746.862656634836,13746.862656634836,3138.0483456800653,15.0,116.83198947648592,14308.219178082192,0,1,0,0,0,0
7487,18.63,21577.762730094284,-659.6383232550305,5.0,8.04,3.0,-12289.061962241218,12289.061962241218,3138.0483456800653,15.0,116.83198947648592,14308.219178082192,0,1,0,0,0,0
7488,18.6,21597.551879791936,-659.6383232550305,5.0,8.04,3.0,-12269.272812543568,12269.272812543568,3138.0483456800653,15.0,116.83198947648592,14308.219178082192,0,1,0,0,0,0
7489,13.54,24935.32179546239,-659.6383232550305,5.0,8.04,3.0,-8931.502896873113,8931.502896873113,3138.0483456800653,15.0,116.83198947648592,14308.219178082192,0,1,0,0,0,0
7490,10.77,26762.519950878825,-659.6383232550305,5.0,8.04,3.0,-7104.304741456678,7104.304741456678,3138.0483456800653,15.0,116.83198947648592,14308.219178082192,0,1,0,0,0,0
7491,7.2,29117.428764899283,-659.6383232550305,5.0,8.04,3.0,-4749.39592743622,4749.39592743622,3138.0483456800653,15.0,116.83198947648592,14308.219178082192,0,1,0,0,0,0
7492,19.98,20687.250993699992,-659.6383232550305,5.0,8.04,3.0,-13179.57369863551,13179.57369863551,3138.0483456800653,15.0,116.83198947648592,14308.219178082192,0,1,0,0,0,0
7493,10.73,26788.905483809027,-659.6383232550305,5.0,8.04,3.0,-7077.919208526478,7077.919208526478,3138.0483456800653,15.0,116.83198947648592,14308.219178082192,0,1,0,0,0,0
7494,51.74,-262.8621528797735,-659.6383232550305,5.0,8.04,3.0,-34129.68684521528,34129.68684521528,3138.0483456800653,15.0,116.83198947648592,14308.219178082192,0,1,0,0,0,0
7495,23.72,18220.20366472618,-659.6383232550305,5.0,8.04,3.0,-15646.621027609322,15646.621027609322,3138.0483456800653,15.0,116.83198947648592,14308.219178082192,0,1,0,0,0,0
7496,43.24,5344.0635947879855,-659.6383232550305,5.0,8.04,3.0,-28522.76109754752,28522.76109754752,3138.0483456800653,15.0,116.83198947648592,14308.219178082192,0,1,0,0,0,0
7497,45.03,4163.310996161479,-659.6383232550305,5.0,8.04,3.0,-29703.513696174025,29703.513696174025,3138.0483456800653,15.0,116.83198947648592,14308.219178082192,0,1,0,0,0,0
7498,39.98,7494.484528599387,-659.6383232550305,5.0,8.04,3.0,-26372.340163736117,26372.340163736117,3138.0483456800653,15.0,116.83198947648592,14308.219178082192,0,1,0,0,0,0
7499,51.37,-18.795973275409352,-659.6383232550305,5.0,8.04,3.0,-33885.62066561091,33885.62066561091,3138.0483456800653,15.0,116.83198947648592,14308.219178082192,0,1,0,0,0,0
7500,40.81,6946.984720297707,-659.6383232550305,5.0,8.04,3.0,-26919.839972037797,26919.839972037797,3138.0483456800653,15.0,116.83198947648592,14308.219178082192,0,1,0,0,0,0
7501,37.79,8939.092456527898,-659.6383232550305,5.0,8.04,3.0,-24927.7322358076,24927.7322358076,3138.0483456800653,15.0,116.83198947648592,14308.219178082192,0,1,0,0,0,0
7502,42.02,6148.82234915912,-659.6383232550305,5.0,8.04,3.0,-27718.002343176384,27718.002343176384,3138.0483456800653,15.0,116.83198947648592,14308.219178082192,0,1,0,0,0,0
7503,44.87,4268.853127882288,-659.6383232550305,5.0,8.04,3.0,-29597.97156445322,29597.97156445322,3138.0483456800653,15.0,116.83198947648592,14308.219178082192,0,1,0,0,0,0
7504,38.44,8510.327546412133,-659.6383232550305,5.0,8.04,3.0,-25356.49714592337,25356.49714592337,3138.0483456800653,15.0,116.83198947648592,14308.219178082192,0,1,0,0,0,0
7505,39.86,7573.641127389987,-659.6383232550305,5.0,8.04,3.0,-26293.183564945517,26293.183564945517,3138.0483456800653,15.0,116.83198947648592,14308.219178082192,0,1,0,0,0,0
7506,36.22,9974.7246240383,-659.6383232550305,5.0,8.04,3.0,-23892.100068297204,23892.100068297204,3138.0483456800653,15.0,116.83198947648592,14308.219178082192,0,1,0,0,0,0
7507,37.79,8939.092456527898,-659.6383232550305,5.0,8.04,3.0,-24927.7322358076,24927.7322358076,3138.0483456800653,15.0,116.83198947648592,14308.219178082192,0,1,0,0,0,0
7508,26.41,16445.776575170148,-659.6383232550305,5.0,8.04,3.0,-17421.048117165356,17421.048117165356,3138.0483456800653,15.0,116.83198947648592,14308.219178082192,0,1,0,0,0,0
7509,25.3,17177.97511398323,-659.6383232550305,5.0,8.04,3.0,-16688.849578352274,16688.849578352274,3138.0483456800653,15.0,116.83198947648592,14308.219178082192,0,1,0,0,0,0
7510,24.11,17962.94471865672,-659.6383232550305,5.0,8.04,3.0,-15903.879973678786,15903.879973678786,3138.0483456800653,15.0,116.83198947648592,14308.219178082192,0,1,0,0,0,0
7511,15.14,23879.90047825434,-659.6383232550305,5.0,8.04,3.0,-9986.924214081162,9986.924214081162,3138.0483456800653,15.0,116.83198947648592,14308.219178082192,0,1,0,0,0,0
7512,16.18,23193.87662206911,-659.6383232550305,5.0,8.04,3.0,-10672.948070266393,10672.948070266393,3138.0483456800653,15.0,116.83198947648592,14308.219178082192,0,1,0,0,0,0
7513,10.43,26986.796980785533,-659.6383232550305,5.0,8.04,3.0,-6880.027711549968,6880.027711549968,3138.0483456800653,15.0,116.83198947648592,14308.219178082192,0,1,0,0,0,0
7514,9.39,27672.820836970768,-659.6383232550305,5.0,8.04,3.0,-6194.003855364737,6194.003855364737,3138.0483456800653,15.0,116.83198947648592,14308.219178082192,0,1,0,0,0,0
7515,9.87,27356.19444180835,-659.6383232550305,5.0,8.04,3.0,-6510.630250527151,6510.630250527151,3138.0483456800653,15.0,116.83198947648592,14308.219178082192,0,1,0,0,0,0
7516,7.24,29091.04323196908,-659.6383232550305,5.0,8.04,3.0,-4775.781460366421,4775.781460366421,3138.0483456800653,15.0,116.83198947648592,14308.219178082192,0,1,0,0,0,0
7517,11.6,26215.020142577152,-659.6383232550305,5.0,8.04,3.0,-7651.8045497583535,7651.8045497583535,3138.0483456800653,15.0,116.83198947648592,14308.219178082192,0,1,0,0,0,0
7518,17.96,22019.720406675155,-659.6383232550305,5.0,8.04,3.0,-11847.104285660349,11847.104285660349,3138.0483456800653,15.0,116.83198947648592,14308.219178082192,0,1,0,0,0,0
7519,35.23,10627.766564060781,-659.6383232550305,5.0,8.04,3.0,-23239.058128274723,23239.058128274723,3138.0483456800653,15.0,116.83198947648592,14308.219178082192,0,1,0,0,0,0
7520,31.4,13154.181342127547,-659.6383232550305,5.0,8.04,3.0,-20712.643350207956,20712.643350207956,3138.0483456800653,15.0,116.83198947648592,14308.219178082192,0,1,0,0,0,0
7521,38.48,8483.94201348193,-659.6383232550305,5.0,8.04,3.0,-25382.882678853573,25382.882678853573,3138.0483456800653,15.0,116.83198947648592,14308.219178082192,0,1,0,0,0,0
7522,26.65,16287.463377588942,-659.6383232550305,5.0,8.04,3.0,-17579.361314746562,17579.361314746562,3138.0483456800653,15.0,116.83198947648592,14308.219178082192,0,1,0,0,0,0
7523,17.98,22006.527640210054,-659.6383232550305,5.0,8.04,3.0,-11860.297052125448,11860.297052125448,3138.0483456800653,15.0,116.83198947648592,14308.219178082192,0,1,0,0,0,0
7524,17.11,22580.412981441932,-659.6383232550305,5.0,8.04,3.0,-11286.411710893572,11286.411710893572,3138.0483456800653,15.0,116.83198947648592,14308.219178082192,0,1,0,0,0,0
7525,18.17,21881.1963587916,-659.6383232550305,5.0,8.04,3.0,-11985.628333543906,11985.628333543906,3138.0483456800653,15.0,116.83198947648592,14308.219178082192,0,1,0,0,0,0
7526,7.22,29104.235998434182,-659.6383232550305,5.0,8.04,3.0,-4762.58869390132,4762.58869390132,3138.0483456800653,15.0,116.83198947648592,14308.219178082192,0,1,0,0,0,0
7527,0.66,33431.46339898718,-659.6383232550305,5.0,8.04,3.0,-435.36129334832015,435.36129334832015,3138.0483456800653,15.0,116.83198947648592,14308.219178082192,0,1,0,0,0,0
7528,12.35,25720.291400135877,-659.6383232550305,5.0,8.04,3.0,-8146.533292199627,8146.533292199627,3138.0483456800653,15.0,116.83198947648592,14308.219178082192,0,1,0,0,0,0
7529,18.41,21722.88316121039,-659.6383232550305,5.0,8.04,3.0,-12143.941531125112,12143.941531125112,3138.0483456800653,15.0,116.83198947648592,14308.219178082192,0,1,0,0,0,0
7530,15.27,23794.147496231188,-659.6383232550305,5.0,8.04,3.0,-10072.677196104316,10072.677196104316,3138.0483456800653,15.0,116.83198947648592,14308.219178082192,0,1,0,0,0,0
7531,9.14,27837.730417784525,-659.6383232550305,5.0,8.04,3.0,-6029.094274550979,6029.094274550979,3138.0483456800653,15.0,116.83198947648592,14308.219178082192,0,1,0,0,0,0
7532,27.24,15898.276766868476,-659.6383232550305,5.0,8.04,3.0,-17968.54792546703,17968.54792546703,3138.0483456800653,15.0,116.83198947648592,14308.219178082192,0,1,0,0,0,0
7533,15.74,23484.117484301325,-659.6383232550305,5.0,8.04,3.0,-10382.70720803418,10382.70720803418,3138.0483456800653,15.0,116.83198947648592,14308.219178082192,0,1,0,0,0,0
7534,22.44,19064.54071849262,-659.6383232550305,5.0,8.04,3.0,-14802.283973842885,14802.283973842885,3138.0483456800653,15.0,116.83198947648592,14308.219178082192,0,1,0,0,0,0
7535,16.7,22850.864693976495,-659.6383232550305,5.0,8.04,3.0,-11015.959998359009,11015.959998359009,3138.0483456800653,15.0,116.83198947648592,14308.219178082192,0,1,0,0,0,0
7536,7.98,28602.91087276036,-659.6383232550305,5.0,8.04,3.0,-5263.913819575144,5263.913819575144,3138.0483456800653,15.0,116.83198947648592,14308.219178082192,0,1,0,0,0,0
7537,6.88,29328.513028340894,-659.6383232550305,5.0,8.04,3.0,-4538.31166399461,4538.31166399461,3138.0483456800653,15.0,116.83198947648592,14308.219178082192,0,1,0,0,0,0
7538,7.59,28860.16981882982,-659.6383232550305,5.0,8.04,3.0,-5006.654873505681,5006.654873505681,3138.0483456800653,15.0,116.83198947648592,14308.219178082192,0,1,0,0,0,0
7539,8.24,28431.404908714052,-659.6383232550305,5.0,8.04,3.0,-5435.419783621452,5435.419783621452,3138.0483456800653,15.0,116.83198947648592,14308.219178082192,0,1,0,0,0,0
7540,6.22,29763.874321689214,-659.6383232550305,5.0,8.04,3.0,-4102.950370646289,4102.950370646289,3138.0483456800653,15.0,116.83198947648592,14308.219178082192,0,1,0,0,0,0
7541,8.71,28121.37489678419,-659.6383232550305,5.0,8.04,3.0,-5745.449795551316,5745.449795551316,3138.0483456800653,15.0,116.83198947648592,14308.219178082192,0,1,0,0,0,0
7542,16.8,22784.90086165099,-659.6383232550305,5.0,8.04,3.0,-11081.923830684513,11081.923830684513,3138.0483456800653,15.0,116.83198947648592,14308.219178082192,0,1,0,0,0,0
7543,35.74,10291.351019200712,-659.6383232550305,5.0,8.04,3.0,-23575.47367313479,23575.47367313479,3138.0483456800653,15.0,116.83198947648592,14308.219178082192,0,1,0,0,0,0
7544,32.68,12309.84428836111,-659.6383232550305,5.0,8.04,3.0,-21556.980403974398,21556.980403974398,3138.0483456800653,15.0,116.83198947648592,14308.219178082192,0,1,0,0,0,0
7545,52.75,-929.0968593673529,-659.6383232550305,5.0,8.04,3.0,-34795.92155170286,34795.92155170286,3138.0483456800653,15.0,116.83198947648592,14308.219178082192,0,1,0,0,0,0
7546,28.48,15080.325246032233,-659.6383232550305,5.0,8.04,3.0,-18786.49944630327,18786.49944630327,3138.0483456800653,15.0,116.83198947648592,14308.219178082192,0,1,0,0,0,0
7547,39.86,7573.641127389987,-659.6383232550305,5.0,8.04,3.0,-26293.183564945517,26293.183564945517,3138.0483456800653,15.0,116.83198947648592,14308.219178082192,0,1,0,0,0,0
7548,28.46,15093.518012497334,-659.6383232550305,5.0,8.04,3.0,-18773.30667983817,18773.30667983817,3138.0483456800653,15.0,116.83198947648592,14308.219178082192,0,1,0,0,0,0
7549,25.69,16920.716167913768,-659.6383232550305,5.0,8.04,3.0,-16946.108524421736,16946.108524421736,3138.0483456800653,15.0,116.83198947648592,14308.219178082192,0,1,0,0,0,0
7550,17.39,22395.714250930523,-659.6383232550305,5.0,8.04,3.0,-11471.11044140498,11471.11044140498,3138.0483456800653,15.0,116.83198947648592,14308.219178082192,0,1,0,0,0,0
7551,33.48,11782.133629757085,-659.6383232550305,5.0,8.04,3.0,-22084.69106257842,22084.69106257842,3138.0483456800653,15.0,116.83198947648592,14308.219178082192,0,1,0,0,0,0
7552,31.25,13253.127090615799,-659.6383232550305,5.0,8.04,3.0,-20613.697601719705,20613.697601719705,3138.0483456800653,15.0,116.83198947648592,14308.219178082192,0,1,0,0,0,0
7553,54.15,-1852.5905119243976,-659.6383232550305,5.0,8.04,3.0,-35719.4152042599,35719.4152042599,3138.0483456800653,15.0,116.83198947648592,14308.219178082192,0,1,0,0,0,0
7554,40.71,7012.948552623213,-659.6383232550305,5.0,8.04,3.0,-26853.876139712294,26853.876139712294,3138.0483456800653,15.0,116.83198947648592,14308.219178082192,0,1,0,0,0,0
7555,42.55,5799.214037833957,-659.6383232550305,5.0,8.04,3.0,-28067.610654501546,28067.610654501546,3138.0483456800653,15.0,116.83198947648592,14308.219178082192,0,1,0,0,0,0
7556,38.64,8378.399881761125,-659.6383232550305,5.0,8.04,3.0,-25488.42481057438,25488.42481057438,3138.0483456800653,15.0,116.83198947648592,14308.219178082192,0,1,0,0,0,0
7557,34.38,11188.459138827551,-659.6383232550305,5.0,8.04,3.0,-22678.365553507952,22678.365553507952,3138.0483456800653,15.0,116.83198947648592,14308.219178082192,0,1,0,0,0,0
7558,27.86,15489.301006450354,-659.6383232550305,5.0,8.04,3.0,-18377.52368588515,18377.52368588515,3138.0483456800653,15.0,116.83198947648592,14308.219178082192,0,1,0,0,0,0
7559,28.49,15073.728862799686,-659.6383232550305,5.0,8.04,3.0,-18793.095829535818,18793.095829535818,3138.0483456800653,15.0,116.83198947648592,14308.219178082192,0,1,0,0,0,0
7560,33.3,11900.868527942992,-659.6383232550305,5.0,8.04,3.0,-21965.956164392515,21965.956164392515,3138.0483456800653,15.0,116.83198947648592,14308.219178082192,0,1,0,0,0,0
7561,31.97,12778.187497872183,-659.6383232550305,5.0,8.04,3.0,-21088.637194463325,21088.637194463325,3138.0483456800653,15.0,116.83198947648592,14308.219178082192,0,1,0,0,0,0
7562,27.81,15522.282922613107,-659.6383232550305,5.0,8.04,3.0,-18344.541769722397,18344.541769722397,3138.0483456800653,15.0,116.83198947648592,14308.219178082192,0,1,0,0,0,0
7563,27.33,15838.90931777552,-659.6383232550305,5.0,8.04,3.0,-18027.915374559983,18027.915374559983,3138.0483456800653,15.0,116.83198947648592,14308.219178082192,0,1,0,0,0,0
7564,27.32,15845.50570100807,-659.6383232550305,5.0,8.04,3.0,-18021.318991327433,18021.318991327433,3138.0483456800653,15.0,116.83198947648592,14308.219178082192,0,1,0,0,0,0
7565,35.87,10205.598037177559,-659.6383232550305,5.0,8.04,3.0,-23661.22665515794,23661.22665515794,3138.0483456800653,15.0,116.83198947648592,14308.219178082192,0,1,0,0,0,0
7566,41.85,6260.960864112476,-659.6383232550305,5.0,8.04,3.0,-27605.863828223028,27605.863828223028,3138.0483456800653,15.0,116.83198947648592,14308.219178082192,0,1,0,0,0,0
7567,37.91,8859.935857737302,-659.6383232550305,5.0,8.04,3.0,-25006.888834598205,25006.888834598205,3138.0483456800653,15.0,116.83198947648592,14308.219178082192,0,1,0,0,0,0
7568,39.93,7527.466444762136,-659.6383232550305,5.0,8.04,3.0,-26339.358247573367,26339.358247573367,3138.0483456800653,15.0,116.83198947648592,14308.219178082192,0,1,0,0,0,0
7569,41.25,6656.743858065496,-659.6383232550305,5.0,8.04,3.0,-27210.080834270007,27210.080834270007,3138.0483456800653,15.0,116.83198947648592,14308.219178082192,0,1,0,0,0,0
7570,42.96,5528.762325299394,-659.6383232550305,5.0,8.04,3.0,-28338.062367036113,28338.062367036113,3138.0483456800653,15.0,116.83198947648592,14308.219178082192,0,1,0,0,0,0
7571,50.78,370.390637445053,-659.6383232550305,5.0,8.04,3.0,-33496.43405489045,33496.43405489045,3138.0483456800653,15.0,116.83198947648592,14308.219178082192,0,1,0,0,0,0
7572,42.3,5964.1236186477145,-659.6383232550305,5.0,8.04,3.0,-27902.70107368779,27902.70107368779,3138.0483456800653,15.0,116.83198947648592,14308.219178082192,0,1,0,0,0,0
7573,41.99,6168.611498856775,-659.6383232550305,5.0,8.04,3.0,-27698.213193478732,27698.213193478732,3138.0483456800653,15.0,116.83198947648592,14308.219178082192,0,1,0,0,0,0
7574,40.98,6834.8462053443545,-659.6383232550305,5.0,8.04,3.0,-27031.97848699115,27031.97848699115,3138.0483456800653,15.0,116.83198947648592,14308.219178082192,0,1,0,0,0,0
7575,40.25,7316.382181320529,-659.6383232550305,5.0,8.04,3.0,-26550.44251101498,26550.44251101498,3138.0483456800653,15.0,116.83198947648592,14308.219178082192,0,1,0,0,0,0
7576,43.38,5251.714229532277,-659.6383232550305,5.0,8.04,3.0,-28615.110462803226,28615.110462803226,3138.0483456800653,15.0,116.83198947648592,14308.219178082192,0,1,0,0,0,0
7577,46.05,3490.4799064413496,-659.6383232550305,5.0,8.04,3.0,-30376.344785894154,30376.344785894154,3138.0483456800653,15.0,116.83198947648592,14308.219178082192,0,1,0,0,0,0
7578,49.56,1175.149391816191,-659.6383232550305,5.0,8.04,3.0,-32691.675300519313,32691.675300519313,3138.0483456800653,15.0,116.83198947648592,14308.219178082192,0,1,0,0,0,0
7579,50.5,555.089367956462,-659.6383232550305,5.0,8.04,3.0,-33311.73532437904,33311.73532437904,3138.0483456800653,15.0,116.83198947648592,14308.219178082192,0,1,0,0,0,0
7580,54.24,-1911.9579610173528,-659.6383232550305,5.0,8.04,3.0,-35778.78265335286,35778.78265335286,3138.0483456800653,15.0,116.83198947648592,14308.219178082192,0,1,0,0,0,0
7581,50.9,291.23403865445334,-659.6383232550305,5.0,8.04,3.0,-33575.59065368105,33575.59065368105,3138.0483456800653,15.0,116.83198947648592,14308.219178082192,0,1,0,0,0,0
7582,47.23,2712.1066850004177,-659.6383232550305,5.0,8.04,3.0,-31154.71800733509,31154.71800733509,3138.0483456800653,15.0,116.83198947648592,14308.219178082192,0,1,0,0,0,0
7583,53.74,-1582.1387993898384,-659.6383232550305,5.0,8.04,3.0,-35448.96349172534,35448.96349172534,3138.0483456800653,15.0,116.83198947648592,14308.219178082192,0,1,0,0,0,0
7584,44.26,4671.2325050678555,-659.6383232550305,5.0,8.04,3.0,-29195.592187267648,29195.592187267648,3138.0483456800653,15.0,116.83198947648592,14308.219178082192,0,1,0,0,0,0
7585,43.79,4981.262516997718,-659.6383232550305,5.0,8.04,3.0,-28885.562175337785,28885.562175337785,3138.0483456800653,15.0,116.83198947648592,14308.219178082192,0,1,0,0,0,0
7586,43.79,4981.262516997718,-659.6383232550305,5.0,8.04,3.0,-28885.562175337785,28885.562175337785,3138.0483456800653,15.0,116.83198947648592,14308.219178082192,0,1,0,0,0,0
7587,40.55,7118.4906843440185,-659.6383232550305,5.0,8.04,3.0,-26748.334007991485,26748.334007991485,3138.0483456800653,15.0,116.83198947648592,14308.219178082192,0,1,0,0,0,0
7588,40.74,6993.1594029255575,-659.6383232550305,5.0,8.04,3.0,-26873.665289409946,26873.665289409946,3138.0483456800653,15.0,116.83198947648592,14308.219178082192,0,1,0,0,0,0
7589,43.19,5377.045510950735,-659.6383232550305,5.0,8.04,3.0,-28489.779181384765,28489.779181384765,3138.0483456800653,15.0,116.83198947648592,14308.219178082192,0,1,0,0,0,0
7590,42.26,5990.509151577917,-659.6383232550305,5.0,8.04,3.0,-27876.315540757587,27876.315540757587,3138.0483456800653,15.0,116.83198947648592,14308.219178082192,0,1,0,0,0,0
7591,48.03,2184.3960263963895,-659.6383232550305,5.0,8.04,3.0,-31682.428665939115,31682.428665939115,3138.0483456800653,15.0,116.83198947648592,14308.219178082192,0,1,0,0,0,0
7592,50.23,733.1917152353203,-659.6383232550305,5.0,8.04,3.0,-33133.632977100184,33133.632977100184,3138.0483456800653,15.0,116.83198947648592,14308.219178082192,0,1,0,0,0,0
7593,48.34,1979.9081461873252,-659.6383232550305,5.0,8.04,3.0,-31886.91654614818,31886.91654614818,3138.0483456800653,15.0,116.83198947648592,14308.219178082192,0,1,0,0,0,0
7594,45.14,4090.750780603427,-659.6383232550305,5.0,8.04,3.0,-29776.073911732077,29776.073911732077,3138.0483456800653,15.0,116.83198947648592,14308.219178082192,0,1,0,0,0,0
7595,43.85,4941.684217602415,-659.6383232550305,5.0,8.04,3.0,-28925.14047473309,28925.14047473309,3138.0483456800653,15.0,116.83198947648592,14308.219178082192,0,1,0,0,0,0
7596,43.6,5106.593798416172,-659.6383232550305,5.0,8.04,3.0,-28760.23089391933,28760.23089391933,3138.0483456800653,15.0,116.83198947648592,14308.219178082192,0,1,0,0,0,0
7597,41.45,6524.816193414485,-659.6383232550305,5.0,8.04,3.0,-27342.008498921015,27342.008498921015,3138.0483456800653,15.0,116.83198947648592,14308.219178082192,0,1,0,0,0,0
7598,38.94,8180.508384784618,-659.6383232550305,5.0,8.04,3.0,-25686.316307550886,25686.316307550886,3138.0483456800653,15.0,116.83198947648592,14308.219178082192,0,1,0,0,0,0
7599,38.41,8530.116696109788,-659.6383232550305,5.0,8.04,3.0,-25336.70799622572,25336.70799622572,3138.0483456800653,15.0,116.83198947648592,14308.219178082192,0,1,0,0,0,0
7600,33.33,11881.079378245337,-659.6383232550305,5.0,8.04,3.0,-21985.745314090167,21985.745314090167,3138.0483456800653,15.0,116.83198947648592,14308.219178082192,0,1,0,0,0,0
7601,34.78,10924.603809525543,-659.6383232550305,5.0,8.04,3.0,-22942.22088280996,22942.22088280996,3138.0483456800653,15.0,116.83198947648592,14308.219178082192,0,1,0,0,0,0
7602,42.98,5515.569558834297,-659.6383232550305,5.0,8.04,3.0,-28351.25513350121,28351.25513350121,3138.0483456800653,15.0,116.83198947648592,14308.219178082192,0,1,0,0,0,0
7603,41.5,6491.834277251739,-659.6383232550305,5.0,8.04,3.0,-27374.990415083765,27374.990415083765,3138.0483456800653,15.0,116.83198947648592,14308.219178082192,0,1,0,0,0,0
7604,44.43,4559.093990114499,-659.6383232550305,5.0,8.04,3.0,-29307.730702221004,29307.730702221004,3138.0483456800653,15.0,116.83198947648592,14308.219178082192,0,1,0,0,0,0
7605,43.11,5429.816576811136,-659.6383232550305,5.0,8.04,3.0,-28437.008115524364,28437.008115524364,3138.0483456800653,15.0,116.83198947648592,14308.219178082192,0,1,0,0,0,0
7606,44.32,4631.654205672552,-659.6383232550305,5.0,8.04,3.0,-29235.17048666295,29235.17048666295,3138.0483456800653,15.0,116.83198947648592,14308.219178082192,0,1,0,0,0,0
7607,42.01,6155.418732391674,-659.6383232550305,5.0,8.04,3.0,-27711.40595994383,27711.40595994383,3138.0483456800653,15.0,116.83198947648592,14308.219178082192,0,1,0,0,0,0
7608,44.36,4605.268672742353,-659.6383232550305,5.0,8.04,3.0,-29261.556019593154,29261.556019593154,3138.0483456800653,15.0,116.83198947648592,14308.219178082192,0,1,0,0,0,0
7609,44.82,4301.835044045038,-659.6383232550305,5.0,8.04,3.0,-29564.98964829047,29564.98964829047,3138.0483456800653,15.0,116.83198947648592,14308.219178082192,0,1,0,0,0,0
7610,44.55,4479.937391323896,-659.6383232550305,5.0,8.04,3.0,-29386.887301011608,29386.887301011608,3138.0483456800653,15.0,116.83198947648592,14308.219178082192,0,1,0,0,0,0
7611,39.96,7507.6772950644845,-659.6383232550305,5.0,8.04,3.0,-26359.14739727102,26359.14739727102,3138.0483456800653,15.0,116.83198947648592,14308.219178082192,0,1,0,0,0,0
7612,38.73,8319.032432668173,-659.6383232550305,5.0,8.04,3.0,-25547.79225966733,25547.79225966733,3138.0483456800653,15.0,116.83198947648592,14308.219178082192,0,1,0,0,0,0
7613,37.67,9018.249055318505,-659.6383232550305,5.0,8.04,3.0,-24848.575637017002,24848.575637017002,3138.0483456800653,15.0,116.83198947648592,14308.219178082192,0,1,0,0,0,0
7614,45.29,3991.805032115172,-659.6383232550305,5.0,8.04,3.0,-29875.019660220332,29875.019660220332,3138.0483456800653,15.0,116.83198947648592,14308.219178082192,0,1,0,0,0,0
7615,64.58,-304.100918394087,650.0,0,8.04,3.0,41977.0,-41977.0,15071.972825128516,0,556.8949724310688,14308.219178082192,1,0,0,0,0,0
7616,53.82,-1634.9098652502357,-659.6383232550305,5.0,8.04,3.0,-35501.73455758574,35501.73455758574,3138.0483456800653,15.0,116.83198947648592,14308.219178082192,0,1,0,0,0,0
7617,49.14,1452.197487583308,-659.6383232550305,5.0,8.04,3.0,-32414.6272047522,32414.6272047522,3138.0483456800653,15.0,116.83198947648592,14308.219178082192,0,1,0,0,0,0
7618,61.96,-2007.1009183940869,650.0,0,8.04,3.0,40274.0,-40274.0,15071.972825128516,0,556.8949724310688,14308.219178082192,1,0,0,0,0,0
7619,65.46,267.89908160590574,650.0,0,8.04,3.0,42548.99999999999,-42548.99999999999,15071.972825128516,0,556.8949724310688,14308.219178082192,1,0,0,0,0,0
7620,88.26,15087.899081605916,650.0,0,8.04,3.0,57369.0,-57369.0,15071.972825128516,0,556.8949724310688,14308.219178082192,1,0,0,0,0,0
7621,50.76,383.5834039101542,-659.6383232550305,5.0,8.04,3.0,-33483.24128842535,33483.24128842535,3138.0483456800653,15.0,116.83198947648592,14308.219178082192,0,1,0,0,0,0
7622,53.19,-1219.3377215995638,-659.6383232550305,5.0,8.04,3.0,-35086.162413935075,35086.162413935075,3138.0483456800653,15.0,116.83198947648592,14308.219178082192,0,1,0,0,0,0
7623,53.58,-1476.596667669029,-659.6383232550305,5.0,8.04,3.0,-35343.42136000453,35343.42136000453,3138.0483456800653,15.0,116.83198947648592,14308.219178082192,0,1,0,0,0,0
7624,53.49,-1417.2292185760812,-659.6383232550305,5.0,8.04,3.0,-35284.053910911585,35284.053910911585,3138.0483456800653,15.0,116.83198947648592,14308.219178082192,0,1,0,0,0,0
7625,128.52,41256.89908160592,650.0,0,8.04,3.0,83538.0,-83538.0,15071.972825128516,0,556.8949724310688,14308.219178082192,1,0,0,0,0,0
7626,57.39,-3989.818679270698,-659.6383232550305,5.0,8.04,3.0,-37856.6433716062,37856.6433716062,3138.0483456800653,15.0,116.83198947648592,14308.219178082192,0,1,0,0,0,0
7627,57.05,-3765.5416493639855,-659.6383232550305,5.0,8.04,3.0,-37632.36634169949,37632.36634169949,3138.0483456800653,15.0,116.83198947648592,14308.219178082192,0,1,0,0,0,0
7628,62.17,-1870.6009183940869,650.0,0,8.04,3.0,40410.5,-40410.5,15071.972825128516,0,556.8949724310688,14308.219178082192,1,0,0,0,0,0
7629,54.13,-1839.3977454592964,-659.6383232550305,5.0,8.04,3.0,-35706.2224377948,35706.2224377948,3138.0483456800653,15.0,116.83198947648592,14308.219178082192,0,1,0,0,0,0
7630,56.01,-3079.5177931787543,-659.6383232550305,5.0,8.04,3.0,-36946.34248551426,36946.34248551426,3138.0483456800653,15.0,116.83198947648592,14308.219178082192,0,1,0,0,0,0
7631,48.12,2125.028577303438,-659.6383232550305,5.0,8.04,3.0,-31741.796115032066,31741.796115032066,3138.0483456800653,15.0,116.83198947648592,14308.219178082192,0,1,0,0,0,0
7632,57.78,-4247.077625340156,-659.6383232550305,5.0,8.04,3.0,-38113.90231767567,38113.90231767567,3138.0483456800653,15.0,116.83198947648592,14308.219178082192,0,1,0,0,0,0
7633,50.83,337.4087212823074,-659.6383232550305,5.0,8.04,3.0,-33529.4159710532,33529.4159710532,3138.0483456800653,15.0,116.83198947648592,14308.219178082192,0,1,0,0,0,0
7634,49.18,1425.8119546531057,-659.6383232550305,5.0,8.04,3.0,-32441.012737682402,32441.012737682402,3138.0483456800653,15.0,116.83198947648592,14308.219178082192,0,1,0,0,0,0
7635,46.65,3094.696912488333,-659.6383232550305,5.0,8.04,3.0,-30772.12777984717,30772.12777984717,3138.0483456800653,15.0,116.83198947648592,14308.219178082192,0,1,0,0,0,0
7636,47.17,2751.684984395714,-659.6383232550305,5.0,8.04,3.0,-31115.13970793979,31115.13970793979,3138.0483456800653,15.0,116.83198947648592,14308.219178082192,0,1,0,0,0,0
7637,42.71,5693.671906113152,-659.6383232550305,5.0,8.04,3.0,-28173.152786222352,28173.152786222352,3138.0483456800653,15.0,116.83198947648592,14308.219178082192,0,1,0,0,0,0
7638,50.69,429.75808653800823,-659.6383232550305,5.0,8.04,3.0,-33437.066605797496,33437.066605797496,3138.0483456800653,15.0,116.83198947648592,14308.219178082192,0,1,0,0,0,0
7639,68.64,2334.899081605913,650.0,0,8.04,3.0,44616.0,-44616.0,15071.972825128516,0,556.8949724310688,14308.219178082192,1,0,0,0,0,0
7640,65.34,189.899081605913,650.0,0,8.04,3.0,42471.0,-42471.0,15071.972825128516,0,556.8949724310688,14308.219178082192,1,0,0,0,0,0
7641,80.9,10303.899081605916,650.0,0,8.04,3.0,52585.00000000001,-52585.00000000001,15071.972825128516,0,556.8949724310688,14308.219178082192,1,0,0,0,0,0
7642,102.16,24122.899081605916,650.0,0,8.04,3.0,66404.0,-66404.0,15071.972825128516,0,556.8949724310688,14308.219178082192,1,0,0,0,0,0
7643,83.88,12240.899081605916,650.0,0,8.04,3.0,54522.0,-54522.0,15071.972825128516,0,556.8949724310688,14308.219178082192,1,0,0,0,0,0
7644,95.13,19553.399081605916,650.0,0,8.04,3.0,61834.5,-61834.5,15071.972825128516,0,556.8949724310688,14308.219178082192,1,0,0,0,0,0
7645,69.44,2854.899081605913,650.0,0,8.04,3.0,45136.0,-45136.0,15071.972825128516,0,556.8949724310688,14308.219178082192,1,0,0,0,0,0
7646,62.3,-1786.1009183940869,650.0,0,8.04,3.0,40495.0,-40495.0,15071.972825128516,0,556.8949724310688,14308.219178082192,1,0,0,0,0,0
7647,57.39,-3989.818679270698,-659.6383232550305,5.0,8.04,3.0,-37856.6433716062,37856.6433716062,3138.0483456800653,15.0,116.83198947648592,14308.219178082192,0,1,0,0,0,0
7648,51.59,-163.9164043915221,-659.6383232550305,5.0,8.04,3.0,-34030.741096727026,34030.741096727026,3138.0483456800653,15.0,116.83198947648592,14308.219178082192,0,1,0,0,0,0
7649,54.12,-1832.8013622267458,-659.6383232550305,5.0,8.04,3.0,-35699.62605456225,35699.62605456225,3138.0483456800653,15.0,116.83198947648592,14308.219178082192,0,1,0,0,0,0
7650,56.87,-3646.8067511780823,-659.6383232550305,5.0,8.04,3.0,-37513.63144351359,37513.63144351359,3138.0483456800653,15.0,116.83198947648592,14308.219178082192,0,1,0,0,0,0
7651,54.87,-2327.5301046680174,-659.6383232550305,5.0,8.04,3.0,-36194.35479700352,36194.35479700352,3138.0483456800653,15.0,116.83198947648592,14308.219178082192,0,1,0,0,0,0
7652,56.47,-3382.9514218760664,-659.6383232550305,5.0,8.04,3.0,-37249.77611421157,37249.77611421157,3138.0483456800653,15.0,116.83198947648592,14308.219178082192,0,1,0,0,0,0
7653,48.75,1709.456433652766,-659.6383232550305,5.0,8.04,3.0,-32157.368258682738,32157.368258682738,3138.0483456800653,15.0,116.83198947648592,14308.219178082192,0,1,0,0,0,0
7654,51.84,-328.82598520527927,-659.6383232550305,5.0,8.04,3.0,-34195.65067754078,34195.65067754078,3138.0483456800653,15.0,116.83198947648592,14308.219178082192,0,1,0,0,0,0
7655,43.59,5113.1901816487225,-659.6383232550305,5.0,8.04,3.0,-28753.63451068678,28753.63451068678,3138.0483456800653,15.0,116.83198947648592,14308.219178082192,0,1,0,0,0,0
7656,43.51,5165.961247509127,-659.6383232550305,5.0,8.04,3.0,-28700.863444826377,28700.863444826377,3138.0483456800653,15.0,116.83198947648592,14308.219178082192,0,1,0,0,0,0
7657,26.13,16630.475305681557,-659.6383232550305,5.0,8.04,3.0,-17236.349386653947,17236.349386653947,3138.0483456800653,15.0,116.83198947648592,14308.219178082192,0,1,0,0,0,0
7658,23.99,18042.101317447323,-659.6383232550305,5.0,8.04,3.0,-15824.72337488818,15824.72337488818,3138.0483456800653,15.0,116.83198947648592,14308.219178082192,0,1,0,0,0,0
7659,25.32,17164.782347518132,-659.6383232550305,5.0,8.04,3.0,-16702.04234481737,16702.04234481737,3138.0483456800653,15.0,116.83198947648592,14308.219178082192,0,1,0,0,0,0
7660,26.23,16564.511473356055,-659.6383232550305,5.0,8.04,3.0,-17302.313218979452,17302.313218979452,3138.0483456800653,15.0,116.83198947648592,14308.219178082192,0,1,0,0,0,0
7661,24.23,17883.788119866113,-659.6383232550305,5.0,8.04,3.0,-15983.03657246939,15983.03657246939,3138.0483456800653,15.0,116.83198947648592,14308.219178082192,0,1,0,0,0,0
7662,30.48,13761.048599522175,-659.6383232550305,5.0,8.04,3.0,-20105.776092813332,20105.776092813332,3138.0483456800653,15.0,116.83198947648592,14308.219178082192,0,1,0,0,0,0
7663,56.79,-3594.0356853176777,-659.6383232550305,5.0,8.04,3.0,-37460.86037765318,37460.86037765318,3138.0483456800653,15.0,116.83198947648592,14308.219178082192,0,1,0,0,0,0
7664,53.71,-1562.3496496921866,-659.6383232550305,5.0,8.04,3.0,-35429.17434202769,35429.17434202769,3138.0483456800653,15.0,116.83198947648592,14308.219178082192,0,1,0,0,0,0
7665,47.08,2811.052433488669,-659.6383232550305,5.0,8.04,3.0,-31055.772258846835,31055.772258846835,3138.0483456800653,15.0,116.83198947648592,14308.219178082192,0,1,0,0,0,0
7666,48.78,1689.6672839551143,-659.6383232550305,5.0,8.04,3.0,-32177.15740838039,32177.15740838039,3138.0483456800653,15.0,116.83198947648592,14308.219178082192,0,1,0,0,0,0
7667,49.19,1419.215571420555,-659.6383232550305,5.0,8.04,3.0,-32447.60912091495,32447.60912091495,3138.0483456800653,15.0,116.83198947648592,14308.219178082192,0,1,0,0,0,0
7668,56.22,-3218.0418410623092,-659.6383232550305,5.0,8.04,3.0,-37084.86653339781,37084.86653339781,3138.0483456800653,15.0,116.83198947648592,14308.219178082192,0,1,0,0,0,0
7669,47.4,2599.9681700470614,-659.6383232550305,5.0,8.04,3.0,-31266.856522288446,31266.856522288446,3138.0483456800653,15.0,116.83198947648592,14308.219178082192,0,1,0,0,0,0
7670,44.07,4796.563786486309,-659.6383232550305,5.0,8.04,3.0,-29070.260905849194,29070.260905849194,3138.0483456800653,15.0,116.83198947648592,14308.219178082192,0,1,0,0,0,0
7671,27.94,15436.52994058995,-659.6383232550305,5.0,8.04,3.0,-18430.294751745554,18430.294751745554,3138.0483456800653,15.0,116.83198947648592,14308.219178082192,0,1,0,0,0,0
7672,46.48,3206.8354274416893,-659.6383232550305,5.0,8.04,3.0,-30659.989264893815,30659.989264893815,3138.0483456800653,15.0,116.83198947648592,14308.219178082192,0,1,0,0,0,0
7673,63.95,-713.600918394087,650.0,0,8.04,3.0,41567.5,-41567.5,15071.972825128516,0,556.8949724310688,14308.219178082192,1,0,0,0,0,0
7674,131.62,43271.89908160592,650.0,0,8.04,3.0,85553.0,-85553.0,15071.972825128516,0,556.8949724310688,14308.219178082192,1,0,0,0,0,0
7675,65.15,66.39908160592029,650.0,0,8.04,3.0,42347.50000000001,-42347.50000000001,15071.972825128516,0,556.8949724310688,14308.219178082192,1,0,0,0,0,0
7676,74.22,5961.899081605917,650.0,0,8.04,3.0,48243.0,-48243.0,15071.972825128516,0,556.8949724310688,14308.219178082192,1,0,0,0,0,0
7677,122.19,37142.39908160592,650.0,0,8.04,3.0,79423.5,-79423.5,15071.972825128516,0,556.8949724310688,14308.219178082192,1,0,0,0,0,0
7678,68.53,2263.399081605913,650.0,0,8.04,3.0,44544.5,-44544.5,15071.972825128516,0,556.8949724310688,14308.219178082192,1,0,0,0,0,0
7679,51.7,-236.4766199495712,-659.6383232550305,5.0,8.04,3.0,-34103.30131228508,34103.30131228508,3138.0483456800653,15.0,116.83198947648592,14308.219178082192,0,1,0,0,0,0
7680,17.2,22521.04553234898,-659.6383232550305,5.0,8.04,3.0,-11345.779159986525,11345.779159986525,3138.0483456800653,15.0,116.83198947648592,14308.219178082192,0,1,0,0,0,0
7681,11.38,26360.140573693257,-659.6383232550305,5.0,8.04,3.0,-7506.684118642248,7506.684118642248,3138.0483456800653,15.0,116.83198947648592,14308.219178082192,0,1,0,0,0,0
7682,6.11,29836.434537247267,-659.6383232550305,5.0,8.04,3.0,-4030.3901550882365,4030.3901550882365,3138.0483456800653,15.0,116.83198947648592,14308.219178082192,0,1,0,0,0,0
7683,8.59,28200.531495574793,-659.6383232550305,5.0,8.04,3.0,-5666.293196760712,5666.293196760712,3138.0483456800653,15.0,116.83198947648592,14308.219178082192,0,1,0,0,0,0
7684,5.87,29994.747734828474,-659.6383232550305,5.0,8.04,3.0,-3872.076957507029,3872.076957507029,3138.0483456800653,15.0,116.83198947648592,14308.219178082192,0,1,0,0,0,0
7685,4.66,30792.91010596706,-659.6383232550305,5.0,8.04,3.0,-3073.914586368442,3073.914586368442,3138.0483456800653,15.0,116.83198947648592,14308.219178082192,0,1,0,0,0,0
7686,18.78,21478.816981606033,-659.6383232550305,5.0,8.04,3.0,-12388.007710729475,12388.007710729475,3138.0483456800653,15.0,116.83198947648592,14308.219178082192,0,1,0,0,0,0
7687,48.64,1782.0166492108224,-659.6383232550305,5.0,8.04,3.0,-32084.808043124685,32084.808043124685,3138.0483456800653,15.0,116.83198947648592,14308.219178082192,0,1,0,0,0,0
7688,22.19,19229.450299306376,-659.6383232550305,5.0,8.04,3.0,-14637.374393029128,14637.374393029128,3138.0483456800653,15.0,116.83198947648592,14308.219178082192,0,1,0,0,0,0
7689,15.09,23912.882394417094,-659.6383232550305,5.0,8.04,3.0,-9953.942297918411,9953.942297918411,3138.0483456800653,15.0,116.83198947648592,14308.219178082192,0,1,0,0,0,0
7690,17.47,22342.943185070122,-659.6383232550305,5.0,8.04,3.0,-11523.881507265382,11523.881507265382,3138.0483456800653,15.0,116.83198947648592,14308.219178082192,0,1,0,0,0,0
7691,18.53,21643.72656241979,-659.6383232550305,5.0,8.04,3.0,-12223.098129915716,12223.098129915716,3138.0483456800653,15.0,116.83198947648592,14308.219178082192,0,1,0,0,0,0
7692,14.06,24592.309867369775,-659.6383232550305,5.0,8.04,3.0,-9274.514824965729,9274.514824965729,3138.0483456800653,15.0,116.83198947648592,14308.219178082192,0,1,0,0,0,0
7693,10.46,26967.007831087885,-659.6383232550305,5.0,8.04,3.0,-6899.81686124762,6899.81686124762,3138.0483456800653,15.0,116.83198947648592,14308.219178082192,0,1,0,0,0,0
7694,10.58,26887.851232297282,-659.6383232550305,5.0,8.04,3.0,-6978.973460038223,6978.973460038223,3138.0483456800653,15.0,116.83198947648592,14308.219178082192,0,1,0,0,0,0
7695,5.31,30364.14519585129,-659.6383232550305,5.0,8.04,3.0,-3502.679496484212,3502.679496484212,3138.0483456800653,15.0,116.83198947648592,14308.219178082192,0,1,0,0,0,0
7696,12.8,25423.45415467111,-659.6383232550305,5.0,8.04,3.0,-8443.37053766439,8443.37053766439,3138.0483456800653,15.0,116.83198947648592,14308.219178082192,0,1,0,0,0,0
7697,86.07,13664.399081605901,650.0,0,8.04,3.0,55945.49999999999,-55945.49999999999,15071.972825128516,0,556.8949724310688,14308.219178082192,1,0,0,0,0,0
7698,61.7,-2176.100918394087,650.0,0,8.04,3.0,40105.0,-40105.0,15071.972825128516,0,556.8949724310688,14308.219178082192,1,0,0,0,0,0
7699,40.49,7158.068983739315,-659.6383232550305,5.0,8.04,3.0,-26708.755708596185,26708.755708596185,3138.0483456800653,15.0,116.83198947648592,14308.219178082192,0,1,0,0,0,0
7700,32.6,12362.61535422151,-659.6383232550305,5.0,8.04,3.0,-21504.209338113997,21504.209338113997,3138.0483456800653,15.0,116.83198947648592,14308.219178082192,0,1,0,0,0,0
7701,13.41,25021.074777485544,-659.6383232550305,5.0,8.04,3.0,-8845.74991484996,8845.74991484996,3138.0483456800653,15.0,116.83198947648592,14308.219178082192,0,1,0,0,0,0
7702,11.82,26069.899711461043,-659.6383232550305,5.0,8.04,3.0,-7796.924980874461,7796.924980874461,3138.0483456800653,15.0,116.83198947648592,14308.219178082192,0,1,0,0,0,0
7703,6.69,29453.844309759348,-659.6383232550305,5.0,8.04,3.0,-4412.980382576155,4412.980382576155,3138.0483456800653,15.0,116.83198947648592,14308.219178082192,0,1,0,0,0,0
7704,2.37,32303.481866221082,-659.6383232550305,5.0,8.04,3.0,-1563.3428261144225,1563.3428261144225,3138.0483456800653,15.0,116.83198947648592,14308.219178082192,0,1,0,0,0,0
7705,2.1,32481.58421349994,-659.6383232550305,5.0,8.04,3.0,-1385.240478835564,1385.240478835564,3138.0483456800653,15.0,116.83198947648592,14308.219178082192,0,1,0,0,0,0
7706,5.18,30449.898177874446,-659.6383232550305,5.0,8.04,3.0,-3416.9265144610576,3416.9265144610576,3138.0483456800653,15.0,116.83198947648592,14308.219178082192,0,1,0,0,0,0
7707,6.1,29843.030920479818,-659.6383232550305,5.0,8.04,3.0,-4023.793771855686,4023.793771855686,3138.0483456800653,15.0,116.83198947648592,14308.219178082192,0,1,0,0,0,0
7708,2.88,31967.066321361017,-659.6383232550305,5.0,8.04,3.0,-1899.758370974488,1899.758370974488,3138.0483456800653,15.0,116.83198947648592,14308.219178082192,0,1,0,0,0,0
7709,2.49,32224.32526743048,-659.6383232550305,5.0,8.04,3.0,-1642.4994249050262,1642.4994249050262,3138.0483456800653,15.0,116.83198947648592,14308.219178082192,0,1,0,0,0,0
7710,5.53,30219.024764735186,-659.6383232550305,5.0,8.04,3.0,-3647.799927600319,3647.799927600319,3138.0483456800653,15.0,116.83198947648592,14308.219178082192,0,1,0,0,0,0
7711,19.99,20680.654610467445,-659.6383232550305,5.0,8.04,3.0,-13186.170081868058,13186.170081868058,3138.0483456800653,15.0,116.83198947648592,14308.219178082192,0,1,0,0,0,0
7712,33.09,12039.39257582654,-659.6383232550305,5.0,8.04,3.0,-21827.43211650896,21827.43211650896,3138.0483456800653,15.0,116.83198947648592,14308.219178082192,0,1,0,0,0,0
7713,50.36,647.4387332121701,-659.6383232550305,5.0,8.04,3.0,-33219.385959123334,33219.385959123334,3138.0483456800653,15.0,116.83198947648592,14308.219178082192,0,1,0,0,0,0
7714,37.77,8952.285222993,-659.6383232550305,5.0,8.04,3.0,-24914.539469342504,24914.539469342504,3138.0483456800653,15.0,116.83198947648592,14308.219178082192,0,1,0,0,0,0
7715,31.31,13213.548791220503,-659.6383232550305,5.0,8.04,3.0,-20653.275901115005,20653.275901115005,3138.0483456800653,15.0,116.83198947648592,14308.219178082192,0,1,0,0,0,0
7716,32.99,12105.356408152045,-659.6383232550305,5.0,8.04,3.0,-21761.46828418346,21761.46828418346,3138.0483456800653,15.0,116.83198947648592,14308.219178082192,0,1,0,0,0,0
7717,32.21,12619.874300290969,-659.6383232550305,5.0,8.04,3.0,-21246.950392044535,21246.950392044535,3138.0483456800653,15.0,116.83198947648592,14308.219178082192,0,1,0,0,0,0
7718,28.7,14935.204814916127,-659.6383232550305,5.0,8.04,3.0,-18931.619877419376,18931.619877419376,3138.0483456800653,15.0,116.83198947648592,14308.219178082192,0,1,0,0,0,0
7719,24.9,17441.830443285246,-659.6383232550305,5.0,8.04,3.0,-16424.994249050258,16424.994249050258,3138.0483456800653,15.0,116.83198947648592,14308.219178082192,0,1,0,0,0,0
7720,23.13,18609.390275446647,-659.6383232550305,5.0,8.04,3.0,-15257.434416888855,15257.434416888855,3138.0483456800653,15.0,116.83198947648592,14308.219178082192,0,1,0,0,0,0
7721,42.58,5779.4248881363055,-659.6383232550305,5.0,8.04,3.0,-28087.399804199198,28087.399804199198,3138.0483456800653,15.0,116.83198947648592,14308.219178082192,0,1,0,0,0,0
7722,26.13,16630.475305681557,-659.6383232550305,5.0,8.04,3.0,-17236.349386653947,17236.349386653947,3138.0483456800653,15.0,116.83198947648592,14308.219178082192,0,1,0,0,0,0
7723,16.56,22943.2140592322,-659.6383232550305,5.0,8.04,3.0,-10923.610633103304,10923.610633103304,3138.0483456800653,15.0,116.83198947648592,14308.219178082192,0,1,0,0,0,0
7724,9.27,27751.97743576137,-659.6383232550305,5.0,8.04,3.0,-6114.847256574132,6114.847256574132,3138.0483456800653,15.0,116.83198947648592,14308.219178082192,0,1,0,0,0,0
7725,5.74,30080.500716851628,-659.6383232550305,5.0,8.04,3.0,-3786.323975483875,3786.323975483875,3138.0483456800653,15.0,116.83198947648592,14308.219178082192,0,1,0,0,0,0
7726,13.56,24922.12902899729,-659.6383232550305,5.0,8.04,3.0,-8944.695663338214,8944.695663338214,3138.0483456800653,15.0,116.83198947648592,14308.219178082192,0,1,0,0,0,0
7727,6.64,29486.8262259221,-659.6383232550305,5.0,8.04,3.0,-4379.998466413403,4379.998466413403,3138.0483456800653,15.0,116.83198947648592,14308.219178082192,0,1,0,0,0,0
7728,12.72,25476.225220531516,-659.6383232550305,5.0,8.04,3.0,-8390.59947180399,8390.59947180399,3138.0483456800653,15.0,116.83198947648592,14308.219178082192,0,1,0,0,0,0
7729,9.98,27283.6342262503,-659.6383232550305,5.0,8.04,3.0,-6583.190466085205,6583.190466085205,3138.0483456800653,15.0,116.83198947648592,14308.219178082192,0,1,0,0,0,0
7730,8.07,28543.54342366741,-659.6383232550305,5.0,8.04,3.0,-5323.281268668096,5323.281268668096,3138.0483456800653,15.0,116.83198947648592,14308.219178082192,0,1,0,0,0,0
7731,8.52,28246.706178202643,-659.6383232550305,5.0,8.04,3.0,-5620.11851413286,5620.11851413286,3138.0483456800653,15.0,116.83198947648592,14308.219178082192,0,1,0,0,0,0
7732,8.56,28220.32064527244,-659.6383232550305,5.0,8.04,3.0,-5646.504047063061,5646.504047063061,3138.0483456800653,15.0,116.83198947648592,14308.219178082192,0,1,0,0,0,0
7733,10.12,27191.284860994594,-659.6383232550305,5.0,8.04,3.0,-6675.539831340909,6675.539831340909,3138.0483456800653,15.0,116.83198947648592,14308.219178082192,0,1,0,0,0,0
7734,13.82,24750.62306495098,-659.6383232550305,5.0,8.04,3.0,-9116.201627384522,9116.201627384522,3138.0483456800653,15.0,116.83198947648592,14308.219178082192,0,1,0,0,0,0
7735,14.41,24361.436454230512,-659.6383232550305,5.0,8.04,3.0,-9505.38823810499,9505.38823810499,3138.0483456800653,15.0,116.83198947648592,14308.219178082192,0,1,0,0,0,0
7736,13.82,24750.62306495098,-659.6383232550305,5.0,8.04,3.0,-9116.201627384522,9116.201627384522,3138.0483456800653,15.0,116.83198947648592,14308.219178082192,0,1,0,0,0,0
7737,14.58,24249.29793927716,-659.6383232550305,5.0,8.04,3.0,-9617.526753058344,9617.526753058344,3138.0483456800653,15.0,116.83198947648592,14308.219178082192,0,1,0,0,0,0
7738,14.21,24493.36411888152,-659.6383232550305,5.0,8.04,3.0,-9373.460573453984,9373.460573453984,3138.0483456800653,15.0,116.83198947648592,14308.219178082192,0,1,0,0,0,0
7739,14.05,24598.906250602326,-659.6383232550305,5.0,8.04,3.0,-9267.91844173318,9267.91844173318,3138.0483456800653,15.0,116.83198947648592,14308.219178082192,0,1,0,0,0,0
7740,16.68,22864.057460441596,-659.6383232550305,5.0,8.04,3.0,-11002.76723189391,11002.76723189391,3138.0483456800653,15.0,116.83198947648592,14308.219178082192,0,1,0,0,0,0
7741,17.64,22230.804670116766,-659.6383232550305,5.0,8.04,3.0,-11636.02002221874,11636.02002221874,3138.0483456800653,15.0,116.83198947648592,14308.219178082192,0,1,0,0,0,0
7742,17.5,22323.15403537247,-659.6383232550305,5.0,8.04,3.0,-11543.670656963033,11543.670656963033,3138.0483456800653,15.0,116.83198947648592,14308.219178082192,0,1,0,0,0,0
7743,30.45,13780.837749219827,-659.6383232550305,5.0,8.04,3.0,-20085.98694311568,20085.98694311568,3138.0483456800653,15.0,116.83198947648592,14308.219178082192,0,1,0,0,0,0
7744,26.33,16498.547641030553,-659.6383232550305,5.0,8.04,3.0,-17368.27705130495,17368.27705130495,3138.0483456800653,15.0,116.83198947648592,14308.219178082192,0,1,0,0,0,0
7745,43.51,5165.961247509127,-659.6383232550305,5.0,8.04,3.0,-28700.863444826377,28700.863444826377,3138.0483456800653,15.0,116.83198947648592,14308.219178082192,0,1,0,0,0,0
7746,53.85,-1654.6990149478875,-659.6383232550305,5.0,8.04,3.0,-35521.52370728339,35521.52370728339,3138.0483456800653,15.0,116.83198947648592,14308.219178082192,0,1,0,0,0,0
7747,54.3,-1951.536260412649,-659.6383232550305,5.0,8.04,3.0,-35818.36095274815,35818.36095274815,3138.0483456800653,15.0,116.83198947648592,14308.219178082192,0,1,0,0,0,0
7748,50.5,555.089367956462,-659.6383232550305,5.0,8.04,3.0,-33311.73532437904,33311.73532437904,3138.0483456800653,15.0,116.83198947648592,14308.219178082192,0,1,0,0,0,0
7749,49.7,1082.8000265604865,-659.6383232550305,5.0,8.04,3.0,-32784.02466577502,32784.02466577502,3138.0483456800653,15.0,116.83198947648592,14308.219178082192,0,1,0,0,0,0
7750,51.91,-375.00066783312604,-659.6383232550305,5.0,8.04,3.0,-34241.82536016863,34241.82536016863,3138.0483456800653,15.0,116.83198947648592,14308.219178082192,0,1,0,0,0,0
7751,50.31,680.4206493749157,-659.6383232550305,5.0,8.04,3.0,-33186.40404296059,33186.40404296059,3138.0483456800653,15.0,116.83198947648592,14308.219178082192,0,1,0,0,0,0
7752,42.05,6129.033199461472,-659.6383232550305,5.0,8.04,3.0,-27737.791492874032,27737.791492874032,3138.0483456800653,15.0,116.83198947648592,14308.219178082192,0,1,0,0,0,0
7753,46.22,3378.3413914879934,-659.6383232550305,5.0,8.04,3.0,-30488.48330084751,30488.48330084751,3138.0483456800653,15.0,116.83198947648592,14308.219178082192,0,1,0,0,0,0
7754,29.08,14684.542252079216,-659.6383232550305,5.0,8.04,3.0,-19182.282440256287,19182.282440256287,3138.0483456800653,15.0,116.83198947648592,14308.219178082192,0,1,0,0,0,0
7755,25.03,17356.077461262088,-659.6383232550305,5.0,8.04,3.0,-16510.747231073416,16510.747231073416,3138.0483456800653,15.0,116.83198947648592,14308.219178082192,0,1,0,0,0,0
7756,15.01,23965.6534602775,-659.6383232550305,5.0,8.04,3.0,-9901.171232058008,9901.171232058008,3138.0483456800653,15.0,116.83198947648592,14308.219178082192,0,1,0,0,0,0
7757,16.36,23075.141723883204,-659.6383232550305,5.0,8.04,3.0,-10791.682968452298,10791.682968452298,3138.0483456800653,15.0,116.83198947648592,14308.219178082192,0,1,0,0,0,0
7758,15.43,23688.605364510382,-659.6383232550305,5.0,8.04,3.0,-10178.21932782512,10178.21932782512,3138.0483456800653,15.0,116.83198947648592,14308.219178082192,0,1,0,0,0,0
7759,14.06,24592.309867369775,-659.6383232550305,5.0,8.04,3.0,-9274.514824965729,9274.514824965729,3138.0483456800653,15.0,116.83198947648592,14308.219178082192,0,1,0,0,0,0
7760,13.33,25073.845843345945,-659.6383232550305,5.0,8.04,3.0,-8792.978848989556,8792.978848989556,3138.0483456800653,15.0,116.83198947648592,14308.219178082192,0,1,0,0,0,0
7761,6.87,29335.109411573445,-659.6383232550305,5.0,8.04,3.0,-4531.71528076206,4531.71528076206,3138.0483456800653,15.0,116.83198947648592,14308.219178082192,0,1,0,0,0,0
7762,7.3,29051.46493257378,-659.6383232550305,5.0,8.04,3.0,-4815.359759761723,4815.359759761723,3138.0483456800653,15.0,116.83198947648592,14308.219178082192,0,1,0,0,0,0
7763,17.83,22105.47338869831,-659.6383232550305,5.0,8.04,3.0,-11761.351303637193,11761.351303637193,3138.0483456800653,15.0,116.83198947648592,14308.219178082192,0,1,0,0,0,0
7764,24.5,17705.685772587254,-659.6383232550305,5.0,8.04,3.0,-16161.138919748248,16161.138919748248,3138.0483456800653,15.0,116.83198947648592,14308.219178082192,0,1,0,0,0,0
7765,27.24,15898.276766868476,-659.6383232550305,5.0,8.04,3.0,-17968.54792546703,17968.54792546703,3138.0483456800653,15.0,116.83198947648592,14308.219178082192,0,1,0,0,0,0
7766,9.5,27600.260621412715,-659.6383232550305,5.0,8.04,3.0,-6266.56407092279,6266.56407092279,3138.0483456800653,15.0,116.83198947648592,14308.219178082192,0,1,0,0,0,0
7767,7.72,28774.416836806668,-659.6383232550305,5.0,8.04,3.0,-5092.407855528835,5092.407855528835,3138.0483456800653,15.0,116.83198947648592,14308.219178082192,0,1,0,0,0,0
7768,31.4,13154.181342127547,-659.6383232550305,5.0,8.04,3.0,-20712.643350207956,20712.643350207956,3138.0483456800653,15.0,116.83198947648592,14308.219178082192,0,1,0,0,0,0
7769,42.07,6115.840432996367,-659.6383232550305,5.0,8.04,3.0,-27750.984259339133,27750.984259339133,3138.0483456800653,15.0,116.83198947648592,14308.219178082192,0,1,0,0,0,0
7770,36.1,10053.881222828903,-659.6383232550305,5.0,8.04,3.0,-23812.9434695066,23812.9434695066,3138.0483456800653,15.0,116.83198947648592,14308.219178082192,0,1,0,0,0,0
7771,19.82,20792.7931254208,-659.6383232550305,5.0,8.04,3.0,-13074.031566914706,13074.031566914706,3138.0483456800653,15.0,116.83198947648592,14308.219178082192,0,1,0,0,0,0
7772,20.84,20119.962035700668,-659.6383232550305,5.0,8.04,3.0,-13746.862656634836,13746.862656634836,3138.0483456800653,15.0,116.83198947648592,14308.219178082192,0,1,0,0,0,0
7773,18.02,21980.142107279855,-659.6383232550305,5.0,8.04,3.0,-11886.682585055649,11886.682585055649,3138.0483456800653,15.0,116.83198947648592,14308.219178082192,0,1,0,0,0,0
7774,16.69,22857.461077209045,-659.6383232550305,5.0,8.04,3.0,-11009.36361512646,11009.36361512646,3138.0483456800653,15.0,116.83198947648592,14308.219178082192,0,1,0,0,0,0
7775,14.13,24546.13518474192,-659.6383232550305,5.0,8.04,3.0,-9320.68950759358,9320.68950759358,3138.0483456800653,15.0,116.83198947648592,14308.219178082192,0,1,0,0,0,0
7776,8.11,28517.157890737206,-659.6383232550305,5.0,8.04,3.0,-5349.666801598297,5349.666801598297,3138.0483456800653,15.0,116.83198947648592,14308.219178082192,0,1,0,0,0,0
7777,4.08,31175.50033345498,-659.6383232550305,5.0,8.04,3.0,-2691.3243588805244,2691.3243588805244,3138.0483456800653,15.0,116.83198947648592,14308.219178082192,0,1,0,0,0,0
7778,0.37,33622.75851273114,-659.6383232550305,5.0,8.04,3.0,-244.06617960436128,244.06617960436128,3138.0483456800653,15.0,116.83198947648592,14308.219178082192,0,1,0,0,0,0
7779,-1.38,34777.12557842745,-659.6383232550305,5.0,8.04,3.0,910.3008860919421,-910.3008860919421,3138.0483456800653,15.0,116.83198947648592,14308.219178082192,0,1,0,0,0,0
7780,4.3,31030.37990233887,-659.6383232550305,5.0,8.04,3.0,-2836.4447899966312,2836.4447899966312,3138.0483456800653,15.0,116.83198947648592,14308.219178082192,0,1,0,0,0,0
7781,7.69,28794.20598650432,-659.6383232550305,5.0,8.04,3.0,-5072.618705831185,5072.618705831185,3138.0483456800653,15.0,116.83198947648592,14308.219178082192,0,1,0,0,0,0
7782,27.68,15608.035904636261,-659.6383232550305,5.0,8.04,3.0,-18258.788787699243,18258.788787699243,3138.0483456800653,15.0,116.83198947648592,14308.219178082192,0,1,0,0,0,0
7783,51.75,-269.45853611232405,-659.6383232550305,5.0,8.04,3.0,-34136.28322844783,34136.28322844783,3138.0483456800653,15.0,116.83198947648592,14308.219178082192,0,1,0,0,0,0
7784,50.52,541.8966014913608,-659.6383232550305,5.0,8.04,3.0,-33324.92809084414,33324.92809084414,3138.0483456800653,15.0,116.83198947648592,14308.219178082192,0,1,0,0,0,0
7785,40.89,6894.213654437306,-659.6383232550305,5.0,8.04,3.0,-26972.611037898198,26972.611037898198,3138.0483456800653,15.0,116.83198947648592,14308.219178082192,0,1,0,0,0,0
7786,48.78,1689.6672839551143,-659.6383232550305,5.0,8.04,3.0,-32177.15740838039,32177.15740838039,3138.0483456800653,15.0,116.83198947648592,14308.219178082192,0,1,0,0,0,0
7787,47.57,2487.8296550937052,-659.6383232550305,5.0,8.04,3.0,-31378.995037241802,31378.995037241802,3138.0483456800653,15.0,116.83198947648592,14308.219178082192,0,1,0,0,0,0
7788,49.4,1280.6915235370002,-659.6383232550305,5.0,8.04,3.0,-32586.133168798508,32586.133168798508,3138.0483456800653,15.0,116.83198947648592,14308.219178082192,0,1,0,0,0,0
7789,46.78,3008.9439304651755,-659.6383232550305,5.0,8.04,3.0,-30857.88076187033,30857.88076187033,3138.0483456800653,15.0,116.83198947648592,14308.219178082192,0,1,0,0,0,0
7790,45.31,3978.6122656500706,-659.6383232550305,5.0,8.04,3.0,-29888.212426685433,29888.212426685433,3138.0483456800653,15.0,116.83198947648592,14308.219178082192,0,1,0,0,0,0
7791,45.73,3701.564169882961,-659.6383232550305,5.0,8.04,3.0,-30165.260522452543,30165.260522452543,3138.0483456800653,15.0,116.83198947648592,14308.219178082192,0,1,0,0,0,0
7792,56.4,-3336.7767392482124,-659.6383232550305,5.0,8.04,3.0,-37203.60143158372,37203.60143158372,3138.0483456800653,15.0,116.83198947648592,14308.219178082192,0,1,0,0,0,0
7793,87.35,14496.399081605901,650.0,0,8.04,3.0,56777.49999999999,-56777.49999999999,15071.972825128516,0,556.8949724310688,14308.219178082192,1,0,0,0,0,0
7794,63.56,-967.100918394087,650.0,0,8.04,3.0,41314.0,-41314.0,15071.972825128516,0,556.8949724310688,14308.219178082192,1,0,0,0,0,0
7795,60.36,-3047.100918394087,650.0,0,8.04,3.0,39234.0,-39234.0,15071.972825128516,0,556.8949724310688,14308.219178082192,1,0,0,0,0,0
7796,63.06,-1292.1009183940869,650.0,0,8.04,3.0,40989.0,-40989.0,15071.972825128516,0,556.8949724310688,14308.219178082192,1,0,0,0,0,0
7797,56.47,-3382.9514218760664,-659.6383232550305,5.0,8.04,3.0,-37249.77611421157,37249.77611421157,3138.0483456800653,15.0,116.83198947648592,14308.219178082192,0,1,0,0,0,0
7798,55.25,-2578.192667504932,-659.6383232550305,5.0,8.04,3.0,-36445.017359840436,36445.017359840436,3138.0483456800653,15.0,116.83198947648592,14308.219178082192,0,1,0,0,0,0
7799,51.22,80.14977521284206,-659.6383232550305,5.0,8.04,3.0,-33786.67491712266,33786.67491712266,3138.0483456800653,15.0,116.83198947648592,14308.219178082192,0,1,0,0,0,0
7800,77.64,8184.899081605917,650.0,0,8.04,3.0,50466.0,-50466.0,15071.972825128516,0,556.8949724310688,14308.219178082192,1,0,0,0,0,0
7801,44.52,4499.726541021544,-659.6383232550305,5.0,8.04,3.0,-29367.09815131396,29367.09815131396,3138.0483456800653,15.0,116.83198947648592,14308.219178082192,0,1,0,0,0,0
7802,10.54,26914.236765227484,-659.6383232550305,5.0,8.04,3.0,-6952.587927108021,6952.587927108021,3138.0483456800653,15.0,116.83198947648592,14308.219178082192,0,1,0,0,0,0
7803,23.13,18609.390275446647,-659.6383232550305,5.0,8.04,3.0,-15257.434416888855,15257.434416888855,3138.0483456800653,15.0,116.83198947648592,14308.219178082192,0,1,0,0,0,0
7804,22.94,18734.7215568651,-659.6383232550305,5.0,8.04,3.0,-15132.103135470401,15132.103135470401,3138.0483456800653,15.0,116.83198947648592,14308.219178082192,0,1,0,0,0,0
7805,19.78,20819.178658351,-659.6383232550305,5.0,8.04,3.0,-13047.646033984503,13047.646033984503,3138.0483456800653,15.0,116.83198947648592,14308.219178082192,0,1,0,0,0,0
7806,21.44,19724.17904174765,-659.6383232550305,5.0,8.04,3.0,-14142.645650587856,14142.645650587856,3138.0483456800653,15.0,116.83198947648592,14308.219178082192,0,1,0,0,0,0
7807,22.77,18846.86007181846,-659.6383232550305,5.0,8.04,3.0,-15019.964620517045,15019.964620517045,3138.0483456800653,15.0,116.83198947648592,14308.219178082192,0,1,0,0,0,0
7808,22.62,18945.805820306712,-659.6383232550305,5.0,8.04,3.0,-14921.018872028792,14921.018872028792,3138.0483456800653,15.0,116.83198947648592,14308.219178082192,0,1,0,0,0,0
7809,24.72,17560.56534147115,-659.6383232550305,5.0,8.04,3.0,-16306.259350864353,16306.259350864353,3138.0483456800653,15.0,116.83198947648592,14308.219178082192,0,1,0,0,0,0
7810,38.47,8490.53839671448,-659.6383232550305,5.0,8.04,3.0,-25376.286295621023,25376.286295621023,3138.0483456800653,15.0,116.83198947648592,14308.219178082192,0,1,0,0,0,0
7811,48.28,2019.4864455826323,-659.6383232550305,5.0,8.04,3.0,-31847.338246752875,31847.338246752875,3138.0483456800653,15.0,116.83198947648592,14308.219178082192,0,1,0,0,0,0
7812,47.58,2481.2332718611547,-659.6383232550305,5.0,8.04,3.0,-31385.59142047435,31385.59142047435,3138.0483456800653,15.0,116.83198947648592,14308.219178082192,0,1,0,0,0,0
7813,45.66,3747.738852510815,-659.6383232550305,5.0,8.04,3.0,-30119.085839824693,30119.085839824693,3138.0483456800653,15.0,116.83198947648592,14308.219178082192,0,1,0,0,0,0
7814,42.6,5766.232121671204,-659.6383232550305,5.0,8.04,3.0,-28100.5925706643,28100.5925706643,3138.0483456800653,15.0,116.83198947648592,14308.219178082192,0,1,0,0,0,0
7815,41.39,6564.394492809792,-659.6383232550305,5.0,8.04,3.0,-27302.430199525712,27302.430199525712,3138.0483456800653,15.0,116.83198947648592,14308.219178082192,0,1,0,0,0,0
7816,47.98,2217.3779425591424,-659.6383232550305,5.0,8.04,3.0,-31649.44674977636,31649.44674977636,3138.0483456800653,15.0,116.83198947648592,14308.219178082192,0,1,0,0,0,0
7817,52.09,-493.73556601903647,-659.6383232550305,5.0,8.04,3.0,-34360.56025835454,34360.56025835454,3138.0483456800653,15.0,116.83198947648592,14308.219178082192,0,1,0,0,0,0
7818,55.3,-2611.174583667685,-659.6383232550305,5.0,8.04,3.0,-36477.99927600319,36477.99927600319,3138.0483456800653,15.0,116.83198947648592,14308.219178082192,0,1,0,0,0,0
7819,51.63,-190.3019373217244,-659.6383232550305,5.0,8.04,3.0,-34057.12662965723,34057.12662965723,3138.0483456800653,15.0,116.83198947648592,14308.219178082192,0,1,0,0,0,0
7820,48.7,1742.438349815519,-659.6383232550305,5.0,8.04,3.0,-32124.38634251999,32124.38634251999,3138.0483456800653,15.0,116.83198947648592,14308.219178082192,0,1,0,0,0,0
7821,48.0,2204.1851760940376,-659.6383232550305,5.0,8.04,3.0,-31662.639516241463,31662.639516241463,3138.0483456800653,15.0,116.83198947648592,14308.219178082192,0,1,0,0,0,0
7822,48.52,1861.173248001422,-659.6383232550305,5.0,8.04,3.0,-32005.651444334082,32005.651444334082,3138.0483456800653,15.0,116.83198947648592,14308.219178082192,0,1,0,0,0,0
7823,45.88,3602.618421394702,-659.6383232550305,5.0,8.04,3.0,-30264.206270940802,30264.206270940802,3138.0483456800653,15.0,116.83198947648592,14308.219178082192,0,1,0,0,0,0
7824,46.47,3213.431810674236,-659.6383232550305,5.0,8.04,3.0,-30653.392881661268,30653.392881661268,3138.0483456800653,15.0,116.83198947648592,14308.219178082192,0,1,0,0,0,0
7825,39.82,7600.026660320189,-659.6383232550305,5.0,8.04,3.0,-26266.798032015315,26266.798032015315,3138.0483456800653,15.0,116.83198947648592,14308.219178082192,0,1,0,0,0,0
7826,36.99,9466.803115131923,-659.6383232550305,5.0,8.04,3.0,-24400.02157720358,24400.02157720358,3138.0483456800653,15.0,116.83198947648592,14308.219178082192,0,1,0,0,0,0
7827,34.98,10792.676144874538,-659.6383232550305,5.0,8.04,3.0,-23074.148547460965,23074.148547460965,3138.0483456800653,15.0,116.83198947648592,14308.219178082192,0,1,0,0,0,0
7828,35.76,10278.158252735615,-659.6383232550305,5.0,8.04,3.0,-23588.66643959989,23588.66643959989,3138.0483456800653,15.0,116.83198947648592,14308.219178082192,0,1,0,0,0,0
7829,37.91,8859.935857737302,-659.6383232550305,5.0,8.04,3.0,-25006.888834598205,25006.888834598205,3138.0483456800653,15.0,116.83198947648592,14308.219178082192,0,1,0,0,0,0
7830,32.06,12718.820048779227,-659.6383232550305,5.0,8.04,3.0,-21148.00464355628,21148.00464355628,3138.0483456800653,15.0,116.83198947648592,14308.219178082192,0,1,0,0,0,0
7831,45.78,3668.582253720208,-659.6383232550305,5.0,8.04,3.0,-30198.242438615296,30198.242438615296,3138.0483456800653,15.0,116.83198947648592,14308.219178082192,0,1,0,0,0,0
7832,49.62,1135.571092420891,-659.6383232550305,5.0,8.04,3.0,-32731.253599914613,32731.253599914613,3138.0483456800653,15.0,116.83198947648592,14308.219178082192,0,1,0,0,0,0
7833,47.2,2731.895834698062,-659.6383232550305,5.0,8.04,3.0,-31134.928857637442,31134.928857637442,3138.0483456800653,15.0,116.83198947648592,14308.219178082192,0,1,0,0,0,0
7834,49.53,1194.9385415138427,-659.6383232550305,5.0,8.04,3.0,-32671.88615082166,32671.88615082166,3138.0483456800653,15.0,116.83198947648592,14308.219178082192,0,1,0,0,0,0
7835,49.46,1241.113224141693,-659.6383232550305,5.0,8.04,3.0,-32625.71146819381,32625.71146819381,3138.0483456800653,15.0,116.83198947648592,14308.219178082192,0,1,0,0,0,0
7836,46.75,3028.7330801628273,-659.6383232550305,5.0,8.04,3.0,-30838.091612172677,30838.091612172677,3138.0483456800653,15.0,116.83198947648592,14308.219178082192,0,1,0,0,0,0
7837,39.53,7791.321774064145,-659.6383232550305,5.0,8.04,3.0,-26075.502918271355,26075.502918271355,3138.0483456800653,15.0,116.83198947648592,14308.219178082192,0,1,0,0,0,0
7838,35.82,10238.579953340311,-659.6383232550305,5.0,8.04,3.0,-23628.244738995192,23628.244738995192,3138.0483456800653,15.0,116.83198947648592,14308.219178082192,0,1,0,0,0,0
7839,35.56,10410.08591738662,-659.6383232550305,5.0,8.04,3.0,-23456.738774948888,23456.738774948888,3138.0483456800653,15.0,116.83198947648592,14308.219178082192,0,1,0,0,0,0
7840,39.8,7613.21942678529,-659.6383232550305,5.0,8.04,3.0,-26253.605265550214,26253.605265550214,3138.0483456800653,15.0,116.83198947648592,14308.219178082192,0,1,0,0,0,0
7841,29.15,14638.367569451366,-659.6383232550305,5.0,8.04,3.0,-19228.457122884138,19228.457122884138,3138.0483456800653,15.0,116.83198947648592,14308.219178082192,0,1,0,0,0,0
7842,16.2,23180.68385560401,-659.6383232550305,5.0,8.04,3.0,-10686.140836731494,10686.140836731494,3138.0483456800653,15.0,116.83198947648592,14308.219178082192,0,1,0,0,0,0
7843,6.84,29354.898561271097,-659.6383232550305,5.0,8.04,3.0,-4511.926131064409,4511.926131064409,3138.0483456800653,15.0,116.83198947648592,14308.219178082192,0,1,0,0,0,0
7844,2.99,31894.50610580296,-659.6383232550305,5.0,8.04,3.0,-1972.3185865325413,1972.3185865325413,3138.0483456800653,15.0,116.83198947648592,14308.219178082192,0,1,0,0,0,0
7845,-1.77,35034.384524496905,-659.6383232550305,5.0,8.04,3.0,1167.559832161404,-1167.559832161404,3138.0483456800653,15.0,116.83198947648592,14308.219178082192,0,1,0,0,0,0
7846,-4.99,37158.419925378104,-659.6383232550305,5.0,8.04,3.0,3291.5952330426026,-3291.5952330426026,3138.0483456800653,15.0,116.83198947648592,14308.219178082192,0,1,0,0,0,0
7847,-6.28,38009.35336237709,-659.6383232550305,5.0,8.04,3.0,4142.528670041592,-4142.528670041592,3138.0483456800653,15.0,116.83198947648592,14308.219178082192,0,1,0,0,0,0
7848,-1.51,34862.8785604506,-659.6383232550305,5.0,8.04,3.0,996.0538681150961,-996.0538681150961,3138.0483456800653,15.0,116.83198947648592,14308.219178082192,0,1,0,0,0,0
7849,13.94,24671.466466160382,-659.6383232550305,5.0,8.04,3.0,-9195.358226175125,9195.358226175125,3138.0483456800653,15.0,116.83198947648592,14308.219178082192,0,1,0,0,0,0
7850,19.29,21142.401436745964,-659.6383232550305,5.0,8.04,3.0,-12724.423255589538,12724.423255589538,3138.0483456800653,15.0,116.83198947648592,14308.219178082192,0,1,0,0,0,0
7851,32.13,12672.64536615137,-659.6383232550305,5.0,8.04,3.0,-21194.17932618413,21194.17932618413,3138.0483456800653,15.0,116.83198947648592,14308.219178082192,0,1,0,0,0,0
7852,27.3,15858.698467473168,-659.6383232550305,5.0,8.04,3.0,-18008.126224862335,18008.126224862335,3138.0483456800653,15.0,116.83198947648592,14308.219178082192,0,1,0,0,0,0
7853,10.04,27244.055926855,-659.6383232550305,5.0,8.04,3.0,-6622.768765480506,6622.768765480506,3138.0483456800653,15.0,116.83198947648592,14308.219178082192,0,1,0,0,0,0
7854,14.29,24440.59305302112,-659.6383232550305,5.0,8.04,3.0,-9426.231639314385,9426.231639314385,3138.0483456800653,15.0,116.83198947648592,14308.219178082192,0,1,0,0,0,0
7855,27.9,15462.915473520156,-659.6383232550305,5.0,8.04,3.0,-18403.90921881535,18403.90921881535,3138.0483456800653,15.0,116.83198947648592,14308.219178082192,0,1,0,0,0,0
7856,31.31,13213.548791220503,-659.6383232550305,5.0,8.04,3.0,-20653.275901115005,20653.275901115005,3138.0483456800653,15.0,116.83198947648592,14308.219178082192,0,1,0,0,0,0
7857,30.38,13827.012431847677,-659.6383232550305,5.0,8.04,3.0,-20039.812260487826,20039.812260487826,3138.0483456800653,15.0,116.83198947648592,14308.219178082192,0,1,0,0,0,0
7858,76.95,7736.399081605917,650.0,0,8.04,3.0,50017.5,-50017.5,15071.972825128516,0,556.8949724310688,14308.219178082192,1,0,0,0,0,0
7859,43.45,5205.539546904427,-659.6383232550305,5.0,8.04,3.0,-28661.285145431077,28661.285145431077,3138.0483456800653,15.0,116.83198947648592,14308.219178082192,0,1,0,0,0,0
7860,27.27,15878.487617170824,-659.6383232550305,5.0,8.04,3.0,-17988.337075164683,17988.337075164683,3138.0483456800653,15.0,116.83198947648592,14308.219178082192,0,1,0,0,0,0
7861,7.6,28853.573435597275,-659.6383232550305,5.0,8.04,3.0,-5013.251256738232,5013.251256738232,3138.0483456800653,15.0,116.83198947648592,14308.219178082192,0,1,0,0,0,0
7862,3.98,31241.464165780482,-659.6383232550305,5.0,8.04,3.0,-2625.3605265550214,2625.3605265550214,3138.0483456800653,15.0,116.83198947648592,14308.219178082192,0,1,0,0,0,0
7863,-0.97,34506.67386589288,-659.6383232550305,5.0,8.04,3.0,639.8491735573796,-639.8491735573796,3138.0483456800653,15.0,116.83198947648592,14308.219178082192,0,1,0,0,0,0
7864,0.94,33246.76466847578,-659.6383232550305,5.0,8.04,3.0,-620.0600238597286,620.0600238597286,3138.0483456800653,15.0,116.83198947648592,14308.219178082192,0,1,0,0,0,0
7865,11.79,26089.688861158695,-659.6383232550305,5.0,8.04,3.0,-7777.135831176809,7777.135831176809,3138.0483456800653,15.0,116.83198947648592,14308.219178082192,0,1,0,0,0,0
7866,8.06,28550.13980689996,-659.6383232550305,5.0,8.04,3.0,-5316.684885435547,5316.684885435547,3138.0483456800653,15.0,116.83198947648592,14308.219178082192,0,1,0,0,0,0
7867,9.03,27910.290633342578,-659.6383232550305,5.0,8.04,3.0,-5956.534058992926,5956.534058992926,3138.0483456800653,15.0,116.83198947648592,14308.219178082192,0,1,0,0,0,0
7868,24.22,17890.384503098667,-659.6383232550305,5.0,8.04,3.0,-15976.440189236839,15976.440189236839,3138.0483456800653,15.0,116.83198947648592,14308.219178082192,0,1,0,0,0,0
7869,26.56,16346.830826681893,-659.6383232550305,5.0,8.04,3.0,-17519.99386565361,17519.99386565361,3138.0483456800653,15.0,116.83198947648592,14308.219178082192,0,1,0,0,0,0
7870,25.0,17375.86661095974,-659.6383232550305,5.0,8.04,3.0,-16490.958081375764,16490.958081375764,3138.0483456800653,15.0,116.83198947648592,14308.219178082192,0,1,0,0,0,0
7871,25.22,17230.746179843638,-659.6383232550305,5.0,8.04,3.0,-16636.07851249187,16636.07851249187,3138.0483456800653,15.0,116.83198947648592,14308.219178082192,0,1,0,0,0,0
7872,23.15,18596.197508981546,-659.6383232550305,5.0,8.04,3.0,-15270.627183353956,15270.627183353956,3138.0483456800653,15.0,116.83198947648592,14308.219178082192,0,1,0,0,0,0
7873,19.55,20970.895472699656,-659.6383232550305,5.0,8.04,3.0,-12895.929219635847,12895.929219635847,3138.0483456800653,15.0,116.83198947648592,14308.219178082192,0,1,0,0,0,0
7874,20.65,20245.293317119125,-659.6383232550305,5.0,8.04,3.0,-13621.531375216378,13621.531375216378,3138.0483456800653,15.0,116.83198947648592,14308.219178082192,0,1,0,0,0,0
7875,20.54,20317.853532677178,-659.6383232550305,5.0,8.04,3.0,-13548.971159658326,13548.971159658326,3138.0483456800653,15.0,116.83198947648592,14308.219178082192,0,1,0,0,0,0
7876,25.12,17296.710012169136,-659.6383232550305,5.0,8.04,3.0,-16570.114680166367,16570.114680166367,3138.0483456800653,15.0,116.83198947648592,14308.219178082192,0,1,0,0,0,0
7877,27.31,15852.102084240621,-659.6383232550305,5.0,8.04,3.0,-18014.722608094882,18014.722608094882,3138.0483456800653,15.0,116.83198947648592,14308.219178082192,0,1,0,0,0,0
7878,32.64,12336.229821291305,-659.6383232550305,5.0,8.04,3.0,-21530.594871044195,21530.594871044195,3138.0483456800653,15.0,116.83198947648592,14308.219178082192,0,1,0,0,0,0
7879,36.84,9565.748863620174,-659.6383232550305,5.0,8.04,3.0,-24301.075828715326,24301.075828715326,3138.0483456800653,15.0,116.83198947648592,14308.219178082192,0,1,0,0,0,0
7880,42.18,6043.280217438318,-659.6383232550305,5.0,8.04,3.0,-27823.544474897186,27823.544474897186,3138.0483456800653,15.0,116.83198947648592,14308.219178082192,0,1,0,0,0,0
7881,24.59,17646.318323494306,-659.6383232550305,5.0,8.04,3.0,-16220.506368841201,16220.506368841201,3138.0483456800653,15.0,116.83198947648592,14308.219178082192,0,1,0,0,0,0
7882,23.75,18200.41451502853,-659.6383232550305,5.0,8.04,3.0,-15666.410177306974,15666.410177306974,3138.0483456800653,15.0,116.83198947648592,14308.219178082192,0,1,0,0,0,0
7883,27.14,15964.240599193978,-659.6383232550305,5.0,8.04,3.0,-17902.58409314153,17902.58409314153,3138.0483456800653,15.0,116.83198947648592,14308.219178082192,0,1,0,0,0,0
7884,23.47,18385.11324553994,-659.6383232550305,5.0,8.04,3.0,-15481.711446795565,15481.711446795565,3138.0483456800653,15.0,116.83198947648592,14308.219178082192,0,1,0,0,0,0
7885,21.19,19889.08862256141,-659.6383232550305,5.0,8.04,3.0,-13977.736069774097,13977.736069774097,3138.0483456800653,15.0,116.83198947648592,14308.219178082192,0,1,0,0,0,0
7886,22.02,19341.588814259732,-659.6383232550305,5.0,8.04,3.0,-14525.235878075771,14525.235878075771,3138.0483456800653,15.0,116.83198947648592,14308.219178082192,0,1,0,0,0,0
7887,25.35,17144.99319782048,-659.6383232550305,5.0,8.04,3.0,-16721.831494515023,16721.831494515023,3138.0483456800653,15.0,116.83198947648592,14308.219178082192,0,1,0,0,0,0
7888,29.5,14407.494156312106,-659.6383232550305,5.0,8.04,3.0,-19459.3305360234,19459.3305360234,3138.0483456800653,15.0,116.83198947648592,14308.219178082192,0,1,0,0,0,0
7889,15.82,23431.34641844092,-659.6383232550305,5.0,8.04,3.0,-10435.478273894583,10435.478273894583,3138.0483456800653,15.0,116.83198947648592,14308.219178082192,0,1,0,0,0,0
7890,7.86,28682.067471550963,-659.6383232550305,5.0,8.04,3.0,-5184.75722078454,5184.75722078454,3138.0483456800653,15.0,116.83198947648592,14308.219178082192,0,1,0,0,0,0
7891,-3.28,36030.438392612006,-659.6383232550305,5.0,8.04,3.0,2163.6137002765,-2163.6137002765,3138.0483456800653,15.0,116.83198947648592,14308.219178082192,0,1,0,0,0,0
7892,5.43,30284.98859706069,-659.6383232550305,5.0,8.04,3.0,-3581.8360952748153,3581.8360952748153,3138.0483456800653,15.0,116.83198947648592,14308.219178082192,0,1,0,0,0,0
7893,3.08,31835.13865671001,-659.6383232550305,5.0,8.04,3.0,-2031.686035625494,2031.686035625494,3138.0483456800653,15.0,116.83198947648592,14308.219178082192,0,1,0,0,0,0
7894,-1.44,34816.70387782275,-659.6383232550305,5.0,8.04,3.0,949.879185487244,-949.879185487244,3138.0483456800653,15.0,116.83198947648592,14308.219178082192,0,1,0,0,0,0
7895,0.27,33688.722345056645,-659.6383232550305,5.0,8.04,3.0,-178.10234727885825,178.10234727885825,3138.0483456800653,15.0,116.83198947648592,14308.219178082192,0,1,0,0,0,0
7896,1.73,32725.650393104304,-659.6383232550305,5.0,8.04,3.0,-1141.1742992312027,1141.1742992312027,3138.0483456800653,15.0,116.83198947648592,14308.219178082192,0,1,0,0,0,0
7897,0.01,33860.22830910295,-659.6383232550305,5.0,8.04,3.0,-6.596383232550306,6.596383232550306,3138.0483456800653,15.0,116.83198947648592,14308.219178082192,0,1,0,0,0,0
7898,4.64,30806.102872432162,-659.6383232550305,5.0,8.04,3.0,-3060.7218199033414,3060.7218199033414,3138.0483456800653,15.0,116.83198947648592,14308.219178082192,0,1,0,0,0,0
7899,5.71,30100.28986654928,-659.6383232550305,5.0,8.04,3.0,-3766.5348257862242,3766.5348257862242,3138.0483456800653,15.0,116.83198947648592,14308.219178082192,0,1,0,0,0,0
7900,-4.51,36841.79353021569,-659.6383232550305,5.0,8.04,3.0,2974.9688378801875,-2974.9688378801875,3138.0483456800653,15.0,116.83198947648592,14308.219178082192,0,1,0,0,0,0
7901,-0.92,34473.691949730135,-659.6383232550305,5.0,8.04,3.0,606.8672573946282,-606.8672573946282,3138.0483456800653,15.0,116.83198947648592,14308.219178082192,0,1,0,0,0,0
7902,-0.39,34124.08363840497,-659.6383232550305,5.0,8.04,3.0,257.2589460694619,-257.2589460694619,3138.0483456800653,15.0,116.83198947648592,14308.219178082192,0,1,0,0,0,0
7903,4.98,30581.825842525453,-659.6383232550305,5.0,8.04,3.0,-3284.9988498100524,3284.9988498100524,3138.0483456800653,15.0,116.83198947648592,14308.219178082192,0,1,0,0,0,0
7904,5.53,30219.024764735186,-659.6383232550305,5.0,8.04,3.0,-3647.799927600319,3647.799927600319,3138.0483456800653,15.0,116.83198947648592,14308.219178082192,0,1,0,0,0,0
7905,1.93,32593.722728453296,-659.6383232550305,5.0,8.04,3.0,-1273.1019638822088,1273.1019638822088,3138.0483456800653,15.0,116.83198947648592,14308.219178082192,0,1,0,0,0,0
7906,3.71,31419.56651305934,-659.6383232550305,5.0,8.04,3.0,-2447.258179276163,2447.258179276163,3138.0483456800653,15.0,116.83198947648592,14308.219178082192,0,1,0,0,0,0
7907,2.94,31927.488021965713,-659.6383232550305,5.0,8.04,3.0,-1939.3366703697898,1939.3366703697898,3138.0483456800653,15.0,116.83198947648592,14308.219178082192,0,1,0,0,0,0
7908,7.08,29196.58536368989,-659.6383232550305,5.0,8.04,3.0,-4670.239328645616,4670.239328645616,3138.0483456800653,15.0,116.83198947648592,14308.219178082192,0,1,0,0,0,0
7909,6.04,29882.60921987512,-659.6383232550305,5.0,8.04,3.0,-3984.2154724603843,3984.2154724603843,3138.0483456800653,15.0,116.83198947648592,14308.219178082192,0,1,0,0,0,0
7910,6.66,29473.633459457,-659.6383232550305,5.0,8.04,3.0,-4393.191232878503,4393.191232878503,3138.0483456800653,15.0,116.83198947648592,14308.219178082192,0,1,0,0,0,0
7911,27.65,15627.825054333909,-659.6383232550305,5.0,8.04,3.0,-18238.999638001595,18238.999638001595,3138.0483456800653,15.0,116.83198947648592,14308.219178082192,0,1,0,0,0,0
7912,48.76,1702.860050420219,-659.6383232550305,5.0,8.04,3.0,-32163.964641915285,32163.964641915285,3138.0483456800653,15.0,116.83198947648592,14308.219178082192,0,1,0,0,0,0
7913,68.8,2438.899081605913,650.0,0,8.04,3.0,44720.0,-44720.0,15071.972825128516,0,556.8949724310688,14308.219178082192,1,0,0,0,0,0
7914,27.8,15528.879305845658,-659.6383232550305,5.0,8.04,3.0,-18337.94538648985,18337.94538648985,3138.0483456800653,15.0,116.83198947648592,14308.219178082192,0,1,0,0,0,0
7915,15.75,23477.52110106877,-659.6383232550305,5.0,8.04,3.0,-10389.303591266731,10389.303591266731,3138.0483456800653,15.0,116.83198947648592,14308.219178082192,0,1,0,0,0,0
7916,15.73,23490.713867533872,-659.6383232550305,5.0,8.04,3.0,-10376.11082480163,10376.11082480163,3138.0483456800653,15.0,116.83198947648592,14308.219178082192,0,1,0,0,0,0
7917,56.21,-3211.4454578297587,-659.6383232550305,5.0,8.04,3.0,-37078.27015016526,37078.27015016526,3138.0483456800653,15.0,116.83198947648592,14308.219178082192,0,1,0,0,0,0
7918,14.61,24229.508789579508,-659.6383232550305,5.0,8.04,3.0,-9637.315902755996,9637.315902755996,3138.0483456800653,15.0,116.83198947648592,14308.219178082192,0,1,0,0,0,0
7919,13.93,24678.06284939293,-659.6383232550305,5.0,8.04,3.0,-9188.761842942575,9188.761842942575,3138.0483456800653,15.0,116.83198947648592,14308.219178082192,0,1,0,0,0,0
7920,12.09,25891.797364182185,-659.6383232550305,5.0,8.04,3.0,-7975.027328153319,7975.027328153319,3138.0483456800653,15.0,116.83198947648592,14308.219178082192,0,1,0,0,0,0
7921,13.44,25001.285627787896,-659.6383232550305,5.0,8.04,3.0,-8865.539064547609,8865.539064547609,3138.0483456800653,15.0,116.83198947648592,14308.219178082192,0,1,0,0,0,0
7922,16.79,22791.49724488354,-659.6383232550305,5.0,8.04,3.0,-11075.327447451962,11075.327447451962,3138.0483456800653,15.0,116.83198947648592,14308.219178082192,0,1,0,0,0,0
7923,14.45,24335.050921300313,-659.6383232550305,5.0,8.04,3.0,-9531.77377103519,9531.77377103519,3138.0483456800653,15.0,116.83198947648592,14308.219178082192,0,1,0,0,0,0
7924,8.86,28022.429148295934,-659.6383232550305,5.0,8.04,3.0,-5844.39554403957,5844.39554403957,3138.0483456800653,15.0,116.83198947648592,14308.219178082192,0,1,0,0,0,0
7925,9.44,27639.838920808015,-659.6383232550305,5.0,8.04,3.0,-6226.9857715274875,6226.9857715274875,3138.0483456800653,15.0,116.83198947648592,14308.219178082192,0,1,0,0,0,0
7926,2.26,32376.042081779135,-659.6383232550305,5.0,8.04,3.0,-1490.7826105563688,1490.7826105563688,3138.0483456800653,15.0,116.83198947648592,14308.219178082192,0,1,0,0,0,0
7927,11.28,26426.10440601876,-659.6383232550305,5.0,8.04,3.0,-7440.720286316744,7440.720286316744,3138.0483456800653,15.0,116.83198947648592,14308.219178082192,0,1,0,0,0,0
7928,22.51,19018.366035864765,-659.6383232550305,5.0,8.04,3.0,-14848.458656470739,14848.458656470739,3138.0483456800653,15.0,116.83198947648592,14308.219178082192,0,1,0,0,0,0
7929,37.88,8879.725007434943,-659.6383232550305,5.0,8.04,3.0,-24987.099684900557,24987.099684900557,3138.0483456800653,15.0,116.83198947648592,14308.219178082192,0,1,0,0,0,0
7930,44.83,4295.238660812487,-659.6383232550305,5.0,8.04,3.0,-29571.586031523017,29571.586031523017,3138.0483456800653,15.0,116.83198947648592,14308.219178082192,0,1,0,0,0,0
7931,46.68,3074.9077627906777,-659.6383232550305,5.0,8.04,3.0,-30791.916929544823,30791.916929544823,3138.0483456800653,15.0,116.83198947648592,14308.219178082192,0,1,0,0,0,0
7932,43.44,5212.135930136978,-659.6383232550305,5.0,8.04,3.0,-28654.688762198522,28654.688762198522,3138.0483456800653,15.0,116.83198947648592,14308.219178082192,0,1,0,0,0,0
7933,41.59,6432.466828158784,-659.6383232550305,5.0,8.04,3.0,-27434.35786417672,27434.35786417672,3138.0483456800653,15.0,116.83198947648592,14308.219178082192,0,1,0,0,0,0
7934,44.62,4433.762708696046,-659.6383232550305,5.0,8.04,3.0,-29433.061983639458,29433.061983639458,3138.0483456800653,15.0,116.83198947648592,14308.219178082192,0,1,0,0,0,0
7935,47.03,2844.0343496514183,-659.6383232550305,5.0,8.04,3.0,-31022.790342684086,31022.790342684086,3138.0483456800653,15.0,116.83198947648592,14308.219178082192,0,1,0,0,0,0
7936,128.47,41224.39908160592,650.0,0,8.04,3.0,83505.5,-83505.5,15071.972825128516,0,556.8949724310688,14308.219178082192,1,0,0,0,0,0
7937,84.26,12487.899081605916,650.0,0,8.04,3.0,54769.0,-54769.0,15071.972825128516,0,556.8949724310688,14308.219178082192,1,0,0,0,0,0
7938,59.89,-3352.600918394087,650.0,0,8.04,3.0,38928.5,-38928.5,15071.972825128516,0,556.8949724310688,14308.219178082192,1,0,0,0,0,0
7939,60.05,-3248.600918394087,650.0,0,8.04,3.0,39032.5,-39032.5,15071.972825128516,0,556.8949724310688,14308.219178082192,1,0,0,0,0,0
7940,68.55,2276.399081605913,650.0,0,8.04,3.0,44557.5,-44557.5,15071.972825128516,0,556.8949724310688,14308.219178082192,1,0,0,0,0,0
7941,56.69,-3528.071852992172,-659.6383232550305,5.0,8.04,3.0,-37394.896545327676,37394.896545327676,3138.0483456800653,15.0,116.83198947648592,14308.219178082192,0,1,0,0,0,0
7942,59.74,-3450.100918394087,650.0,0,8.04,3.0,38831.0,-38831.0,15071.972825128516,0,556.8949724310688,14308.219178082192,1,0,0,0,0,0
7943,46.7,3061.71499632558,-659.6383232550305,5.0,8.04,3.0,-30805.109696009928,30805.109696009928,3138.0483456800653,15.0,116.83198947648592,14308.219178082192,0,1,0,0,0,0
7944,40.67,7039.334085553412,-659.6383232550305,5.0,8.04,3.0,-26827.490606782092,26827.490606782092,3138.0483456800653,15.0,116.83198947648592,14308.219178082192,0,1,0,0,0,0
7945,12.23,25799.44799892648,-659.6383232550305,5.0,8.04,3.0,-8067.376693409024,8067.376693409024,3138.0483456800653,15.0,116.83198947648592,14308.219178082192,0,1,0,0,0,0
7946,10.84,26716.345268250974,-659.6383232550305,5.0,8.04,3.0,-7150.47942408453,7150.47942408453,3138.0483456800653,15.0,116.83198947648592,14308.219178082192,0,1,0,0,0,0
7947,3.91,31287.638848408336,-659.6383232550305,5.0,8.04,3.0,-2579.1858439271696,2579.1858439271696,3138.0483456800653,15.0,116.83198947648592,14308.219178082192,0,1,0,0,0,0
7948,5.88,29988.151351595923,-659.6383232550305,5.0,8.04,3.0,-3878.6733407395795,3878.6733407395795,3138.0483456800653,15.0,116.83198947648592,14308.219178082192,0,1,0,0,0,0
7949,7.01,29242.76004631774,-659.6383232550305,5.0,8.04,3.0,-4624.064646017764,4624.064646017764,3138.0483456800653,15.0,116.83198947648592,14308.219178082192,0,1,0,0,0,0
7950,15.7,23510.503017231524,-659.6383232550305,5.0,8.04,3.0,-10356.321675103978,10356.321675103978,3138.0483456800653,15.0,116.83198947648592,14308.219178082192,0,1,0,0,0,0
7951,21.0,20014.419903979862,-659.6383232550305,5.0,8.04,3.0,-13852.404788355641,13852.404788355641,3138.0483456800653,15.0,116.83198947648592,14308.219178082192,0,1,0,0,0,0
7952,6.49,29585.771974410356,-659.6383232550305,5.0,8.04,3.0,-4281.0527179251485,4281.0527179251485,3138.0483456800653,15.0,116.83198947648592,14308.219178082192,0,1,0,0,0,0
7953,7.46,28945.922800852975,-659.6383232550305,5.0,8.04,3.0,-4920.901891482527,4920.901891482527,3138.0483456800653,15.0,116.83198947648592,14308.219178082192,0,1,0,0,0,0
7954,11.12,26531.646537739565,-659.6383232550305,5.0,8.04,3.0,-7335.178154595938,7335.178154595938,3138.0483456800653,15.0,116.83198947648592,14308.219178082192,0,1,0,0,0,0
7955,6.45,29612.157507340555,-659.6383232550305,5.0,8.04,3.0,-4254.667184994947,4254.667184994947,3138.0483456800653,15.0,116.83198947648592,14308.219178082192,0,1,0,0,0,0
7956,3.12,31808.75312377981,-659.6383232550305,5.0,8.04,3.0,-2058.071568555695,2058.071568555695,3138.0483456800653,15.0,116.83198947648592,14308.219178082192,0,1,0,0,0,0
7957,5.53,30219.024764735186,-659.6383232550305,5.0,8.04,3.0,-3647.799927600319,3647.799927600319,3138.0483456800653,15.0,116.83198947648592,14308.219178082192,0,1,0,0,0,0
7958,13.4,25027.671160718095,-659.6383232550305,5.0,8.04,3.0,-8839.153531617409,8839.153531617409,3138.0483456800653,15.0,116.83198947648592,14308.219178082192,0,1,0,0,0,0
7959,20.64,20251.889700351672,-659.6383232550305,5.0,8.04,3.0,-13614.93499198383,13614.93499198383,3138.0483456800653,15.0,116.83198947648592,14308.219178082192,0,1,0,0,0,0
7960,36.31,9915.357174945344,-659.6383232550305,5.0,8.04,3.0,-23951.46751739016,23951.46751739016,3138.0483456800653,15.0,116.83198947648592,14308.219178082192,0,1,0,0,0,0
7961,92.23,17668.399081605916,650.0,0,8.04,3.0,59949.5,-59949.5,15071.972825128516,0,556.8949724310688,14308.219178082192,1,0,0,0,0,0
7962,61.95,-2013.6009183940869,650.0,0,8.04,3.0,40267.5,-40267.5,15071.972825128516,0,556.8949724310688,14308.219178082192,1,0,0,0,0,0
7963,59.83,-3391.600918394087,650.0,0,8.04,3.0,38889.5,-38889.5,15071.972825128516,0,556.8949724310688,14308.219178082192,1,0,0,0,0,0
7964,64.58,-304.100918394087,650.0,0,8.04,3.0,41977.0,-41977.0,15071.972825128516,0,556.8949724310688,14308.219178082192,1,0,0,0,0,0
7965,49.71,1076.2036433279359,-659.6383232550305,5.0,8.04,3.0,-32790.62104900757,32790.62104900757,3138.0483456800653,15.0,116.83198947648592,14308.219178082192,0,1,0,0,0,0
7966,33.22,11953.639593803393,-659.6383232550305,5.0,8.04,3.0,-21913.185098532114,21913.185098532114,3138.0483456800653,15.0,116.83198947648592,14308.219178082192,0,1,0,0,0,0
7967,46.77,3015.5403136977225,-659.6383232550305,5.0,8.04,3.0,-30851.284378637778,30851.284378637778,3138.0483456800653,15.0,116.83198947648592,14308.219178082192,0,1,0,0,0,0
7968,34.88,10858.639977200037,-659.6383232550305,5.0,8.04,3.0,-23008.184715135467,23008.184715135467,3138.0483456800653,15.0,116.83198947648592,14308.219178082192,0,1,0,0,0,0
7969,22.26,19183.275616678526,-659.6383232550305,5.0,8.04,3.0,-14683.54907565698,14683.54907565698,3138.0483456800653,15.0,116.83198947648592,14308.219178082192,0,1,0,0,0,0
7970,18.32,21782.250610303345,-659.6383232550305,5.0,8.04,3.0,-12084.574082032159,12084.574082032159,3138.0483456800653,15.0,116.83198947648592,14308.219178082192,0,1,0,0,0,0
7971,20.8,20146.347568630867,-659.6383232550305,5.0,8.04,3.0,-13720.477123704635,13720.477123704635,3138.0483456800653,15.0,116.83198947648592,14308.219178082192,0,1,0,0,0,0
7972,20.72,20199.11863449127,-659.6383232550305,5.0,8.04,3.0,-13667.70605784423,13667.70605784423,3138.0483456800653,15.0,116.83198947648592,14308.219178082192,0,1,0,0,0,0
7973,21.12,19935.263305189255,-659.6383232550305,5.0,8.04,3.0,-13931.561387146245,13931.561387146245,3138.0483456800653,15.0,116.83198947648592,14308.219178082192,0,1,0,0,0,0
7974,32.64,12336.229821291305,-659.6383232550305,5.0,8.04,3.0,-21530.594871044195,21530.594871044195,3138.0483456800653,15.0,116.83198947648592,14308.219178082192,0,1,0,0,0,0
7975,40.2,7349.364097483274,-659.6383232550305,5.0,8.04,3.0,-26517.46059485223,26517.46059485223,3138.0483456800653,15.0,116.83198947648592,14308.219178082192,0,1,0,0,0,0
7976,35.97,10139.63420485206,-659.6383232550305,5.0,8.04,3.0,-23727.190487483447,23727.190487483447,3138.0483456800653,15.0,116.83198947648592,14308.219178082192,0,1,0,0,0,0
7977,28.18,15278.216743008743,-659.6383232550305,5.0,8.04,3.0,-18588.60794932676,18588.60794932676,3138.0483456800653,15.0,116.83198947648592,14308.219178082192,0,1,0,0,0,0
7978,9.23,27778.36296869157,-659.6383232550305,5.0,8.04,3.0,-6088.461723643932,6088.461723643932,3138.0483456800653,15.0,116.83198947648592,14308.219178082192,0,1,0,0,0,0
7979,14.9,24038.21367583555,-659.6383232550305,5.0,8.04,3.0,-9828.611016499955,9828.611016499955,3138.0483456800653,15.0,116.83198947648592,14308.219178082192,0,1,0,0,0,0
7980,19.64,20911.528023606705,-659.6383232550305,5.0,8.04,3.0,-12955.296668728799,12955.296668728799,3138.0483456800653,15.0,116.83198947648592,14308.219178082192,0,1,0,0,0,0
7981,15.05,23939.267927347293,-659.6383232550305,5.0,8.04,3.0,-9927.55676498821,9927.55676498821,3138.0483456800653,15.0,116.83198947648592,14308.219178082192,0,1,0,0,0,0
7982,16.0,23312.611520255014,-659.6383232550305,5.0,8.04,3.0,-10554.213172080488,10554.213172080488,3138.0483456800653,15.0,116.83198947648592,14308.219178082192,0,1,0,0,0,0
7983,11.56,26241.40567550735,-659.6383232550305,5.0,8.04,3.0,-7625.419016828153,7625.419016828153,3138.0483456800653,15.0,116.83198947648592,14308.219178082192,0,1,0,0,0,0
7984,12.05,25918.182897112387,-659.6383232550305,5.0,8.04,3.0,-7948.641795223119,7948.641795223119,3138.0483456800653,15.0,116.83198947648592,14308.219178082192,0,1,0,0,0,0
7985,12.2,25819.23714862413,-659.6383232550305,5.0,8.04,3.0,-8047.587543711372,8047.587543711372,3138.0483456800653,15.0,116.83198947648592,14308.219178082192,0,1,0,0,0,0
7986,22.2,19222.85391607383,-659.6383232550305,5.0,8.04,3.0,-14643.970776261676,14643.970776261676,3138.0483456800653,15.0,116.83198947648592,14308.219178082192,0,1,0,0,0,0
7987,16.1,23246.64768792951,-659.6383232550305,5.0,8.04,3.0,-10620.177004405992,10620.177004405992,3138.0483456800653,15.0,116.83198947648592,14308.219178082192,0,1,0,0,0,0
7988,14.55,24269.08708897481,-659.6383232550305,5.0,8.04,3.0,-9597.737603360694,9597.737603360694,3138.0483456800653,15.0,116.83198947648592,14308.219178082192,0,1,0,0,0,0
7989,16.62,22903.635759836896,-659.6383232550305,5.0,8.04,3.0,-10963.188932498608,10963.188932498608,3138.0483456800653,15.0,116.83198947648592,14308.219178082192,0,1,0,0,0,0
7990,9.31,27725.59190283117,-659.6383232550305,5.0,8.04,3.0,-6141.2327895043345,6141.2327895043345,3138.0483456800653,15.0,116.83198947648592,14308.219178082192,0,1,0,0,0,0
7991,6.57,29533.000908549955,-659.6383232550305,5.0,8.04,3.0,-4333.82378378555,4333.82378378555,3138.0483456800653,15.0,116.83198947648592,14308.219178082192,0,1,0,0,0,0
7992,1.56,32837.78890805766,-659.6383232550305,5.0,8.04,3.0,-1029.0357842778476,1029.0357842778476,3138.0483456800653,15.0,116.83198947648592,14308.219178082192,0,1,0,0,0,0
7993,2.38,32296.88548298853,-659.6383232550305,5.0,8.04,3.0,-1569.9392093469726,1569.9392093469726,3138.0483456800653,15.0,116.83198947648592,14308.219178082192,0,1,0,0,0,0
7994,2.67,32105.59036924457,-659.6383232550305,5.0,8.04,3.0,-1761.2343230909314,1761.2343230909314,3138.0483456800653,15.0,116.83198947648592,14308.219178082192,0,1,0,0,0,0
7995,2.84,31993.451854291216,-659.6383232550305,5.0,8.04,3.0,-1873.3728380442865,1873.3728380442865,3138.0483456800653,15.0,116.83198947648592,14308.219178082192,0,1,0,0,0,0
7996,4.07,31182.096716687527,-659.6383232550305,5.0,8.04,3.0,-2684.7279756479743,2684.7279756479743,3138.0483456800653,15.0,116.83198947648592,14308.219178082192,0,1,0,0,0,0
7997,6.09,29849.62730371237,-659.6383232550305,5.0,8.04,3.0,-4017.197388623136,4017.197388623136,3138.0483456800653,15.0,116.83198947648592,14308.219178082192,0,1,0,0,0,0
7998,14.59,24242.70155604461,-659.6383232550305,5.0,8.04,3.0,-9624.123136290895,9624.123136290895,3138.0483456800653,15.0,116.83198947648592,14308.219178082192,0,1,0,0,0,0
7999,26.9,16122.553796775184,-659.6383232550305,5.0,8.04,3.0,-17744.27089556032,17744.27089556032,3138.0483456800653,15.0,116.83198947648592,14308.219178082192,0,1,0,0,0,0
8000,13.89,24704.448382323128,-659.6383232550305,5.0,8.04,3.0,-9162.376310012374,9162.376310012374,3138.0483456800653,15.0,116.83198947648592,14308.219178082192,0,1,0,0,0,0
8001,5.44,30278.392213828138,-659.6383232550305,5.0,8.04,3.0,-3588.4324785073663,3588.4324785073663,3138.0483456800653,15.0,116.83198947648592,14308.219178082192,0,1,0,0,0,0
8002,10.92,26663.57420239057,-659.6383232550305,5.0,8.04,3.0,-7203.250489944933,7203.250489944933,3138.0483456800653,15.0,116.83198947648592,14308.219178082192,0,1,0,0,0,0
8003,6.48,29592.368357642907,-659.6383232550305,5.0,8.04,3.0,-4274.456334692598,4274.456334692598,3138.0483456800653,15.0,116.83198947648592,14308.219178082192,0,1,0,0,0,0
8004,24.78,17520.987042075845,-659.6383232550305,5.0,8.04,3.0,-16345.837650259657,16345.837650259657,3138.0483456800653,15.0,116.83198947648592,14308.219178082192,0,1,0,0,0,0
8005,23.27,18517.040910190946,-659.6383232550305,5.0,8.04,3.0,-15349.78378214456,15349.78378214456,3138.0483456800653,15.0,116.83198947648592,14308.219178082192,0,1,0,0,0,0
8006,23.35,18464.26984433054,-659.6383232550305,5.0,8.04,3.0,-15402.554848004964,15402.554848004964,3138.0483456800653,15.0,116.83198947648592,14308.219178082192,0,1,0,0,0,0
8007,23.17,18583.004742516445,-659.6383232550305,5.0,8.04,3.0,-15283.819949819059,15283.819949819059,3138.0483456800653,15.0,116.83198947648592,14308.219178082192,0,1,0,0,0,0
8008,31.35,13187.1632582903,-659.6383232550305,5.0,8.04,3.0,-20679.661434045207,20679.661434045207,3138.0483456800653,15.0,116.83198947648592,14308.219178082192,0,1,0,0,0,0
8009,49.94,924.4868289792871,-659.6383232550305,5.0,8.04,3.0,-32942.337863356224,32942.337863356224,3138.0483456800653,15.0,116.83198947648592,14308.219178082192,0,1,0,0,0,0
8010,63.84,-785.100918394087,650.0,0,8.04,3.0,41496.0,-41496.0,15071.972825128516,0,556.8949724310688,14308.219178082192,1,0,0,0,0,0
8011,67.76,1762.8990816059131,650.0,0,8.04,3.0,44044.0,-44044.0,15071.972825128516,0,556.8949724310688,14308.219178082192,1,0,0,0,0,0
8012,56.11,-3145.481625504253,-659.6383232550305,5.0,8.04,3.0,-37012.306317839764,37012.306317839764,3138.0483456800653,15.0,116.83198947648592,14308.219178082192,0,1,0,0,0,0
8013,54.87,-2327.5301046680174,-659.6383232550305,5.0,8.04,3.0,-36194.35479700352,36194.35479700352,3138.0483456800653,15.0,116.83198947648592,14308.219178082192,0,1,0,0,0,0
8014,59.24,-3775.100918394087,650.0,0,8.04,3.0,38506.0,-38506.0,15071.972825128516,0,556.8949724310688,14308.219178082192,1,0,0,0,0,0
8015,52.94,-1054.4281407858066,-659.6383232550305,5.0,8.04,3.0,-34921.25283312131,34921.25283312131,3138.0483456800653,15.0,116.83198947648592,14308.219178082192,0,1,0,0,0,0
8016,45.96,3549.847355534301,-659.6383232550305,5.0,8.04,3.0,-30316.977336801203,30316.977336801203,3138.0483456800653,15.0,116.83198947648592,14308.219178082192,0,1,0,0,0,0
8017,44.64,4420.569942230941,-659.6383232550305,5.0,8.04,3.0,-29446.254750104563,29446.254750104563,3138.0483456800653,15.0,116.83198947648592,14308.219178082192,0,1,0,0,0,0
8018,43.36,5264.906995997382,-659.6383232550305,5.0,8.04,3.0,-28601.91769633812,28601.91769633812,3138.0483456800653,15.0,116.83198947648592,14308.219178082192,0,1,0,0,0,0
8019,8.25,28424.8085254815,-659.6383232550305,5.0,8.04,3.0,-5442.016166854001,5442.016166854001,3138.0483456800653,15.0,116.83198947648592,14308.219178082192,0,1,0,0,0,0
8020,9.61,27527.70040585466,-659.6383232550305,5.0,8.04,3.0,-6339.124286480843,6339.124286480843,3138.0483456800653,15.0,116.83198947648592,14308.219178082192,0,1,0,0,0,0
8021,20.78,20159.540335095968,-659.6383232550305,5.0,8.04,3.0,-13707.284357239534,13707.284357239534,3138.0483456800653,15.0,116.83198947648592,14308.219178082192,0,1,0,0,0,0
8022,1.12,33128.02977028987,-659.6383232550305,5.0,8.04,3.0,-738.7949220456343,738.7949220456343,3138.0483456800653,15.0,116.83198947648592,14308.219178082192,0,1,0,0,0,0
8023,64.78,-174.100918394087,650.0,0,8.04,3.0,42107.0,-42107.0,15071.972825128516,0,556.8949724310688,14308.219178082192,1,0,0,0,0,0
8024,18.36,21755.865077373142,-659.6383232550305,5.0,8.04,3.0,-12110.95961496236,12110.95961496236,3138.0483456800653,15.0,116.83198947648592,14308.219178082192,0,1,0,0,0,0
8025,23.45,18398.30601200504,-659.6383232550305,5.0,8.04,3.0,-15468.518680330466,15468.518680330466,3138.0483456800653,15.0,116.83198947648592,14308.219178082192,0,1,0,0,0,0
8026,12.92,25344.297555880512,-659.6383232550305,5.0,8.04,3.0,-8522.527136454994,8522.527136454994,3138.0483456800653,15.0,116.83198947648592,14308.219178082192,0,1,0,0,0,0
8027,13.38,25040.863927183196,-659.6383232550305,5.0,8.04,3.0,-8825.96076515231,8825.96076515231,3138.0483456800653,15.0,116.83198947648592,14308.219178082192,0,1,0,0,0,0
8028,13.91,24691.25561585803,-659.6383232550305,5.0,8.04,3.0,-9175.569076477475,9175.569076477475,3138.0483456800653,15.0,116.83198947648592,14308.219178082192,0,1,0,0,0,0
8029,14.73,24150.352190788904,-659.6383232550305,5.0,8.04,3.0,-9716.4725015466,9716.4725015466,3138.0483456800653,15.0,116.83198947648592,14308.219178082192,0,1,0,0,0,0
8030,22.78,18840.263688585906,-659.6383232550305,5.0,8.04,3.0,-15026.561003749595,15026.561003749595,3138.0483456800653,15.0,116.83198947648592,14308.219178082192,0,1,0,0,0,0
8031,22.97,18714.932407167456,-659.6383232550305,5.0,8.04,3.0,-15151.89228516805,15151.89228516805,3138.0483456800653,15.0,116.83198947648592,14308.219178082192,0,1,0,0,0,0
8032,26.48,16399.601892542294,-659.6383232550305,5.0,8.04,3.0,-17467.22279979321,17467.22279979321,3138.0483456800653,15.0,116.83198947648592,14308.219178082192,0,1,0,0,0,0
8033,80.0,9718.899081605916,650.0,0,8.04,3.0,52000.0,-52000.0,15071.972825128516,0,556.8949724310688,14308.219178082192,1,0,0,0,0,0
8034,76.51,7450.399081605917,650.0,0,8.04,3.0,49731.5,-49731.5,15071.972825128516,0,556.8949724310688,14308.219178082192,1,0,0,0,0,0
8035,30.91,13477.404120522511,-659.6383232550305,5.0,8.04,3.0,-20389.420571812992,20389.420571812992,3138.0483456800653,15.0,116.83198947648592,14308.219178082192,0,1,0,0,0,0
8036,21.95,19387.763496887583,-659.6383232550305,5.0,8.04,3.0,-14479.061195447919,14479.061195447919,3138.0483456800653,15.0,116.83198947648592,14308.219178082192,0,1,0,0,0,0
8037,18.33,21775.654227070794,-659.6383232550305,5.0,8.04,3.0,-12091.170465264708,12091.170465264708,3138.0483456800653,15.0,116.83198947648592,14308.219178082192,0,1,0,0,0,0
8038,25.41,17105.41489842518,-659.6383232550305,5.0,8.04,3.0,-16761.409793910327,16761.409793910327,3138.0483456800653,15.0,116.83198947648592,14308.219178082192,0,1,0,0,0,0
8039,5.66,30133.271782712032,-659.6383232550305,5.0,8.04,3.0,-3733.5529096234727,3733.5529096234727,3138.0483456800653,15.0,116.83198947648592,14308.219178082192,0,1,0,0,0,0
8040,0.93,33253.36105170833,-659.6383232550305,5.0,8.04,3.0,-613.4636406271784,613.4636406271784,3138.0483456800653,15.0,116.83198947648592,14308.219178082192,0,1,0,0,0,0
8041,-1.22,34671.58344670664,-659.6383232550305,5.0,8.04,3.0,804.7587543711372,-804.7587543711372,3138.0483456800653,15.0,116.83198947648592,14308.219178082192,0,1,0,0,0,0
8042,-6.5,38154.473793493205,-659.6383232550305,5.0,8.04,3.0,4287.649101157698,-4287.649101157698,3138.0483456800653,15.0,116.83198947648592,14308.219178082192,0,1,0,0,0,0
8043,-9.26,39975.075565677085,-659.6383232550305,5.0,8.04,3.0,6108.2508733415825,-6108.2508733415825,3138.0483456800653,15.0,116.83198947648592,14308.219178082192,0,1,0,0,0,0
8044,-8.95,39770.587685468025,-659.6383232550305,5.0,8.04,3.0,5903.762993132523,-5903.762993132523,3138.0483456800653,15.0,116.83198947648592,14308.219178082192,0,1,0,0,0,0
8045,-3.43,36129.38414110026,-659.6383232550305,5.0,8.04,3.0,2262.559448764755,-2262.559448764755,3138.0483456800653,15.0,116.83198947648592,14308.219178082192,0,1,0,0,0,0
8046,-0.64,34288.993219218726,-659.6383232550305,5.0,8.04,3.0,422.16852688321956,-422.16852688321956,3138.0483456800653,15.0,116.83198947648592,14308.219178082192,0,1,0,0,0,0
8047,-3.56,36215.137123123415,-659.6383232550305,5.0,8.04,3.0,2348.312430787909,-2348.312430787909,3138.0483456800653,15.0,116.83198947648592,14308.219178082192,0,1,0,0,0,0
8048,9.39,27672.820836970768,-659.6383232550305,5.0,8.04,3.0,-6194.003855364737,6194.003855364737,3138.0483456800653,15.0,116.83198947648592,14308.219178082192,0,1,0,0,0,0
8049,6.61,29506.615375619753,-659.6383232550305,5.0,8.04,3.0,-4360.209316715752,4360.209316715752,3138.0483456800653,15.0,116.83198947648592,14308.219178082192,0,1,0,0,0,0
8050,11.56,26241.40567550735,-659.6383232550305,5.0,8.04,3.0,-7625.419016828153,7625.419016828153,3138.0483456800653,15.0,116.83198947648592,14308.219178082192,0,1,0,0,0,0
8051,11.69,26155.652693484197,-659.6383232550305,5.0,8.04,3.0,-7711.171998851306,7711.171998851306,3138.0483456800653,15.0,116.83198947648592,14308.219178082192,0,1,0,0,0,0
8052,11.85,26050.110561763395,-659.6383232550305,5.0,8.04,3.0,-7816.714130572112,7816.714130572112,3138.0483456800653,15.0,116.83198947648592,14308.219178082192,0,1,0,0,0,0
8053,13.06,25251.948190624804,-659.6383232550305,5.0,8.04,3.0,-8614.876501710698,8614.876501710698,3138.0483456800653,15.0,116.83198947648592,14308.219178082192,0,1,0,0,0,0
8054,18.71,21524.991664233883,-659.6383232550305,5.0,8.04,3.0,-12341.83302810162,12341.83302810162,3138.0483456800653,15.0,116.83198947648592,14308.219178082192,0,1,0,0,0,0
8055,19.32,21122.612287048316,-659.6383232550305,5.0,8.04,3.0,-12744.21240528719,12744.21240528719,3138.0483456800653,15.0,116.83198947648592,14308.219178082192,0,1,0,0,0,0
8056,30.51,13741.25944982452,-659.6383232550305,5.0,8.04,3.0,-20125.565242510984,20125.565242510984,3138.0483456800653,15.0,116.83198947648592,14308.219178082192,0,1,0,0,0,0
8057,23.81,18160.83621563323,-659.6383232550305,5.0,8.04,3.0,-15705.988476702276,15705.988476702276,3138.0483456800653,15.0,116.83198947648592,14308.219178082192,0,1,0,0,0,0
8058,15.3,23774.358346533536,-659.6383232550305,5.0,8.04,3.0,-10092.466345801968,10092.466345801968,3138.0483456800653,15.0,116.83198947648592,14308.219178082192,0,1,0,0,0,0
8059,12.18,25832.429915089233,-659.6383232550305,5.0,8.04,3.0,-8034.394777246272,8034.394777246272,3138.0483456800653,15.0,116.83198947648592,14308.219178082192,0,1,0,0,0,0
8060,12.07,25904.990130647286,-659.6383232550305,5.0,8.04,3.0,-7961.834561688219,7961.834561688219,3138.0483456800653,15.0,116.83198947648592,14308.219178082192,0,1,0,0,0,0
8061,8.37,28345.651926690898,-659.6383232550305,5.0,8.04,3.0,-5521.172765644605,5521.172765644605,3138.0483456800653,15.0,116.83198947648592,14308.219178082192,0,1,0,0,0,0
8062,6.81,29374.68771096875,-659.6383232550305,5.0,8.04,3.0,-4492.136981366758,4492.136981366758,3138.0483456800653,15.0,116.83198947648592,14308.219178082192,0,1,0,0,0,0
8063,3.46,31584.476093873098,-659.6383232550305,5.0,8.04,3.0,-2282.3485984624053,2282.3485984624053,3138.0483456800653,15.0,116.83198947648592,14308.219178082192,0,1,0,0,0,0
8064,2.49,32224.32526743048,-659.6383232550305,5.0,8.04,3.0,-1642.4994249050262,1642.4994249050262,3138.0483456800653,15.0,116.83198947648592,14308.219178082192,0,1,0,0,0,0
8065,4.26,31056.765435269073,-659.6383232550305,5.0,8.04,3.0,-2810.05925706643,2810.05925706643,3138.0483456800653,15.0,116.83198947648592,14308.219178082192,0,1,0,0,0,0
8066,-1.3,34724.35451256704,-659.6383232550305,5.0,8.04,3.0,857.5298202315397,-857.5298202315397,3138.0483456800653,15.0,116.83198947648592,14308.219178082192,0,1,0,0,0,0
8067,5.54,30212.428381502636,-659.6383232550305,5.0,8.04,3.0,-3654.396310832869,3654.396310832869,3138.0483456800653,15.0,116.83198947648592,14308.219178082192,0,1,0,0,0,0
8068,14.68,24183.334106951654,-659.6383232550305,5.0,8.04,3.0,-9683.490585383848,9683.490585383848,3138.0483456800653,15.0,116.83198947648592,14308.219178082192,0,1,0,0,0,0
8069,27.96,15423.337174124848,-659.6383232550305,5.0,8.04,3.0,-18443.487518210655,18443.487518210655,3138.0483456800653,15.0,116.83198947648592,14308.219178082192,0,1,0,0,0,0
8070,30.34,13853.397964777876,-659.6383232550305,5.0,8.04,3.0,-20013.426727557624,20013.426727557624,3138.0483456800653,15.0,116.83198947648592,14308.219178082192,0,1,0,0,0,0
8071,37.23,9308.48991755072,-659.6383232550305,5.0,8.04,3.0,-24558.334774784784,24558.334774784784,3138.0483456800653,15.0,116.83198947648592,14308.219178082192,0,1,0,0,0,0
8072,71.13,3953.399081605913,650.0,0,8.04,3.0,46234.5,-46234.5,15071.972825128516,0,556.8949724310688,14308.219178082192,1,0,0,0,0,0
8073,37.05,9427.224815736627,-659.6383232550305,5.0,8.04,3.0,-24439.599876598877,24439.599876598877,3138.0483456800653,15.0,116.83198947648592,14308.219178082192,0,1,0,0,0,0
8074,34.72,10964.182108920846,-659.6383232550305,5.0,8.04,3.0,-22902.642583414658,22902.642583414658,3138.0483456800653,15.0,116.83198947648592,14308.219178082192,0,1,0,0,0,0
8075,42.63,5746.442971973553,-659.6383232550305,5.0,8.04,3.0,-28120.38172036195,28120.38172036195,3138.0483456800653,15.0,116.83198947648592,14308.219178082192,0,1,0,0,0,0
8076,40.73,6999.755786158112,-659.6383232550305,5.0,8.04,3.0,-26867.068906177392,26867.068906177392,3138.0483456800653,15.0,116.83198947648592,14308.219178082192,0,1,0,0,0,0
8077,34.49,11115.898923269502,-659.6383232550305,5.0,8.04,3.0,-22750.925769066005,22750.925769066005,3138.0483456800653,15.0,116.83198947648592,14308.219178082192,0,1,0,0,0,0
8078,38.26,8629.06244459804,-659.6383232550305,5.0,8.04,3.0,-25237.762247737464,25237.762247737464,3138.0483456800653,15.0,116.83198947648592,14308.219178082192,0,1,0,0,0,0
8079,40.08,7428.520696273885,-659.6383232550305,5.0,8.04,3.0,-26438.303996061622,26438.303996061622,3138.0483456800653,15.0,116.83198947648592,14308.219178082192,0,1,0,0,0,0
8080,46.98,2877.016265814175,-659.6383232550305,5.0,8.04,3.0,-30989.808426521333,30989.808426521333,3138.0483456800653,15.0,116.83198947648592,14308.219178082192,0,1,0,0,0,0
8081,47.76,2362.4983736752515,-659.6383232550305,5.0,8.04,3.0,-31504.326318660256,31504.326318660256,3138.0483456800653,15.0,116.83198947648592,14308.219178082192,0,1,0,0,0,0
8082,27.98,15410.14440765975,-659.6383232550305,5.0,8.04,3.0,-18456.680284675753,18456.680284675753,3138.0483456800653,15.0,116.83198947648592,14308.219178082192,0,1,0,0,0,0
8083,13.59,24902.339879299638,-659.6383232550305,5.0,8.04,3.0,-8964.484813035864,8964.484813035864,3138.0483456800653,15.0,116.83198947648592,14308.219178082192,0,1,0,0,0,0
8084,14.43,24348.243687765415,-659.6383232550305,5.0,8.04,3.0,-9518.581004570091,9518.581004570091,3138.0483456800653,15.0,116.83198947648592,14308.219178082192,0,1,0,0,0,0
8085,15.04,23945.864310579847,-659.6383232550305,5.0,8.04,3.0,-9920.960381755658,9920.960381755658,3138.0483456800653,15.0,116.83198947648592,14308.219178082192,0,1,0,0,0,0
8086,17.22,22507.85276588388,-659.6383232550305,5.0,8.04,3.0,-11358.971926451624,11358.971926451624,3138.0483456800653,15.0,116.83198947648592,14308.219178082192,0,1,0,0,0,0
8087,18.66,21557.973580396632,-659.6383232550305,5.0,8.04,3.0,-12308.85111193887,12308.85111193887,3138.0483456800653,15.0,116.83198947648592,14308.219178082192,0,1,0,0,0,0
8088,13.7,24829.77966374159,-659.6383232550305,5.0,8.04,3.0,-9037.045028593917,9037.045028593917,3138.0483456800653,15.0,116.83198947648592,14308.219178082192,0,1,0,0,0,0
8089,13.73,24809.990514043937,-659.6383232550305,5.0,8.04,3.0,-9056.834178291569,9056.834178291569,3138.0483456800653,15.0,116.83198947648592,14308.219178082192,0,1,0,0,0,0
8090,13.45,24994.689244555346,-659.6383232550305,5.0,8.04,3.0,-8872.13544778016,8872.13544778016,3138.0483456800653,15.0,116.83198947648592,14308.219178082192,0,1,0,0,0,0
8091,26.34,16491.951257798,-659.6383232550305,5.0,8.04,3.0,-17374.873434537505,17374.873434537505,3138.0483456800653,15.0,116.83198947648592,14308.219178082192,0,1,0,0,0,0
8092,13.0,25291.526490020107,-659.6383232550305,5.0,8.04,3.0,-8575.298202315396,8575.298202315396,3138.0483456800653,15.0,116.83198947648592,14308.219178082192,0,1,0,0,0,0
8093,19.91,20733.425676327846,-659.6383232550305,5.0,8.04,3.0,-13133.399016007657,13133.399016007657,3138.0483456800653,15.0,116.83198947648592,14308.219178082192,0,1,0,0,0,0
8094,30.37,13833.608815080228,-659.6383232550305,5.0,8.04,3.0,-20033.215877255276,20033.215877255276,3138.0483456800653,15.0,116.83198947648592,14308.219178082192,0,1,0,0,0,0
8095,24.83,17488.0051259131,-659.6383232550305,5.0,8.04,3.0,-16378.819566422406,16378.819566422406,3138.0483456800653,15.0,116.83198947648592,14308.219178082192,0,1,0,0,0,0
8096,21.92,19407.552646585234,-659.6383232550305,5.0,8.04,3.0,-14459.27204575027,14459.27204575027,3138.0483456800653,15.0,116.83198947648592,14308.219178082192,0,1,0,0,0,0
8097,35.64,10357.314851526218,-659.6383232550305,5.0,8.04,3.0,-23509.50984080929,23509.50984080929,3138.0483456800653,15.0,116.83198947648592,14308.219178082192,0,1,0,0,0,0
8098,38.77,8292.64689973797,-659.6383232550305,5.0,8.04,3.0,-25574.177792597537,25574.177792597537,3138.0483456800653,15.0,116.83198947648592,14308.219178082192,0,1,0,0,0,0
8099,35.94,10159.423354549708,-659.6383232550305,5.0,8.04,3.0,-23707.401337785795,23707.401337785795,3138.0483456800653,15.0,116.83198947648592,14308.219178082192,0,1,0,0,0,0
8100,38.61,8398.189031458776,-659.6383232550305,5.0,8.04,3.0,-25468.635660876727,25468.635660876727,3138.0483456800653,15.0,116.83198947648592,14308.219178082192,0,1,0,0,0,0
8101,35.24,10621.170180828227,-659.6383232550305,5.0,8.04,3.0,-23245.654511507277,23245.654511507277,3138.0483456800653,15.0,116.83198947648592,14308.219178082192,0,1,0,0,0,0
8102,29.67,14295.35564135875,-659.6383232550305,5.0,8.04,3.0,-19571.469050976757,19571.469050976757,3138.0483456800653,15.0,116.83198947648592,14308.219178082192,0,1,0,0,0,0
8103,27.26,15885.08400040337,-659.6383232550305,5.0,8.04,3.0,-17981.740691932133,17981.740691932133,3138.0483456800653,15.0,116.83198947648592,14308.219178082192,0,1,0,0,0,0
8104,17.42,22375.92510123287,-659.6383232550305,5.0,8.04,3.0,-11490.899591102632,11490.899591102632,3138.0483456800653,15.0,116.83198947648592,14308.219178082192,0,1,0,0,0,0
8105,14.78,24117.370274626155,-659.6383232550305,5.0,8.04,3.0,-9749.45441770935,9749.45441770935,3138.0483456800653,15.0,116.83198947648592,14308.219178082192,0,1,0,0,0,0
8106,10.84,26716.345268250974,-659.6383232550305,5.0,8.04,3.0,-7150.47942408453,7150.47942408453,3138.0483456800653,15.0,116.83198947648592,14308.219178082192,0,1,0,0,0,0
8107,4.93,30614.807758688203,-659.6383232550305,5.0,8.04,3.0,-3252.0169336473004,3252.0169336473004,3138.0483456800653,15.0,116.83198947648592,14308.219178082192,0,1,0,0,0,0
8108,4.3,31030.37990233887,-659.6383232550305,5.0,8.04,3.0,-2836.4447899966312,2836.4447899966312,3138.0483456800653,15.0,116.83198947648592,14308.219178082192,0,1,0,0,0,0
8109,0.57,33490.830848080135,-659.6383232550305,5.0,8.04,3.0,-375.9938442553674,375.9938442553674,3138.0483456800653,15.0,116.83198947648592,14308.219178082192,0,1,0,0,0,0
8110,3.52,31544.897794477794,-659.6383232550305,5.0,8.04,3.0,-2321.9268978577074,2321.9268978577074,3138.0483456800653,15.0,116.83198947648592,14308.219178082192,0,1,0,0,0,0
8111,-3.63,36261.31180575126,-659.6383232550305,5.0,8.04,3.0,2394.4871134157606,-2394.4871134157606,3138.0483456800653,15.0,116.83198947648592,14308.219178082192,0,1,0,0,0,0
8112,1.18,33088.451470894564,-659.6383232550305,5.0,8.04,3.0,-778.3732214409359,778.3732214409359,3138.0483456800653,15.0,116.83198947648592,14308.219178082192,0,1,0,0,0,0
8113,-0.85,34427.51726710228,-659.6383232550305,5.0,8.04,3.0,560.6925747667759,-560.6925747667759,3138.0483456800653,15.0,116.83198947648592,14308.219178082192,0,1,0,0,0,0
8114,5.19,30443.301794641895,-659.6383232550305,5.0,8.04,3.0,-3423.5228976936087,3423.5228976936087,3138.0483456800653,15.0,116.83198947648592,14308.219178082192,0,1,0,0,0,0
8115,7.13,29163.603447527137,-659.6383232550305,5.0,8.04,3.0,-4703.221244808367,4703.221244808367,3138.0483456800653,15.0,116.83198947648592,14308.219178082192,0,1,0,0,0,0
8116,11.29,26419.50802278621,-659.6383232550305,5.0,8.04,3.0,-7447.316669549294,7447.316669549294,3138.0483456800653,15.0,116.83198947648592,14308.219178082192,0,1,0,0,0,0
8117,33.91,11498.489150757421,-659.6383232550305,5.0,8.04,3.0,-22368.335541578082,22368.335541578082,3138.0483456800653,15.0,116.83198947648592,14308.219178082192,0,1,0,0,0,0
8118,39.65,7712.165175273545,-659.6383232550305,5.0,8.04,3.0,-26154.65951706196,26154.65951706196,3138.0483456800653,15.0,116.83198947648592,14308.219178082192,0,1,0,0,0,0
8119,273.49,135487.39908160592,650.0,0,8.04,3.0,177768.5,-177768.5,15071.972825128516,0,556.8949724310688,14308.219178082192,1,0,0,0,0,0
8120,85.43,13248.399081605916,650.0,0,8.04,3.0,55529.50000000001,-55529.50000000001,15071.972825128516,0,556.8949724310688,14308.219178082192,1,0,0,0,0,0
8121,89.24,15724.899081605916,650.0,0,8.04,3.0,58006.0,-58006.0,15071.972825128516,0,556.8949724310688,14308.219178082192,1,0,0,0,0,0
8122,55.34,-2637.5601165978874,-659.6383232550305,5.0,8.04,3.0,-36504.38480893339,36504.38480893339,3138.0483456800653,15.0,116.83198947648592,14308.219178082192,0,1,0,0,0,0
8123,54.32,-1964.7290268777501,-659.6383232550305,5.0,8.04,3.0,-35831.553719213254,35831.553719213254,3138.0483456800653,15.0,116.83198947648592,14308.219178082192,0,1,0,0,0,0
8124,54.03,-1773.4339131337906,-659.6383232550305,5.0,8.04,3.0,-35640.2586054693,35640.2586054693,3138.0483456800653,15.0,116.83198947648592,14308.219178082192,0,1,0,0,0,0
8125,43.66,5067.015499020876,-659.6383232550305,5.0,8.04,3.0,-28799.80919331463,28799.80919331463,3138.0483456800653,15.0,116.83198947648592,14308.219178082192,0,1,0,0,0,0
8126,35.49,10456.26060001447,-659.6383232550305,5.0,8.04,3.0,-23410.564092321034,23410.564092321034,3138.0483456800653,15.0,116.83198947648592,14308.219178082192,0,1,0,0,0,0
8127,40.92,6874.424504739654,-659.6383232550305,5.0,8.04,3.0,-26992.40018759585,26992.40018759585,3138.0483456800653,15.0,116.83198947648592,14308.219178082192,0,1,0,0,0,0
8128,44.75,4348.009726672888,-659.6383232550305,5.0,8.04,3.0,-29518.814965662616,29518.814965662616,3138.0483456800653,15.0,116.83198947648592,14308.219178082192,0,1,0,0,0,0
8129,55.16,-2518.825218411977,-659.6383232550305,5.0,8.04,3.0,-36385.64991074748,36385.64991074748,3138.0483456800653,15.0,116.83198947648592,14308.219178082192,0,1,0,0,0,0
8130,86.28,13800.899081605916,650.0,0,8.04,3.0,56082.0,-56082.0,15071.972825128516,0,556.8949724310688,14308.219178082192,1,0,0,0,0,0
8131,72.81,5045.399081605917,650.0,0,8.04,3.0,47326.5,-47326.5,15071.972825128516,0,556.8949724310688,14308.219178082192,1,0,0,0,0,0
8132,49.45,1247.7096073742437,-659.6383232550305,5.0,8.04,3.0,-32619.11508496126,32619.11508496126,3138.0483456800653,15.0,116.83198947648592,14308.219178082192,0,1,0,0,0,0
8133,53.29,-1285.3015539250696,-659.6383232550305,5.0,8.04,3.0,-35152.126246260574,35152.126246260574,3138.0483456800653,15.0,116.83198947648592,14308.219178082192,0,1,0,0,0,0
8134,124.38,38565.89908160592,650.0,0,8.04,3.0,80847.0,-80847.0,15071.972825128516,0,556.8949724310688,14308.219178082192,1,0,0,0,0,0
8135,48.88,1623.7034516296121,-659.6383232550305,5.0,8.04,3.0,-32243.121240705892,32243.121240705892,3138.0483456800653,15.0,116.83198947648592,14308.219178082192,0,1,0,0,0,0
8136,37.2,9328.279067248368,-659.6383232550305,5.0,8.04,3.0,-24538.545625087136,24538.545625087136,3138.0483456800653,15.0,116.83198947648592,14308.219178082192,0,1,0,0,0,0
8137,32.66,12323.03705482621,-659.6383232550305,5.0,8.04,3.0,-21543.787637509293,21543.787637509293,3138.0483456800653,15.0,116.83198947648592,14308.219178082192,0,1,0,0,0,0
8138,29.89,14150.235210242641,-659.6383232550305,5.0,8.04,3.0,-19716.589482092862,19716.589482092862,3138.0483456800653,15.0,116.83198947648592,14308.219178082192,0,1,0,0,0,0
8139,27.39,15799.331018380217,-659.6383232550305,5.0,8.04,3.0,-18067.493673955287,18067.493673955287,3138.0483456800653,15.0,116.83198947648592,14308.219178082192,0,1,0,0,0,0
8140,28.39,15139.692695125188,-659.6383232550305,5.0,8.04,3.0,-18727.131997210316,18727.131997210316,3138.0483456800653,15.0,116.83198947648592,14308.219178082192,0,1,0,0,0,0
8141,29.69,14282.16287489365,-659.6383232550305,5.0,8.04,3.0,-19584.661817441858,19584.661817441858,3138.0483456800653,15.0,116.83198947648592,14308.219178082192,0,1,0,0,0,0
8142,38.88,8220.086684179918,-659.6383232550305,5.0,8.04,3.0,-25646.73800815559,25646.73800815559,3138.0483456800653,15.0,116.83198947648592,14308.219178082192,0,1,0,0,0,0
8143,51.35,-5.60320681031547,-659.6383232550305,5.0,8.04,3.0,-33872.42789914582,33872.42789914582,3138.0483456800653,15.0,116.83198947648592,14308.219178082192,0,1,0,0,0,0
8144,54.62,-2162.6205238542602,-659.6383232550305,5.0,8.04,3.0,-36029.445216189764,36029.445216189764,3138.0483456800653,15.0,116.83198947648592,14308.219178082192,0,1,0,0,0,0
8145,55.21,-2551.80713457473,-659.6383232550305,5.0,8.04,3.0,-36418.631826910234,36418.631826910234,3138.0483456800653,15.0,116.83198947648592,14308.219178082192,0,1,0,0,0,0
8146,331.63,173278.39908160592,650.0,0,8.04,3.0,215559.5,-215559.5,15071.972825128516,0,556.8949724310688,14308.219178082192,1,0,0,0,0,0
8147,46.72,3048.522229860479,-659.6383232550305,5.0,8.04,3.0,-30818.302462475025,30818.302462475025,3138.0483456800653,15.0,116.83198947648592,14308.219178082192,0,1,0,0,0,0
8148,43.74,5014.244433160471,-659.6383232550305,5.0,8.04,3.0,-28852.580259175036,28852.580259175036,3138.0483456800653,15.0,116.83198947648592,14308.219178082192,0,1,0,0,0,0
8149,43.71,5034.033582858119,-659.6383232550305,5.0,8.04,3.0,-28832.791109477384,28832.791109477384,3138.0483456800653,15.0,116.83198947648592,14308.219178082192,0,1,0,0,0,0
8150,72.34,4739.899081605913,650.0,0,8.04,3.0,47021.0,-47021.0,15071.972825128516,0,556.8949724310688,14308.219178082192,1,0,0,0,0,0
8151,79.79,9582.399081605916,650.0,0,8.04,3.0,51863.50000000001,-51863.50000000001,15071.972825128516,0,556.8949724310688,14308.219178082192,1,0,0,0,0,0
8152,69.7,3023.899081605913,650.0,0,8.04,3.0,45305.0,-45305.0,15071.972825128516,0,556.8949724310688,14308.219178082192,1,0,0,0,0,0
8153,85.75,13456.399081605916,650.0,0,8.04,3.0,55737.5,-55737.5,15071.972825128516,0,556.8949724310688,14308.219178082192,1,0,0,0,0,0
8154,103.53,25013.399081605916,650.0,0,8.04,3.0,67294.5,-67294.5,15071.972825128516,0,556.8949724310688,14308.219178082192,1,0,0,0,0,0
8155,91.16,16972.899081605916,650.0,0,8.04,3.0,59254.0,-59254.0,15071.972825128516,0,556.8949724310688,14308.219178082192,1,0,0,0,0,0
8156,68.68,2360.8990816059204,650.0,0,8.04,3.0,44642.00000000001,-44642.00000000001,15071.972825128516,0,556.8949724310688,14308.219178082192,1,0,0,0,0,0
8157,113.18,31285.899081605916,650.0,0,8.04,3.0,73567.0,-73567.0,15071.972825128516,0,556.8949724310688,14308.219178082192,1,0,0,0,0,0
8158,60.89,-2702.600918394087,650.0,0,8.04,3.0,39578.5,-39578.5,15071.972825128516,0,556.8949724310688,14308.219178082192,1,0,0,0,0,0
8159,55.31,-2617.7709669002356,-659.6383232550305,5.0,8.04,3.0,-36484.59565923574,36484.59565923574,3138.0483456800653,15.0,116.83198947648592,14308.219178082192,0,1,0,0,0,0
8160,38.28,8615.869678132934,-659.6383232550305,5.0,8.04,3.0,-25250.95501420257,25250.95501420257,3138.0483456800653,15.0,116.83198947648592,14308.219178082192,0,1,0,0,0,0
8161,32.53,12408.790036849361,-659.6383232550305,5.0,8.04,3.0,-21458.034655486143,21458.034655486143,3138.0483456800653,15.0,116.83198947648592,14308.219178082192,0,1,0,0,0,0
8162,32.08,12705.627282314126,-659.6383232550305,5.0,8.04,3.0,-21161.197410021377,21161.197410021377,3138.0483456800653,15.0,116.83198947648592,14308.219178082192,0,1,0,0,0,0
8163,30.37,13833.608815080228,-659.6383232550305,5.0,8.04,3.0,-20033.215877255276,20033.215877255276,3138.0483456800653,15.0,116.83198947648592,14308.219178082192,0,1,0,0,0,0
8164,32.1,12692.434515849021,-659.6383232550305,5.0,8.04,3.0,-21174.390176486482,21174.390176486482,3138.0483456800653,15.0,116.83198947648592,14308.219178082192,0,1,0,0,0,0
8165,33.26,11927.254060873187,-659.6383232550305,5.0,8.04,3.0,-21939.570631462313,21939.570631462313,3138.0483456800653,15.0,116.83198947648592,14308.219178082192,0,1,0,0,0,0
8166,32.17,12646.259833221171,-659.6383232550305,5.0,8.04,3.0,-21220.564859114333,21220.564859114333,3138.0483456800653,15.0,116.83198947648592,14308.219178082192,0,1,0,0,0,0
8167,34.31,11234.633821455405,-659.6383232550305,5.0,8.04,3.0,-22632.1908708801,22632.1908708801,3138.0483456800653,15.0,116.83198947648592,14308.219178082192,0,1,0,0,0,0
8168,38.47,8490.53839671448,-659.6383232550305,5.0,8.04,3.0,-25376.286295621023,25376.286295621023,3138.0483456800653,15.0,116.83198947648592,14308.219178082192,0,1,0,0,0,0
8169,33.02,12085.567258454397,-659.6383232550305,5.0,8.04,3.0,-21781.25743388111,21781.25743388111,3138.0483456800653,15.0,116.83198947648592,14308.219178082192,0,1,0,0,0,0
8170,38.39,8543.309462574882,-659.6383232550305,5.0,8.04,3.0,-25323.515229760622,25323.515229760622,3138.0483456800653,15.0,116.83198947648592,14308.219178082192,0,1,0,0,0,0
8171,41.33,6603.972792205095,-659.6383232550305,5.0,8.04,3.0,-27262.85190013041,27262.85190013041,3138.0483456800653,15.0,116.83198947648592,14308.219178082192,0,1,0,0,0,0
8172,44.76,4341.4133434403375,-659.6383232550305,5.0,8.04,3.0,-29525.411348895166,29525.411348895166,3138.0483456800653,15.0,116.83198947648592,14308.219178082192,0,1,0,0,0,0
8173,41.49,6498.43066048429,-659.6383232550305,5.0,8.04,3.0,-27368.394031851218,27368.394031851218,3138.0483456800653,15.0,116.83198947648592,14308.219178082192,0,1,0,0,0,0
8174,40.77,6973.370253227909,-659.6383232550305,5.0,8.04,3.0,-26893.454439107598,26893.454439107598,3138.0483456800653,15.0,116.83198947648592,14308.219178082192,0,1,0,0,0,0
8175,40.1,7415.32792980878,-659.6383232550305,5.0,8.04,3.0,-26451.496762526724,26451.496762526724,3138.0483456800653,15.0,116.83198947648592,14308.219178082192,0,1,0,0,0,0
8176,42.18,6043.280217438318,-659.6383232550305,5.0,8.04,3.0,-27823.544474897186,27823.544474897186,3138.0483456800653,15.0,116.83198947648592,14308.219178082192,0,1,0,0,0,0
8177,46.85,2962.7692478373215,-659.6383232550305,5.0,8.04,3.0,-30904.05544449818,30904.05544449818,3138.0483456800653,15.0,116.83198947648592,14308.219178082192,0,1,0,0,0,0
8178,47.17,2751.684984395714,-659.6383232550305,5.0,8.04,3.0,-31115.13970793979,31115.13970793979,3138.0483456800653,15.0,116.83198947648592,14308.219178082192,0,1,0,0,0,0
8179,39.19,8015.598803970857,-659.6383232550305,5.0,8.04,3.0,-25851.225888364643,25851.225888364643,3138.0483456800653,15.0,116.83198947648592,14308.219178082192,0,1,0,0,0,0
8180,31.37,13173.970491825195,-659.6383232550305,5.0,8.04,3.0,-20692.854200510308,20692.854200510308,3138.0483456800653,15.0,116.83198947648592,14308.219178082192,0,1,0,0,0,0
8181,31.05,13385.054755266807,-659.6383232550305,5.0,8.04,3.0,-20481.769937068697,20481.769937068697,3138.0483456800653,15.0,116.83198947648592,14308.219178082192,0,1,0,0,0,0
8182,25.38,17125.20404812283,-659.6383232550305,5.0,8.04,3.0,-16741.620644212675,16741.620644212675,3138.0483456800653,15.0,116.83198947648592,14308.219178082192,0,1,0,0,0,0
8183,24.2,17903.577269563764,-659.6383232550305,5.0,8.04,3.0,-15963.247422771738,15963.247422771738,3138.0483456800653,15.0,116.83198947648592,14308.219178082192,0,1,0,0,0,0
8184,25.04,17349.48107802954,-659.6383232550305,5.0,8.04,3.0,-16517.343614305963,16517.343614305963,3138.0483456800653,15.0,116.83198947648592,14308.219178082192,0,1,0,0,0,0
8185,24.32,17824.420670773165,-659.6383232550305,5.0,8.04,3.0,-16042.404021562343,16042.404021562343,3138.0483456800653,15.0,116.83198947648592,14308.219178082192,0,1,0,0,0,0
8186,22.89,18767.703473027854,-659.6383232550305,5.0,8.04,3.0,-15099.121219307648,15099.121219307648,3138.0483456800653,15.0,116.83198947648592,14308.219178082192,0,1,0,0,0,0
8187,23.4,18431.28792816779,-659.6383232550305,5.0,8.04,3.0,-15435.536764167713,15435.536764167713,3138.0483456800653,15.0,116.83198947648592,14308.219178082192,0,1,0,0,0,0
8188,24.58,17652.914706726857,-659.6383232550305,5.0,8.04,3.0,-16213.909985608649,16213.909985608649,3138.0483456800653,15.0,116.83198947648592,14308.219178082192,0,1,0,0,0,0
8189,24.88,17455.023209750347,-659.6383232550305,5.0,8.04,3.0,-16411.801482585157,16411.801482585157,3138.0483456800653,15.0,116.83198947648592,14308.219178082192,0,1,0,0,0,0
8190,26.99,16063.186347682233,-659.6383232550305,5.0,8.04,3.0,-17803.63834465327,17803.63834465327,3138.0483456800653,15.0,116.83198947648592,14308.219178082192,0,1,0,0,0,0
8191,28.4,15133.096311892637,-659.6383232550305,5.0,8.04,3.0,-18733.728380442866,18733.728380442866,3138.0483456800653,15.0,116.83198947648592,14308.219178082192,0,1,0,0,0,0
8192,45.04,4156.714612928932,-659.6383232550305,5.0,8.04,3.0,-29710.110079406575,29710.110079406575,3138.0483456800653,15.0,116.83198947648592,14308.219178082192,0,1,0,0,0,0
8193,39.2,8009.002420738307,-659.6383232550305,5.0,8.04,3.0,-25857.822271597197,25857.822271597197,3138.0483456800653,15.0,116.83198947648592,14308.219178082192,0,1,0,0,0,0
8194,46.93,2909.9981819769205,-659.6383232550305,5.0,8.04,3.0,-30956.826510358584,30956.826510358584,3138.0483456800653,15.0,116.83198947648592,14308.219178082192,0,1,0,0,0,0
8195,53.05,-1126.988356343863,-659.6383232550305,5.0,8.04,3.0,-34993.81304867937,34993.81304867937,3138.0483456800653,15.0,116.83198947648592,14308.219178082192,0,1,0,0,0,0
8196,62.61,-1584.6009183940869,650.0,0,8.04,3.0,40696.5,-40696.5,15071.972825128516,0,556.8949724310688,14308.219178082192,1,0,0,0,0,0
8197,123.84,38214.89908160592,650.0,0,8.04,3.0,80496.0,-80496.0,15071.972825128516,0,556.8949724310688,14308.219178082192,1,0,0,0,0,0
8198,58.21,-4444.600918394087,650.0,0,8.04,3.0,37836.5,-37836.5,15071.972825128516,0,556.8949724310688,14308.219178082192,1,0,0,0,0,0
8199,43.15,5403.431043880941,-659.6383232550305,5.0,8.04,3.0,-28463.393648454567,28463.393648454567,3138.0483456800653,15.0,116.83198947648592,14308.219178082192,0,1,0,0,0,0
8200,42.58,5779.4248881363055,-659.6383232550305,5.0,8.04,3.0,-28087.399804199198,28087.399804199198,3138.0483456800653,15.0,116.83198947648592,14308.219178082192,0,1,0,0,0,0
8201,50.51,548.4929847239114,-659.6383232550305,5.0,8.04,3.0,-33318.33170761159,33318.33170761159,3138.0483456800653,15.0,116.83198947648592,14308.219178082192,0,1,0,0,0,0
8202,42.29,5970.720001880265,-659.6383232550305,5.0,8.04,3.0,-27896.10469045524,27896.10469045524,3138.0483456800653,15.0,116.83198947648592,14308.219178082192,0,1,0,0,0,0
8203,39.03,8121.140935691663,-659.6383232550305,5.0,8.04,3.0,-25745.68375664384,25745.68375664384,3138.0483456800653,15.0,116.83198947648592,14308.219178082192,0,1,0,0,0,0
8204,35.6,10383.700384456417,-659.6383232550305,5.0,8.04,3.0,-23483.124307879087,23483.124307879087,3138.0483456800653,15.0,116.83198947648592,14308.219178082192,0,1,0,0,0,0
8205,31.21,13279.512623546001,-659.6383232550305,5.0,8.04,3.0,-20587.312068789503,20587.312068789503,3138.0483456800653,15.0,116.83198947648592,14308.219178082192,0,1,0,0,0,0
8206,28.45,15100.114395729888,-659.6383232550305,5.0,8.04,3.0,-18766.71029660562,18766.71029660562,3138.0483456800653,15.0,116.83198947648592,14308.219178082192,0,1,0,0,0,0
8207,30.25,13912.765413870831,-659.6383232550305,5.0,8.04,3.0,-19954.059278464672,19954.059278464672,3138.0483456800653,15.0,116.83198947648592,14308.219178082192,0,1,0,0,0,0
8208,26.32,16505.1440242631,-659.6383232550305,5.0,8.04,3.0,-17361.680668072404,17361.680668072404,3138.0483456800653,15.0,116.83198947648592,14308.219178082192,0,1,0,0,0,0
8209,17.79,22131.85892162851,-659.6383232550305,5.0,8.04,3.0,-11734.965770706993,11734.965770706993,3138.0483456800653,15.0,116.83198947648592,14308.219178082192,0,1,0,0,0,0
8210,14.1,24565.924334439573,-659.6383232550305,5.0,8.04,3.0,-9300.90035789593,9300.90035789593,3138.0483456800653,15.0,116.83198947648592,14308.219178082192,0,1,0,0,0,0
8211,20.71,20205.71501772382,-659.6383232550305,5.0,8.04,3.0,-13661.109674611682,13661.109674611682,3138.0483456800653,15.0,116.83198947648592,14308.219178082192,0,1,0,0,0,0
8212,21.45,19717.5826585151,-659.6383232550305,5.0,8.04,3.0,-14149.242033820405,14149.242033820405,3138.0483456800653,15.0,116.83198947648592,14308.219178082192,0,1,0,0,0,0
8213,18.76,21492.00974807113,-659.6383232550305,5.0,8.04,3.0,-12374.814944264373,12374.814944264373,3138.0483456800653,15.0,116.83198947648592,14308.219178082192,0,1,0,0,0,0
8214,28.56,15027.554180171832,-659.6383232550305,5.0,8.04,3.0,-18839.27051216367,18839.27051216367,3138.0483456800653,15.0,116.83198947648592,14308.219178082192,0,1,0,0,0,0
8215,32.02,12745.205581709422,-659.6383232550305,5.0,8.04,3.0,-21121.619110626078,21121.619110626078,3138.0483456800653,15.0,116.83198947648592,14308.219178082192,0,1,0,0,0,0
8216,42.58,5779.4248881363055,-659.6383232550305,5.0,8.04,3.0,-28087.399804199198,28087.399804199198,3138.0483456800653,15.0,116.83198947648592,14308.219178082192,0,1,0,0,0,0
8217,44.92,4235.871211719532,-659.6383232550305,5.0,8.04,3.0,-29630.95348061597,29630.95348061597,3138.0483456800653,15.0,116.83198947648592,14308.219178082192,0,1,0,0,0,0
8218,42.52,5819.003187531605,-659.6383232550305,5.0,8.04,3.0,-28047.8215048039,28047.8215048039,3138.0483456800653,15.0,116.83198947648592,14308.219178082192,0,1,0,0,0,0
8219,43.72,5027.437199625569,-659.6383232550305,5.0,8.04,3.0,-28839.387492709935,28839.387492709935,3138.0483456800653,15.0,116.83198947648592,14308.219178082192,0,1,0,0,0,0
8220,49.51,1208.1313079789475,-659.6383232550305,5.0,8.04,3.0,-32658.69338435656,32658.69338435656,3138.0483456800653,15.0,116.83198947648592,14308.219178082192,0,1,0,0,0,0
8221,53.47,-1404.03645211098,-659.6383232550305,5.0,8.04,3.0,-35270.861144446484,35270.861144446484,3138.0483456800653,15.0,116.83198947648592,14308.219178082192,0,1,0,0,0,0
8222,51.35,-5.60320681031547,-659.6383232550305,5.0,8.04,3.0,-33872.42789914582,33872.42789914582,3138.0483456800653,15.0,116.83198947648592,14308.219178082192,0,1,0,0,0,0
8223,64.03,-661.600918394087,650.0,0,8.04,3.0,41619.5,-41619.5,15071.972825128516,0,556.8949724310688,14308.219178082192,1,0,0,0,0,0
8224,46.42,3246.4137268369855,-659.6383232550305,5.0,8.04,3.0,-30620.41096549852,30620.41096549852,3138.0483456800653,15.0,116.83198947648592,14308.219178082192,0,1,0,0,0,0
8225,60.19,-3157.600918394087,650.0,0,8.04,3.0,39123.5,-39123.5,15071.972825128516,0,556.8949724310688,14308.219178082192,1,0,0,0,0,0
8226,59.09,-3872.600918394087,650.0,0,8.04,3.0,38408.5,-38408.5,15071.972825128516,0,556.8949724310688,14308.219178082192,1,0,0,0,0,0
8227,54.12,-1832.8013622267458,-659.6383232550305,5.0,8.04,3.0,-35699.62605456225,35699.62605456225,3138.0483456800653,15.0,116.83198947648592,14308.219178082192,0,1,0,0,0,0
8228,210.88,94790.89908160592,650.0,0,8.04,3.0,137072.0,-137072.0,15071.972825128516,0,556.8949724310688,14308.219178082192,1,0,0,0,0,0
8229,42.23,6010.298301275565,-659.6383232550305,5.0,8.04,3.0,-27856.526391059935,27856.526391059935,3138.0483456800653,15.0,116.83198947648592,14308.219178082192,0,1,0,0,0,0
8230,78.23,8568.399081605916,650.0,0,8.04,3.0,50849.5,-50849.5,15071.972825128516,0,556.8949724310688,14308.219178082192,1,0,0,0,0,0
8231,234.32,110026.89908160592,650.0,0,8.04,3.0,152308.0,-152308.0,15071.972825128516,0,556.8949724310688,14308.219178082192,1,0,0,0,0,0
8232,115.76,32962.89908160592,650.0,0,8.04,3.0,75244.0,-75244.0,15071.972825128516,0,556.8949724310688,14308.219178082192,1,0,0,0,0,0
8233,150.76,55712.89908160592,650.0,0,8.04,3.0,97994.0,-97994.0,15071.972825128516,0,556.8949724310688,14308.219178082192,1,0,0,0,0,0
8234,34.18,11320.386803478563,-659.6383232550305,5.0,8.04,3.0,-22546.437888856944,22546.437888856944,3138.0483456800653,15.0,116.83198947648592,14308.219178082192,0,1,0,0,0,0
8235,36.26,9948.3390911081,-659.6383232550305,5.0,8.04,3.0,-23918.485601227407,23918.485601227407,3138.0483456800653,15.0,116.83198947648592,14308.219178082192,0,1,0,0,0,0
8236,50.32,673.8242661423724,-659.6383232550305,5.0,8.04,3.0,-33193.00042619314,33193.00042619314,3138.0483456800653,15.0,116.83198947648592,14308.219178082192,0,1,0,0,0,0
8237,91.29,17057.399081605916,650.0,0,8.04,3.0,59338.50000000001,-59338.50000000001,15071.972825128516,0,556.8949724310688,14308.219178082192,1,0,0,0,0,0
8238,29.96,14104.06052761479,-659.6383232550305,5.0,8.04,3.0,-19762.764164720717,19762.764164720717,3138.0483456800653,15.0,116.83198947648592,14308.219178082192,0,1,0,0,0,0
8239,32.38,12507.735785337612,-659.6383232550305,5.0,8.04,3.0,-21359.08890699789,21359.08890699789,3138.0483456800653,15.0,116.83198947648592,14308.219178082192,0,1,0,0,0,0
8240,109.05,28601.399081605916,650.0,0,8.04,3.0,70882.5,-70882.5,15071.972825128516,0,556.8949724310688,14308.219178082192,1,0,0,0,0,0
8241,123.83,38208.39908160592,650.0,0,8.04,3.0,80489.5,-80489.5,15071.972825128516,0,556.8949724310688,14308.219178082192,1,0,0,0,0,0
8242,81.13,10453.399081605916,650.0,0,8.04,3.0,52734.5,-52734.5,15071.972825128516,0,556.8949724310688,14308.219178082192,1,0,0,0,0,0
8243,119.07,35114.39908160592,650.0,0,8.04,3.0,77395.5,-77395.5,15071.972825128516,0,556.8949724310688,14308.219178082192,1,0,0,0,0,0
8244,60.65,-2858.600918394087,650.0,0,8.04,3.0,39422.5,-39422.5,15071.972825128516,0,556.8949724310688,14308.219178082192,1,0,0,0,0,0
8245,57.05,-3765.5416493639855,-659.6383232550305,5.0,8.04,3.0,-37632.36634169949,37632.36634169949,3138.0483456800653,15.0,116.83198947648592,14308.219178082192,0,1,0,0,0,0
8246,47.21,2725.2994514655115,-659.6383232550305,5.0,8.04,3.0,-31141.525240869993,31141.525240869993,3138.0483456800653,15.0,116.83198947648592,14308.219178082192,0,1,0,0,0,0
8247,48.13,2118.4321940708837,-659.6383232550305,5.0,8.04,3.0,-31748.39249826462,31748.39249826462,3138.0483456800653,15.0,116.83198947648592,14308.219178082192,0,1,0,0,0,0
8248,48.1,2138.221343768539,-659.6383232550305,5.0,8.04,3.0,-31728.60334856697,31728.60334856697,3138.0483456800653,15.0,116.83198947648592,14308.219178082192,0,1,0,0,0,0
8249,47.99,2210.781559326588,-659.6383232550305,5.0,8.04,3.0,-31656.043133008916,31656.043133008916,3138.0483456800653,15.0,116.83198947648592,14308.219178082192,0,1,0,0,0,0
8250,50.24,726.5953320027697,-659.6383232550305,5.0,8.04,3.0,-33140.229360332734,33140.229360332734,3138.0483456800653,15.0,116.83198947648592,14308.219178082192,0,1,0,0,0,0
8251,43.3,5304.485295392686,-659.6383232550305,5.0,8.04,3.0,-28562.339396942818,28562.339396942818,3138.0483456800653,15.0,116.83198947648592,14308.219178082192,0,1,0,0,0,0
8252,54.45,-2050.4820089009077,-659.6383232550305,5.0,8.04,3.0,-35917.30670123641,35917.30670123641,3138.0483456800653,15.0,116.83198947648592,14308.219178082192,0,1,0,0,0,0
8253,58.04,-4418.583589386464,-659.6383232550305,5.0,8.04,3.0,-38285.40828172197,38285.40828172197,3138.0483456800653,15.0,116.83198947648592,14308.219178082192,0,1,0,0,0,0
8254,43.48,5185.7503972067825,-659.6383232550305,5.0,8.04,3.0,-28681.074295128725,28681.074295128725,3138.0483456800653,15.0,116.83198947648592,14308.219178082192,0,1,0,0,0,0
8255,38.1,8734.604576318841,-659.6383232550305,5.0,8.04,3.0,-25132.220116016662,25132.220116016662,3138.0483456800653,15.0,116.83198947648592,14308.219178082192,0,1,0,0,0,0
8256,42.96,5528.762325299394,-659.6383232550305,5.0,8.04,3.0,-28338.062367036113,28338.062367036113,3138.0483456800653,15.0,116.83198947648592,14308.219178082192,0,1,0,0,0,0
8257,38.27,8622.466061365485,-659.6383232550305,5.0,8.04,3.0,-25244.35863097002,25244.35863097002,3138.0483456800653,15.0,116.83198947648592,14308.219178082192,0,1,0,0,0,0
8258,34.63,11023.549558013794,-659.6383232550305,5.0,8.04,3.0,-22843.27513432171,22843.27513432171,3138.0483456800653,15.0,116.83198947648592,14308.219178082192,0,1,0,0,0,0
8259,35.26,10607.97741436313,-659.6383232550305,5.0,8.04,3.0,-23258.847277972374,23258.847277972374,3138.0483456800653,15.0,116.83198947648592,14308.219178082192,0,1,0,0,0,0
8260,33.05,12065.778108756745,-659.6383232550305,5.0,8.04,3.0,-21801.046583578758,21801.046583578758,3138.0483456800653,15.0,116.83198947648592,14308.219178082192,0,1,0,0,0,0
8261,34.07,11392.947019036616,-659.6383232550305,5.0,8.04,3.0,-22473.877673298888,22473.877673298888,3138.0483456800653,15.0,116.83198947648592,14308.219178082192,0,1,0,0,0,0
8262,32.16,12652.856216453725,-659.6383232550305,5.0,8.04,3.0,-21213.96847588178,21213.96847588178,3138.0483456800653,15.0,116.83198947648592,14308.219178082192,0,1,0,0,0,0
8263,24.24,17877.191736633566,-659.6383232550305,5.0,8.04,3.0,-15989.632955701938,15989.632955701938,3138.0483456800653,15.0,116.83198947648592,14308.219178082192,0,1,0,0,0,0
8264,26.37,16472.16210810035,-659.6383232550305,5.0,8.04,3.0,-17394.662584235157,17394.662584235157,3138.0483456800653,15.0,116.83198947648592,14308.219178082192,0,1,0,0,0,0
8265,25.27,17197.764263680885,-659.6383232550305,5.0,8.04,3.0,-16669.060428654622,16669.060428654622,3138.0483456800653,15.0,116.83198947648592,14308.219178082192,0,1,0,0,0,0
8266,24.75,17540.776191773497,-659.6383232550305,5.0,8.04,3.0,-16326.048500562005,16326.048500562005,3138.0483456800653,15.0,116.83198947648592,14308.219178082192,0,1,0,0,0,0
8267,26.23,16564.511473356055,-659.6383232550305,5.0,8.04,3.0,-17302.313218979452,17302.313218979452,3138.0483456800653,15.0,116.83198947648592,14308.219178082192,0,1,0,0,0,0
8268,25.8,16848.155952355715,-659.6383232550305,5.0,8.04,3.0,-17018.66873997979,17018.66873997979,3138.0483456800653,15.0,116.83198947648592,14308.219178082192,0,1,0,0,0,0
8269,26.27,16538.125940425853,-659.6383232550305,5.0,8.04,3.0,-17328.69875190965,17328.69875190965,3138.0483456800653,15.0,116.83198947648592,14308.219178082192,0,1,0,0,0,0
8270,27.06,16017.011665054379,-659.6383232550305,5.0,8.04,3.0,-17849.813027281125,17849.813027281125,3138.0483456800653,15.0,116.83198947648592,14308.219178082192,0,1,0,0,0,0
8271,24.88,17455.023209750347,-659.6383232550305,5.0,8.04,3.0,-16411.801482585157,16411.801482585157,3138.0483456800653,15.0,116.83198947648592,14308.219178082192,0,1,0,0,0,0
8272,31.26,13246.530707383248,-659.6383232550305,5.0,8.04,3.0,-20620.293984952255,20620.293984952255,3138.0483456800653,15.0,116.83198947648592,14308.219178082192,0,1,0,0,0,0
8273,18.57,21617.341029489588,-659.6383232550305,5.0,8.04,3.0,-12249.483662845916,12249.483662845916,3138.0483456800653,15.0,116.83198947648592,14308.219178082192,0,1,0,0,0,0
8274,23.96,18061.89046714497,-659.6383232550305,5.0,8.04,3.0,-15804.934225190531,15804.934225190531,3138.0483456800653,15.0,116.83198947648592,14308.219178082192,0,1,0,0,0,0
8275,32.59,12369.211737454058,-659.6383232550305,5.0,8.04,3.0,-21497.612954881446,21497.612954881446,3138.0483456800653,15.0,116.83198947648592,14308.219178082192,0,1,0,0,0,0
8276,22.66,18919.420287376513,-659.6383232550305,5.0,8.04,3.0,-14947.404404958992,14947.404404958992,3138.0483456800653,15.0,116.83198947648592,14308.219178082192,0,1,0,0,0,0
8277,24.18,17916.770036028865,-659.6383232550305,5.0,8.04,3.0,-15950.054656306638,15950.054656306638,3138.0483456800653,15.0,116.83198947648592,14308.219178082192,0,1,0,0,0,0
8278,22.92,18747.914323330202,-659.6383232550305,5.0,8.04,3.0,-15118.9103690053,15118.9103690053,3138.0483456800653,15.0,116.83198947648592,14308.219178082192,0,1,0,0,0,0
8279,22.29,19163.486466980874,-659.6383232550305,5.0,8.04,3.0,-14703.33822535463,14703.33822535463,3138.0483456800653,15.0,116.83198947648592,14308.219178082192,0,1,0,0,0,0
8280,15.25,23807.34026269629,-659.6383232550305,5.0,8.04,3.0,-10059.484429639215,10059.484429639215,3138.0483456800653,15.0,116.83198947648592,14308.219178082192,0,1,0,0,0,0
8281,23.27,18517.040910190946,-659.6383232550305,5.0,8.04,3.0,-15349.78378214456,15349.78378214456,3138.0483456800653,15.0,116.83198947648592,14308.219178082192,0,1,0,0,0,0
8282,19.14,21241.34718523422,-659.6383232550305,5.0,8.04,3.0,-12625.477507101285,12625.477507101285,3138.0483456800653,15.0,116.83198947648592,14308.219178082192,0,1,0,0,0,0
8283,12.83,25403.665004973464,-659.6383232550305,5.0,8.04,3.0,-8463.159687362042,8463.159687362042,3138.0483456800653,15.0,116.83198947648592,14308.219178082192,0,1,0,0,0,0
8284,12.38,25700.502250438225,-659.6383232550305,5.0,8.04,3.0,-8166.322441897279,8166.322441897279,3138.0483456800653,15.0,116.83198947648592,14308.219178082192,0,1,0,0,0,0
8285,16.99,22659.569580232535,-659.6383232550305,5.0,8.04,3.0,-11207.255112102968,11207.255112102968,3138.0483456800653,15.0,116.83198947648592,14308.219178082192,0,1,0,0,0,0
8286,24.17,17923.366419261416,-659.6383232550305,5.0,8.04,3.0,-15943.45827307409,15943.45827307409,3138.0483456800653,15.0,116.83198947648592,14308.219178082192,0,1,0,0,0,0
8287,17.56,22283.575735977167,-659.6383232550305,5.0,8.04,3.0,-11583.248956358335,11583.248956358335,3138.0483456800653,15.0,116.83198947648592,14308.219178082192,0,1,0,0,0,0
8288,30.74,13589.542635475867,-659.6383232550305,5.0,8.04,3.0,-20277.282056859636,20277.282056859636,3138.0483456800653,15.0,116.83198947648592,14308.219178082192,0,1,0,0,0,0
8289,20.84,20119.962035700668,-659.6383232550305,5.0,8.04,3.0,-13746.862656634836,13746.862656634836,3138.0483456800653,15.0,116.83198947648592,14308.219178082192,0,1,0,0,0,0
8290,22.6,18958.998586771813,-659.6383232550305,5.0,8.04,3.0,-14907.82610556369,14907.82610556369,3138.0483456800653,15.0,116.83198947648592,14308.219178082192,0,1,0,0,0,0
8291,19.97,20693.847376932543,-659.6383232550305,5.0,8.04,3.0,-13172.977315402959,13172.977315402959,3138.0483456800653,15.0,116.83198947648592,14308.219178082192,0,1,0,0,0,0
8292,6.53,29559.386441480154,-659.6383232550305,5.0,8.04,3.0,-4307.438250855349,4307.438250855349,3138.0483456800653,15.0,116.83198947648592,14308.219178082192,0,1,0,0,0,0
8293,9.82,27389.176357971104,-659.6383232550305,5.0,8.04,3.0,-6477.6483343643995,6477.6483343643995,3138.0483456800653,15.0,116.83198947648592,14308.219178082192,0,1,0,0,0,0
8294,23.36,18457.67346109799,-659.6383232550305,5.0,8.04,3.0,-15409.151231237513,15409.151231237513,3138.0483456800653,15.0,116.83198947648592,14308.219178082192,0,1,0,0,0,0
8295,26.01,16709.63190447216,-659.6383232550305,5.0,8.04,3.0,-17157.192787863343,17157.192787863343,3138.0483456800653,15.0,116.83198947648592,14308.219178082192,0,1,0,0,0,0
8296,29.15,14638.367569451366,-659.6383232550305,5.0,8.04,3.0,-19228.457122884138,19228.457122884138,3138.0483456800653,15.0,116.83198947648592,14308.219178082192,0,1,0,0,0,0
8297,41.12,6742.496840088654,-659.6383232550305,5.0,8.04,3.0,-27124.327852246854,27124.327852246854,3138.0483456800653,15.0,116.83198947648592,14308.219178082192,0,1,0,0,0,0
8298,67.88,1840.8990816059131,650.0,0,8.04,3.0,44122.0,-44122.0,15071.972825128516,0,556.8949724310688,14308.219178082192,1,0,0,0,0,0
8299,31.28,13233.33794091815,-659.6383232550305,5.0,8.04,3.0,-20633.486751417357,20633.486751417357,3138.0483456800653,15.0,116.83198947648592,14308.219178082192,0,1,0,0,0,0
8300,88.78,15425.899081605916,650.0,0,8.04,3.0,57707.0,-57707.0,15071.972825128516,0,556.8949724310688,14308.219178082192,1,0,0,0,0,0
8301,43.34,5278.09976246248,-659.6383232550305,5.0,8.04,3.0,-28588.724929873024,28588.724929873024,3138.0483456800653,15.0,116.83198947648592,14308.219178082192,0,1,0,0,0,0
8302,19.98,20687.250993699992,-659.6383232550305,5.0,8.04,3.0,-13179.57369863551,13179.57369863551,3138.0483456800653,15.0,116.83198947648592,14308.219178082192,0,1,0,0,0,0
8303,14.05,24598.906250602326,-659.6383232550305,5.0,8.04,3.0,-9267.91844173318,9267.91844173318,3138.0483456800653,15.0,116.83198947648592,14308.219178082192,0,1,0,0,0,0
8304,46.62,3114.486062185985,-659.6383232550305,5.0,8.04,3.0,-30752.33863014952,30752.33863014952,3138.0483456800653,15.0,116.83198947648592,14308.219178082192,0,1,0,0,0,0
8305,18.08,21940.56380788455,-659.6383232550305,5.0,8.04,3.0,-11926.26088445095,11926.26088445095,3138.0483456800653,15.0,116.83198947648592,14308.219178082192,0,1,0,0,0,0
8306,8.5,28259.898944667744,-659.6383232550305,5.0,8.04,3.0,-5606.925747667759,5606.925747667759,3138.0483456800653,15.0,116.83198947648592,14308.219178082192,0,1,0,0,0,0
8307,13.17,25179.38797506675,-659.6383232550305,5.0,8.04,3.0,-8687.436717268753,8687.436717268753,3138.0483456800653,15.0,116.83198947648592,14308.219178082192,0,1,0,0,0,0
8308,3.53,31538.301411245247,-659.6383232550305,5.0,8.04,3.0,-2328.5232810902576,2328.5232810902576,3138.0483456800653,15.0,116.83198947648592,14308.219178082192,0,1,0,0,0,0
8309,0.74,33378.69233312678,-659.6383232550305,5.0,8.04,3.0,-488.13235920872256,488.13235920872256,3138.0483456800653,15.0,116.83198947648592,14308.219178082192,0,1,0,0,0,0
8310,7.99,28596.31448952781,-659.6383232550305,5.0,8.04,3.0,-5270.5102028076935,5270.5102028076935,3138.0483456800653,15.0,116.83198947648592,14308.219178082192,0,1,0,0,0,0
8311,63.95,-713.600918394087,650.0,0,8.04,3.0,41567.5,-41567.5,15071.972825128516,0,556.8949724310688,14308.219178082192,1,0,0,0,0,0
8312,77.28,7950.899081605917,650.0,0,8.04,3.0,50232.0,-50232.0,15071.972825128516,0,556.8949724310688,14308.219178082192,1,0,0,0,0,0
8313,55.62,-2822.258847109289,-659.6383232550305,5.0,8.04,3.0,-36689.08353944479,36689.08353944479,3138.0483456800653,15.0,116.83198947648592,14308.219178082192,0,1,0,0,0,0
8314,20.2,20542.130562583887,-659.6383232550305,5.0,8.04,3.0,-13324.694129751615,13324.694129751615,3138.0483456800653,15.0,116.83198947648592,14308.219178082192,0,1,0,0,0,0
8315,28.8,14869.240982590625,-659.6383232550305,5.0,8.04,3.0,-18997.58370974488,18997.58370974488,3138.0483456800653,15.0,116.83198947648592,14308.219178082192,0,1,0,0,0,0
8316,29.16,14631.771186218815,-659.6383232550305,5.0,8.04,3.0,-19235.05350611669,19235.05350611669,3138.0483456800653,15.0,116.83198947648592,14308.219178082192,0,1,0,0,0,0
8317,32.95,12131.741941082248,-659.6383232550305,5.0,8.04,3.0,-21735.082751253256,21735.082751253256,3138.0483456800653,15.0,116.83198947648592,14308.219178082192,0,1,0,0,0,0
8318,24.05,18002.523018052023,-659.6383232550305,5.0,8.04,3.0,-15864.301674283484,15864.301674283484,3138.0483456800653,15.0,116.83198947648592,14308.219178082192,0,1,0,0,0,0
8319,21.76,19513.09477830604,-659.6383232550305,5.0,8.04,3.0,-14353.729914029465,14353.729914029465,3138.0483456800653,15.0,116.83198947648592,14308.219178082192,0,1,0,0,0,0
8320,29.17,14625.174802986261,-659.6383232550305,5.0,8.04,3.0,-19241.649889349243,19241.649889349243,3138.0483456800653,15.0,116.83198947648592,14308.219178082192,0,1,0,0,0,0
8321,38.14,8708.219043388639,-659.6383232550305,5.0,8.04,3.0,-25158.605648946865,25158.605648946865,3138.0483456800653,15.0,116.83198947648592,14308.219178082192,0,1,0,0,0,0
8322,57.45,-4029.3969786660014,-659.6383232550305,5.0,8.04,3.0,-37896.221671001505,37896.221671001505,3138.0483456800653,15.0,116.83198947648592,14308.219178082192,0,1,0,0,0,0
8323,38.38,8549.905845807432,-659.6383232550305,5.0,8.04,3.0,-25316.91884652807,25316.91884652807,3138.0483456800653,15.0,116.83198947648592,14308.219178082192,0,1,0,0,0,0
8324,32.37,12514.332168570167,-659.6383232550305,5.0,8.04,3.0,-21352.492523765337,21352.492523765337,3138.0483456800653,15.0,116.83198947648592,14308.219178082192,0,1,0,0,0,0
8325,14.64,24209.719639881856,-659.6383232550305,5.0,8.04,3.0,-9657.105052453648,9657.105052453648,3138.0483456800653,15.0,116.83198947648592,14308.219178082192,0,1,0,0,0,0
8326,9.28,27745.38105252882,-659.6383232550305,5.0,8.04,3.0,-6121.443639806683,6121.443639806683,3138.0483456800653,15.0,116.83198947648592,14308.219178082192,0,1,0,0,0,0
8327,15.45,23675.41259804528,-659.6383232550305,5.0,8.04,3.0,-10191.412094290221,10191.412094290221,3138.0483456800653,15.0,116.83198947648592,14308.219178082192,0,1,0,0,0,0
8328,16.74,22824.479161046293,-659.6383232550305,5.0,8.04,3.0,-11042.34553128921,11042.34553128921,3138.0483456800653,15.0,116.83198947648592,14308.219178082192,0,1,0,0,0,0
8329,21.38,19763.75734114295,-659.6383232550305,5.0,8.04,3.0,-14103.067351192552,14103.067351192552,3138.0483456800653,15.0,116.83198947648592,14308.219178082192,0,1,0,0,0,0
8330,25.14,17283.51724570404,-659.6383232550305,5.0,8.04,3.0,-16583.30744663147,16583.30744663147,3138.0483456800653,15.0,116.83198947648592,14308.219178082192,0,1,0,0,0,0
8331,17.77,22145.051688093612,-659.6383232550305,5.0,8.04,3.0,-11721.773004241892,11721.773004241892,3138.0483456800653,15.0,116.83198947648592,14308.219178082192,0,1,0,0,0,0
8332,13.67,24849.568813439237,-659.6383232550305,5.0,8.04,3.0,-9017.255878896267,9017.255878896267,3138.0483456800653,15.0,116.83198947648592,14308.219178082192,0,1,0,0,0,0
8333,22.54,18998.576886167117,-659.6383232550305,5.0,8.04,3.0,-14868.247806168387,14868.247806168387,3138.0483456800653,15.0,116.83198947648592,14308.219178082192,0,1,0,0,0,0
8334,2.73,32066.012069849272,-659.6383232550305,5.0,8.04,3.0,-1800.8126224862333,1800.8126224862333,3138.0483456800653,15.0,116.83198947648592,14308.219178082192,0,1,0,0,0,0
8335,27.93,15443.126323822504,-659.6383232550305,5.0,8.04,3.0,-18423.698368513004,18423.698368513004,3138.0483456800653,15.0,116.83198947648592,14308.219178082192,0,1,0,0,0,0
8336,39.35,7910.056672250052,-659.6383232550305,5.0,8.04,3.0,-25956.768020085452,25956.768020085452,3138.0483456800653,15.0,116.83198947648592,14308.219178082192,0,1,0,0,0,0
8337,36.66,9684.483761806085,-659.6383232550305,5.0,8.04,3.0,-24182.340930529415,24182.340930529415,3138.0483456800653,15.0,116.83198947648592,14308.219178082192,0,1,0,0,0,0
8338,36.99,9466.803115131923,-659.6383232550305,5.0,8.04,3.0,-24400.02157720358,24400.02157720358,3138.0483456800653,15.0,116.83198947648592,14308.219178082192,0,1,0,0,0,0
8339,37.33,9242.526085225214,-659.6383232550305,5.0,8.04,3.0,-24624.29860711029,24624.29860711029,3138.0483456800653,15.0,116.83198947648592,14308.219178082192,0,1,0,0,0,0
8340,40.65,7052.526852018513,-659.6383232550305,5.0,8.04,3.0,-26814.29784031699,26814.29784031699,3138.0483456800653,15.0,116.83198947648592,14308.219178082192,0,1,0,0,0,0
8341,43.34,5278.09976246248,-659.6383232550305,5.0,8.04,3.0,-28588.724929873024,28588.724929873024,3138.0483456800653,15.0,116.83198947648592,14308.219178082192,0,1,0,0,0,0
8342,41.19,6696.322157460796,-659.6383232550305,5.0,8.04,3.0,-27170.502534874704,27170.502534874704,3138.0483456800653,15.0,116.83198947648592,14308.219178082192,0,1,0,0,0,0
8343,41.5,6491.834277251739,-659.6383232550305,5.0,8.04,3.0,-27374.990415083765,27374.990415083765,3138.0483456800653,15.0,116.83198947648592,14308.219178082192,0,1,0,0,0,0
8344,43.34,5278.09976246248,-659.6383232550305,5.0,8.04,3.0,-28588.724929873024,28588.724929873024,3138.0483456800653,15.0,116.83198947648592,14308.219178082192,0,1,0,0,0,0
8345,43.71,5034.033582858119,-659.6383232550305,5.0,8.04,3.0,-28832.791109477384,28832.791109477384,3138.0483456800653,15.0,116.83198947648592,14308.219178082192,0,1,0,0,0,0
8346,47.06,2824.24519995377,-659.6383232550305,5.0,8.04,3.0,-31042.579492381738,31042.579492381738,3138.0483456800653,15.0,116.83198947648592,14308.219178082192,0,1,0,0,0,0
8347,52.09,-493.73556601903647,-659.6383232550305,5.0,8.04,3.0,-34360.56025835454,34360.56025835454,3138.0483456800653,15.0,116.83198947648592,14308.219178082192,0,1,0,0,0,0
8348,62.52,-1643.1009183940869,650.0,0,8.04,3.0,40638.0,-40638.0,15071.972825128516,0,556.8949724310688,14308.219178082192,1,0,0,0,0,0
8349,41.45,6524.816193414485,-659.6383232550305,5.0,8.04,3.0,-27342.008498921015,27342.008498921015,3138.0483456800653,15.0,116.83198947648592,14308.219178082192,0,1,0,0,0,0
8350,41.51,6485.237894019188,-659.6383232550305,5.0,8.04,3.0,-27381.586798316315,27381.586798316315,3138.0483456800653,15.0,116.83198947648592,14308.219178082192,0,1,0,0,0,0
8351,40.71,7012.948552623213,-659.6383232550305,5.0,8.04,3.0,-26853.876139712294,26853.876139712294,3138.0483456800653,15.0,116.83198947648592,14308.219178082192,0,1,0,0,0,0
8352,41.0,6821.653438879253,-659.6383232550305,5.0,8.04,3.0,-27045.17125345625,27045.17125345625,3138.0483456800653,15.0,116.83198947648592,14308.219178082192,0,1,0,0,0,0
8353,39.87,7567.04474415744,-659.6383232550305,5.0,8.04,3.0,-26299.779948178064,26299.779948178064,3138.0483456800653,15.0,116.83198947648592,14308.219178082192,0,1,0,0,0,0
8354,42.71,5693.671906113152,-659.6383232550305,5.0,8.04,3.0,-28173.152786222352,28173.152786222352,3138.0483456800653,15.0,116.83198947648592,14308.219178082192,0,1,0,0,0,0
8355,36.82,9578.941630085279,-659.6383232550305,5.0,8.04,3.0,-24287.883062250225,24287.883062250225,3138.0483456800653,15.0,116.83198947648592,14308.219178082192,0,1,0,0,0,0
8356,34.65,11010.356791548696,-659.6383232550305,5.0,8.04,3.0,-22856.467900786807,22856.467900786807,3138.0483456800653,15.0,116.83198947648592,14308.219178082192,0,1,0,0,0,0
8357,37.81,8925.8996900628,-659.6383232550305,5.0,8.04,3.0,-24940.925002272706,24940.925002272706,3138.0483456800653,15.0,116.83198947648592,14308.219178082192,0,1,0,0,0,0
8358,43.59,5113.1901816487225,-659.6383232550305,5.0,8.04,3.0,-28753.63451068678,28753.63451068678,3138.0483456800653,15.0,116.83198947648592,14308.219178082192,0,1,0,0,0,0
8359,42.86,5594.7261576249,-659.6383232550305,5.0,8.04,3.0,-28272.098534710607,28272.098534710607,3138.0483456800653,15.0,116.83198947648592,14308.219178082192,0,1,0,0,0,0
8360,80.69,10167.399081605916,650.0,0,8.04,3.0,52448.5,-52448.5,15071.972825128516,0,556.8949724310688,14308.219178082192,1,0,0,0,0,0
8361,30.87,13503.789653452714,-659.6383232550305,5.0,8.04,3.0,-20363.035038882794,20363.035038882794,3138.0483456800653,15.0,116.83198947648592,14308.219178082192,0,1,0,0,0,0
8362,11.2,26478.87547187916,-659.6383232550305,5.0,8.04,3.0,-7387.949220456341,7387.949220456341,3138.0483456800653,15.0,116.83198947648592,14308.219178082192,0,1,0,0,0,0
8363,9.65,27501.31487292446,-659.6383232550305,5.0,8.04,3.0,-6365.509819411045,6365.509819411045,3138.0483456800653,15.0,116.83198947648592,14308.219178082192,0,1,0,0,0,0
8364,18.44,21703.09401151274,-659.6383232550305,5.0,8.04,3.0,-12163.730680822764,12163.730680822764,3138.0483456800653,15.0,116.83198947648592,14308.219178082192,0,1,0,0,0,0
8365,14.66,24196.526873416755,-659.6383232550305,5.0,8.04,3.0,-9670.297818918747,9670.297818918747,3138.0483456800653,15.0,116.83198947648592,14308.219178082192,0,1,0,0,0,0
8366,10.53,26920.833148460035,-659.6383232550305,5.0,8.04,3.0,-6945.991543875471,6945.991543875471,3138.0483456800653,15.0,116.83198947648592,14308.219178082192,0,1,0,0,0,0
8367,12.07,25904.990130647286,-659.6383232550305,5.0,8.04,3.0,-7961.834561688219,7961.834561688219,3138.0483456800653,15.0,116.83198947648592,14308.219178082192,0,1,0,0,0,0
8368,4.75,30733.54265687411,-659.6383232550305,5.0,8.04,3.0,-3133.282035461395,3133.282035461395,3138.0483456800653,15.0,116.83198947648592,14308.219178082192,0,1,0,0,0,0
8369,16.85,22751.918945488236,-659.6383232550305,5.0,8.04,3.0,-11114.905746847266,11114.905746847266,3138.0483456800653,15.0,116.83198947648592,14308.219178082192,0,1,0,0,0,0
8370,16.02,23299.418753789912,-659.6383232550305,5.0,8.04,3.0,-10567.40593854559,10567.40593854559,3138.0483456800653,15.0,116.83198947648592,14308.219178082192,0,1,0,0,0,0
8371,8.52,28246.706178202643,-659.6383232550305,5.0,8.04,3.0,-5620.11851413286,5620.11851413286,3138.0483456800653,15.0,116.83198947648592,14308.219178082192,0,1,0,0,0,0
8372,10.04,27244.055926855,-659.6383232550305,5.0,8.04,3.0,-6622.768765480506,6622.768765480506,3138.0483456800653,15.0,116.83198947648592,14308.219178082192,0,1,0,0,0,0
8373,9.32,27718.99551959862,-659.6383232550305,5.0,8.04,3.0,-6147.829172736884,6147.829172736884,3138.0483456800653,15.0,116.83198947648592,14308.219178082192,0,1,0,0,0,0
8374,9.83,27382.579974738554,-659.6383232550305,5.0,8.04,3.0,-6484.24471759695,6484.24471759695,3138.0483456800653,15.0,116.83198947648592,14308.219178082192,0,1,0,0,0,0
8375,12.22,25806.04438215903,-659.6383232550305,5.0,8.04,3.0,-8060.780310176473,8060.780310176473,3138.0483456800653,15.0,116.83198947648592,14308.219178082192,0,1,0,0,0,0
8376,7.33,29031.67578287613,-659.6383232550305,5.0,8.04,3.0,-4835.1489094593735,4835.1489094593735,3138.0483456800653,15.0,116.83198947648592,14308.219178082192,0,1,0,0,0,0
8377,0.71,33398.481482824434,-659.6383232550305,5.0,8.04,3.0,-468.3432095110716,468.3432095110716,3138.0483456800653,15.0,116.83198947648592,14308.219178082192,0,1,0,0,0,0
8378,-2.6,35581.88433279858,-659.6383232550305,5.0,8.04,3.0,1715.0596404630794,-1715.0596404630794,3138.0483456800653,15.0,116.83198947648592,14308.219178082192,0,1,0,0,0,0
8379,-3.9,36439.41415303012,-659.6383232550305,5.0,8.04,3.0,2572.589460694619,-2572.589460694619,3138.0483456800653,15.0,116.83198947648592,14308.219178082192,0,1,0,0,0,0
8380,-1.13,34612.21599761369,-659.6383232550305,5.0,8.04,3.0,745.3913052781844,-745.3913052781844,3138.0483456800653,15.0,116.83198947648592,14308.219178082192,0,1,0,0,0,0
8381,0.62,33457.84893191738,-659.6383232550305,5.0,8.04,3.0,-408.9757604181189,408.9757604181189,3138.0483456800653,15.0,116.83198947648592,14308.219178082192,0,1,0,0,0,0
8382,0.7,33405.077866056985,-659.6383232550305,5.0,8.04,3.0,-461.7468262785213,461.7468262785213,3138.0483456800653,15.0,116.83198947648592,14308.219178082192,0,1,0,0,0,0
8383,-3.3,36043.63115907711,-659.6383232550305,5.0,8.04,3.0,2176.8064667416006,-2176.8064667416006,3138.0483456800653,15.0,116.83198947648592,14308.219178082192,0,1,0,0,0,0
8384,15.85,23411.557268743272,-659.6383232550305,5.0,8.04,3.0,-10455.267423592233,10455.267423592233,3138.0483456800653,15.0,116.83198947648592,14308.219178082192,0,1,0,0,0,0
8385,14.97,23992.038993207698,-659.6383232550305,5.0,8.04,3.0,-9874.785699127808,9874.785699127808,3138.0483456800653,15.0,116.83198947648592,14308.219178082192,0,1,0,0,0,0
8386,11.43,26327.158657530505,-659.6383232550305,5.0,8.04,3.0,-7539.666034804998,7539.666034804998,3138.0483456800653,15.0,116.83198947648592,14308.219178082192,0,1,0,0,0,0
8387,17.46,22349.53956830267,-659.6383232550305,5.0,8.04,3.0,-11517.285124032833,11517.285124032833,3138.0483456800653,15.0,116.83198947648592,14308.219178082192,0,1,0,0,0,0
8388,20.32,20462.973963793283,-659.6383232550305,5.0,8.04,3.0,-13403.85072854222,13403.85072854222,3138.0483456800653,15.0,116.83198947648592,14308.219178082192,0,1,0,0,0,0
8389,21.91,19414.14902981779,-659.6383232550305,5.0,8.04,3.0,-14452.675662517719,14452.675662517719,3138.0483456800653,15.0,116.83198947648592,14308.219178082192,0,1,0,0,0,0
8390,13.42,25014.478394252998,-659.6383232550305,5.0,8.04,3.0,-8852.34629808251,8852.34629808251,3138.0483456800653,15.0,116.83198947648592,14308.219178082192,0,1,0,0,0,0
8391,4.56,30858.873938292563,-659.6383232550305,5.0,8.04,3.0,-3007.950754042939,3007.950754042939,3138.0483456800653,15.0,116.83198947648592,14308.219178082192,0,1,0,0,0,0
8392,3.84,31333.813531036187,-659.6383232550305,5.0,8.04,3.0,-2533.011161299317,2533.011161299317,3138.0483456800653,15.0,116.83198947648592,14308.219178082192,0,1,0,0,0,0
8393,19.75,20838.967808048652,-659.6383232550305,5.0,8.04,3.0,-13027.856884286854,13027.856884286854,3138.0483456800653,15.0,116.83198947648592,14308.219178082192,0,1,0,0,0,0
8394,17.17,22540.83468204663,-659.6383232550305,5.0,8.04,3.0,-11325.990010288875,11325.990010288875,3138.0483456800653,15.0,116.83198947648592,14308.219178082192,0,1,0,0,0,0
8395,-0.22,34011.94512345161,-659.6383232550305,5.0,8.04,3.0,145.12043111610672,-145.12043111610672,3138.0483456800653,15.0,116.83198947648592,14308.219178082192,0,1,0,0,0,0
8396,0.62,33457.84893191738,-659.6383232550305,5.0,8.04,3.0,-408.9757604181189,408.9757604181189,3138.0483456800653,15.0,116.83198947648592,14308.219178082192,0,1,0,0,0,0
8397,-2.59,35575.28794956603,-659.6383232550305,5.0,8.04,3.0,1708.4632572305288,-1708.4632572305288,3138.0483456800653,15.0,116.83198947648592,14308.219178082192,0,1,0,0,0,0
8398,-12.76,42283.80969706969,-659.6383232550305,5.0,8.04,3.0,8416.98500473419,-8416.98500473419,3138.0483456800653,15.0,116.83198947648592,14308.219178082192,0,1,0,0,0,0
8399,-18.9,46333.989001855574,-659.6383232550305,5.0,8.04,3.0,12467.164309520076,-12467.164309520076,3138.0483456800653,15.0,116.83198947648592,14308.219178082192,0,1,0,0,0,0
8400,-34.16,56400.06981472734,-659.6383232550305,5.0,8.04,3.0,22533.24512239184,-22533.24512239184,3138.0483456800653,15.0,116.83198947648592,14308.219178082192,0,1,0,0,0,0
8401,-38.52,59276.09290411928,-659.6383232550305,5.0,8.04,3.0,25409.268211783776,-25409.268211783776,3138.0483456800653,15.0,116.83198947648592,14308.219178082192,0,1,0,0,0,0
8402,-33.9,56228.563850681036,-659.6383232550305,5.0,8.04,3.0,22361.739158345532,-22361.739158345532,3138.0483456800653,15.0,116.83198947648592,14308.219178082192,0,1,0,0,0,0
8403,-34.66,56729.88897635486,-659.6383232550305,5.0,8.04,3.0,22863.064284019354,-22863.064284019354,3138.0483456800653,15.0,116.83198947648592,14308.219178082192,0,1,0,0,0,0
8404,-33.72,56109.828952495125,-659.6383232550305,5.0,8.04,3.0,22243.00426015963,-22243.00426015963,3138.0483456800653,15.0,116.83198947648592,14308.219178082192,0,1,0,0,0,0
8405,-36.9,58207.47882044613,-659.6383232550305,5.0,8.04,3.0,24340.654128110626,-24340.654128110626,3138.0483456800653,15.0,116.83198947648592,14308.219178082192,0,1,0,0,0,0
8406,-30.99,54309.0163300089,-659.6383232550305,5.0,8.04,3.0,20442.191637673393,-20442.191637673393,3138.0483456800653,15.0,116.83198947648592,14308.219178082192,0,1,0,0,0,0
8407,-4.11,36577.93820091368,-659.6383232550305,5.0,8.04,3.0,2711.1135085781757,-2711.1135085781757,3138.0483456800653,15.0,116.83198947648592,14308.219178082192,0,1,0,0,0,0
8408,1.69,32752.0359260345,-659.6383232550305,5.0,8.04,3.0,-1114.7887663010015,1114.7887663010015,3138.0483456800653,15.0,116.83198947648592,14308.219178082192,0,1,0,0,0,0
8409,23.75,18200.41451502853,-659.6383232550305,5.0,8.04,3.0,-15666.410177306974,15666.410177306974,3138.0483456800653,15.0,116.83198947648592,14308.219178082192,0,1,0,0,0,0
8410,13.22,25146.406058904002,-659.6383232550305,5.0,8.04,3.0,-8720.418633431504,8720.418633431504,3138.0483456800653,15.0,116.83198947648592,14308.219178082192,0,1,0,0,0,0
8411,-0.56,34236.22215335832,-659.6383232550305,5.0,8.04,3.0,369.39746102281714,-369.39746102281714,3138.0483456800653,15.0,116.83198947648592,14308.219178082192,0,1,0,0,0,0
8412,-6.62,38233.630392283805,-659.6383232550305,5.0,8.04,3.0,4366.805699948302,-4366.805699948302,3138.0483456800653,15.0,116.83198947648592,14308.219178082192,0,1,0,0,0,0
8413,-9.91,40403.84047579286,-659.6383232550305,5.0,8.04,3.0,6537.015783457353,-6537.015783457353,3138.0483456800653,15.0,116.83198947648592,14308.219178082192,0,1,0,0,0,0
8414,-10.18,40581.94282307172,-659.6383232550305,5.0,8.04,3.0,6715.11813073621,-6715.11813073621,3138.0483456800653,15.0,116.83198947648592,14308.219178082192,0,1,0,0,0,0
8415,-9.65,40232.33451174655,-659.6383232550305,5.0,8.04,3.0,6365.509819411045,-6365.509819411045,3138.0483456800653,15.0,116.83198947648592,14308.219178082192,0,1,0,0,0,0
8416,-5.45,37461.853554075424,-659.6383232550305,5.0,8.04,3.0,3595.0288617399165,-3595.0288617399165,3138.0483456800653,15.0,116.83198947648592,14308.219178082192,0,1,0,0,0,0
8417,20.36,20436.588430863085,-659.6383232550305,5.0,8.04,3.0,-13430.23626147242,13430.23626147242,3138.0483456800653,15.0,116.83198947648592,14308.219178082192,0,1,0,0,0,0
8418,25.37,17131.80043135538,-659.6383232550305,5.0,8.04,3.0,-16735.024260980124,16735.024260980124,3138.0483456800653,15.0,116.83198947648592,14308.219178082192,0,1,0,0,0,0
8419,24.61,17633.125557029205,-659.6383232550305,5.0,8.04,3.0,-16233.6991353063,16233.6991353063,3138.0483456800653,15.0,116.83198947648592,14308.219178082192,0,1,0,0,0,0
8420,27.38,15805.927401612767,-659.6383232550305,5.0,8.04,3.0,-18060.897290722736,18060.897290722736,3138.0483456800653,15.0,116.83198947648592,14308.219178082192,0,1,0,0,0,0
8421,27.59,15667.403353729213,-659.6383232550305,5.0,8.04,3.0,-18199.42133860629,18199.42133860629,3138.0483456800653,15.0,116.83198947648592,14308.219178082192,0,1,0,0,0,0
8422,24.74,17547.37257500605,-659.6383232550305,5.0,8.04,3.0,-16319.452117329454,16319.452117329454,3138.0483456800653,15.0,116.83198947648592,14308.219178082192,0,1,0,0,0,0
8423,37.88,8879.725007434943,-659.6383232550305,5.0,8.04,3.0,-24987.099684900557,24987.099684900557,3138.0483456800653,15.0,116.83198947648592,14308.219178082192,0,1,0,0,0,0
8424,40.84,6927.195570600055,-659.6383232550305,5.0,8.04,3.0,-26939.62912173545,26939.62912173545,3138.0483456800653,15.0,116.83198947648592,14308.219178082192,0,1,0,0,0,0
8425,35.04,10753.097845479235,-659.6383232550305,5.0,8.04,3.0,-23113.72684685627,23113.72684685627,3138.0483456800653,15.0,116.83198947648592,14308.219178082192,0,1,0,0,0,0
8426,31.25,13253.127090615799,-659.6383232550305,5.0,8.04,3.0,-20613.697601719705,20613.697601719705,3138.0483456800653,15.0,116.83198947648592,14308.219178082192,0,1,0,0,0,0
8427,33.39,11841.501078850037,-659.6383232550305,5.0,8.04,3.0,-22025.32361348547,22025.32361348547,3138.0483456800653,15.0,116.83198947648592,14308.219178082192,0,1,0,0,0,0
8428,34.76,10937.796575990647,-659.6383232550305,5.0,8.04,3.0,-22929.02811634486,22929.02811634486,3138.0483456800653,15.0,116.83198947648592,14308.219178082192,0,1,0,0,0,0
8429,39.94,7520.870061529586,-659.6383232550305,5.0,8.04,3.0,-26345.954630805918,26345.954630805918,3138.0483456800653,15.0,116.83198947648592,14308.219178082192,0,1,0,0,0,0
8430,46.35,3292.588409464843,-659.6383232550305,5.0,8.04,3.0,-30574.236282870665,30574.236282870665,3138.0483456800653,15.0,116.83198947648592,14308.219178082192,0,1,0,0,0,0
8431,51.96,-407.98258399587894,-659.6383232550305,5.0,8.04,3.0,-34274.80727633138,34274.80727633138,3138.0483456800653,15.0,116.83198947648592,14308.219178082192,0,1,0,0,0,0
8432,56.3,-3270.8129069227066,-659.6383232550305,5.0,8.04,3.0,-37137.63759925822,37137.63759925822,3138.0483456800653,15.0,116.83198947648592,14308.219178082192,0,1,0,0,0,0
8433,45.6,3787.317151906111,-659.6383232550305,5.0,8.04,3.0,-30079.507540429393,30079.507540429393,3138.0483456800653,15.0,116.83198947648592,14308.219178082192,0,1,0,0,0,0
8434,42.4,5898.159786322209,-659.6383232550305,5.0,8.04,3.0,-27968.66490601329,27968.66490601329,3138.0483456800653,15.0,116.83198947648592,14308.219178082192,0,1,0,0,0,0
8435,48.35,1973.311762954782,-659.6383232550305,5.0,8.04,3.0,-31893.512929380726,31893.512929380726,3138.0483456800653,15.0,116.83198947648592,14308.219178082192,0,1,0,0,0,0
8436,66.5,943.899081605913,650.0,0,8.04,3.0,43225.0,-43225.0,15071.972825128516,0,556.8949724310688,14308.219178082192,1,0,0,0,0,0
8437,66.11,690.399081605913,650.0,0,8.04,3.0,42971.5,-42971.5,15071.972825128516,0,556.8949724310688,14308.219178082192,1,0,0,0,0,0
8438,45.63,3767.5280022084594,-659.6383232550305,5.0,8.04,3.0,-30099.296690127045,30099.296690127045,3138.0483456800653,15.0,116.83198947648592,14308.219178082192,0,1,0,0,0,0
8439,45.32,3972.0158824175237,-659.6383232550305,5.0,8.04,3.0,-29894.808809917984,29894.808809917984,3138.0483456800653,15.0,116.83198947648592,14308.219178082192,0,1,0,0,0,0
8440,60.7,-2826.100918394087,650.0,0,8.04,3.0,39455.0,-39455.0,15071.972825128516,0,556.8949724310688,14308.219178082192,1,0,0,0,0,0
8441,95.82,20001.8990816059,650.0,0,8.04,3.0,62282.99999999999,-62282.99999999999,15071.972825128516,0,556.8949724310688,14308.219178082192,1,0,0,0,0,0
8442,99.1,22133.8990816059,650.0,0,8.04,3.0,64414.99999999999,-64414.99999999999,15071.972825128516,0,556.8949724310688,14308.219178082192,1,0,0,0,0,0
8443,72.57,4889.399081605902,650.0,0,8.04,3.0,47170.49999999999,-47170.49999999999,15071.972825128516,0,556.8949724310688,14308.219178082192,1,0,0,0,0,0
8444,50.21,746.3844817004215,-659.6383232550305,5.0,8.04,3.0,-33120.44021063508,33120.44021063508,3138.0483456800653,15.0,116.83198947648592,14308.219178082192,0,1,0,0,0,0
8445,56.48,-3389.547805108617,-659.6383232550305,5.0,8.04,3.0,-37256.37249744412,37256.37249744412,3138.0483456800653,15.0,116.83198947648592,14308.219178082192,0,1,0,0,0,0
8446,77.22,7911.899081605917,650.0,0,8.04,3.0,50193.0,-50193.0,15071.972825128516,0,556.8949724310688,14308.219178082192,1,0,0,0,0,0
8447,67.11,1340.3990816059131,650.0,0,8.04,3.0,43621.5,-43621.5,15071.972825128516,0,556.8949724310688,14308.219178082192,1,0,0,0,0,0
8448,61.23,-2481.600918394087,650.0,0,8.04,3.0,39799.5,-39799.5,15071.972825128516,0,556.8949724310688,14308.219178082192,1,0,0,0,0,0
8449,43.7,5040.62996609067,-659.6383232550305,5.0,8.04,3.0,-28826.194726244834,28826.194726244834,3138.0483456800653,15.0,116.83198947648592,14308.219178082192,0,1,0,0,0,0
8450,44.56,4473.341008091342,-659.6383232550305,5.0,8.04,3.0,-29393.483684244162,29393.483684244162,3138.0483456800653,15.0,116.83198947648592,14308.219178082192,0,1,0,0,0,0
8451,43.65,5073.611882253426,-659.6383232550305,5.0,8.04,3.0,-28793.21281008208,28793.21281008208,3138.0483456800653,15.0,116.83198947648592,14308.219178082192,0,1,0,0,0,0
8452,42.45,5865.177870159459,-659.6383232550305,5.0,8.04,3.0,-28001.646822176048,28001.646822176048,3138.0483456800653,15.0,116.83198947648592,14308.219178082192,0,1,0,0,0,0
8453,40.06,7441.713462738979,-659.6383232550305,5.0,8.04,3.0,-26425.111229596525,26425.111229596525,3138.0483456800653,15.0,116.83198947648592,14308.219178082192,0,1,0,0,0,0
8454,48.16,2098.6430443732356,-659.6383232550305,5.0,8.04,3.0,-31768.18164796227,31768.18164796227,3138.0483456800653,15.0,116.83198947648592,14308.219178082192,0,1,0,0,0,0
8455,43.29,5311.081678625233,-659.6383232550305,5.0,8.04,3.0,-28555.74301371027,28555.74301371027,3138.0483456800653,15.0,116.83198947648592,14308.219178082192,0,1,0,0,0,0
8456,47.09,2804.456050256115,-659.6383232550305,5.0,8.04,3.0,-31062.36864207939,31062.36864207939,3138.0483456800653,15.0,116.83198947648592,14308.219178082192,0,1,0,0,0,0
8457,106.91,27210.399081605916,650.0,0,8.04,3.0,69491.5,-69491.5,15071.972825128516,0,556.8949724310688,14308.219178082192,1,0,0,0,0,0
8458,47.24,2705.5103017678634,-659.6383232550305,5.0,8.04,3.0,-31161.314390567644,31161.314390567644,3138.0483456800653,15.0,116.83198947648592,14308.219178082192,0,1,0,0,0,0
8459,114.2,31948.899081605916,650.0,0,8.04,3.0,74230.0,-74230.0,15071.972825128516,0,556.8949724310688,14308.219178082192,1,0,0,0,0,0
8460,64.13,-596.600918394087,650.0,0,8.04,3.0,41684.5,-41684.5,15071.972825128516,0,556.8949724310688,14308.219178082192,1,0,0,0,0,0
8461,114.11,31890.399081605916,650.0,0,8.04,3.0,74171.5,-74171.5,15071.972825128516,0,556.8949724310688,14308.219178082192,1,0,0,0,0,0
8462,73.91,5760.399081605917,650.0,0,8.04,3.0,48041.5,-48041.5,15071.972825128516,0,556.8949724310688,14308.219178082192,1,0,0,0,0,0
8463,50.74,396.77617037525533,-659.6383232550305,5.0,8.04,3.0,-33470.04852196025,33470.04852196025,3138.0483456800653,15.0,116.83198947648592,14308.219178082192,0,1,0,0,0,0
8464,56.18,-3191.656308132107,-659.6383232550305,5.0,8.04,3.0,-37058.48100046761,37058.48100046761,3138.0483456800653,15.0,116.83198947648592,14308.219178082192,0,1,0,0,0,0
8465,58.01,-4398.794439688812,-659.6383232550305,5.0,8.04,3.0,-38265.619132024316,38265.619132024316,3138.0483456800653,15.0,116.83198947648592,14308.219178082192,0,1,0,0,0,0
8466,67.24,1424.8990816059131,650.0,0,8.04,3.0,43706.0,-43706.0,15071.972825128516,0,556.8949724310688,14308.219178082192,1,0,0,0,0,0
8467,51.53,-124.33810499621862,-659.6383232550305,5.0,8.04,3.0,-33991.16279733172,33991.16279733172,3138.0483456800653,15.0,116.83198947648592,14308.219178082192,0,1,0,0,0,0
8468,47.26,2692.3175353027623,-659.6383232550305,5.0,8.04,3.0,-31174.50715703274,31174.50715703274,3138.0483456800653,15.0,116.83198947648592,14308.219178082192,0,1,0,0,0,0
8469,35.73,10297.947402433267,-659.6383232550305,5.0,8.04,3.0,-23568.877289902237,23568.877289902237,3138.0483456800653,15.0,116.83198947648592,14308.219178082192,0,1,0,0,0,0
8470,23.4,18431.28792816779,-659.6383232550305,5.0,8.04,3.0,-15435.536764167713,15435.536764167713,3138.0483456800653,15.0,116.83198947648592,14308.219178082192,0,1,0,0,0,0
8471,27.48,15739.963569287265,-659.6383232550305,5.0,8.04,3.0,-18126.86112304824,18126.86112304824,3138.0483456800653,15.0,116.83198947648592,14308.219178082192,0,1,0,0,0,0
8472,31.45,13121.199425964795,-659.6383232550305,5.0,8.04,3.0,-20745.62526637071,20745.62526637071,3138.0483456800653,15.0,116.83198947648592,14308.219178082192,0,1,0,0,0,0
8473,40.1,7415.32792980878,-659.6383232550305,5.0,8.04,3.0,-26451.496762526724,26451.496762526724,3138.0483456800653,15.0,116.83198947648592,14308.219178082192,0,1,0,0,0,0
8474,44.62,4433.762708696046,-659.6383232550305,5.0,8.04,3.0,-29433.061983639458,29433.061983639458,3138.0483456800653,15.0,116.83198947648592,14308.219178082192,0,1,0,0,0,0
8475,45.98,3536.6545890692037,-659.6383232550305,5.0,8.04,3.0,-30330.1701032663,30330.1701032663,3138.0483456800653,15.0,116.83198947648592,14308.219178082192,0,1,0,0,0,0
8476,42.55,5799.214037833957,-659.6383232550305,5.0,8.04,3.0,-28067.610654501546,28067.610654501546,3138.0483456800653,15.0,116.83198947648592,14308.219178082192,0,1,0,0,0,0
8477,30.55,13714.873916894321,-659.6383232550305,5.0,8.04,3.0,-20151.950775441182,20151.950775441182,3138.0483456800653,15.0,116.83198947648592,14308.219178082192,0,1,0,0,0,0
8478,46.68,3074.9077627906777,-659.6383232550305,5.0,8.04,3.0,-30791.916929544823,30791.916929544823,3138.0483456800653,15.0,116.83198947648592,14308.219178082192,0,1,0,0,0,0
8479,53.13,-1179.7594222042676,-659.6383232550305,5.0,8.04,3.0,-35046.58411453977,35046.58411453977,3138.0483456800653,15.0,116.83198947648592,14308.219178082192,0,1,0,0,0,0
8480,58.56,-4217.100918394087,650.0,0,8.04,3.0,38064.0,-38064.0,15071.972825128516,0,556.8949724310688,14308.219178082192,1,0,0,0,0,0
8481,56.74,-3561.053769154925,-659.6383232550305,5.0,8.04,3.0,-37427.878461490436,37427.878461490436,3138.0483456800653,15.0,116.83198947648592,14308.219178082192,0,1,0,0,0,0
8482,56.06,-3112.4997093415072,-659.6383232550305,5.0,8.04,3.0,-36979.32440167701,36979.32440167701,3138.0483456800653,15.0,116.83198947648592,14308.219178082192,0,1,0,0,0,0
8483,58.91,-3989.600918394087,650.0,0,8.04,3.0,38291.5,-38291.5,15071.972825128516,0,556.8949724310688,14308.219178082192,1,0,0,0,0,0
8484,55.64,-2835.45161357439,-659.6383232550305,5.0,8.04,3.0,-36702.2763059099,36702.2763059099,3138.0483456800653,15.0,116.83198947648592,14308.219178082192,0,1,0,0,0,0
8485,50.78,370.390637445053,-659.6383232550305,5.0,8.04,3.0,-33496.43405489045,33496.43405489045,3138.0483456800653,15.0,116.83198947648592,14308.219178082192,0,1,0,0,0,0
8486,48.75,1709.456433652766,-659.6383232550305,5.0,8.04,3.0,-32157.368258682738,32157.368258682738,3138.0483456800653,15.0,116.83198947648592,14308.219178082192,0,1,0,0,0,0
8487,53.68,-1542.5604999945276,-659.6383232550305,5.0,8.04,3.0,-35409.38519233004,35409.38519233004,3138.0483456800653,15.0,116.83198947648592,14308.219178082192,0,1,0,0,0,0
8488,57.7,-4194.306559479759,-659.6383232550305,5.0,8.04,3.0,-38061.13125181526,38061.13125181526,3138.0483456800653,15.0,116.83198947648592,14308.219178082192,0,1,0,0,0,0
8489,67.67,1704.3990816059131,650.0,0,8.04,3.0,43985.5,-43985.5,15071.972825128516,0,556.8949724310688,14308.219178082192,1,0,0,0,0,0
8490,83.08,11720.899081605916,650.0,0,8.04,3.0,54002.0,-54002.0,15071.972825128516,0,556.8949724310688,14308.219178082192,1,0,0,0,0,0
8491,94.83,19358.399081605916,650.0,0,8.04,3.0,61639.5,-61639.5,15071.972825128516,0,556.8949724310688,14308.219178082192,1,0,0,0,0,0
8492,63.57,-960.600918394087,650.0,0,8.04,3.0,41320.5,-41320.5,15071.972825128516,0,556.8949724310688,14308.219178082192,1,0,0,0,0,0
8493,56.83,-3620.42121824788,-659.6383232550305,5.0,8.04,3.0,-37487.245910583384,37487.245910583384,3138.0483456800653,15.0,116.83198947648592,14308.219178082192,0,1,0,0,0,0
8494,64.13,-596.600918394087,650.0,0,8.04,3.0,41684.5,-41684.5,15071.972825128516,0,556.8949724310688,14308.219178082192,1,0,0,0,0,0
8495,94.02,18831.899081605916,650.0,0,8.04,3.0,61113.0,-61113.0,15071.972825128516,0,556.8949724310688,14308.219178082192,1,0,0,0,0,0
8496,214.46,97117.89908160592,650.0,0,8.04,3.0,139399.0,-139399.0,15071.972825128516,0,556.8949724310688,14308.219178082192,1,0,0,0,0,0
8497,75.96,7092.899081605902,650.0,0,8.04,3.0,49373.99999999999,-49373.99999999999,15071.972825128516,0,556.8949724310688,14308.219178082192,1,0,0,0,0,0
8498,73.11,5240.399081605917,650.0,0,8.04,3.0,47521.5,-47521.5,15071.972825128516,0,556.8949724310688,14308.219178082192,1,0,0,0,0,0
8499,44.9,4249.063978184637,-659.6383232550305,5.0,8.04,3.0,-29617.76071415087,29617.76071415087,3138.0483456800653,15.0,116.83198947648592,14308.219178082192,0,1,0,0,0,0
8500,41.84,6267.557247345027,-659.6383232550305,5.0,8.04,3.0,-27599.26744499048,27599.26744499048,3138.0483456800653,15.0,116.83198947648592,14308.219178082192,0,1,0,0,0,0
8501,49.29,1353.2517390950493,-659.6383232550305,5.0,8.04,3.0,-32513.572953240455,32513.572953240455,3138.0483456800653,15.0,116.83198947648592,14308.219178082192,0,1,0,0,0,0
8502,59.92,-3333.100918394087,650.0,0,8.04,3.0,38948.0,-38948.0,15071.972825128516,0,556.8949724310688,14308.219178082192,1,0,0,0,0,0
8503,61.31,-2429.600918394087,650.0,0,8.04,3.0,39851.5,-39851.5,15071.972825128516,0,556.8949724310688,14308.219178082192,1,0,0,0,0,0
8504,61.5,-2306.100918394087,650.0,0,8.04,3.0,39975.0,-39975.0,15071.972825128516,0,556.8949724310688,14308.219178082192,1,0,0,0,0,0
8505,66.04,644.8990816059203,650.0,0,8.04,3.0,42926.00000000001,-42926.00000000001,15071.972825128516,0,556.8949724310688,14308.219178082192,1,0,0,0,0,0
8506,51.29,33.975092584988005,-659.6383232550305,5.0,8.04,3.0,-33832.849599750516,33832.849599750516,3138.0483456800653,15.0,116.83198947648592,14308.219178082192,0,1,0,0,0,0
8507,54.63,-2169.216907086811,-659.6383232550305,5.0,8.04,3.0,-36036.04159942232,36036.04159942232,3138.0483456800653,15.0,116.83198947648592,14308.219178082192,0,1,0,0,0,0
8508,61.36,-2397.100918394087,650.0,0,8.04,3.0,39884.0,-39884.0,15071.972825128516,0,556.8949724310688,14308.219178082192,1,0,0,0,0,0
8509,58.92,-3983.100918394087,650.0,0,8.04,3.0,38298.0,-38298.0,15071.972825128516,0,556.8949724310688,14308.219178082192,1,0,0,0,0,0
8510,104.31,25520.399081605916,650.0,0,8.04,3.0,67801.5,-67801.5,15071.972825128516,0,556.8949724310688,14308.219178082192,1,0,0,0,0,0
8511,56.25,-3237.830990759961,-659.6383232550305,5.0,8.04,3.0,-37104.655683095465,37104.655683095465,3138.0483456800653,15.0,116.83198947648592,14308.219178082192,0,1,0,0,0,0
8512,70.13,3303.399081605913,650.0,0,8.04,3.0,45584.5,-45584.5,15071.972825128516,0,556.8949724310688,14308.219178082192,1,0,0,0,0,0
8513,88.86,15477.899081605916,650.0,0,8.04,3.0,57759.0,-57759.0,15071.972825128516,0,556.8949724310688,14308.219178082192,1,0,0,0,0,0
8514,76.46,7417.899081605902,650.0,0,8.04,3.0,49698.99999999999,-49698.99999999999,15071.972825128516,0,556.8949724310688,14308.219178082192,1,0,0,0,0,0
8515,63.06,-1292.1009183940869,650.0,0,8.04,3.0,40989.0,-40989.0,15071.972825128516,0,556.8949724310688,14308.219178082192,1,0,0,0,0,0
8516,50.12,805.7519307933767,-659.6383232550305,5.0,8.04,3.0,-33061.07276154213,33061.07276154213,3138.0483456800653,15.0,116.83198947648592,14308.219178082192,0,1,0,0,0,0
8517,45.91,3582.8292716970577,-659.6383232550305,5.0,8.04,3.0,-30283.99542063845,30283.99542063845,3138.0483456800653,15.0,116.83198947648592,14308.219178082192,0,1,0,0,0,0
8518,41.63,6406.081295228581,-659.6383232550305,5.0,8.04,3.0,-27460.743397106922,27460.743397106922,3138.0483456800653,15.0,116.83198947648592,14308.219178082192,0,1,0,0,0,0
8519,33.04,12072.374491989296,-659.6383232550305,5.0,8.04,3.0,-21794.450200346208,21794.450200346208,3138.0483456800653,15.0,116.83198947648592,14308.219178082192,0,1,0,0,0,0
8520,29.64,14315.144791056398,-659.6383232550305,5.0,8.04,3.0,-19551.679901279105,19551.679901279105,3138.0483456800653,15.0,116.83198947648592,14308.219178082192,0,1,0,0,0,0
8521,25.74,16887.73425175102,-659.6383232550305,5.0,8.04,3.0,-16979.090440584485,16979.090440584485,3138.0483456800653,15.0,116.83198947648592,14308.219178082192,0,1,0,0,0,0
8522,18.49,21670.112095349992,-659.6383232550305,5.0,8.04,3.0,-12196.712596985513,12196.712596985513,3138.0483456800653,15.0,116.83198947648592,14308.219178082192,0,1,0,0,0,0
8523,16.49,22989.38874186005,-659.6383232550305,5.0,8.04,3.0,-10877.435950475452,10877.435950475452,3138.0483456800653,15.0,116.83198947648592,14308.219178082192,0,1,0,0,0,0
8524,23.9,18101.468766540274,-659.6383232550305,5.0,8.04,3.0,-15765.355925795227,15765.355925795227,3138.0483456800653,15.0,116.83198947648592,14308.219178082192,0,1,0,0,0,0
8525,23.86,18127.854299470477,-659.6383232550305,5.0,8.04,3.0,-15738.970392865027,15738.970392865027,3138.0483456800653,15.0,116.83198947648592,14308.219178082192,0,1,0,0,0,0
8526,29.66,14301.952024591297,-659.6383232550305,5.0,8.04,3.0,-19564.872667744206,19564.872667744206,3138.0483456800653,15.0,116.83198947648592,14308.219178082192,0,1,0,0,0,0
8527,30.84,13523.578803150362,-659.6383232550305,5.0,8.04,3.0,-20343.245889185142,20343.245889185142,3138.0483456800653,15.0,116.83198947648592,14308.219178082192,0,1,0,0,0,0
8528,33.75,11604.031282478223,-659.6383232550305,5.0,8.04,3.0,-22262.79340985728,22262.79340985728,3138.0483456800653,15.0,116.83198947648592,14308.219178082192,0,1,0,0,0,0
8529,37.06,9420.628432504072,-659.6383232550305,5.0,8.04,3.0,-24446.19625983143,24446.19625983143,3138.0483456800653,15.0,116.83198947648592,14308.219178082192,0,1,0,0,0,0
8530,44.64,4420.569942230941,-659.6383232550305,5.0,8.04,3.0,-29446.254750104563,29446.254750104563,3138.0483456800653,15.0,116.83198947648592,14308.219178082192,0,1,0,0,0,0
8531,46.98,2877.016265814175,-659.6383232550305,5.0,8.04,3.0,-30989.808426521333,30989.808426521333,3138.0483456800653,15.0,116.83198947648592,14308.219178082192,0,1,0,0,0,0
8532,40.53,7131.683450809116,-659.6383232550305,5.0,8.04,3.0,-26735.141241526388,26735.141241526388,3138.0483456800653,15.0,116.83198947648592,14308.219178082192,0,1,0,0,0,0
8533,39.67,7698.972408808444,-659.6383232550305,5.0,8.04,3.0,-26167.852283527063,26167.852283527063,3138.0483456800653,15.0,116.83198947648592,14308.219178082192,0,1,0,0,0,0
8534,37.46,9156.773103202064,-659.6383232550305,5.0,8.04,3.0,-24710.051589133443,24710.051589133443,3138.0483456800653,15.0,116.83198947648592,14308.219178082192,0,1,0,0,0,0
8535,37.95,8833.550324807093,-659.6383232550305,5.0,8.04,3.0,-25033.27436752841,25033.27436752841,3138.0483456800653,15.0,116.83198947648592,14308.219178082192,0,1,0,0,0,0
8536,35.87,10205.598037177559,-659.6383232550305,5.0,8.04,3.0,-23661.22665515794,23661.22665515794,3138.0483456800653,15.0,116.83198947648592,14308.219178082192,0,1,0,0,0,0
8537,42.74,5673.8827564155,-659.6383232550305,5.0,8.04,3.0,-28192.941935920004,28192.941935920004,3138.0483456800653,15.0,116.83198947648592,14308.219178082192,0,1,0,0,0,0
8538,47.35,2632.9500862098107,-659.6383232550305,5.0,8.04,3.0,-31233.874606125697,31233.874606125697,3138.0483456800653,15.0,116.83198947648592,14308.219178082192,0,1,0,0,0,0
8539,45.36,3945.6303494873214,-659.6383232550305,5.0,8.04,3.0,-29921.194342848183,29921.194342848183,3138.0483456800653,15.0,116.83198947648592,14308.219178082192,0,1,0,0,0,0
8540,50.89,297.8304218870039,-659.6383232550305,5.0,8.04,3.0,-33568.9942704485,33568.9942704485,3138.0483456800653,15.0,116.83198947648592,14308.219178082192,0,1,0,0,0,0
8541,34.0,11439.121701664466,-659.6383232550305,5.0,8.04,3.0,-22427.702990671038,22427.702990671038,3138.0483456800653,15.0,116.83198947648592,14308.219178082192,0,1,0,0,0,0
8542,25.34,17151.58958105303,-659.6383232550305,5.0,8.04,3.0,-16715.235111282473,16715.235111282473,3138.0483456800653,15.0,116.83198947648592,14308.219178082192,0,1,0,0,0,0
8543,29.98,14090.86776114969,-659.6383232550305,5.0,8.04,3.0,-19775.956931185814,19775.956931185814,3138.0483456800653,15.0,116.83198947648592,14308.219178082192,0,1,0,0,0,0
8544,19.86,20766.4075924906,-659.6383232550305,5.0,8.04,3.0,-13100.417099844906,13100.417099844906,3138.0483456800653,15.0,116.83198947648592,14308.219178082192,0,1,0,0,0,0
8545,18.65,21564.569963629187,-659.6383232550305,5.0,8.04,3.0,-12302.254728706319,12302.254728706319,3138.0483456800653,15.0,116.83198947648592,14308.219178082192,0,1,0,0,0,0
8546,13.09,25232.159040927156,-659.6383232550305,5.0,8.04,3.0,-8634.66565140835,8634.66565140835,3138.0483456800653,15.0,116.83198947648592,14308.219178082192,0,1,0,0,0,0
8547,21.25,19849.510323166105,-659.6383232550305,5.0,8.04,3.0,-14017.314369169399,14017.314369169399,3138.0483456800653,15.0,116.83198947648592,14308.219178082192,0,1,0,0,0,0
8548,23.86,18127.854299470477,-659.6383232550305,5.0,8.04,3.0,-15738.970392865027,15738.970392865027,3138.0483456800653,15.0,116.83198947648592,14308.219178082192,0,1,0,0,0,0
8549,25.64,16953.69808407652,-659.6383232550305,5.0,8.04,3.0,-16913.126608258983,16913.126608258983,3138.0483456800653,15.0,116.83198947648592,14308.219178082192,0,1,0,0,0,0
8550,57.22,-3877.680164317338,-659.6383232550305,5.0,8.04,3.0,-37744.50485665284,37744.50485665284,3138.0483456800653,15.0,116.83198947648592,14308.219178082192,0,1,0,0,0,0
8551,100.7,23173.899081605916,650.0,0,8.04,3.0,65455.0,-65455.0,15071.972825128516,0,556.8949724310688,14308.219178082192,1,0,0,0,0,0
8552,856.34,514339.8990816059,650.0,0,8.04,3.0,556621.0,-556621.0,15071.972825128516,0,556.8949724310688,14308.219178082192,1,0,0,0,0,0
8553,238.63,112828.39908160592,650.0,0,8.04,3.0,155109.5,-155109.5,15071.972825128516,0,556.8949724310688,14308.219178082192,1,0,0,0,0,0
8554,178.51,73750.39908160592,650.0,0,8.04,3.0,116031.5,-116031.5,15071.972825128516,0,556.8949724310688,14308.219178082192,1,0,0,0,0,0
8555,184.97,77949.39908160592,650.0,0,8.04,3.0,120230.5,-120230.5,15071.972825128516,0,556.8949724310688,14308.219178082192,1,0,0,0,0,0
8556,292.1,147583.89908160595,650.0,0,8.04,3.0,189865.00000000003,-189865.00000000003,15071.972825128516,0,556.8949724310688,14308.219178082192,1,0,0,0,0,0
8557,107.16,27372.899081605916,650.0,0,8.04,3.0,69654.0,-69654.0,15071.972825128516,0,556.8949724310688,14308.219178082192,1,0,0,0,0,0
8558,55.5,-2743.1022483186894,-659.6383232550305,5.0,8.04,3.0,-36609.92694065419,36609.92694065419,3138.0483456800653,15.0,116.83198947648592,14308.219178082192,0,1,0,0,0,0
8559,117.06,33807.89908160592,650.0,0,8.04,3.0,76089.0,-76089.0,15071.972825128516,0,556.8949724310688,14308.219178082192,1,0,0,0,0,0
8560,1634.65,1020241.3990816058,650.0,0,8.04,3.0,1062522.5,-1062522.5,15071.972825128516,0,556.8949724310688,14308.219178082192,1,0,0,0,0,0
8561,1781.78,1115875.899081606,650.0,0,8.04,3.0,1158157.0,-1158157.0,15071.972825128516,0,556.8949724310688,14308.219178082192,1,0,0,0,0,0
8562,1177.6,723158.8990816057,650.0,0,8.04,3.0,765439.9999999999,-765439.9999999999,15071.972825128516,0,556.8949724310688,14308.219178082192,1,0,0,0,0,0
8563,499.78,282575.8990816059,650.0,0,8.04,3.0,324857.0,-324857.0,15071.972825128516,0,556.8949724310688,14308.219178082192,1,0,0,0,0,0
8564,593.09,343227.3990816059,650.0,0,8.04,3.0,385508.5,-385508.5,15071.972825128516,0,556.8949724310688,14308.219178082192,1,0,0,0,0,0
8565,198.59,86802.39908160592,650.0,0,8.04,3.0,129083.5,-129083.5,15071.972825128516,0,556.8949724310688,14308.219178082192,1,0,0,0,0,0
8566,109.28,28750.899081605916,650.0,0,8.04,3.0,71032.0,-71032.0,15071.972825128516,0,556.8949724310688,14308.219178082192,1,0,0,0,0,0
8567,32.11,12685.838132616474,-659.6383232550305,5.0,8.04,3.0,-21180.98655971903,21180.98655971903,3138.0483456800653,15.0,116.83198947648592,14308.219178082192,0,1,0,0,0,0
8568,30.0,14077.674994684588,-659.6383232550305,5.0,8.04,3.0,-19789.149697650915,19789.149697650915,3138.0483456800653,15.0,116.83198947648592,14308.219178082192,0,1,0,0,0,0
8569,33.1,12032.796192593996,-659.6383232550305,5.0,8.04,3.0,-21834.02849974151,21834.02849974151,3138.0483456800653,15.0,116.83198947648592,14308.219178082192,0,1,0,0,0,0
8570,25.08,17323.09554509934,-659.6383232550305,5.0,8.04,3.0,-16543.729147236165,16543.729147236165,3138.0483456800653,15.0,116.83198947648592,14308.219178082192,0,1,0,0,0,0
8571,25.76,16874.541485285918,-659.6383232550305,5.0,8.04,3.0,-16992.283207049586,16992.283207049586,3138.0483456800653,15.0,116.83198947648592,14308.219178082192,0,1,0,0,0,0
8572,30.55,13714.873916894321,-659.6383232550305,5.0,8.04,3.0,-20151.950775441182,20151.950775441182,3138.0483456800653,15.0,116.83198947648592,14308.219178082192,0,1,0,0,0,0
8573,25.38,17125.20404812283,-659.6383232550305,5.0,8.04,3.0,-16741.620644212675,16741.620644212675,3138.0483456800653,15.0,116.83198947648592,14308.219178082192,0,1,0,0,0,0
8574,36.29,9928.549941410445,-659.6383232550305,5.0,8.04,3.0,-23938.27475092506,23938.27475092506,3138.0483456800653,15.0,116.83198947648592,14308.219178082192,0,1,0,0,0,0
8575,56.15,-3171.867158434455,-659.6383232550305,5.0,8.04,3.0,-37038.69185076996,37038.69185076996,3138.0483456800653,15.0,116.83198947648592,14308.219178082192,0,1,0,0,0,0
8576,221.97,101999.39908160592,650.0,0,8.04,3.0,144280.5,-144280.5,15071.972825128516,0,556.8949724310688,14308.219178082192,1,0,0,0,0,0
8577,83.48,11980.899081605916,650.0,0,8.04,3.0,54262.0,-54262.0,15071.972825128516,0,556.8949724310688,14308.219178082192,1,0,0,0,0,0
8578,51.25,60.36062551519032,-659.6383232550305,5.0,8.04,3.0,-33806.464066820314,33806.464066820314,3138.0483456800653,15.0,116.83198947648592,14308.219178082192,0,1,0,0,0,0
8579,46.02,3510.2690561390013,-659.6383232550305,5.0,8.04,3.0,-30356.555636196506,30356.555636196506,3138.0483456800653,15.0,116.83198947648592,14308.219178082192,0,1,0,0,0,0
8580,73.3,5363.899081605917,650.0,0,8.04,3.0,47645.0,-47645.0,15071.972825128516,0,556.8949724310688,14308.219178082192,1,0,0,0,0,0
8581,34.98,10792.676144874538,-659.6383232550305,5.0,8.04,3.0,-23074.148547460965,23074.148547460965,3138.0483456800653,15.0,116.83198947648592,14308.219178082192,0,1,0,0,0,0
8582,29.34,14513.036288032908,-659.6383232550305,5.0,8.04,3.0,-19353.788404302595,19353.788404302595,3138.0483456800653,15.0,116.83198947648592,14308.219178082192,0,1,0,0,0,0
8583,20.78,20159.540335095968,-659.6383232550305,5.0,8.04,3.0,-13707.284357239534,13707.284357239534,3138.0483456800653,15.0,116.83198947648592,14308.219178082192,0,1,0,0,0,0
8584,26.8,16188.517629100686,-659.6383232550305,5.0,8.04,3.0,-17678.307063234817,17678.307063234817,3138.0483456800653,15.0,116.83198947648592,14308.219178082192,0,1,0,0,0,0
8585,54.68,-2202.1988232495637,-659.6383232550305,5.0,8.04,3.0,-36069.02351558507,36069.02351558507,3138.0483456800653,15.0,116.83198947648592,14308.219178082192,0,1,0,0,0,0
8586,45.58,3800.509918371216,-659.6383232550305,5.0,8.04,3.0,-30066.314773964288,30066.314773964288,3138.0483456800653,15.0,116.83198947648592,14308.219178082192,0,1,0,0,0,0
8587,33.0,12098.760024919495,-659.6383232550305,5.0,8.04,3.0,-21768.064667416005,21768.064667416005,3138.0483456800653,15.0,116.83198947648592,14308.219178082192,0,1,0,0,0,0
8588,50.77,376.9870206776036,-659.6383232550305,5.0,8.04,3.0,-33489.8376716579,33489.8376716579,3138.0483456800653,15.0,116.83198947648592,14308.219178082192,0,1,0,0,0,0
8589,34.59,11049.935090943996,-659.6383232550305,5.0,8.04,3.0,-22816.889601391507,22816.889601391507,3138.0483456800653,15.0,116.83198947648592,14308.219178082192,0,1,0,0,0,0
8590,192.27,82694.39908160592,650.0,0,8.04,3.0,124975.5,-124975.5,15071.972825128516,0,556.8949724310688,14308.219178082192,1,0,0,0,0,0
8591,60.77,-2780.600918394087,650.0,0,8.04,3.0,39500.5,-39500.5,15071.972825128516,0,556.8949724310688,14308.219178082192,1,0,0,0,0,0
8592,72.38,4765.899081605913,650.0,0,8.04,3.0,47047.0,-47047.0,15071.972825128516,0,556.8949724310688,14308.219178082192,1,0,0,0,0,0
8593,73.82,5701.899081605902,650.0,0,8.04,3.0,47982.99999999999,-47982.99999999999,15071.972825128516,0,556.8949724310688,14308.219178082192,1,0,0,0,0,0
8594,30.0,14077.674994684588,-659.6383232550305,5.0,8.04,3.0,-19789.149697650915,19789.149697650915,3138.0483456800653,15.0,116.83198947648592,14308.219178082192,0,1,0,0,0,0
8595,43.04,5475.991259438993,-659.6383232550305,5.0,8.04,3.0,-28390.833432896514,28390.833432896514,3138.0483456800653,15.0,116.83198947648592,14308.219178082192,0,1,0,0,0,0
8596,43.92,4895.509534974564,-659.6383232550305,5.0,8.04,3.0,-28971.315157360943,28971.315157360943,3138.0483456800653,15.0,116.83198947648592,14308.219178082192,0,1,0,0,0,0
8597,41.58,6439.063211391338,-659.6383232550305,5.0,8.04,3.0,-27427.76148094417,27427.76148094417,3138.0483456800653,15.0,116.83198947648592,14308.219178082192,0,1,0,0,0,0
8598,39.89,7553.851977692335,-659.6383232550305,5.0,8.04,3.0,-26312.97271464317,26312.97271464317,3138.0483456800653,15.0,116.83198947648592,14308.219178082192,0,1,0,0,0,0
8599,101.39,23622.399081605916,650.0,0,8.04,3.0,65903.5,-65903.5,15071.972825128516,0,556.8949724310688,14308.219178082192,1,0,0,0,0,0
8600,145.37,52209.39908160592,650.0,0,8.04,3.0,94490.5,-94490.5,15071.972825128516,0,556.8949724310688,14308.219178082192,1,0,0,0,0,0
8601,82.35,11246.399081605901,650.0,0,8.04,3.0,53527.49999999999,-53527.49999999999,15071.972825128516,0,556.8949724310688,14308.219178082192,1,0,0,0,0,0
8602,70.61,3615.399081605913,650.0,0,8.04,3.0,45896.5,-45896.5,15071.972825128516,0,556.8949724310688,14308.219178082192,1,0,0,0,0,0
8603,93.08,18220.899081605916,650.0,0,8.04,3.0,60502.0,-60502.0,15071.972825128516,0,556.8949724310688,14308.219178082192,1,0,0,0,0,0
8604,49.68,1095.9927930255876,-659.6383232550305,5.0,8.04,3.0,-32770.83189930992,32770.83189930992,3138.0483456800653,15.0,116.83198947648592,14308.219178082192,0,1,0,0,0,0
8605,41.91,6221.38256471718,-659.6383232550305,5.0,8.04,3.0,-27645.442127618328,27645.442127618328,3138.0483456800653,15.0,116.83198947648592,14308.219178082192,0,1,0,0,0,0
8606,35.19,10654.152096990983,-659.6383232550305,5.0,8.04,3.0,-23212.672595344524,23212.672595344524,3138.0483456800653,15.0,116.83198947648592,14308.219178082192,0,1,0,0,0,0
8607,31.75,12923.307928988284,-659.6383232550305,5.0,8.04,3.0,-20943.51676334722,20943.51676334722,3138.0483456800653,15.0,116.83198947648592,14308.219178082192,0,1,0,0,0,0
8608,38.69,8345.417965598375,-659.6383232550305,5.0,8.04,3.0,-25521.40672673713,25521.40672673713,3138.0483456800653,15.0,116.83198947648592,14308.219178082192,0,1,0,0,0,0
8609,51.48,-91.35618883346572,-659.6383232550305,5.0,8.04,3.0,-33958.18088116897,33958.18088116897,3138.0483456800653,15.0,116.83198947648592,14308.219178082192,0,1,0,0,0,0
8610,60.25,-3118.600918394087,650.0,0,8.04,3.0,39162.5,-39162.5,15071.972825128516,0,556.8949724310688,14308.219178082192,1,0,0,0,0,0
8611,49.35,1313.6734396997495,-659.6383232550305,5.0,8.04,3.0,-32553.15125263576,32553.15125263576,3138.0483456800653,15.0,116.83198947648592,14308.219178082192,0,1,0,0,0,0
8612,55.74,-2901.415445899896,-659.6383232550305,5.0,8.04,3.0,-36768.2401382354,36768.2401382354,3138.0483456800653,15.0,116.83198947648592,14308.219178082192,0,1,0,0,0,0
8613,61.18,-2514.100918394087,650.0,0,8.04,3.0,39767.0,-39767.0,15071.972825128516,0,556.8949724310688,14308.219178082192,1,0,0,0,0,0
8614,43.81,4968.069750532613,-659.6383232550305,5.0,8.04,3.0,-28898.754941802887,28898.754941802887,3138.0483456800653,15.0,116.83198947648592,14308.219178082192,0,1,0,0,0,0
8615,58.3,-4386.100918394087,650.0,0,8.04,3.0,37895.0,-37895.0,15071.972825128516,0,556.8949724310688,14308.219178082192,1,0,0,0,0,0
8616,57.9,-4326.234224130763,-659.6383232550305,5.0,8.04,3.0,-38193.05891646627,38193.05891646627,3138.0483456800653,15.0,116.83198947648592,14308.219178082192,0,1,0,0,0,0
8617,42.22,6016.8946845081155,-659.6383232550305,5.0,8.04,3.0,-27849.930007827388,27849.930007827388,3138.0483456800653,15.0,116.83198947648592,14308.219178082192,0,1,0,0,0,0
8618,28.14,15304.602275938945,-659.6383232550305,5.0,8.04,3.0,-18562.22241639656,18562.22241639656,3138.0483456800653,15.0,116.83198947648592,14308.219178082192,0,1,0,0,0,0
8619,25.93,16762.402970332565,-659.6383232550305,5.0,8.04,3.0,-17104.421722002942,17104.421722002942,3138.0483456800653,15.0,116.83198947648592,14308.219178082192,0,1,0,0,0,0
8620,26.64,16294.059760821492,-659.6383232550305,5.0,8.04,3.0,-17572.76493151401,17572.76493151401,3138.0483456800653,15.0,116.83198947648592,14308.219178082192,0,1,0,0,0,0
8621,27.5,15726.770802822164,-659.6383232550305,5.0,8.04,3.0,-18140.05388951334,18140.05388951334,3138.0483456800653,15.0,116.83198947648592,14308.219178082192,0,1,0,0,0,0
8622,29.89,14150.235210242641,-659.6383232550305,5.0,8.04,3.0,-19716.589482092862,19716.589482092862,3138.0483456800653,15.0,116.83198947648592,14308.219178082192,0,1,0,0,0,0
8623,31.22,13272.91624031345,-659.6383232550305,5.0,8.04,3.0,-20593.908452022053,20593.908452022053,3138.0483456800653,15.0,116.83198947648592,14308.219178082192,0,1,0,0,0,0
8624,46.18,3404.7269244181994,-659.6383232550305,5.0,8.04,3.0,-30462.09776791731,30462.09776791731,3138.0483456800653,15.0,116.83198947648592,14308.219178082192,0,1,0,0,0,0
8625,59.43,-3651.600918394087,650.0,0,8.04,3.0,38629.5,-38629.5,15071.972825128516,0,556.8949724310688,14308.219178082192,1,0,0,0,0,0
8626,62.12,-1903.1009183940869,650.0,0,8.04,3.0,40378.0,-40378.0,15071.972825128516,0,556.8949724310688,14308.219178082192,1,0,0,0,0,0
8627,74.68,6260.899081605917,650.0,0,8.04,3.0,48542.00000000001,-48542.00000000001,15071.972825128516,0,556.8949724310688,14308.219178082192,1,0,0,0,0,0
8628,71.34,4089.899081605913,650.0,0,8.04,3.0,46371.0,-46371.0,15071.972825128516,0,556.8949724310688,14308.219178082192,1,0,0,0,0,0
8629,141.43,49648.39908160592,650.0,0,8.04,3.0,91929.5,-91929.5,15071.972825128516,0,556.8949724310688,14308.219178082192,1,0,0,0,0,0
8630,80.13,9803.399081605916,650.0,0,8.04,3.0,52084.5,-52084.5,15071.972825128516,0,556.8949724310688,14308.219178082192,1,0,0,0,0,0
8631,89.05,15601.399081605916,650.0,0,8.04,3.0,57882.5,-57882.5,15071.972825128516,0,556.8949724310688,14308.219178082192,1,0,0,0,0,0
8632,89.51,15900.399081605916,650.0,0,8.04,3.0,58181.5,-58181.5,15071.972825128516,0,556.8949724310688,14308.219178082192,1,0,0,0,0,0
8633,126.33,39833.39908160592,650.0,0,8.04,3.0,82114.5,-82114.5,15071.972825128516,0,556.8949724310688,14308.219178082192,1,0,0,0,0,0
8634,128.95,41536.39908160591,650.0,0,8.04,3.0,83817.49999999999,-83817.49999999999,15071.972825128516,0,556.8949724310688,14308.219178082192,1,0,0,0,0,0
8635,97.2,20898.899081605916,650.0,0,8.04,3.0,63180.0,-63180.0,15071.972825128516,0,556.8949724310688,14308.219178082192,1,0,0,0,0,0
8636,96.76,20612.899081605916,650.0,0,8.04,3.0,62894.0,-62894.0,15071.972825128516,0,556.8949724310688,14308.219178082192,1,0,0,0,0,0
8637,71.23,4018.399081605913,650.0,0,8.04,3.0,46299.5,-46299.5,15071.972825128516,0,556.8949724310688,14308.219178082192,1,0,0,0,0,0
8638,52.6,-830.1511108791015,-659.6383232550305,5.0,8.04,3.0,-34696.975803214606,34696.975803214606,3138.0483456800653,15.0,116.83198947648592,14308.219178082192,0,1,0,0,0,0
8639,53.32,-1305.0907036227213,-659.6383232550305,5.0,8.04,3.0,-35171.915395958225,35171.915395958225,3138.0483456800653,15.0,116.83198947648592,14308.219178082192,0,1,0,0,0,0
8640,29.64,14315.144791056398,-659.6383232550305,5.0,8.04,3.0,-19551.679901279105,19551.679901279105,3138.0483456800653,15.0,116.83198947648592,14308.219178082192,0,1,0,0,0,0
8641,51.63,-190.3019373217244,-659.6383232550305,5.0,8.04,3.0,-34057.12662965723,34057.12662965723,3138.0483456800653,15.0,116.83198947648592,14308.219178082192,0,1,0,0,0,0
8642,32.83,12210.898539872855,-659.6383232550305,5.0,8.04,3.0,-21655.92615246265,21655.92615246265,3138.0483456800653,15.0,116.83198947648592,14308.219178082192,0,1,0,0,0,0
8643,21.26,19842.913939933555,-659.6383232550305,5.0,8.04,3.0,-14023.91075240195,14023.91075240195,3138.0483456800653,15.0,116.83198947648592,14308.219178082192,0,1,0,0,0,0
8644,11.08,26558.032070669768,-659.6383232550305,5.0,8.04,3.0,-7308.792621665738,7308.792621665738,3138.0483456800653,15.0,116.83198947648592,14308.219178082192,0,1,0,0,0,0
8645,11.08,26558.032070669768,-659.6383232550305,5.0,8.04,3.0,-7308.792621665738,7308.792621665738,3138.0483456800653,15.0,116.83198947648592,14308.219178082192,0,1,0,0,0,0
8646,14.52,24288.876238672463,-659.6383232550305,5.0,8.04,3.0,-9577.948453663043,9577.948453663043,3138.0483456800653,15.0,116.83198947648592,14308.219178082192,0,1,0,0,0,0
8647,-16.12,44500.19446320659,-659.6383232550305,5.0,8.04,3.0,10633.369770871093,-10633.369770871093,3138.0483456800653,15.0,116.83198947648592,14308.219178082192,0,1,0,0,0,0
8648,11.15,26511.857388041914,-659.6383232550305,5.0,8.04,3.0,-7354.96730429359,7354.96730429359,3138.0483456800653,15.0,116.83198947648592,14308.219178082192,0,1,0,0,0,0
8649,8.84,28035.621914761035,-659.6383232550305,5.0,8.04,3.0,-5831.20277757447,5831.20277757447,3138.0483456800653,15.0,116.83198947648592,14308.219178082192,0,1,0,0,0,0
8650,13.78,24777.008597881184,-659.6383232550305,5.0,8.04,3.0,-9089.81609445432,9089.81609445432,3138.0483456800653,15.0,116.83198947648592,14308.219178082192,0,1,0,0,0,0
8651,12.3,25753.273316298626,-659.6383232550305,5.0,8.04,3.0,-8113.551376036876,8113.551376036876,3138.0483456800653,15.0,116.83198947648592,14308.219178082192,0,1,0,0,0,0
8652,19.05,21300.714634327174,-659.6383232550305,5.0,8.04,3.0,-12566.110058008331,12566.110058008331,3138.0483456800653,15.0,116.83198947648592,14308.219178082192,0,1,0,0,0,0
8653,8.33,28372.0374596211,-659.6383232550305,5.0,8.04,3.0,-5494.787232714404,5494.787232714404,3138.0483456800653,15.0,116.83198947648592,14308.219178082192,0,1,0,0,0,0
8654,18.2,21861.407209093948,-659.6383232550305,5.0,8.04,3.0,-12005.417483241556,12005.417483241556,3138.0483456800653,15.0,116.83198947648592,14308.219178082192,0,1,0,0,0,0
8655,17.66,22217.611903651665,-659.6383232550305,5.0,8.04,3.0,-11649.212788683839,11649.212788683839,3138.0483456800653,15.0,116.83198947648592,14308.219178082192,0,1,0,0,0,0
8656,16.07,23266.436837627167,-659.6383232550305,5.0,8.04,3.0,-10600.38785470834,10600.38785470834,3138.0483456800653,15.0,116.83198947648592,14308.219178082192,0,1,0,0,0,0
8657,13.69,24836.376046974136,-659.6383232550305,5.0,8.04,3.0,-9030.448645361368,9030.448645361368,3138.0483456800653,15.0,116.83198947648592,14308.219178082192,0,1,0,0,0,0
8658,14.78,24117.370274626155,-659.6383232550305,5.0,8.04,3.0,-9749.45441770935,9749.45441770935,3138.0483456800653,15.0,116.83198947648592,14308.219178082192,0,1,0,0,0,0
8659,13.75,24796.797747578836,-659.6383232550305,5.0,8.04,3.0,-9070.02694475667,9070.02694475667,3138.0483456800653,15.0,116.83198947648592,14308.219178082192,0,1,0,0,0,0
8660,10.44,26980.200597552986,-659.6383232550305,5.0,8.04,3.0,-6886.624094782518,6886.624094782518,3138.0483456800653,15.0,116.83198947648592,14308.219178082192,0,1,0,0,0,0
8661,10.99,26617.39951976272,-659.6383232550305,5.0,8.04,3.0,-7249.425172572785,7249.425172572785,3138.0483456800653,15.0,116.83198947648592,14308.219178082192,0,1,0,0,0,0
8662,6.94,29288.93472894559,-659.6383232550305,5.0,8.04,3.0,-4577.889963389912,4577.889963389912,3138.0483456800653,15.0,116.83198947648592,14308.219178082192,0,1,0,0,0,0
8663,8.12,28510.56150750466,-659.6383232550305,5.0,8.04,3.0,-5356.263184830847,5356.263184830847,3138.0483456800653,15.0,116.83198947648592,14308.219178082192,0,1,0,0,0,0
8664,2.46,32244.114417128127,-659.6383232550305,5.0,8.04,3.0,-1622.710275207375,1622.710275207375,3138.0483456800653,15.0,116.83198947648592,14308.219178082192,0,1,0,0,0,0
8665,3.17,31775.771207617057,-659.6383232550305,5.0,8.04,3.0,-2091.0534847184467,2091.0534847184467,3138.0483456800653,15.0,116.83198947648592,14308.219178082192,0,1,0,0,0,0
8666,2.64,32125.379518942224,-659.6383232550305,5.0,8.04,3.0,-1741.4451733932806,1741.4451733932806,3138.0483456800653,15.0,116.83198947648592,14308.219178082192,0,1,0,0,0,0
8667,6.33,29691.31410613116,-659.6383232550305,5.0,8.04,3.0,-4175.510586204343,4175.510586204343,3138.0483456800653,15.0,116.83198947648592,14308.219178082192,0,1,0,0,0,0
8668,2.71,32079.20483631437,-659.6383232550305,5.0,8.04,3.0,-1787.6198560211326,1787.6198560211326,3138.0483456800653,15.0,116.83198947648592,14308.219178082192,0,1,0,0,0,0
8669,7.73,28767.820453574117,-659.6383232550305,5.0,8.04,3.0,-5099.004238761386,5099.004238761386,3138.0483456800653,15.0,116.83198947648592,14308.219178082192,0,1,0,0,0,0
8670,1.27,33029.08402180162,-659.6383232550305,5.0,8.04,3.0,-837.7406705338888,837.7406705338888,3138.0483456800653,15.0,116.83198947648592,14308.219178082192,0,1,0,0,0,0
8671,-10.0,40463.207924885806,-659.6383232550305,5.0,8.04,3.0,6596.383232550305,-6596.383232550305,3138.0483456800653,15.0,116.83198947648592,14308.219178082192,0,1,0,0,0,0
8672,7.54,28893.151734992574,-659.6383232550305,5.0,8.04,3.0,-4973.67295734293,4973.67295734293,3138.0483456800653,15.0,116.83198947648592,14308.219178082192,0,1,0,0,0,0
8673,13.35,25060.653076880844,-659.6383232550305,5.0,8.04,3.0,-8806.171615454658,8806.171615454658,3138.0483456800653,15.0,116.83198947648592,14308.219178082192,0,1,0,0,0,0
8674,14.13,24546.13518474192,-659.6383232550305,5.0,8.04,3.0,-9320.68950759358,9320.68950759358,3138.0483456800653,15.0,116.83198947648592,14308.219178082192,0,1,0,0,0,0
8675,-3.23,35997.45647644925,-659.6383232550305,5.0,8.04,3.0,2130.6317841137484,-2130.6317841137484,3138.0483456800653,15.0,116.83198947648592,14308.219178082192,0,1,0,0,0,0
8676,6.52,29565.982824712704,-659.6383232550305,5.0,8.04,3.0,-4300.841867622798,4300.841867622798,3138.0483456800653,15.0,116.83198947648592,14308.219178082192,0,1,0,0,0,0
8677,25.16,17270.324479238938,-659.6383232550305,5.0,8.04,3.0,-16596.50021309657,16596.50021309657,3138.0483456800653,15.0,116.83198947648592,14308.219178082192,0,1,0,0,0,0
8678,23.97,18055.294083912424,-659.6383232550305,5.0,8.04,3.0,-15811.530608423082,15811.530608423082,3138.0483456800653,15.0,116.83198947648592,14308.219178082192,0,1,0,0,0,0
8679,16.52,22969.599592162398,-659.6383232550305,5.0,8.04,3.0,-10897.225100173104,10897.225100173104,3138.0483456800653,15.0,116.83198947648592,14308.219178082192,0,1,0,0,0,0
8680,23.76,18193.81813179598,-659.6383232550305,5.0,8.04,3.0,-15673.006560539527,15673.006560539527,3138.0483456800653,15.0,116.83198947648592,14308.219178082192,0,1,0,0,0,0
8681,24.94,17415.444910355043,-659.6383232550305,5.0,8.04,3.0,-16451.37978198046,16451.37978198046,3138.0483456800653,15.0,116.83198947648592,14308.219178082192,0,1,0,0,0,0
8682,25.14,17283.51724570404,-659.6383232550305,5.0,8.04,3.0,-16583.30744663147,16583.30744663147,3138.0483456800653,15.0,116.83198947648592,14308.219178082192,0,1,0,0,0,0
8683,24.86,17468.215976215444,-659.6383232550305,5.0,8.04,3.0,-16398.60871612006,16398.60871612006,3138.0483456800653,15.0,116.83198947648592,14308.219178082192,0,1,0,0,0,0
8684,19.49,21010.47377209496,-659.6383232550305,5.0,8.04,3.0,-12856.350920240544,12856.350920240544,3138.0483456800653,15.0,116.83198947648592,14308.219178082192,0,1,0,0,0,0
8685,24.07,17989.33025158692,-659.6383232550305,5.0,8.04,3.0,-15877.494440748585,15877.494440748585,3138.0483456800653,15.0,116.83198947648592,14308.219178082192,0,1,0,0,0,0
8686,24.12,17956.34833542417,-659.6383232550305,5.0,8.04,3.0,-15910.476356911337,15910.476356911337,3138.0483456800653,15.0,116.83198947648592,14308.219178082192,0,1,0,0,0,0
8687,21.82,19473.516478910737,-659.6383232550305,5.0,8.04,3.0,-14393.308213424765,14393.308213424765,3138.0483456800653,15.0,116.83198947648592,14308.219178082192,0,1,0,0,0,0
8688,21.89,19427.341796282886,-659.6383232550305,5.0,8.04,3.0,-14439.482896052617,14439.482896052617,3138.0483456800653,15.0,116.83198947648592,14308.219178082192,0,1,0,0,0,0
8689,22.81,18820.47453888826,-659.6383232550305,5.0,8.04,3.0,-15046.350153447245,15046.350153447245,3138.0483456800653,15.0,116.83198947648592,14308.219178082192,0,1,0,0,0,0
8690,19.78,20819.178658351,-659.6383232550305,5.0,8.04,3.0,-13047.646033984503,13047.646033984503,3138.0483456800653,15.0,116.83198947648592,14308.219178082192,0,1,0,0,0,0
8691,17.52,22309.96126890737,-659.6383232550305,5.0,8.04,3.0,-11556.863423428134,11556.863423428134,3138.0483456800653,15.0,116.83198947648592,14308.219178082192,0,1,0,0,0,0
8692,16.69,22857.461077209045,-659.6383232550305,5.0,8.04,3.0,-11009.36361512646,11009.36361512646,3138.0483456800653,15.0,116.83198947648592,14308.219178082192,0,1,0,0,0,0
8693,15.1,23906.286011184544,-659.6383232550305,5.0,8.04,3.0,-9960.53868115096,9960.53868115096,3138.0483456800653,15.0,116.83198947648592,14308.219178082192,0,1,0,0,0,0
8694,27.34,15832.31293454297,-659.6383232550305,5.0,8.04,3.0,-18034.511757792534,18034.511757792534,3138.0483456800653,15.0,116.83198947648592,14308.219178082192,0,1,0,0,0,0
8695,27.64,15634.42143756646,-659.6383232550305,5.0,8.04,3.0,-18232.403254769044,18232.403254769044,3138.0483456800653,15.0,116.83198947648592,14308.219178082192,0,1,0,0,0,0
8696,27.57,15680.59612019431,-659.6383232550305,5.0,8.04,3.0,-18186.22857214119,18186.22857214119,3138.0483456800653,15.0,116.83198947648592,14308.219178082192,0,1,0,0,0,0
8697,29.5,14407.494156312106,-659.6383232550305,5.0,8.04,3.0,-19459.3305360234,19459.3305360234,3138.0483456800653,15.0,116.83198947648592,14308.219178082192,0,1,0,0,0,0
8698,26.85,16155.535712937934,-659.6383232550305,5.0,8.04,3.0,-17711.28897939757,17711.28897939757,3138.0483456800653,15.0,116.83198947648592,14308.219178082192,0,1,0,0,0,0
8699,26.4,16452.3729584027,-659.6383232550305,5.0,8.04,3.0,-17414.451733932805,17414.451733932805,3138.0483456800653,15.0,116.83198947648592,14308.219178082192,0,1,0,0,0,0
8700,28.93,14783.488000567471,-659.6383232550305,5.0,8.04,3.0,-19083.336691768032,19083.336691768032,3138.0483456800653,15.0,116.83198947648592,14308.219178082192,0,1,0,0,0,0
8701,24.89,17448.426826517796,-659.6383232550305,5.0,8.04,3.0,-16418.39786581771,16418.39786581771,3138.0483456800653,15.0,116.83198947648592,14308.219178082192,0,1,0,0,0,0
8702,22.41,19084.32986819027,-659.6383232550305,5.0,8.04,3.0,-14782.494824145235,14782.494824145235,3138.0483456800653,15.0,116.83198947648592,14308.219178082192,0,1,0,0,0,0
8703,22.8,18827.07092212081,-659.6383232550305,5.0,8.04,3.0,-15039.753770214696,15039.753770214696,3138.0483456800653,15.0,116.83198947648592,14308.219178082192,0,1,0,0,0,0
8704,24.37,17791.43875461041,-659.6383232550305,5.0,8.04,3.0,-16075.385937725094,16075.385937725094,3138.0483456800653,15.0,116.83198947648592,14308.219178082192,0,1,0,0,0,0
8705,26.74,16228.09592849599,-659.6383232550305,5.0,8.04,3.0,-17638.728763839514,17638.728763839514,3138.0483456800653,15.0,116.83198947648592,14308.219178082192,0,1,0,0,0,0
8706,27.65,15627.825054333909,-659.6383232550305,5.0,8.04,3.0,-18238.999638001595,18238.999638001595,3138.0483456800653,15.0,116.83198947648592,14308.219178082192,0,1,0,0,0,0
8707,24.66,17600.143640866452,-659.6383232550305,5.0,8.04,3.0,-16266.681051469053,16266.681051469053,3138.0483456800653,15.0,116.83198947648592,14308.219178082192,0,1,0,0,0,0
8708,15.38,23721.587280673135,-659.6383232550305,5.0,8.04,3.0,-10145.23741166237,10145.23741166237,3138.0483456800653,15.0,116.83198947648592,14308.219178082192,0,1,0,0,0,0
8709,15.65,23543.484933394277,-659.6383232550305,5.0,8.04,3.0,-10323.339758941227,10323.339758941227,3138.0483456800653,15.0,116.83198947648592,14308.219178082192,0,1,0,0,0,0
8710,12.45,25654.327567810375,-659.6383232550305,5.0,8.04,3.0,-8212.497124525129,8212.497124525129,3138.0483456800653,15.0,116.83198947648592,14308.219178082192,0,1,0,0,0,0
8711,22.25,19189.871999911076,-659.6383232550305,5.0,8.04,3.0,-14676.95269242443,14676.95269242443,3138.0483456800653,15.0,116.83198947648592,14308.219178082192,0,1,0,0,0,0
8712,22.2,19222.85391607383,-659.6383232550305,5.0,8.04,3.0,-14643.970776261676,14643.970776261676,3138.0483456800653,15.0,116.83198947648592,14308.219178082192,0,1,0,0,0,0
8713,21.81,19480.112862143287,-659.6383232550305,5.0,8.04,3.0,-14386.711830192215,14386.711830192215,3138.0483456800653,15.0,116.83198947648592,14308.219178082192,0,1,0,0,0,0
8714,19.1,21267.73271816442,-659.6383232550305,5.0,8.04,3.0,-12599.091974171084,12599.091974171084,3138.0483456800653,15.0,116.83198947648592,14308.219178082192,0,1,0,0,0,0
8715,23.48,18378.516862307388,-659.6383232550305,5.0,8.04,3.0,-15488.307830028116,15488.307830028116,3138.0483456800653,15.0,116.83198947648592,14308.219178082192,0,1,0,0,0,0
8716,23.58,18312.553029981886,-659.6383232550305,5.0,8.04,3.0,-15554.271662353618,15554.271662353618,3138.0483456800653,15.0,116.83198947648592,14308.219178082192,0,1,0,0,0,0
8717,24.37,17791.43875461041,-659.6383232550305,5.0,8.04,3.0,-16075.385937725094,16075.385937725094,3138.0483456800653,15.0,116.83198947648592,14308.219178082192,0,1,0,0,0,0
8718,25.76,16874.541485285918,-659.6383232550305,5.0,8.04,3.0,-16992.283207049586,16992.283207049586,3138.0483456800653,15.0,116.83198947648592,14308.219178082192,0,1,0,0,0,0
8719,27.27,15878.487617170824,-659.6383232550305,5.0,8.04,3.0,-17988.337075164683,17988.337075164683,3138.0483456800653,15.0,116.83198947648592,14308.219178082192,0,1,0,0,0,0
8720,33.95,11472.103617827215,-659.6383232550305,5.0,8.04,3.0,-22394.72107450829,22394.72107450829,3138.0483456800653,15.0,116.83198947648592,14308.219178082192,0,1,0,0,0,0
8721,33.98,11452.31446812957,-659.6383232550305,5.0,8.04,3.0,-22414.510224205937,22414.510224205937,3138.0483456800653,15.0,116.83198947648592,14308.219178082192,0,1,0,0,0,0
8722,32.98,12111.9527913846,-659.6383232550305,5.0,8.04,3.0,-21754.871900950904,21754.871900950904,3138.0483456800653,15.0,116.83198947648592,14308.219178082192,0,1,0,0,0,0
8723,34.84,10885.02551013024,-659.6383232550305,5.0,8.04,3.0,-22981.799182205265,22981.799182205265,3138.0483456800653,15.0,116.83198947648592,14308.219178082192,0,1,0,0,0,0
8724,33.38,11848.097462082584,-659.6383232550305,5.0,8.04,3.0,-22018.72723025292,22018.72723025292,3138.0483456800653,15.0,116.83198947648592,14308.219178082192,0,1,0,0,0,0
8725,32.37,12514.332168570167,-659.6383232550305,5.0,8.04,3.0,-21352.492523765337,21352.492523765337,3138.0483456800653,15.0,116.83198947648592,14308.219178082192,0,1,0,0,0,0
8726,31.61,13015.657294243993,-659.6383232550305,5.0,8.04,3.0,-20851.167398091515,20851.167398091515,3138.0483456800653,15.0,116.83198947648592,14308.219178082192,0,1,0,0,0,0
8727,31.95,12791.38026433728,-659.6383232550305,5.0,8.04,3.0,-21075.444427998224,21075.444427998224,3138.0483456800653,15.0,116.83198947648592,14308.219178082192,0,1,0,0,0,0
8728,31.13,13332.283689406406,-659.6383232550305,5.0,8.04,3.0,-20534.541002929098,20534.541002929098,3138.0483456800653,15.0,116.83198947648592,14308.219178082192,0,1,0,0,0,0
8729,30.53,13728.066683359422,-659.6383232550305,5.0,8.04,3.0,-20138.75800897608,20138.75800897608,3138.0483456800653,15.0,116.83198947648592,14308.219178082192,0,1,0,0,0,0
8730,33.19,11973.428743501045,-659.6383232550305,5.0,8.04,3.0,-21893.395948834463,21893.395948834463,3138.0483456800653,15.0,116.83198947648592,14308.219178082192,0,1,0,0,0,0
8731,27.88,15476.108239985257,-659.6383232550305,5.0,8.04,3.0,-18390.71645235025,18390.71645235025,3138.0483456800653,15.0,116.83198947648592,14308.219178082192,0,1,0,0,0,0
8732,26.19,16590.897006286254,-659.6383232550305,5.0,8.04,3.0,-17275.92768604925,17275.92768604925,3138.0483456800653,15.0,116.83198947648592,14308.219178082192,0,1,0,0,0,0
8733,24.07,17989.33025158692,-659.6383232550305,5.0,8.04,3.0,-15877.494440748585,15877.494440748585,3138.0483456800653,15.0,116.83198947648592,14308.219178082192,0,1,0,0,0,0
8734,22.69,18899.631137678858,-659.6383232550305,5.0,8.04,3.0,-14967.193554656644,14967.193554656644,3138.0483456800653,15.0,116.83198947648592,14308.219178082192,0,1,0,0,0,0
8735,20.54,20317.853532677178,-659.6383232550305,5.0,8.04,3.0,-13548.971159658326,13548.971159658326,3138.0483456800653,15.0,116.83198947648592,14308.219178082192,0,1,0,0,0,0
8736,27.77,15548.668455543306,-659.6383232550305,5.0,8.04,3.0,-18318.156236792198,18318.156236792198,3138.0483456800653,15.0,116.83198947648592,14308.219178082192,0,1,0,0,0,0
8737,20.3,20476.166730258385,-659.6383232550305,5.0,8.04,3.0,-13390.657962077119,13390.657962077119,3138.0483456800653,15.0,116.83198947648592,14308.219178082192,0,1,0,0,0,0
8738,12.33,25733.484166600978,-659.6383232550305,5.0,8.04,3.0,-8133.340525734527,8133.340525734527,3138.0483456800653,15.0,116.83198947648592,14308.219178082192,0,1,0,0,0,0
8739,11.66,26175.44184318185,-659.6383232550305,5.0,8.04,3.0,-7691.382849153656,7691.382849153656,3138.0483456800653,15.0,116.83198947648592,14308.219178082192,0,1,0,0,0,0
8740,22.39,19097.52263465537,-659.6383232550305,5.0,8.04,3.0,-14769.302057680134,14769.302057680134,3138.0483456800653,15.0,116.83198947648592,14308.219178082192,0,1,0,0,0,0
8741,23.97,18055.294083912424,-659.6383232550305,5.0,8.04,3.0,-15811.530608423082,15811.530608423082,3138.0483456800653,15.0,116.83198947648592,14308.219178082192,0,1,0,0,0,0
8742,24.17,17923.366419261416,-659.6383232550305,5.0,8.04,3.0,-15943.45827307409,15943.45827307409,3138.0483456800653,15.0,116.83198947648592,14308.219178082192,0,1,0,0,0,0
8743,22.91,18754.510706562753,-659.6383232550305,5.0,8.04,3.0,-15112.31398577275,15112.31398577275,3138.0483456800653,15.0,116.83198947648592,14308.219178082192,0,1,0,0,0,0
8744,24.69,17580.3544911688,-659.6383232550305,5.0,8.04,3.0,-16286.470201166705,16286.470201166705,3138.0483456800653,15.0,116.83198947648592,14308.219178082192,0,1,0,0,0,0
8745,22.21,19216.257532841275,-659.6383232550305,5.0,8.04,3.0,-14650.567159494229,14650.567159494229,3138.0483456800653,15.0,116.83198947648592,14308.219178082192,0,1,0,0,0,0
8746,24.14,17943.155568959068,-659.6383232550305,5.0,8.04,3.0,-15923.669123376438,15923.669123376438,3138.0483456800653,15.0,116.83198947648592,14308.219178082192,0,1,0,0,0,0
8747,24.8,17507.794275610748,-659.6383232550305,5.0,8.04,3.0,-16359.030416724758,16359.030416724758,3138.0483456800653,15.0,116.83198947648592,14308.219178082192,0,1,0,0,0,0
8748,25.36,17138.39681458793,-659.6383232550305,5.0,8.04,3.0,-16728.427877747574,16728.427877747574,3138.0483456800653,15.0,116.83198947648592,14308.219178082192,0,1,0,0,0,0
8749,26.36,16478.7584913329,-659.6383232550305,5.0,8.04,3.0,-17388.066201002603,17388.066201002603,3138.0483456800653,15.0,116.83198947648592,14308.219178082192,0,1,0,0,0,0
8750,26.03,16696.43913800706,-659.6383232550305,5.0,8.04,3.0,-17170.385554328444,17170.385554328444,3138.0483456800653,15.0,116.83198947648592,14308.219178082192,0,1,0,0,0,0
8751,25.55,17013.065533169472,-659.6383232550305,5.0,8.04,3.0,-16853.75915916603,16853.75915916603,3138.0483456800653,15.0,116.83198947648592,14308.219178082192,0,1,0,0,0,0
8752,30.04,14051.28946175439,-659.6383232550305,5.0,8.04,3.0,-19815.535230581118,19815.535230581118,3138.0483456800653,15.0,116.83198947648592,14308.219178082192,0,1,0,0,0,0
8753,39.38,7890.2675225524035,-659.6383232550305,5.0,8.04,3.0,-25976.557169783104,25976.557169783104,3138.0483456800653,15.0,116.83198947648592,14308.219178082192,0,1,0,0,0,0
8754,33.89,11511.681917222522,-659.6383232550305,5.0,8.04,3.0,-22355.142775112985,22355.142775112985,3138.0483456800653,15.0,116.83198947648592,14308.219178082192,0,1,0,0,0,0
8755,27.36,15819.120168077872,-659.6383232550305,5.0,8.04,3.0,-18047.704524257635,18047.704524257635,3138.0483456800653,15.0,116.83198947648592,14308.219178082192,0,1,0,0,0,0
8756,24.19,17910.173652796315,-659.6383232550305,5.0,8.04,3.0,-15956.651039539189,15956.651039539189,3138.0483456800653,15.0,116.83198947648592,14308.219178082192,0,1,0,0,0,0
8757,23.9,18101.468766540274,-659.6383232550305,5.0,8.04,3.0,-15765.355925795227,15765.355925795227,3138.0483456800653,15.0,116.83198947648592,14308.219178082192,0,1,0,0,0,0
8758,23.07,18648.96857484195,-659.6383232550305,5.0,8.04,3.0,-15217.856117493555,15217.856117493555,3138.0483456800653,15.0,116.83198947648592,14308.219178082192,0,1,0,0,0,0
8759,23.01,18688.546874237254,-659.6383232550305,5.0,8.04,3.0,-15178.277818098253,15178.277818098253,3138.0483456800653,15.0,116.83198947648592,14308.219178082192,0,1,0,0,0,0
