,lmp ($/MWh),profit ($/hr),net_power (MW),h_prod (kg/s),ng_price ($/million BTU),h2_price ($/kg),el_revenue ($/hr),el_cost ($/hr),ng_cost ($/hr),h2_revenue ($/hr),other_cost ($/hr),fixed_cost ($/hr),mode_power_only,mode_hydrogen_only,mode_hydrogen,mode_off,start_cost,stop_cost
0,18.1313,25889.631877572425,-659.6383232550305,5.0,2.43,3.0,-11960.100330433934,11960.100330433934,3138.0483456800653,15.0,116.83198947648592,14308.219178082192,0,1,0,0,0,0
1,17.8247,26091.876987482417,-659.6383232550305,5.0,2.43,3.0,-11757.855220523943,11757.855220523943,3138.0483456800653,15.0,116.83198947648592,14308.219178082192,0,1,0,0,0,0
2,16.3759,27047.560990214304,-659.6383232550305,5.0,2.43,3.0,-10802.171217792054,10802.171217792054,3138.0483456800653,15.0,116.83198947648592,14308.219178082192,0,1,0,0,0,0
3,12.261,29761.90672657643,-659.6383232550305,5.0,2.43,3.0,-8087.825481429929,8087.825481429929,3138.0483456800653,15.0,116.83198947648592,14308.219178082192,0,1,0,0,0,0
4,6.211,33752.718582269365,-659.6383232550305,5.0,2.43,3.0,-4097.013625736995,4097.013625736995,3138.0483456800653,15.0,116.83198947648592,14308.219178082192,0,1,0,0,0,0
5,9.2233,31765.690061128236,-659.6383232550305,5.0,2.43,3.0,-6084.042146878123,6084.042146878123,3138.0483456800653,15.0,116.83198947648592,14308.219178082192,0,1,0,0,0,0
6,16.2213,27149.541074989535,-659.6383232550305,5.0,2.43,3.0,-10700.191133016826,10700.191133016826,3138.0483456800653,15.0,116.83198947648592,14308.219178082192,0,1,0,0,0,0
7,11.5538,30228.40294878239,-659.6383232550305,5.0,2.43,3.0,-7621.329259223972,7621.329259223972,3138.0483456800653,15.0,116.83198947648592,14308.219178082192,0,1,0,0,0,0
8,17.6834,26185.083882558356,-659.6383232550305,5.0,2.43,3.0,-11664.648325448006,11664.648325448006,3138.0483456800653,15.0,116.83198947648592,14308.219178082192,0,1,0,0,0,0
9,18.8835,25393.45193081999,-659.6383232550305,5.0,2.43,3.0,-12456.28027718637,12456.28027718637,3138.0483456800653,15.0,116.83198947648592,14308.219178082192,0,1,0,0,0,0
10,19.6739,24872.073800119215,-659.6383232550305,5.0,2.43,3.0,-12977.658407887144,12977.658407887144,3138.0483456800653,15.0,116.83198947648592,14308.219178082192,0,1,0,0,0,0
11,20.0755,24607.163049499995,-659.6383232550305,5.0,2.43,3.0,-13242.569158506367,13242.569158506367,3138.0483456800653,15.0,116.83198947648592,14308.219178082192,0,1,0,0,0,0
12,20.0908,24597.070583154193,-659.6383232550305,5.0,2.43,3.0,-13252.661624852168,13252.661624852168,3138.0483456800653,15.0,116.83198947648592,14308.219178082192,0,1,0,0,0,0
13,19.831,24768.44461953585,-659.6383232550305,5.0,2.43,3.0,-13081.28758847051,13081.28758847051,3138.0483456800653,15.0,116.83198947648592,14308.219178082192,0,1,0,0,0,0
14,20.0882,24598.785642794657,-659.6383232550305,5.0,2.43,3.0,-13250.946565211705,13250.946565211705,3138.0483456800653,15.0,116.83198947648592,14308.219178082192,0,1,0,0,0,0
15,20.5182,24315.141163794993,-659.6383232550305,5.0,2.43,3.0,-13534.591044211367,13534.591044211367,3138.0483456800653,15.0,116.83198947648592,14308.219178082192,0,1,0,0,0,0
16,23.5043,22345.395166723145,-659.6383232550305,5.0,2.43,3.0,-15504.337041283214,15504.337041283214,3138.0483456800653,15.0,116.83198947648592,14308.219178082192,0,1,0,0,0,0
17,27.567,19665.482550834935,-659.6383232550305,5.0,2.43,3.0,-18184.249657171425,18184.249657171425,3138.0483456800653,15.0,116.83198947648592,14308.219178082192,0,1,0,0,0,0
18,28.359,19143.04899881695,-659.6383232550305,5.0,2.43,3.0,-18706.68320918941,18706.68320918941,3138.0483456800653,15.0,116.83198947648592,14308.219178082192,0,1,0,0,0,0
19,22.3664,23095.997614755048,-659.6383232550305,5.0,2.43,3.0,-14753.734593251314,14753.734593251314,3138.0483456800653,15.0,116.83198947648592,14308.219178082192,0,1,0,0,0,0
20,23.7469,22185.366909501477,-659.6383232550305,5.0,2.43,3.0,-15664.365298504885,15664.365298504885,3138.0483456800653,15.0,116.83198947648592,14308.219178082192,0,1,0,0,0,0
21,29.2671,18544.031437469057,-659.6383232550305,5.0,2.43,3.0,-19305.700770537303,19305.700770537303,3138.0483456800653,15.0,116.83198947648592,14308.219178082192,0,1,0,0,0,0
22,23.627,22264.457544459758,-659.6383232550305,5.0,2.43,3.0,-15585.274663546605,15585.274663546605,3138.0483456800653,15.0,116.83198947648592,14308.219178082192,0,1,0,0,0,0
23,19.2006,25184.28061851582,-659.6383232550305,5.0,2.43,3.0,-12665.45158949054,12665.45158949054,3138.0483456800653,15.0,116.83198947648592,14308.219178082192,0,1,0,0,0,0
24,21.3026,23797.720863033748,-659.6383232550305,5.0,2.43,3.0,-14052.011344972614,14052.011344972614,3138.0483456800653,15.0,116.83198947648592,14308.219178082192,0,1,0,0,0,0
25,21.1168,23920.281663494534,-659.6383232550305,5.0,2.43,3.0,-13929.450544511828,13929.450544511828,3138.0483456800653,15.0,116.83198947648592,14308.219178082192,0,1,0,0,0,0
26,20.7922,24134.400263223113,-659.6383232550305,5.0,2.43,3.0,-13715.331944783245,13715.331944783245,3138.0483456800653,15.0,116.83198947648592,14308.219178082192,0,1,0,0,0,0
27,20.6173,24249.77100596042,-659.6383232550305,5.0,2.43,3.0,-13599.96120204594,13599.96120204594,3138.0483456800653,15.0,116.83198947648592,14308.219178082192,0,1,0,0,0,0
28,20.1016,24589.94648926304,-659.6383232550305,5.0,2.43,3.0,-13259.785718743322,13259.785718743322,3138.0483456800653,15.0,116.83198947648592,14308.219178082192,0,1,0,0,0,0
29,21.5674,23623.04863503582,-659.6383232550305,5.0,2.43,3.0,-14226.683572970545,14226.683572970545,3138.0483456800653,15.0,116.83198947648592,14308.219178082192,0,1,0,0,0,0
30,29.6119,18316.588143610723,-659.6383232550305,5.0,2.43,3.0,-19533.144064395638,19533.144064395638,3138.0483456800653,15.0,116.83198947648592,14308.219178082192,0,1,0,0,0,0
31,31.227,17251.206287721525,-659.6383232550305,5.0,2.43,3.0,-20598.52592028484,20598.52592028484,3138.0483456800653,15.0,116.83198947648592,14308.219178082192,0,1,0,0,0,0
32,27.6343,19621.088891679872,-659.6383232550305,5.0,2.43,3.0,-18228.64331632649,18228.64331632649,3138.0483456800653,15.0,116.83198947648592,14308.219178082192,0,1,0,0,0,0
33,30.9194,17454.11103595477,-659.6383232550305,5.0,2.43,3.0,-20395.62117205159,20395.62117205159,3138.0483456800653,15.0,116.83198947648592,14308.219178082192,0,1,0,0,0,0
34,27.0399,20013.177911022663,-659.6383232550305,5.0,2.43,3.0,-17836.5542969837,17836.5542969837,3138.0483456800653,15.0,116.83198947648592,14308.219178082192,0,1,0,0,0,0
35,27.9,19445.822989191012,-659.6383232550305,5.0,2.43,3.0,-18403.90921881535,18403.90921881535,3138.0483456800653,15.0,116.83198947648592,14308.219178082192,0,1,0,0,0,0
36,46.322,7293.965798186837,-659.6383232550305,5.0,2.43,3.0,-30555.766409819524,30555.766409819524,3138.0483456800653,15.0,116.83198947648592,14308.219178082192,0,1,0,0,0,0
37,27.2645,19865.02314361958,-659.6383232550305,5.0,2.43,3.0,-17984.70906438678,17984.70906438678,3138.0483456800653,15.0,116.83198947648592,14308.219178082192,0,1,0,0,0,0
38,25.5064,21024.733279734253,-659.6383232550305,5.0,2.43,3.0,-16824.99892827211,16824.99892827211,3138.0483456800653,15.0,116.83198947648592,14308.219178082192,0,1,0,0,0,0
39,25.2929,21165.5660617492,-659.6383232550305,5.0,2.43,3.0,-16684.16614625716,16684.16614625716,3138.0483456800653,15.0,116.83198947648592,14308.219178082192,0,1,0,0,0,0
40,32.4159,16466.962285203615,-659.6383232550305,5.0,2.43,3.0,-21382.769922802745,21382.769922802745,3138.0483456800653,15.0,116.83198947648592,14308.219178082192,0,1,0,0,0,0
41,30.803,17530.892936781656,-659.6383232550305,5.0,2.43,3.0,-20318.839271224704,20318.839271224704,3138.0483456800653,15.0,116.83198947648592,14308.219178082192,0,1,0,0,0,0
42,27.9629,19404.331738658268,-659.6383232550305,5.0,2.43,3.0,-18445.400469348093,18445.400469348093,3138.0483456800653,15.0,116.83198947648592,14308.219178082192,0,1,0,0,0,0
43,28.17,19267.72064191215,-659.6383232550305,5.0,2.43,3.0,-18582.01156609421,18582.01156609421,3138.0483456800653,15.0,116.83198947648592,14308.219178082192,0,1,0,0,0,0
44,27.4319,19754.59968830669,-659.6383232550305,5.0,2.43,3.0,-18095.13251969967,18095.13251969967,3138.0483456800653,15.0,116.83198947648592,14308.219178082192,0,1,0,0,0,0
45,24.0063,22014.256728449123,-659.6383232550305,5.0,2.43,3.0,-15835.475479557239,15835.475479557239,3138.0483456800653,15.0,116.83198947648592,14308.219178082192,0,1,0,0,0,0
46,23.256,22509.18336238737,-659.6383232550305,5.0,2.43,3.0,-15340.54884561899,15340.54884561899,3138.0483456800653,15.0,116.83198947648592,14308.219178082192,0,1,0,0,0,0
47,22.1361,23247.91232060068,-659.6383232550305,5.0,2.43,3.0,-14601.81988740568,14601.81988740568,3138.0483456800653,15.0,116.83198947648592,14308.219178082192,0,1,0,0,0,0
48,20.8929,24067.974684071334,-659.6383232550305,5.0,2.43,3.0,-13781.757523935028,13781.757523935028,3138.0483456800653,15.0,116.83198947648592,14308.219178082192,0,1,0,0,0,0
49,20.3215,24444.892021979256,-659.6383232550305,5.0,2.43,3.0,-13404.840186027102,13404.840186027102,3138.0483456800653,15.0,116.83198947648592,14308.219178082192,0,1,0,0,0,0
50,19.6908,24860.92591245621,-659.6383232550305,5.0,2.43,3.0,-12988.806295550154,12988.806295550154,3138.0483456800653,15.0,116.83198947648592,14308.219178082192,0,1,0,0,0,0
51,19.7089,24848.986458805288,-659.6383232550305,5.0,2.43,3.0,-13000.74574920107,13000.74574920107,3138.0483456800653,15.0,116.83198947648592,14308.219178082192,0,1,0,0,0,0
52,19.7785,24803.07563150674,-659.6383232550305,5.0,2.43,3.0,-13046.656576499621,13046.656576499621,3138.0483456800653,15.0,116.83198947648592,14308.219178082192,0,1,0,0,0,0
53,20.0915,24596.608836327916,-659.6383232550305,5.0,2.43,3.0,-13253.123371678446,13253.123371678446,3138.0483456800653,15.0,116.83198947648592,14308.219178082192,0,1,0,0,0,0
54,22.4271,23055.957568533464,-659.6383232550305,5.0,2.43,3.0,-14793.774639472895,14793.774639472895,3138.0483456800653,15.0,116.83198947648592,14308.219178082192,0,1,0,0,0,0
55,24.1612,21912.078752176916,-659.6383232550305,5.0,2.43,3.0,-15937.653455829444,15937.653455829444,3138.0483456800653,15.0,116.83198947648592,14308.219178082192,0,1,0,0,0,0
56,24.0342,21995.852819230306,-659.6383232550305,5.0,2.43,3.0,-15853.879388776053,15853.879388776053,3138.0483456800653,15.0,116.83198947648592,14308.219178082192,0,1,0,0,0,0
57,23.4856,22357.730403368012,-659.6383232550305,5.0,2.43,3.0,-15492.001804638347,15492.001804638347,3138.0483456800653,15.0,116.83198947648592,14308.219178082192,0,1,0,0,0,0
58,23.7285,22197.504254649368,-659.6383232550305,5.0,2.43,3.0,-15652.227953356993,15652.227953356993,3138.0483456800653,15.0,116.83198947648592,14308.219178082192,0,1,0,0,0,0
59,22.2484,23173.83493689914,-659.6383232550305,5.0,2.43,3.0,-14675.89727110722,14675.89727110722,3138.0483456800653,15.0,116.83198947648592,14308.219178082192,0,1,0,0,0,0
60,23.3713,22433.127063716063,-659.6383232550305,5.0,2.43,3.0,-15416.605144290295,15416.605144290295,3138.0483456800653,15.0,116.83198947648592,14308.219178082192,0,1,0,0,0,0
61,22.9746,22694.805586551338,-659.6383232550305,5.0,2.43,3.0,-15154.926621455023,15154.926621455023,3138.0483456800653,15.0,116.83198947648592,14308.219178082192,0,1,0,0,0,0
62,20.2001,24524.97211442242,-659.6383232550305,5.0,2.43,3.0,-13324.760093583942,13324.760093583942,3138.0483456800653,15.0,116.83198947648592,14308.219178082192,0,1,0,0,0,0
63,21.5939,23605.568219469555,-659.6383232550305,5.0,2.43,3.0,-14244.163988536804,14244.163988536804,3138.0483456800653,15.0,116.83198947648592,14308.219178082192,0,1,0,0,0,0
64,21.7312,23514.99987768664,-659.6383232550305,5.0,2.43,3.0,-14334.732330319719,14334.732330319719,3138.0483456800653,15.0,116.83198947648592,14308.219178082192,0,1,0,0,0,0
65,24.2835,21831.40498524283,-659.6383232550305,5.0,2.43,3.0,-16018.327222763533,16018.327222763533,3138.0483456800653,15.0,116.83198947648592,14308.219178082192,0,1,0,0,0,0
66,23.6866,22225.143100393754,-659.6383232550305,5.0,2.43,3.0,-15624.589107612604,15624.589107612604,3138.0483456800653,15.0,116.83198947648592,14308.219178082192,0,1,0,0,0,0
67,25.2422,21199.00972473823,-659.6383232550305,5.0,2.43,3.0,-16650.72248326813,16650.72248326813,3138.0483456800653,15.0,116.83198947648592,14308.219178082192,0,1,0,0,0,0
68,23.7935,22154.627763637793,-659.6383232550305,5.0,2.43,3.0,-15695.10444436857,15695.10444436857,3138.0483456800653,15.0,116.83198947648592,14308.219178082192,0,1,0,0,0,0
69,21.8332,23447.71676871463,-659.6383232550305,5.0,2.43,3.0,-14402.015439291734,14402.015439291734,3138.0483456800653,15.0,116.83198947648592,14308.219178082192,0,1,0,0,0,0
70,20.9537,24027.868674017427,-659.6383232550305,5.0,2.43,3.0,-13821.863533988933,13821.863533988933,3138.0483456800653,15.0,116.83198947648592,14308.219178082192,0,1,0,0,0,0
71,20.4005,24392.78059444211,-659.6383232550305,5.0,2.43,3.0,-13456.95161356425,13456.95161356425,3138.0483456800653,15.0,116.83198947648592,14308.219178082192,0,1,0,0,0,0
72,19.7772,24803.933161326968,-659.6383232550305,5.0,2.43,3.0,-13045.799046679389,13045.799046679389,3138.0483456800653,15.0,116.83198947648592,14308.219178082192,0,1,0,0,0,0
73,19.5424,24958.816239627253,-659.6383232550305,5.0,2.43,3.0,-12890.91596837911,12890.91596837911,3138.0483456800653,15.0,116.83198947648592,14308.219178082192,0,1,0,0,0,0
74,19.7773,24803.86719749465,-659.6383232550305,5.0,2.43,3.0,-13045.865010511716,13045.865010511716,3138.0483456800653,15.0,116.83198947648592,14308.219178082192,0,1,0,0,0,0
75,19.9348,24699.97416158198,-659.6383232550305,5.0,2.43,3.0,-13149.758046424382,13149.758046424382,3138.0483456800653,15.0,116.83198947648592,14308.219178082192,0,1,0,0,0,0
76,20.7491,24162.83067495541,-659.6383232550305,5.0,2.43,3.0,-13686.901533050952,13686.901533050952,3138.0483456800653,15.0,116.83198947648592,14308.219178082192,0,1,0,0,0,0
77,22.4919,23013.21300518654,-659.6383232550305,5.0,2.43,3.0,-14836.519202819822,14836.519202819822,3138.0483456800653,15.0,116.83198947648592,14308.219178082192,0,1,0,0,0,0
78,31.2327,17247.44634927897,-659.6383232550305,5.0,2.43,3.0,-20602.28585872739,20602.28585872739,3138.0483456800653,15.0,116.83198947648592,14308.219178082192,0,1,0,0,0,0
79,34.2963,15226.578382154858,-659.6383232550305,5.0,2.43,3.0,-22623.153825851503,22623.153825851503,3138.0483456800653,15.0,116.83198947648592,14308.219178082192,0,1,0,0,0,0
80,27.2482,19875.77524828864,-659.6383232550305,5.0,2.43,3.0,-17973.95695971772,17973.95695971772,3138.0483456800653,15.0,116.83198947648592,14308.219178082192,0,1,0,0,0,0
81,39.2749,11942.503025997361,-659.6383232550305,5.0,2.43,3.0,-25907.229182009,25907.229182009,3138.0483456800653,15.0,116.83198947648592,14308.219178082192,0,1,0,0,0,0
82,25.8755,20781.26077462082,-659.6383232550305,5.0,2.43,3.0,-17068.47143338554,17068.47143338554,3138.0483456800653,15.0,116.83198947648592,14308.219178082192,0,1,0,0,0,0
83,25.7809,20843.662560000746,-659.6383232550305,5.0,2.43,3.0,-17006.069648005614,17006.069648005614,3138.0483456800653,15.0,116.83198947648592,14308.219178082192,0,1,0,0,0,0
84,24.4082,21749.148086332923,-659.6383232550305,5.0,2.43,3.0,-16100.584121673437,16100.584121673437,3138.0483456800653,15.0,116.83198947648592,14308.219178082192,0,1,0,0,0,0
85,24.5077,21683.514073169048,-659.6383232550305,5.0,2.43,3.0,-16166.21813483731,16166.21813483731,3138.0483456800653,15.0,116.83198947648592,14308.219178082192,0,1,0,0,0,0
86,23.1181,22600.147487164242,-659.6383232550305,5.0,2.43,3.0,-15249.58472084212,15249.58472084212,3138.0483456800653,15.0,116.83198947648592,14308.219178082192,0,1,0,0,0,0
87,22.3317,23118.887064571994,-659.6383232550305,5.0,2.43,3.0,-14730.845143434366,14730.845143434366,3138.0483456800653,15.0,116.83198947648592,14308.219178082192,0,1,0,0,0,0
88,23.9713,22037.34406976305,-659.6383232550305,5.0,2.43,3.0,-15812.388138243312,15812.388138243312,3138.0483456800653,15.0,116.83198947648592,14308.219178082192,0,1,0,0,0,0
89,28.6718,18936.714131302775,-659.6383232550305,5.0,2.43,3.0,-18913.018076703585,18913.018076703585,3138.0483456800653,15.0,116.83198947648592,14308.219178082192,0,1,0,0,0,0
90,27.3963,19778.082812614568,-659.6383232550305,5.0,2.43,3.0,-18071.649395391792,18071.649395391792,3138.0483456800653,15.0,116.83198947648592,14308.219178082192,0,1,0,0,0,0
91,23.2266,22528.576729091066,-659.6383232550305,5.0,2.43,3.0,-15321.155478915292,15321.155478915292,3138.0483456800653,15.0,116.83198947648592,14308.219178082192,0,1,0,0,0,0
92,22.3367,23115.58887295572,-659.6383232550305,5.0,2.43,3.0,-14734.14333505064,14734.14333505064,3138.0483456800653,15.0,116.83198947648592,14308.219178082192,0,1,0,0,0,0
93,20.0985,24591.99136806513,-659.6383232550305,5.0,2.43,3.0,-13257.740839941232,13257.740839941232,3138.0483456800653,15.0,116.83198947648592,14308.219178082192,0,1,0,0,0,0
94,20.2496,24492.32001742129,-659.6383232550305,5.0,2.43,3.0,-13357.412190585066,13357.412190585066,3138.0483456800653,15.0,116.83198947648592,14308.219178082192,0,1,0,0,0,0
95,19.9599,24683.417239668277,-659.6383232550305,5.0,2.43,3.0,-13166.314968338083,13166.314968338083,3138.0483456800653,15.0,116.83198947648592,14308.219178082192,0,1,0,0,0,0
96,24.0633,21976.657344023584,-659.6383232550305,5.0,2.43,3.0,-15873.074863982776,15873.074863982776,3138.0483456800653,15.0,116.83198947648592,14308.219178082192,0,1,0,0,0,0
97,21.2187,23853.064518354848,-659.6383232550305,5.0,2.43,3.0,-13996.667689651515,13996.667689651515,3138.0483456800653,15.0,116.83198947648592,14308.219178082192,0,1,0,0,0,0
98,19.8844,24733.219933074033,-659.6383232550305,5.0,2.43,3.0,-13116.51227493233,13116.51227493233,3138.0483456800653,15.0,116.83198947648592,14308.219178082192,0,1,0,0,0,0
99,19.9268,24705.25126816802,-659.6383232550305,5.0,2.43,3.0,-13144.480939838342,13144.480939838342,3138.0483456800653,15.0,116.83198947648592,14308.219178082192,0,1,0,0,0,0
100,21.2763,23815.069350935355,-659.6383232550305,5.0,2.43,3.0,-14034.662857071005,14034.662857071005,3138.0483456800653,15.0,116.83198947648592,14308.219178082192,0,1,0,0,0,0
101,20.9214,24049.17499185857,-659.6383232550305,5.0,2.43,3.0,-13800.557216147794,13800.557216147794,3138.0483456800653,15.0,116.83198947648592,14308.219178082192,0,1,0,0,0,0
102,19.9219,24708.48349595197,-659.6383232550305,5.0,2.43,3.0,-13141.248712054394,13141.248712054394,3138.0483456800653,15.0,116.83198947648592,14308.219178082192,0,1,0,0,0,0
103,22.9141,22734.713705108265,-659.6383232550305,5.0,2.43,3.0,-15115.018502898096,15115.018502898096,3138.0483456800653,15.0,116.83198947648592,14308.219178082192,0,1,0,0,0,0
104,23.684,22226.85816003422,-659.6383232550305,5.0,2.43,3.0,-15622.874047972144,15622.874047972144,3138.0483456800653,15.0,116.83198947648592,14308.219178082192,0,1,0,0,0,0
105,23.7026,22214.588887221675,-659.6383232550305,5.0,2.43,3.0,-15635.143320784686,15635.143320784686,3138.0483456800653,15.0,116.83198947648592,14308.219178082192,0,1,0,0,0,0
106,24.1724,21904.690802956462,-659.6383232550305,5.0,2.43,3.0,-15945.0414050499,15945.0414050499,3138.0483456800653,15.0,116.83198947648592,14308.219178082192,0,1,0,0,0,0
107,23.4759,22364.12889510359,-659.6383232550305,5.0,2.43,3.0,-15485.603312902771,15485.603312902771,3138.0483456800653,15.0,116.83198947648592,14308.219178082192,0,1,0,0,0,0
108,21.9356,23380.169804413315,-659.6383232550305,5.0,2.43,3.0,-14469.562403593049,14469.562403593049,3138.0483456800653,15.0,116.83198947648592,14308.219178082192,0,1,0,0,0,0
109,20.6801,24208.345719260004,-659.6383232550305,5.0,2.43,3.0,-13641.386488746357,13641.386488746357,3138.0483456800653,15.0,116.83198947648592,14308.219178082192,0,1,0,0,0,0
110,19.2125,25176.430922469088,-659.6383232550305,5.0,2.43,3.0,-12673.301285537273,12673.301285537273,3138.0483456800653,15.0,116.83198947648592,14308.219178082192,0,1,0,0,0,0
111,19.1054,25247.078186889703,-659.6383232550305,5.0,2.43,3.0,-12602.65402111666,12602.65402111666,3138.0483456800653,15.0,116.83198947648592,14308.219178082192,0,1,0,0,0,0
112,19.9364,24698.918740264773,-659.6383232550305,5.0,2.43,3.0,-13150.81346774159,13150.81346774159,3138.0483456800653,15.0,116.83198947648592,14308.219178082192,0,1,0,0,0,0
113,31.3411,17175.941555038124,-659.6383232550305,5.0,2.43,3.0,-20673.790652968237,20673.790652968237,3138.0483456800653,15.0,116.83198947648592,14308.219178082192,0,1,0,0,0,0
114,22.2312,23185.180716059127,-659.6383232550305,5.0,2.43,3.0,-14664.551491947235,14664.551491947235,3138.0483456800653,15.0,116.83198947648592,14308.219178082192,0,1,0,0,0,0
115,20.7874,24137.56652717474,-659.6383232550305,5.0,2.43,3.0,-13712.165680831622,13712.165680831622,3138.0483456800653,15.0,116.83198947648592,14308.219178082192,0,1,0,0,0,0
116,20.2347,24502.148628437793,-659.6383232550305,5.0,2.43,3.0,-13347.583579568565,13347.583579568565,3138.0483456800653,15.0,116.83198947648592,14308.219178082192,0,1,0,0,0,0
117,20.5443,24297.924603558036,-659.6383232550305,5.0,2.43,3.0,-13551.807604448324,13551.807604448324,3138.0483456800653,15.0,116.83198947648592,14308.219178082192,0,1,0,0,0,0
118,22.1061,23267.70147029833,-659.6383232550305,5.0,2.43,3.0,-14582.030737708032,14582.030737708032,3138.0483456800653,15.0,116.83198947648592,14308.219178082192,0,1,0,0,0,0
119,18.712,25506.57990325823,-659.6383232550305,5.0,2.43,3.0,-12343.152304748131,12343.152304748131,3138.0483456800653,15.0,116.83198947648592,14308.219178082192,0,1,0,0,0,0
120,19.0951,25253.872461619227,-659.6383232550305,5.0,2.43,3.0,-12595.859746387132,12595.859746387132,3138.0483456800653,15.0,116.83198947648592,14308.219178082192,0,1,0,0,0,0
121,19.1491,25218.251992163456,-659.6383232550305,5.0,2.43,3.0,-12631.480215842905,12631.480215842905,3138.0483456800653,15.0,116.83198947648592,14308.219178082192,0,1,0,0,0,0
122,19.2302,25164.755324147474,-659.6383232550305,5.0,2.43,3.0,-12684.976883858888,12684.976883858888,3138.0483456800653,15.0,116.83198947648592,14308.219178082192,0,1,0,0,0,0
123,19.0069,25312.05256173032,-659.6383232550305,5.0,2.43,3.0,-12537.679646276041,12537.679646276041,3138.0483456800653,15.0,116.83198947648592,14308.219178082192,0,1,0,0,0,0
124,19.2343,25162.050807022126,-659.6383232550305,5.0,2.43,3.0,-12687.681400984235,12687.681400984235,3138.0483456800653,15.0,116.83198947648592,14308.219178082192,0,1,0,0,0,0
125,18.8192,25435.866675005294,-659.6383232550305,5.0,2.43,3.0,-12413.86553300107,12413.86553300107,3138.0483456800653,15.0,116.83198947648592,14308.219178082192,0,1,0,0,0,0
126,19.4245,25036.58759793902,-659.6383232550305,5.0,2.43,3.0,-12813.144610067338,12813.144610067338,3138.0483456800653,15.0,116.83198947648592,14308.219178082192,0,1,0,0,0,0
127,20.2547,24488.955861972696,-659.6383232550305,5.0,2.43,3.0,-13360.776346033666,13360.776346033666,3138.0483456800653,15.0,116.83198947648592,14308.219178082192,0,1,0,0,0,0
128,20.3272,24441.132083536704,-659.6383232550305,5.0,2.43,3.0,-13408.600124469656,13408.600124469656,3138.0483456800653,15.0,116.83198947648592,14308.219178082192,0,1,0,0,0,0
129,19.6689,24875.37199173549,-659.6383232550305,5.0,2.43,3.0,-12974.36021627087,12974.36021627087,3138.0483456800653,15.0,116.83198947648592,14308.219178082192,0,1,0,0,0,0
130,19.194,25188.63423144931,-659.6383232550305,5.0,2.43,3.0,-12661.097976557056,12661.097976557056,3138.0483456800653,15.0,116.83198947648592,14308.219178082192,0,1,0,0,0,0
131,18.8655,25405.325420638583,-659.6383232550305,5.0,2.43,3.0,-12444.40678736778,12444.40678736778,3138.0483456800653,15.0,116.83198947648592,14308.219178082192,0,1,0,0,0,0
132,18.7968,25450.642573446203,-659.6383232550305,5.0,2.43,3.0,-12399.089634560158,12399.089634560158,3138.0483456800653,15.0,116.83198947648592,14308.219178082192,0,1,0,0,0,0
133,18.1887,25851.768637817586,-659.6383232550305,5.0,2.43,3.0,-11997.963570188775,11997.963570188775,3138.0483456800653,15.0,116.83198947648592,14308.219178082192,0,1,0,0,0,0
134,18.1954,25847.349061051777,-659.6383232550305,5.0,2.43,3.0,-12002.383146954582,12002.383146954582,3138.0483456800653,15.0,116.83198947648592,14308.219178082192,0,1,0,0,0,0
135,18.8523,25414.032646505548,-659.6383232550305,5.0,2.43,3.0,-12435.69956150081,12435.69956150081,3138.0483456800653,15.0,116.83198947648592,14308.219178082192,0,1,0,0,0,0
136,20.4443,24363.888435883542,-659.6383232550305,5.0,2.43,3.0,-13485.84377212282,13485.84377212282,3138.0483456800653,15.0,116.83198947648592,14308.219178082192,0,1,0,0,0,0
137,25.0435,21330.079859569003,-659.6383232550305,5.0,2.43,3.0,-16519.652348437357,16519.652348437357,3138.0483456800653,15.0,116.83198947648592,14308.219178082192,0,1,0,0,0,0
138,24.1348,21929.493203910853,-659.6383232550305,5.0,2.43,3.0,-15920.239004095509,15920.239004095509,3138.0483456800653,15.0,116.83198947648592,14308.219178082192,0,1,0,0,0,0
139,22.7391,22850.150411677896,-659.6383232550305,5.0,2.43,3.0,-14999.581796328464,14999.581796328464,3138.0483456800653,15.0,116.83198947648592,14308.219178082192,0,1,0,0,0,0
140,21.9903,23344.08758813126,-659.6383232550305,5.0,2.43,3.0,-14505.644619875098,14505.644619875098,3138.0483456800653,15.0,116.83198947648592,14308.219178082192,0,1,0,0,0,0
141,20.5971,24263.09570009017,-659.6383232550305,5.0,2.43,3.0,-13586.63650791619,13586.63650791619,3138.0483456800653,15.0,116.83198947648592,14308.219178082192,0,1,0,0,0,0
142,19.9039,24720.35698577056,-659.6383232550305,5.0,2.43,3.0,-13129.375222235802,13129.375222235802,3138.0483456800653,15.0,116.83198947648592,14308.219178082192,0,1,0,0,0,0
143,19.2185,25172.47309252956,-659.6383232550305,5.0,2.43,3.0,-12677.259115476803,12677.259115476803,3138.0483456800653,15.0,116.83198947648592,14308.219178082192,0,1,0,0,0,0
144,19.3182,25106.707151701026,-659.6383232550305,5.0,2.43,3.0,-12743.02505630533,12743.02505630533,3138.0483456800653,15.0,116.83198947648592,14308.219178082192,0,1,0,0,0,0
145,19.3998,25052.88066452342,-659.6383232550305,5.0,2.43,3.0,-12796.85154348294,12796.85154348294,3138.0483456800653,15.0,116.83198947648592,14308.219178082192,0,1,0,0,0,0
146,19.3153,25108.620102838468,-659.6383232550305,5.0,2.43,3.0,-12741.112105167891,12741.112105167891,3138.0483456800653,15.0,116.83198947648592,14308.219178082192,0,1,0,0,0,0
147,19.7183,24842.78585856669,-659.6383232550305,5.0,2.43,3.0,-13006.946349439668,13006.946349439668,3138.0483456800653,15.0,116.83198947648592,14308.219178082192,0,1,0,0,0,0
148,19.8142,24779.526543366534,-659.6383232550305,5.0,2.43,3.0,-13070.205664639825,13070.205664639825,3138.0483456800653,15.0,116.83198947648592,14308.219178082192,0,1,0,0,0,0
149,21.9449,23374.03516800704,-659.6383232550305,5.0,2.43,3.0,-14475.697039999319,14475.697039999319,3138.0483456800653,15.0,116.83198947648592,14308.219178082192,0,1,0,0,0,0
150,41.6082,10403.368926346404,-659.6383232550305,5.0,2.43,3.0,-27446.363281659957,27446.363281659957,3138.0483456800653,15.0,116.83198947648592,14308.219178082192,0,1,0,0,0,0
151,24.5782,21637.00957137957,-659.6383232550305,5.0,2.43,3.0,-16212.72263662679,16212.72263662679,3138.0483456800653,15.0,116.83198947648592,14308.219178082192,0,1,0,0,0,0
152,25.1497,21260.026269639322,-659.6383232550305,5.0,2.43,3.0,-16589.705938367042,16589.705938367042,3138.0483456800653,15.0,116.83198947648592,14308.219178082192,0,1,0,0,0,0
153,24.074,21969.599213964757,-659.6383232550305,5.0,2.43,3.0,-15880.132994041605,15880.132994041605,3138.0483456800653,15.0,116.83198947648592,14308.219178082192,0,1,0,0,0,0
154,23.58,22295.460545652742,-659.6383232550305,5.0,2.43,3.0,-15554.271662353618,15554.271662353618,3138.0483456800653,15.0,116.83198947648592,14308.219178082192,0,1,0,0,0,0
155,24.2832,21831.602876739802,-659.6383232550305,5.0,2.43,3.0,-16018.129331266557,16018.129331266557,3138.0483456800653,15.0,116.83198947648592,14308.219178082192,0,1,0,0,0,0
156,22.1817,23217.832813060253,-659.6383232550305,5.0,2.43,3.0,-14631.89939494611,14631.89939494611,3138.0483456800653,15.0,116.83198947648592,14308.219178082192,0,1,0,0,0,0
157,23.3382,22454.96109221581,-659.6383232550305,5.0,2.43,3.0,-15394.771115790554,15394.771115790554,3138.0483456800653,15.0,116.83198947648592,14308.219178082192,0,1,0,0,0,0
158,22.7161,22865.32209311276,-659.6383232550305,5.0,2.43,3.0,-14984.410114893599,14984.410114893599,3138.0483456800653,15.0,116.83198947648592,14308.219178082192,0,1,0,0,0,0
159,23.141,22585.0417695617,-659.6383232550305,5.0,2.43,3.0,-15264.69043844466,15264.69043844466,3138.0483456800653,15.0,116.83198947648592,14308.219178082192,0,1,0,0,0,0
160,22.9897,22684.845047870185,-659.6383232550305,5.0,2.43,3.0,-15164.887160136175,15164.887160136175,3138.0483456800653,15.0,116.83198947648592,14308.219178082192,0,1,0,0,0,0
161,55.5989,12987.995744269027,650.0,0,2.43,3.0,36139.285,-36139.285,15071.972825128516,0,556.8949724310688,14308.219178082192,1,0,0,0,0,0
162,25.7341,20874.533633529078,-659.6383232550305,5.0,2.43,3.0,-16975.198574477283,16975.198574477283,3138.0483456800653,15.0,116.83198947648592,14308.219178082192,0,1,0,0,0,0
163,23.5942,22286.093681462517,-659.6383232550305,5.0,2.43,3.0,-15563.638526543842,15563.638526543842,3138.0483456800653,15.0,116.83198947648592,14308.219178082192,0,1,0,0,0,0
164,23.7886,22157.85999142174,-659.6383232550305,5.0,2.43,3.0,-15691.872216584617,15691.872216584617,3138.0483456800653,15.0,116.83198947648592,14308.219178082192,0,1,0,0,0,0
165,22.9748,22694.673658886684,-659.6383232550305,5.0,2.43,3.0,-15155.058549119674,15155.058549119674,3138.0483456800653,15.0,116.83198947648592,14308.219178082192,0,1,0,0,0,0
166,22.0781,23286.171343349473,-659.6383232550305,5.0,2.43,3.0,-14563.560864656889,14563.560864656889,3138.0483456800653,15.0,116.83198947648592,14308.219178082192,0,1,0,0,0,0
167,20.4514,24359.205003788433,-659.6383232550305,5.0,2.43,3.0,-13490.527204217931,13490.527204217931,3138.0483456800653,15.0,116.83198947648592,14308.219178082192,0,1,0,0,0,0
168,20.4907,24333.281217684507,-659.6383232550305,5.0,2.43,3.0,-13516.450990321853,13516.450990321853,3138.0483456800653,15.0,116.83198947648592,14308.219178082192,0,1,0,0,0,0
169,19.4287,25033.81711698135,-659.6383232550305,5.0,2.43,3.0,-12815.91509102501,12815.91509102501,3138.0483456800653,15.0,116.83198947648592,14308.219178082192,0,1,0,0,0,0
170,19.2098,25178.211945941875,-659.6383232550305,5.0,2.43,3.0,-12671.520262064487,12671.520262064487,3138.0483456800653,15.0,116.83198947648592,14308.219178082192,0,1,0,0,0,0
171,19.5526,24952.08792873005,-659.6383232550305,5.0,2.43,3.0,-12897.64427927631,12897.64427927631,3138.0483456800653,15.0,116.83198947648592,14308.219178082192,0,1,0,0,0,0
172,19.8038,24786.386781928388,-659.6383232550305,5.0,2.43,3.0,-13063.345426077973,13063.345426077973,3138.0483456800653,15.0,116.83198947648592,14308.219178082192,0,1,0,0,0,0
173,21.1801,23878.52655763249,-659.6383232550305,5.0,2.43,3.0,-13971.205650373871,13971.205650373871,3138.0483456800653,15.0,116.83198947648592,14308.219178082192,0,1,0,0,0,0
174,38.083,12728.725943485035,-659.6383232550305,5.0,2.43,3.0,-25121.006264521326,25121.006264521326,3138.0483456800653,15.0,116.83198947648592,14308.219178082192,0,1,0,0,0,0
175,27.9084,19440.28202727567,-659.6383232550305,5.0,2.43,3.0,-18409.450180730695,18409.450180730695,3138.0483456800653,15.0,116.83198947648592,14308.219178082192,0,1,0,0,0,0
176,22.6551,22905.56003083132,-659.6383232550305,5.0,2.43,3.0,-14944.172177175042,14944.172177175042,3138.0483456800653,15.0,116.83198947648592,14308.219178082192,0,1,0,0,0,0
177,22.9637,22701.995644274815,-659.6383232550305,5.0,2.43,3.0,-15147.736563731543,15147.736563731543,3138.0483456800653,15.0,116.83198947648592,14308.219178082192,0,1,0,0,0,0
178,24.5848,21632.655958446085,-659.6383232550305,5.0,2.43,3.0,-16217.076249560276,16217.076249560276,3138.0483456800653,15.0,116.83198947648592,14308.219178082192,0,1,0,0,0,0
179,22.0082,23332.280062145,-659.6383232550305,5.0,2.43,3.0,-14517.452145861362,14517.452145861362,3138.0483456800653,15.0,116.83198947648592,14308.219178082192,0,1,0,0,0,0
180,20.6469,24230.245711592073,-659.6383232550305,5.0,2.43,3.0,-13619.486496414289,13619.486496414289,3138.0483456800653,15.0,116.83198947648592,14308.219178082192,0,1,0,0,0,0
181,22.1114,23264.20538718508,-659.6383232550305,5.0,2.43,3.0,-14585.526820821282,14585.526820821282,3138.0483456800653,15.0,116.83198947648592,14308.219178082192,0,1,0,0,0,0
182,18.8182,25436.526313328544,-659.6383232550305,5.0,2.43,3.0,-12413.205894677816,12413.205894677816,3138.0483456800653,15.0,116.83198947648592,14308.219178082192,0,1,0,0,0,0
183,19.4067,25048.32916009296,-659.6383232550305,5.0,2.43,3.0,-12801.403047913402,12801.403047913402,3138.0483456800653,15.0,116.83198947648592,14308.219178082192,0,1,0,0,0,0
184,21.5149,23657.679647006706,-659.6383232550305,5.0,2.43,3.0,-14192.052560999657,14192.052560999657,3138.0483456800653,15.0,116.83198947648592,14308.219178082192,0,1,0,0,0,0
185,30.4414,17769.418154470673,-659.6383232550305,5.0,2.43,3.0,-20080.314053535687,20080.314053535687,3138.0483456800653,15.0,116.83198947648592,14308.219178082192,0,1,0,0,0,0
186,22.5669,22963.740130942413,-659.6383232550305,5.0,2.43,3.0,-14885.99207706395,14885.99207706395,3138.0483456800653,15.0,116.83198947648592,14308.219178082192,0,1,0,0,0,0
187,21.9247,23387.359862136793,-659.6383232550305,5.0,2.43,3.0,-14462.372345869568,14462.372345869568,3138.0483456800653,15.0,116.83198947648592,14308.219178082192,0,1,0,0,0,0
188,21.0544,23961.443094865645,-659.6383232550305,5.0,2.43,3.0,-13888.289113140716,13888.289113140716,3138.0483456800653,15.0,116.83198947648592,14308.219178082192,0,1,0,0,0,0
189,20.4989,24327.872183433814,-659.6383232550305,5.0,2.43,3.0,-13521.860024572545,13521.860024572545,3138.0483456800653,15.0,116.83198947648592,14308.219178082192,0,1,0,0,0,0
190,19.1665,25206.77428533882,-659.6383232550305,5.0,2.43,3.0,-12642.957922667541,12642.957922667541,3138.0483456800653,15.0,116.83198947648592,14308.219178082192,0,1,0,0,0,0
191,17.1815,26516.156357000054,-659.6383232550305,5.0,2.43,3.0,-11333.575851006306,11333.575851006306,3138.0483456800653,15.0,116.83198947648592,14308.219178082192,0,1,0,0,0,0
192,17.9868,25984.949615282778,-659.6383232550305,5.0,2.43,3.0,-11864.782592723583,11864.782592723583,3138.0483456800653,15.0,116.83198947648592,14308.219178082192,0,1,0,0,0,0
193,16.9856,26645.379504525714,-659.6383232550305,5.0,2.43,3.0,-11204.352703480647,11204.352703480647,3138.0483456800653,15.0,116.83198947648592,14308.219178082192,0,1,0,0,0,0
194,17.725,26157.642928310946,-659.6383232550305,5.0,2.43,3.0,-11692.089279695418,11692.089279695418,3138.0483456800653,15.0,116.83198947648592,14308.219178082192,0,1,0,0,0,0
195,18.0898,25917.00686798751,-659.6383232550305,5.0,2.43,3.0,-11932.725340018851,11932.725340018851,3138.0483456800653,15.0,116.83198947648592,14308.219178082192,0,1,0,0,0,0
196,18.2514,25810.409314949495,-659.6383232550305,5.0,2.43,3.0,-12039.322893056864,12039.322893056864,3138.0483456800653,15.0,116.83198947648592,14308.219178082192,0,1,0,0,0,0
197,20.6843,24205.575238302335,-659.6383232550305,5.0,2.43,3.0,-13644.156969704029,13644.156969704029,3138.0483456800653,15.0,116.83198947648592,14308.219178082192,0,1,0,0,0,0
198,22.5648,22965.125371421247,-659.6383232550305,5.0,2.43,3.0,-14884.606836585113,14884.606836585113,3138.0483456800653,15.0,116.83198947648592,14308.219178082192,0,1,0,0,0,0
199,23.4208,22400.47496671494,-659.6383232550305,5.0,2.43,3.0,-15449.257241291418,15449.257241291418,3138.0483456800653,15.0,116.83198947648592,14308.219178082192,0,1,0,0,0,0
200,22.8871,22752.523939836152,-659.6383232550305,5.0,2.43,3.0,-15097.208268170209,15097.208268170209,3138.0483456800653,15.0,116.83198947648592,14308.219178082192,0,1,0,0,0,0
201,22.3003,23139.599707922203,-659.6383232550305,5.0,2.43,3.0,-14710.132500084157,14710.132500084157,3138.0483456800653,15.0,116.83198947648592,14308.219178082192,0,1,0,0,0,0
202,22.4812,23020.27113524537,-659.6383232550305,5.0,2.43,3.0,-14829.461072760992,14829.461072760992,3138.0483456800653,15.0,116.83198947648592,14308.219178082192,0,1,0,0,0,0
203,23.0968,22614.19778344957,-659.6383232550305,5.0,2.43,3.0,-15235.53442455679,15235.53442455679,3138.0483456800653,15.0,116.83198947648592,14308.219178082192,0,1,0,0,0,0
204,23.0624,22636.889341769544,-659.6383232550305,5.0,2.43,3.0,-15212.842866236815,15212.842866236815,3138.0483456800653,15.0,116.83198947648592,14308.219178082192,0,1,0,0,0,0
205,24.0341,21995.918783062632,-659.6383232550305,5.0,2.43,3.0,-15853.813424943728,15853.813424943728,3138.0483456800653,15.0,116.83198947648592,14308.219178082192,0,1,0,0,0,0
206,24.2511,21852.777266916288,-659.6383232550305,5.0,2.43,3.0,-15996.95494109007,15996.95494109007,3138.0483456800653,15.0,116.83198947648592,14308.219178082192,0,1,0,0,0,0
207,24.0843,21962.804939235233,-659.6383232550305,5.0,2.43,3.0,-15886.927268771131,15886.927268771131,3138.0483456800653,15.0,116.83198947648592,14308.219178082192,0,1,0,0,0,0
208,81.8845,30073.63574426903,650.0,0,2.43,3.0,53224.925,-53224.925,15071.972825128516,0,556.8949724310688,14308.219178082192,1,0,0,0,0,0
209,36.688,13648.9214044258,-659.6383232550305,5.0,2.43,3.0,-24200.81080358056,24200.81080358056,3138.0483456800653,15.0,116.83198947648592,14308.219178082192,0,1,0,0,0,0
210,31.72,16926.004594356793,-659.6383232550305,5.0,2.43,3.0,-20923.727613649568,20923.727613649568,3138.0483456800653,15.0,116.83198947648592,14308.219178082192,0,1,0,0,0,0
211,37.8242,12899.440341543435,-659.6383232550305,5.0,2.43,3.0,-24950.291866462925,24950.291866462925,3138.0483456800653,15.0,116.83198947648592,14308.219178082192,0,1,0,0,0,0
212,30.3769,17811.964826320625,-659.6383232550305,5.0,2.43,3.0,-20037.767381685735,20037.767381685735,3138.0483456800653,15.0,116.83198947648592,14308.219178082192,0,1,0,0,0,0
213,30.4768,17746.066957827446,-659.6383232550305,5.0,2.43,3.0,-20103.665250178914,20103.665250178914,3138.0483456800653,15.0,116.83198947648592,14308.219178082192,0,1,0,0,0,0
214,24.1722,21904.822730621112,-659.6383232550305,5.0,2.43,3.0,-15944.909477385248,15944.909477385248,3138.0483456800653,15.0,116.83198947648592,14308.219178082192,0,1,0,0,0,0
215,21.9267,23386.040585490282,-659.6383232550305,5.0,2.43,3.0,-14463.691622516078,14463.691622516078,3138.0483456800653,15.0,116.83198947648592,14308.219178082192,0,1,0,0,0,0
216,22.8282,22791.376637075875,-659.6383232550305,5.0,2.43,3.0,-15058.355570930487,15058.355570930487,3138.0483456800653,15.0,116.83198947648592,14308.219178082192,0,1,0,0,0,0
217,22.6623,22900.810634903886,-659.6383232550305,5.0,2.43,3.0,-14948.921573102476,14948.921573102476,3138.0483456800653,15.0,116.83198947648592,14308.219178082192,0,1,0,0,0,0
218,22.37,23093.622916791326,-659.6383232550305,5.0,2.43,3.0,-14756.109291215032,14756.109291215032,3138.0483456800653,15.0,116.83198947648592,14308.219178082192,0,1,0,0,0,0
219,22.8203,22796.587779829588,-659.6383232550305,5.0,2.43,3.0,-15053.144428176773,15053.144428176773,3138.0483456800653,15.0,116.83198947648592,14308.219178082192,0,1,0,0,0,0
220,24.1251,21935.891695646424,-659.6383232550305,5.0,2.43,3.0,-15913.840512359937,15913.840512359937,3138.0483456800653,15.0,116.83198947648592,14308.219178082192,0,1,0,0,0,0
221,28.3547,19145.88544360695,-659.6383232550305,5.0,2.43,3.0,-18703.846764399415,18703.846764399415,3138.0483456800653,15.0,116.83198947648592,14308.219178082192,0,1,0,0,0,0
222,30.0059,18056.690644248243,-659.6383232550305,5.0,2.43,3.0,-19793.04156375812,19793.04156375812,3138.0483456800653,15.0,116.83198947648592,14308.219178082192,0,1,0,0,0,0
223,49.3911,8952.925744269023,650.0,0,2.43,3.0,32104.215,-32104.215,15071.972825128516,0,556.8949724310688,14308.219178082192,1,0,0,0,0,0
224,45.3681,7923.194794739811,-659.6383232550305,5.0,2.43,3.0,-29926.53741326655,29926.53741326655,3138.0483456800653,15.0,116.83198947648592,14308.219178082192,0,1,0,0,0,0
225,29.2977,18523.846504777455,-659.6383232550305,5.0,2.43,3.0,-19325.885703228905,19325.885703228905,3138.0483456800653,15.0,116.83198947648592,14308.219178082192,0,1,0,0,0,0
226,39.4465,11829.309089726798,-659.6383232550305,5.0,2.43,3.0,-26020.423118279563,26020.423118279563,3138.0483456800653,15.0,116.83198947648592,14308.219178082192,0,1,0,0,0,0
227,33.6043,15683.048101847337,-659.6383232550305,5.0,2.43,3.0,-22166.684106159024,22166.684106159024,3138.0483456800653,15.0,116.83198947648592,14308.219178082192,0,1,0,0,0,0
228,27.4211,19761.723782197845,-659.6383232550305,5.0,2.43,3.0,-18088.008425808515,18088.008425808515,3138.0483456800653,15.0,116.83198947648592,14308.219178082192,0,1,0,0,0,0
229,27.2431,19879.13940373724,-659.6383232550305,5.0,2.43,3.0,-17970.59280426912,17970.59280426912,3138.0483456800653,15.0,116.83198947648592,14308.219178082192,0,1,0,0,0,0
230,27.7195,19564.887706538542,-659.6383232550305,5.0,2.43,3.0,-18284.84450146782,18284.84450146782,3138.0483456800653,15.0,116.83198947648592,14308.219178082192,0,1,0,0,0,0
231,28.2213,19233.88119592917,-659.6383232550305,5.0,2.43,3.0,-18615.851012077193,18615.851012077193,3138.0483456800653,15.0,116.83198947648592,14308.219178082192,0,1,0,0,0,0
232,27.3498,19808.75599464593,-659.6383232550305,5.0,2.43,3.0,-18040.97621336043,18040.97621336043,3138.0483456800653,15.0,116.83198947648592,14308.219178082192,0,1,0,0,0,0
233,35.3195,14551.636449800313,-659.6383232550305,5.0,2.43,3.0,-23298.095758206047,23298.095758206047,3138.0483456800653,15.0,116.83198947648592,14308.219178082192,0,1,0,0,0,0
234,32.588,16353.438529771425,-659.6383232550305,5.0,2.43,3.0,-21496.293678234935,21496.293678234935,3138.0483456800653,15.0,116.83198947648592,14308.219178082192,0,1,0,0,0,0
235,36.2197,13957.83003120613,-659.6383232550305,5.0,2.43,3.0,-23891.90217680023,23891.90217680023,3138.0483456800653,15.0,116.83198947648592,14308.219178082192,0,1,0,0,0,0
236,33.5182,15739.842961479597,-659.6383232550305,5.0,2.43,3.0,-22109.889246526764,22109.889246526764,3138.0483456800653,15.0,116.83198947648592,14308.219178082192,0,1,0,0,0,0
237,31.83,16853.44437879874,-659.6383232550305,5.0,2.43,3.0,-20996.28782920762,20996.28782920762,3138.0483456800653,15.0,116.83198947648592,14308.219178082192,0,1,0,0,0,0
238,29.6562,18287.366165890526,-659.6383232550305,5.0,2.43,3.0,-19562.366042115835,19562.366042115835,3138.0483456800653,15.0,116.83198947648592,14308.219178082192,0,1,0,0,0,0
239,27.8359,19488.105805711657,-659.6383232550305,5.0,2.43,3.0,-18361.626402294703,18361.626402294703,3138.0483456800653,15.0,116.83198947648592,14308.219178082192,0,1,0,0,0,0
240,28.7685,18872.927105444014,-659.6383232550305,5.0,2.43,3.0,-18976.805102562346,18976.805102562346,3138.0483456800653,15.0,116.83198947648592,14308.219178082192,0,1,0,0,0,0
241,32.4418,16449.87765263131,-659.6383232550305,5.0,2.43,3.0,-21399.85455537505,21399.85455537505,3138.0483456800653,15.0,116.83198947648592,14308.219178082192,0,1,0,0,0,0
242,31.3104,17196.192451562056,-659.6383232550305,5.0,2.43,3.0,-20653.53975644431,20653.53975644431,3138.0483456800653,15.0,116.83198947648592,14308.219178082192,0,1,0,0,0,0
243,30.5731,17682.54378729799,-659.6383232550305,5.0,2.43,3.0,-20167.188420708375,20167.188420708375,3138.0483456800653,15.0,116.83198947648592,14308.219178082192,0,1,0,0,0,0
244,30.4203,17783.336523091355,-659.6383232550305,5.0,2.43,3.0,-20066.395684915005,20066.395684915005,3138.0483456800653,15.0,116.83198947648592,14308.219178082192,0,1,0,0,0,0
245,33.3225,15868.93418134061,-659.6383232550305,5.0,2.43,3.0,-21980.798026665754,21980.798026665754,3138.0483456800653,15.0,116.83198947648592,14308.219178082192,0,1,0,0,0,0
246,36.6709,13660.20121975346,-659.6383232550305,5.0,2.43,3.0,-24189.5309882529,24189.5309882529,3138.0483456800653,15.0,116.83198947648592,14308.219178082192,0,1,0,0,0,0
247,55.9884,13241.170744269022,650.0,0,2.43,3.0,36392.46,-36392.46,15071.972825128516,0,556.8949724310688,14308.219178082192,1,0,0,0,0,0
248,38.809,12249.828520801886,-659.6383232550305,5.0,2.43,3.0,-25599.903687204478,25599.903687204478,3138.0483456800653,15.0,116.83198947648592,14308.219178082192,0,1,0,0,0,0
249,31.7822,16884.975090650332,-659.6383232550305,5.0,2.43,3.0,-20964.75711735603,20964.75711735603,3138.0483456800653,15.0,116.83198947648592,14308.219178082192,0,1,0,0,0,0
250,29.7155,18248.249613321503,-659.6383232550305,5.0,2.43,3.0,-19601.482594684858,19601.482594684858,3138.0483456800653,15.0,116.83198947648592,14308.219178082192,0,1,0,0,0,0
251,28.4208,19102.28335043979,-659.6383232550305,5.0,2.43,3.0,-18747.44885756657,18747.44885756657,3138.0483456800653,15.0,116.83198947648592,14308.219178082192,0,1,0,0,0,0
252,26.8816,20117.598657593935,-659.6383232550305,5.0,2.43,3.0,-17732.13355041243,17732.13355041243,3138.0483456800653,15.0,116.83198947648592,14308.219178082192,0,1,0,0,0,0
253,28.0459,19349.581757828102,-659.6383232550305,5.0,2.43,3.0,-18500.15045017826,18500.15045017826,3138.0483456800653,15.0,116.83198947648592,14308.219178082192,0,1,0,0,0,0
254,26.5902,20309.817264990448,-659.6383232550305,5.0,2.43,3.0,-17539.914943015912,17539.914943015912,3138.0483456800653,15.0,116.83198947648592,14308.219178082192,0,1,0,0,0,0
255,25.8376,20806.261067072184,-659.6383232550305,5.0,2.43,3.0,-17043.471140934176,17043.471140934176,3138.0483456800653,15.0,116.83198947648592,14308.219178082192,0,1,0,0,0,0
256,27.0911,19979.404428872003,-659.6383232550305,5.0,2.43,3.0,-17870.327779134357,17870.327779134357,3138.0483456800653,15.0,116.83198947648592,14308.219178082192,0,1,0,0,0,0
257,32.4494,16444.864401374572,-659.6383232550305,5.0,2.43,3.0,-21404.867806631784,21404.867806631784,3138.0483456800653,15.0,116.83198947648592,14308.219178082192,0,1,0,0,0,0
258,30.6097,17658.401024666855,-659.6383232550305,5.0,2.43,3.0,-20191.33118333951,20191.33118333951,3138.0483456800653,15.0,116.83198947648592,14308.219178082192,0,1,0,0,0,0
259,29.118,18642.383511466385,-659.6383232550305,5.0,2.43,3.0,-19207.34869653998,19207.34869653998,3138.0483456800653,15.0,116.83198947648592,14308.219178082192,0,1,0,0,0,0
260,29.2454,18558.345589083692,-659.6383232550305,5.0,2.43,3.0,-19291.38661892267,19291.38661892267,3138.0483456800653,15.0,116.83198947648592,14308.219178082192,0,1,0,0,0,0
261,28.2372,19223.39294658941,-659.6383232550305,5.0,2.43,3.0,-18626.33926141695,18626.33926141695,3138.0483456800653,15.0,116.83198947648592,14308.219178082192,0,1,0,0,0,0
262,29.0448,18690.669036728654,-659.6383232550305,5.0,2.43,3.0,-19159.06317127771,19159.06317127771,3138.0483456800653,15.0,116.83198947648592,14308.219178082192,0,1,0,0,0,0
263,26.4094,20429.079873834955,-659.6383232550305,5.0,2.43,3.0,-17420.652334171406,17420.652334171406,3138.0483456800653,15.0,116.83198947648592,14308.219178082192,0,1,0,0,0,0
264,26.2072,20562.458742797124,-659.6383232550305,5.0,2.43,3.0,-17287.273465209237,17287.273465209237,3138.0483456800653,15.0,116.83198947648592,14308.219178082192,0,1,0,0,0,0
265,24.8173,21479.290048289295,-659.6383232550305,5.0,2.43,3.0,-16370.442159717068,16370.442159717068,3138.0483456800653,15.0,116.83198947648592,14308.219178082192,0,1,0,0,0,0
266,26.2054,20563.646091778985,-659.6383232550305,5.0,2.43,3.0,-17286.086116227376,17286.086116227376,3138.0483456800653,15.0,116.83198947648592,14308.219178082192,0,1,0,0,0,0
267,25.6241,20947.093849087134,-659.6383232550305,5.0,2.43,3.0,-16902.638358919226,16902.638358919226,3138.0483456800653,15.0,116.83198947648592,14308.219178082192,0,1,0,0,0,0
268,25.4528,21060.08989386072,-659.6383232550305,5.0,2.43,3.0,-16789.64231414564,16789.64231414564,3138.0483456800653,15.0,116.83198947648592,14308.219178082192,0,1,0,0,0,0
269,25.2999,21160.948593486413,-659.6383232550305,5.0,2.43,3.0,-16688.783614519947,16688.783614519947,3138.0483456800653,15.0,116.83198947648592,14308.219178082192,0,1,0,0,0,0
270,26.8594,20132.242628370193,-659.6383232550305,5.0,2.43,3.0,-17717.489579636167,17717.489579636167,3138.0483456800653,15.0,116.83198947648592,14308.219178082192,0,1,0,0,0,0
271,28.1583,19275.438410294235,-659.6383232550305,5.0,2.43,3.0,-18574.293797712126,18574.293797712126,3138.0483456800653,15.0,116.83198947648592,14308.219178082192,0,1,0,0,0,0
272,29.5358,18366.786620010433,-659.6383232550305,5.0,2.43,3.0,-19482.945587995928,19482.945587995928,3138.0483456800653,15.0,116.83198947648592,14308.219178082192,0,1,0,0,0,0
273,28.7758,18868.111745684255,-659.6383232550305,5.0,2.43,3.0,-18981.620462322106,18981.620462322106,3138.0483456800653,15.0,116.83198947648592,14308.219178082192,0,1,0,0,0,0
274,26.1135,20624.266853686124,-659.6383232550305,5.0,2.43,3.0,-17225.465354320237,17225.465354320237,3138.0483456800653,15.0,116.83198947648592,14308.219178082192,0,1,0,0,0,0
275,25.8652,20788.055049350343,-659.6383232550305,5.0,2.43,3.0,-17061.677158656017,17061.677158656017,3138.0483456800653,15.0,116.83198947648592,14308.219178082192,0,1,0,0,0,0
276,24.6224,21607.853557491697,-659.6383232550305,5.0,2.43,3.0,-16241.878650514662,16241.878650514662,3138.0483456800653,15.0,116.83198947648592,14308.219178082192,0,1,0,0,0,0
277,24.5515,21654.621914610478,-659.6383232550305,5.0,2.43,3.0,-16195.110293395883,16195.110293395883,3138.0483456800653,15.0,116.83198947648592,14308.219178082192,0,1,0,0,0,0
278,24.9533,21389.57923632661,-659.6383232550305,5.0,2.43,3.0,-16460.152971679752,16460.152971679752,3138.0483456800653,15.0,116.83198947648592,14308.219178082192,0,1,0,0,0,0
279,25.1892,21233.970555870746,-659.6383232550305,5.0,2.43,3.0,-16615.761652135614,16615.761652135614,3138.0483456800653,15.0,116.83198947648592,14308.219178082192,0,1,0,0,0,0
280,25.6204,20949.53451088318,-659.6383232550305,5.0,2.43,3.0,-16900.197697123185,16900.197697123185,3138.0483456800653,15.0,116.83198947648592,14308.219178082192,0,1,0,0,0,0
281,29.1992,18588.820879618073,-659.6383232550305,5.0,2.43,3.0,-19260.911328388287,19260.911328388287,3138.0483456800653,15.0,116.83198947648592,14308.219178082192,0,1,0,0,0,0
282,28.1856,19257.43028406937,-659.6383232550305,5.0,2.43,3.0,-18592.30192393699,18592.30192393699,3138.0483456800653,15.0,116.83198947648592,14308.219178082192,0,1,0,0,0,0
283,26.6646,20260.740173740276,-659.6383232550305,5.0,2.43,3.0,-17588.992034266088,17588.992034266088,3138.0483456800653,15.0,116.83198947648592,14308.219178082192,0,1,0,0,0,0
284,26.1957,20570.04458351456,-659.6383232550305,5.0,2.43,3.0,-17279.687624491802,17279.687624491802,3138.0483456800653,15.0,116.83198947648592,14308.219178082192,0,1,0,0,0,0
285,25.2882,21168.666361868498,-659.6383232550305,5.0,2.43,3.0,-16681.065846137863,16681.065846137863,3138.0483456800653,15.0,116.83198947648592,14308.219178082192,0,1,0,0,0,0
286,25.0225,21343.932264357358,-659.6383232550305,5.0,2.43,3.0,-16505.799943649003,16505.799943649003,3138.0483456800653,15.0,116.83198947648592,14308.219178082192,0,1,0,0,0,0
287,24.0325,21996.97420437984,-659.6383232550305,5.0,2.43,3.0,-15852.75800362652,15852.75800362652,3138.0483456800653,15.0,116.83198947648592,14308.219178082192,0,1,0,0,0,0
288,23.6379,22257.267486736277,-659.6383232550305,5.0,2.43,3.0,-15592.464721270084,15592.464721270084,3138.0483456800653,15.0,116.83198947648592,14308.219178082192,0,1,0,0,0,0
289,22.785,22819.87301264049,-659.6383232550305,5.0,2.43,3.0,-15029.85919536587,15029.85919536587,3138.0483456800653,15.0,116.83198947648592,14308.219178082192,0,1,0,0,0,0
290,22.4097,23067.435275358104,-659.6383232550305,5.0,2.43,3.0,-14782.296932648258,14782.296932648258,3138.0483456800653,15.0,116.83198947648592,14308.219178082192,0,1,0,0,0,0
291,22.0984,23272.78068538739,-659.6383232550305,5.0,2.43,3.0,-14576.951522618967,14576.951522618967,3138.0483456800653,15.0,116.83198947648592,14308.219178082192,0,1,0,0,0,0
292,22.294,23143.75542935871,-659.6383232550305,5.0,2.43,3.0,-14705.976778647651,14705.976778647651,3138.0483456800653,15.0,116.83198947648592,14308.219178082192,0,1,0,0,0,0
293,22.3157,23129.441277744078,-659.6383232550305,5.0,2.43,3.0,-14720.290930262285,14720.290930262285,3138.0483456800653,15.0,116.83198947648592,14308.219178082192,0,1,0,0,0,0
294,23.4246,22397.96834108657,-659.6383232550305,5.0,2.43,3.0,-15451.76386691979,15451.76386691979,3138.0483456800653,15.0,116.83198947648592,14308.219178082192,0,1,0,0,0,0
295,22.7286,22857.076614072073,-659.6383232550305,5.0,2.43,3.0,-14992.655593934287,14992.655593934287,3138.0483456800653,15.0,116.83198947648592,14308.219178082192,0,1,0,0,0,0
296,25.2921,21166.093772407803,-659.6383232550305,5.0,2.43,3.0,-16683.638435598557,16683.638435598557,3138.0483456800653,15.0,116.83198947648592,14308.219178082192,0,1,0,0,0,0
297,26.3689,20455.795225926788,-659.6383232550305,5.0,2.43,3.0,-17393.936982079573,17393.936982079573,3138.0483456800653,15.0,116.83198947648592,14308.219178082192,0,1,0,0,0,0
298,26.1661,20589.569877882906,-659.6383232550305,5.0,2.43,3.0,-17260.162330123454,17260.162330123454,3138.0483456800653,15.0,116.83198947648592,14308.219178082192,0,1,0,0,0,0
299,26.7966,20173.66791507061,-659.6383232550305,5.0,2.43,3.0,-17676.064292935753,17676.064292935753,3138.0483456800653,15.0,116.83198947648592,14308.219178082192,0,1,0,0,0,0
300,27.4254,19758.887337407847,-659.6383232550305,5.0,2.43,3.0,-18090.844870598514,18090.844870598514,3138.0483456800653,15.0,116.83198947648592,14308.219178082192,0,1,0,0,0,0
301,26.8899,20112.123659510915,-659.6383232550305,5.0,2.43,3.0,-17737.608548495446,17737.608548495446,3138.0483456800653,15.0,116.83198947648592,14308.219178082192,0,1,0,0,0,0
302,26.8406,20144.64382884739,-659.6383232550305,5.0,2.43,3.0,-17705.08837915897,17705.08837915897,3138.0483456800653,15.0,116.83198947648592,14308.219178082192,0,1,0,0,0,0
303,27.0303,20019.51043892591,-659.6383232550305,5.0,2.43,3.0,-17830.22176908045,17830.22176908045,3138.0483456800653,15.0,116.83198947648592,14308.219178082192,0,1,0,0,0,0
304,29.2746,18539.084150044644,-659.6383232550305,5.0,2.43,3.0,-19310.648057961716,19310.648057961716,3138.0483456800653,15.0,116.83198947648592,14308.219178082192,0,1,0,0,0,0
305,49.7451,9183.025744269022,650.0,0,2.43,3.0,32334.315,-32334.315,15071.972825128516,0,556.8949724310688,14308.219178082192,1,0,0,0,0,0
306,47.0417,7425.8157442690235,650.0,0,2.43,3.0,30577.105,-30577.105,15071.972825128516,0,556.8949724310688,14308.219178082192,1,0,0,0,0,0
307,32.2985,16544.40382435376,-659.6383232550305,5.0,2.43,3.0,-21305.328383652602,21305.328383652602,3138.0483456800653,15.0,116.83198947648592,14308.219178082192,0,1,0,0,0,0
308,30.7152,17588.80918156345,-659.6383232550305,5.0,2.43,3.0,-20260.923026442913,20260.923026442913,3138.0483456800653,15.0,116.83198947648592,14308.219178082192,0,1,0,0,0,0
309,28.4174,19104.526120738858,-659.6383232550305,5.0,2.43,3.0,-18745.206087267503,18745.206087267503,3138.0483456800653,15.0,116.83198947648592,14308.219178082192,0,1,0,0,0,0
310,26.3051,20497.88015095046,-659.6383232550305,5.0,2.43,3.0,-17351.8520570559,17351.8520570559,3138.0483456800653,15.0,116.83198947648592,14308.219178082192,0,1,0,0,0,0
311,25.4074,21090.0374737365,-659.6383232550305,5.0,2.43,3.0,-16759.694734269862,16759.694734269862,3138.0483456800653,15.0,116.83198947648592,14308.219178082192,0,1,0,0,0,0
312,24.6028,21620.782468627498,-659.6383232550305,5.0,2.43,3.0,-16228.949739378864,16228.949739378864,3138.0483456800653,15.0,116.83198947648592,14308.219178082192,0,1,0,0,0,0
313,25.3278,21142.5446842676,-659.6383232550305,5.0,2.43,3.0,-16707.18752373876,16707.18752373876,3138.0483456800653,15.0,116.83198947648592,14308.219178082192,0,1,0,0,0,0
314,24.7442,21527.509609719236,-659.6383232550305,5.0,2.43,3.0,-16322.222598287126,16322.222598287126,3138.0483456800653,15.0,116.83198947648592,14308.219178082192,0,1,0,0,0,0
315,24.905,21421.439767339823,-659.6383232550305,5.0,2.43,3.0,-16428.292440666537,16428.292440666537,3138.0483456800653,15.0,116.83198947648592,14308.219178082192,0,1,0,0,0,0
316,27.113,19964.958349592718,-659.6383232550305,5.0,2.43,3.0,-17884.773858413642,17884.773858413642,3138.0483456800653,15.0,116.83198947648592,14308.219178082192,0,1,0,0,0,0
317,27.8994,19446.218772184962,-659.6383232550305,5.0,2.43,3.0,-18403.513435821398,18403.513435821398,3138.0483456800653,15.0,116.83198947648592,14308.219178082192,0,1,0,0,0,0
318,50.1209,9427.295744269022,650.0,0,2.43,3.0,32578.585,-32578.585,15071.972825128516,0,556.8949724310688,14308.219178082192,1,0,0,0,0,0
319,41.0756,10754.692297312027,-659.6383232550305,5.0,2.43,3.0,-27095.039910694333,27095.039910694333,3138.0483456800653,15.0,116.83198947648592,14308.219178082192,0,1,0,0,0,0
320,35.4556,14461.859674005304,-659.6383232550305,5.0,2.43,3.0,-23387.872534001057,23387.872534001057,3138.0483456800653,15.0,116.83198947648592,14308.219178082192,0,1,0,0,0,0
321,44.881,8244.504621997337,-659.6383232550305,5.0,2.43,3.0,-29605.227586009023,29605.227586009023,3138.0483456800653,15.0,116.83198947648592,14308.219178082192,0,1,0,0,0,0
322,41.2217,10658.319138284467,-659.6383232550305,5.0,2.43,3.0,-27191.41306972189,27191.41306972189,3138.0483456800653,15.0,116.83198947648592,14308.219178082192,0,1,0,0,0,0
323,43.8542,8921.8212523156,-659.6383232550305,5.0,2.43,3.0,-28927.910955690757,28927.910955690757,3138.0483456800653,15.0,116.83198947648592,14308.219178082192,0,1,0,0,0,0
324,28.9713,18739.152453487895,-659.6383232550305,5.0,2.43,3.0,-19110.579754518465,19110.579754518465,3138.0483456800653,15.0,116.83198947648592,14308.219178082192,0,1,0,0,0,0
325,27.7614,19537.248860794156,-659.6383232550305,5.0,2.43,3.0,-18312.483347212205,18312.483347212205,3138.0483456800653,15.0,116.83198947648592,14308.219178082192,0,1,0,0,0,0
326,27.1342,19950.97401713971,-659.6383232550305,5.0,2.43,3.0,-17898.75819086665,17898.75819086665,3138.0483456800653,15.0,116.83198947648592,14308.219178082192,0,1,0,0,0,0
327,26.9402,20078.943851851185,-659.6383232550305,5.0,2.43,3.0,-17770.788356155175,17770.788356155175,3138.0483456800653,15.0,116.83198947648592,14308.219178082192,0,1,0,0,0,0
328,28.2073,19243.11613245474,-659.6383232550305,5.0,2.43,3.0,-18606.61607555162,18606.61607555162,3138.0483456800653,15.0,116.83198947648592,14308.219178082192,0,1,0,0,0,0
329,42.5668,9771.039629674127,-659.6383232550305,5.0,2.43,3.0,-28078.692578332233,28078.692578332233,3138.0483456800653,15.0,116.83198947648592,14308.219178082192,0,1,0,0,0,0
330,44.2343,8671.092725646366,-659.6383232550305,5.0,2.43,3.0,-29178.639482359995,29178.639482359995,3138.0483456800653,15.0,116.83198947648592,14308.219178082192,0,1,0,0,0,0
331,37.2573,13273.389306996713,-659.6383232550305,5.0,2.43,3.0,-24576.342901009648,24576.342901009648,3138.0483456800653,15.0,116.83198947648592,14308.219178082192,0,1,0,0,0,0
332,32.0728,16693.284193912416,-659.6383232550305,5.0,2.43,3.0,-21156.448014093945,21156.448014093945,3138.0483456800653,15.0,116.83198947648592,14308.219178082192,0,1,0,0,0,0
333,27.8681,19466.865451702844,-659.6383232550305,5.0,2.43,3.0,-18382.866756303516,18382.866756303516,3138.0483456800653,15.0,116.83198947648592,14308.219178082192,0,1,0,0,0,0
334,27.0272,20021.555317728,-659.6383232550305,5.0,2.43,3.0,-17828.176890278362,17828.176890278362,3138.0483456800653,15.0,116.83198947648592,14308.219178082192,0,1,0,0,0,0
335,25.5075,21024.00767757867,-659.6383232550305,5.0,2.43,3.0,-16825.72453042769,16825.72453042769,3138.0483456800653,15.0,116.83198947648592,14308.219178082192,0,1,0,0,0,0
336,26.8689,20125.97606429927,-659.6383232550305,5.0,2.43,3.0,-17723.75614370709,17723.75614370709,3138.0483456800653,15.0,116.83198947648592,14308.219178082192,0,1,0,0,0,0
337,26.9793,20053.151993411917,-659.6383232550305,5.0,2.43,3.0,-17796.580214594444,17796.580214594444,3138.0483456800653,15.0,116.83198947648592,14308.219178082192,0,1,0,0,0,0
338,26.7887,20178.879057824324,-659.6383232550305,5.0,2.43,3.0,-17670.853150182036,17670.853150182036,3138.0483456800653,15.0,116.83198947648592,14308.219178082192,0,1,0,0,0,0
339,26.4301,20415.42536054358,-659.6383232550305,5.0,2.43,3.0,-17434.30684746278,17434.30684746278,3138.0483456800653,15.0,116.83198947648592,14308.219178082192,0,1,0,0,0,0
340,26.8596,20132.110700705543,-659.6383232550305,5.0,2.43,3.0,-17717.621507300817,17717.621507300817,3138.0483456800653,15.0,116.83198947648592,14308.219178082192,0,1,0,0,0,0
341,28.8083,18846.673500178465,-659.6383232550305,5.0,2.43,3.0,-19003.058707827895,19003.058707827895,3138.0483456800653,15.0,116.83198947648592,14308.219178082192,0,1,0,0,0,0
342,54.9484,12565.170744269022,650.0,0,2.43,3.0,35716.46,-35716.46,15071.972825128516,0,556.8949724310688,14308.219178082192,1,0,0,0,0,0
343,54.0354,11971.720744269025,650.0,0,2.43,3.0,35123.01,-35123.01,15071.972825128516,0,556.8949724310688,14308.219178082192,1,0,0,0,0,0
344,31.4458,17106.877422593323,-659.6383232550305,5.0,2.43,3.0,-20742.854785413037,20742.854785413037,3138.0483456800653,15.0,116.83198947648592,14308.219178082192,0,1,0,0,0,0
345,26.7839,20182.04532177595,-659.6383232550305,5.0,2.43,3.0,-17667.68688623041,17667.68688623041,3138.0483456800653,15.0,116.83198947648592,14308.219178082192,0,1,0,0,0,0
346,29.9051,18123.182187232345,-659.6383232550305,5.0,2.43,3.0,-19726.550020774015,19726.550020774015,3138.0483456800653,15.0,116.83198947648592,14308.219178082192,0,1,0,0,0,0
347,28.8308,18831.831637905227,-659.6383232550305,5.0,2.43,3.0,-19017.900570101134,19017.900570101134,3138.0483456800653,15.0,116.83198947648592,14308.219178082192,0,1,0,0,0,0
348,27.1987,19908.427345289765,-659.6383232550305,5.0,2.43,3.0,-17941.3048627166,17941.3048627166,3138.0483456800653,15.0,116.83198947648592,14308.219178082192,0,1,0,0,0,0
349,26.6221,20288.774802478612,-659.6383232550305,5.0,2.43,3.0,-17560.957405527748,17560.957405527748,3138.0483456800653,15.0,116.83198947648592,14308.219178082192,0,1,0,0,0,0
350,25.9901,20705.66622277579,-659.6383232550305,5.0,2.43,3.0,-17144.06598523057,17144.06598523057,3138.0483456800653,15.0,116.83198947648592,14308.219178082192,0,1,0,0,0,0
351,25.9832,20710.21772720625,-659.6383232550305,5.0,2.43,3.0,-17139.51448080011,17139.51448080011,3138.0483456800653,15.0,116.83198947648592,14308.219178082192,0,1,0,0,0,0
352,27.564,19667.4614658047,-659.6383232550305,5.0,2.43,3.0,-18182.27074220166,18182.27074220166,3138.0483456800653,15.0,116.83198947648592,14308.219178082192,0,1,0,0,0,0
353,32.053,16706.34503271287,-659.6383232550305,5.0,2.43,3.0,-21143.38717529349,21143.38717529349,3138.0483456800653,15.0,116.83198947648592,14308.219178082192,0,1,0,0,0,0
354,34.7997,14894.516450228275,-659.6383232550305,5.0,2.43,3.0,-22955.215757778085,22955.215757778085,3138.0483456800653,15.0,116.83198947648592,14308.219178082192,0,1,0,0,0,0
355,31.9628,16765.84440947047,-659.6383232550305,5.0,2.43,3.0,-21083.88779853589,21083.88779853589,3138.0483456800653,15.0,116.83198947648592,14308.219178082192,0,1,0,0,0,0
356,31.6651,16962.218738303494,-659.6383232550305,5.0,2.43,3.0,-20887.513469702866,20887.513469702866,3138.0483456800653,15.0,116.83198947648592,14308.219178082192,0,1,0,0,0,0
357,30.688,17606.751343955984,-659.6383232550305,5.0,2.43,3.0,-20242.980864050376,20242.980864050376,3138.0483456800653,15.0,116.83198947648592,14308.219178082192,0,1,0,0,0,0
358,27.9268,19428.144682127775,-659.6383232550305,5.0,2.43,3.0,-18421.587525878585,18421.587525878585,3138.0483456800653,15.0,116.83198947648592,14308.219178082192,0,1,0,0,0,0
359,26.5732,20321.031116485785,-659.6383232550305,5.0,2.43,3.0,-17528.701091520576,17528.701091520576,3138.0483456800653,15.0,116.83198947648592,14308.219178082192,0,1,0,0,0,0
360,29.0049,18716.988605826526,-659.6383232550305,5.0,2.43,3.0,-19132.743602179835,19132.743602179835,3138.0483456800653,15.0,116.83198947648592,14308.219178082192,0,1,0,0,0,0
361,31.1968,17271.127365083823,-659.6383232550305,5.0,2.43,3.0,-20578.604842922538,20578.604842922538,3138.0483456800653,15.0,116.83198947648592,14308.219178082192,0,1,0,0,0,0
362,31.0587,17362.223417525343,-659.6383232550305,5.0,2.43,3.0,-20487.508790481017,20487.508790481017,3138.0483456800653,15.0,116.83198947648592,14308.219178082192,0,1,0,0,0,0
363,29.0023,18718.703665466986,-659.6383232550305,5.0,2.43,3.0,-19131.028542539374,19131.028542539374,3138.0483456800653,15.0,116.83198947648592,14308.219178082192,0,1,0,0,0,0
364,31.8577,16835.172397244576,-659.6383232550305,5.0,2.43,3.0,-21014.559810761788,21014.559810761788,3138.0483456800653,15.0,116.83198947648592,14308.219178082192,0,1,0,0,0,0
365,28.507,19045.422526975206,-659.6383232550305,5.0,2.43,3.0,-18804.309681031154,18804.309681031154,3138.0483456800653,15.0,116.83198947648592,14308.219178082192,0,1,0,0,0,0
366,101.3563,42730.30574426903,650.0,0,2.43,3.0,65881.595,-65881.595,15071.972825128516,0,556.8949724310688,14308.219178082192,1,0,0,0,0,0
367,111.6763,49438.30574426903,650.0,0,2.43,3.0,72589.595,-72589.595,15071.972825128516,0,556.8949724310688,14308.219178082192,1,0,0,0,0,0
368,39.3214,11911.829843966007,-659.6383232550305,5.0,2.43,3.0,-25937.902364040354,25937.902364040354,3138.0483456800653,15.0,116.83198947648592,14308.219178082192,0,1,0,0,0,0
369,32.5007,16411.02495539159,-659.6383232550305,5.0,2.43,3.0,-21438.70725261477,21438.70725261477,3138.0483456800653,15.0,116.83198947648592,14308.219178082192,0,1,0,0,0,0
370,35.6761,14316.409423727571,-659.6383232550305,5.0,2.43,3.0,-23533.322784278793,23533.322784278793,3138.0483456800653,15.0,116.83198947648592,14308.219178082192,0,1,0,0,0,0
371,31.7251,16922.64043890819,-659.6383232550305,5.0,2.43,3.0,-20927.09176909817,20927.09176909817,3138.0483456800653,15.0,116.83198947648592,14308.219178082192,0,1,0,0,0,0
372,29.8191,18179.911083032282,-659.6383232550305,5.0,2.43,3.0,-19669.821124974078,19669.821124974078,3138.0483456800653,15.0,116.83198947648592,14308.219178082192,0,1,0,0,0,0
373,29.2845,18532.553730644417,-659.6383232550305,5.0,2.43,3.0,-19317.17847736194,19317.17847736194,3138.0483456800653,15.0,116.83198947648592,14308.219178082192,0,1,0,0,0,0
374,29.077,18669.428682719838,-659.6383232550305,5.0,2.43,3.0,-19180.303525286523,19180.303525286523,3138.0483456800653,15.0,116.83198947648592,14308.219178082192,0,1,0,0,0,0
375,29.0492,18687.76662810633,-659.6383232550305,5.0,2.43,3.0,-19161.965579900032,19161.965579900032,3138.0483456800653,15.0,116.83198947648592,14308.219178082192,0,1,0,0,0,0
376,28.5889,18991.39814830062,-659.6383232550305,5.0,2.43,3.0,-18858.33405970574,18858.33405970574,3138.0483456800653,15.0,116.83198947648592,14308.219178082192,0,1,0,0,0,0
377,42.1556,10042.282908196597,-659.6383232550305,5.0,2.43,3.0,-27807.449299809763,27807.449299809763,3138.0483456800653,15.0,116.83198947648592,14308.219178082192,0,1,0,0,0,0
378,35.5517,14398.468431140493,-659.6383232550305,5.0,2.43,3.0,-23451.263776865868,23451.263776865868,3138.0483456800653,15.0,116.83198947648592,14308.219178082192,0,1,0,0,0,0
379,34.7749,14910.875480645002,-659.6383232550305,5.0,2.43,3.0,-22938.856727361363,22938.856727361363,3138.0483456800653,15.0,116.83198947648592,14308.219178082192,0,1,0,0,0,0
380,34.7577,14922.221259804988,-659.6383232550305,5.0,2.43,3.0,-22927.510948201372,22927.510948201372,3138.0483456800653,15.0,116.83198947648592,14308.219178082192,0,1,0,0,0,0
381,29.6815,18270.677316312172,-659.6383232550305,5.0,2.43,3.0,-19579.054891694188,19579.054891694188,3138.0483456800653,15.0,116.83198947648592,14308.219178082192,0,1,0,0,0,0
382,26.1252,20616.54908530404,-659.6383232550305,5.0,2.43,3.0,-17233.18312270232,17233.18312270232,3138.0483456800653,15.0,116.83198947648592,14308.219178082192,0,1,0,0,0,0
383,25.0197,21345.779251662472,-659.6383232550305,5.0,2.43,3.0,-16503.95295634389,16503.95295634389,3138.0483456800653,15.0,116.83198947648592,14308.219178082192,0,1,0,0,0,0
384,24.8414,21463.392764698845,-659.6383232550305,5.0,2.43,3.0,-16386.339443307515,16386.339443307515,3138.0483456800653,15.0,116.83198947648592,14308.219178082192,0,1,0,0,0,0
385,24.7543,21520.84726265436,-659.6383232550305,5.0,2.43,3.0,-16328.884945352002,16328.884945352002,3138.0483456800653,15.0,116.83198947648592,14308.219178082192,0,1,0,0,0,0
386,24.8872,21433.181329493767,-659.6383232550305,5.0,2.43,3.0,-16416.550878512597,16416.550878512597,3138.0483456800653,15.0,116.83198947648592,14308.219178082192,0,1,0,0,0,0
387,25.2753,21177.17569623849,-659.6383232550305,5.0,2.43,3.0,-16672.556511767874,16672.556511767874,3138.0483456800653,15.0,116.83198947648592,14308.219178082192,0,1,0,0,0,0
388,25.9808,20711.800859182065,-659.6383232550305,5.0,2.43,3.0,-17137.931348824295,17137.931348824295,3138.0483456800653,15.0,116.83198947648592,14308.219178082192,0,1,0,0,0,0
389,25.9413,20737.856572950637,-659.6383232550305,5.0,2.43,3.0,-17111.875635055723,17111.875635055723,3138.0483456800653,15.0,116.83198947648592,14308.219178082192,0,1,0,0,0,0
390,29.4621,18415.401964434328,-659.6383232550305,5.0,2.43,3.0,-19434.330243572032,19434.330243572032,3138.0483456800653,15.0,116.83198947648592,14308.219178082192,0,1,0,0,0,0
391,29.6291,18305.242364450736,-659.6383232550305,5.0,2.43,3.0,-19544.489843555624,19544.489843555624,3138.0483456800653,15.0,116.83198947648592,14308.219178082192,0,1,0,0,0,0
392,56.3052,13447.09074426902,650.0,0,2.43,3.0,36598.38,-36598.38,15071.972825128516,0,556.8949724310688,14308.219178082192,1,0,0,0,0,0
393,81.8638,30060.18074426903,650.0,0,2.43,3.0,53211.47,-53211.47,15071.972825128516,0,556.8949724310688,14308.219178082192,1,0,0,0,0,0
394,92.5376,36998.15074426902,650.0,0,2.43,3.0,60149.439999999995,-60149.439999999995,15071.972825128516,0,556.8949724310688,14308.219178082192,1,0,0,0,0,0
395,34.6349,15003.224845900702,-659.6383232550305,5.0,2.43,3.0,-22846.507362105658,22846.507362105658,3138.0483456800653,15.0,116.83198947648592,14308.219178082192,0,1,0,0,0,0
396,38.0723,12735.784073543862,-659.6383232550305,5.0,2.43,3.0,-25113.9481344625,25113.9481344625,3138.0483456800653,15.0,116.83198947648592,14308.219178082192,0,1,0,0,0,0
397,35.0748,14713.049947500811,-659.6383232550305,5.0,2.43,3.0,-23136.682260505546,23136.682260505546,3138.0483456800653,15.0,116.83198947648592,14308.219178082192,0,1,0,0,0,0
398,36.559,13734.0147481257,-659.6383232550305,5.0,2.43,3.0,-24115.71745988066,24115.71745988066,3138.0483456800653,15.0,116.83198947648592,14308.219178082192,0,1,0,0,0,0
399,31.0024,17399.361055124602,-659.6383232550305,5.0,2.43,3.0,-20450.37115288176,20450.37115288176,3138.0483456800653,15.0,116.83198947648592,14308.219178082192,0,1,0,0,0,0
400,38.83,12235.976116013528,-659.6383232550305,5.0,2.43,3.0,-25613.756091992833,25613.756091992833,3138.0483456800653,15.0,116.83198947648592,14308.219178082192,0,1,0,0,0,0
401,34.4366,15134.03112540218,-659.6383232550305,5.0,2.43,3.0,-22715.701082604184,22715.701082604184,3138.0483456800653,15.0,116.83198947648592,14308.219178082192,0,1,0,0,0,0
402,53.4283,11577.10574426902,650.0,0,2.43,3.0,34728.395,-34728.395,15071.972825128516,0,556.8949724310688,14308.219178082192,1,0,0,0,0,0
403,32.5239,16395.721346292077,-659.6383232550305,5.0,2.43,3.0,-21454.010861714287,21454.010861714287,3138.0483456800653,15.0,116.83198947648592,14308.219178082192,0,1,0,0,0,0
404,30.528,17712.293475676794,-659.6383232550305,5.0,2.43,3.0,-20137.43873232957,20137.43873232957,3138.0483456800653,15.0,116.83198947648592,14308.219178082192,0,1,0,0,0,0
405,28.7282,18899.510529871193,-659.6383232550305,5.0,2.43,3.0,-18950.221678135167,18950.221678135167,3138.0483456800653,15.0,116.83198947648592,14308.219178082192,0,1,0,0,0,0
406,27.6468,19612.843412639184,-659.6383232550305,5.0,2.43,3.0,-18236.888795367176,18236.888795367176,3138.0483456800653,15.0,116.83198947648592,14308.219178082192,0,1,0,0,0,0
407,27.5091,19703.6756097514,-659.6383232550305,5.0,2.43,3.0,-18146.05659825496,18146.05659825496,3138.0483456800653,15.0,116.83198947648592,14308.219178082192,0,1,0,0,0,0
408,31.4971,17073.037976610336,-659.6383232550305,5.0,2.43,3.0,-20776.69423139602,20776.69423139602,3138.0483456800653,15.0,116.83198947648592,14308.219178082192,0,1,0,0,0,0
409,26.2837,20511.996411068118,-659.6383232550305,5.0,2.43,3.0,-17337.735796938246,17337.735796938246,3138.0483456800653,15.0,116.83198947648592,14308.219178082192,0,1,0,0,0,0
410,26.2948,20504.674425679987,-659.6383232550305,5.0,2.43,3.0,-17345.057782326374,17345.057782326374,3138.0483456800653,15.0,116.83198947648592,14308.219178082192,0,1,0,0,0,0
411,26.2299,20547.484952859235,-659.6383232550305,5.0,2.43,3.0,-17302.247255147126,17302.247255147126,3138.0483456800653,15.0,116.83198947648592,14308.219178082192,0,1,0,0,0,0
412,26.9943,20043.25741856309,-659.6383232550305,5.0,2.43,3.0,-17806.47478944327,17806.47478944327,3138.0483456800653,15.0,116.83198947648592,14308.219178082192,0,1,0,0,0,0
413,26.9187,20093.12607580117,-659.6383232550305,5.0,2.43,3.0,-17756.60613220519,17756.60613220519,3138.0483456800653,15.0,116.83198947648592,14308.219178082192,0,1,0,0,0,0
414,27.3183,19829.53460182846,-659.6383232550305,5.0,2.43,3.0,-18020.197606177902,18020.197606177902,3138.0483456800653,15.0,116.83198947648592,14308.219178082192,0,1,0,0,0,0
415,32.8025,16211.946109433222,-659.6383232550305,5.0,2.43,3.0,-21637.78609857314,21637.78609857314,3138.0483456800653,15.0,116.83198947648592,14308.219178082192,0,1,0,0,0,0
416,37.3708,13198.520357307265,-659.6383232550305,5.0,2.43,3.0,-24651.211850699096,24651.211850699096,3138.0483456800653,15.0,116.83198947648592,14308.219178082192,0,1,0,0,0,0
417,30.1404,17967.969289770437,-659.6383232550305,5.0,2.43,3.0,-19881.76291823592,19881.76291823592,3138.0483456800653,15.0,116.83198947648592,14308.219178082192,0,1,0,0,0,0
418,30.0812,18007.019878507137,-659.6383232550305,5.0,2.43,3.0,-19842.712329499223,19842.712329499223,3138.0483456800653,15.0,116.83198947648592,14308.219178082192,0,1,0,0,0,0
419,31.2938,17207.142447728085,-659.6383232550305,5.0,2.43,3.0,-20642.589760278275,20642.589760278275,3138.0483456800653,15.0,116.83198947648592,14308.219178082192,0,1,0,0,0,0
420,28.8391,18826.35663982221,-659.6383232550305,5.0,2.43,3.0,-19023.37556818415,19023.37556818415,3138.0483456800653,15.0,116.83198947648592,14308.219178082192,0,1,0,0,0,0
421,27.34,19815.220450213827,-659.6383232550305,5.0,2.43,3.0,-18034.511757792534,18034.511757792534,3138.0483456800653,15.0,116.83198947648592,14308.219178082192,0,1,0,0,0,0
422,26.2613,20526.77230950903,-659.6383232550305,5.0,2.43,3.0,-17322.95989849733,17322.95989849733,3138.0483456800653,15.0,116.83198947648592,14308.219178082192,0,1,0,0,0,0
423,24.5229,21673.487570655572,-659.6383232550305,5.0,2.43,3.0,-16176.244637350788,16176.244637350788,3138.0483456800653,15.0,116.83198947648592,14308.219178082192,0,1,0,0,0,0
424,24.5499,21655.677335927685,-659.6383232550305,5.0,2.43,3.0,-16194.054872078674,16194.054872078674,3138.0483456800653,15.0,116.83198947648592,14308.219178082192,0,1,0,0,0,0
425,26.4717,20387.98440629617,-659.6383232550305,5.0,2.43,3.0,-17461.74780171019,17461.74780171019,3138.0483456800653,15.0,116.83198947648592,14308.219178082192,0,1,0,0,0,0
426,26.4635,20393.39344054686,-659.6383232550305,5.0,2.43,3.0,-17456.3387674595,17456.3387674595,3138.0483456800653,15.0,116.83198947648592,14308.219178082192,0,1,0,0,0,0
427,25.8383,20805.799320245904,-659.6383232550305,5.0,2.43,3.0,-17043.932887760457,17043.932887760457,3138.0483456800653,15.0,116.83198947648592,14308.219178082192,0,1,0,0,0,0
428,25.6378,20938.05680405854,-659.6383232550305,5.0,2.43,3.0,-16911.675403947822,16911.675403947822,3138.0483456800653,15.0,116.83198947648592,14308.219178082192,0,1,0,0,0,0
429,24.8266,21473.15541188302,-659.6383232550305,5.0,2.43,3.0,-16376.57679612334,16376.57679612334,3138.0483456800653,15.0,116.83198947648592,14308.219178082192,0,1,0,0,0,0
430,23.7249,22199.878952613086,-659.6383232550305,5.0,2.43,3.0,-15649.853255393275,15649.853255393275,3138.0483456800653,15.0,116.83198947648592,14308.219178082192,0,1,0,0,0,0
431,22.4771,23022.975652370715,-659.6383232550305,5.0,2.43,3.0,-14826.756555635646,14826.756555635646,3138.0483456800653,15.0,116.83198947648592,14308.219178082192,0,1,0,0,0,0
432,23.2169,22534.975220826644,-659.6383232550305,5.0,2.43,3.0,-15314.756987179717,15314.756987179717,3138.0483456800653,15.0,116.83198947648592,14308.219178082192,0,1,0,0,0,0
433,22.2886,23147.31747630429,-659.6383232550305,5.0,2.43,3.0,-14702.414731702072,14702.414731702072,3138.0483456800653,15.0,116.83198947648592,14308.219178082192,0,1,0,0,0,0
434,21.2496,23832.681694166262,-659.6383232550305,5.0,2.43,3.0,-14017.050513840097,14017.050513840097,3138.0483456800653,15.0,116.83198947648592,14308.219178082192,0,1,0,0,0,0
435,20.7016,24194.163495310022,-659.6383232550305,5.0,2.43,3.0,-13655.568712696338,13655.568712696338,3138.0483456800653,15.0,116.83198947648592,14308.219178082192,0,1,0,0,0,0
436,19.5996,24921.084927537064,-659.6383232550305,5.0,2.43,3.0,-12928.647280469295,12928.647280469295,3138.0483456800653,15.0,116.83198947648592,14308.219178082192,0,1,0,0,0,0
437,19.6609,24880.64909832153,-659.6383232550305,5.0,2.43,3.0,-12969.08310968483,12969.08310968483,3138.0483456800653,15.0,116.83198947648592,14308.219178082192,0,1,0,0,0,0
438,20.6182,24249.177331469487,-659.6383232550305,5.0,2.43,3.0,-13600.554876536871,13600.554876536871,3138.0483456800653,15.0,116.83198947648592,14308.219178082192,0,1,0,0,0,0
439,22.5272,22989.92777237564,-659.6383232550305,5.0,2.43,3.0,-14859.804435630724,14859.804435630724,3138.0483456800653,15.0,116.83198947648592,14308.219178082192,0,1,0,0,0,0
440,22.7758,22825.941685214435,-659.6383232550305,5.0,2.43,3.0,-15023.790522791924,15023.790522791924,3138.0483456800653,15.0,116.83198947648592,14308.219178082192,0,1,0,0,0,0
441,23.6527,22247.5048395521,-659.6383232550305,5.0,2.43,3.0,-15602.22736845426,15602.22736845426,3138.0483456800653,15.0,116.83198947648592,14308.219178082192,0,1,0,0,0,0
442,25.4886,21036.47484188819,-659.6383232550305,5.0,2.43,3.0,-16813.25736611817,16813.25736611817,3138.0483456800653,15.0,116.83198947648592,14308.219178082192,0,1,0,0,0,0
443,24.9531,21389.71116399126,-659.6383232550305,5.0,2.43,3.0,-16460.021044015102,16460.021044015102,3138.0483456800653,15.0,116.83198947648592,14308.219178082192,0,1,0,0,0,0
444,24.5837,21633.38156060167,-659.6383232550305,5.0,2.43,3.0,-16216.350647404694,16216.350647404694,3138.0483456800653,15.0,116.83198947648592,14308.219178082192,0,1,0,0,0,0
445,23.871,22103.50579358553,-659.6383232550305,5.0,2.43,3.0,-15746.226414420833,15746.226414420833,3138.0483456800653,15.0,116.83198947648592,14308.219178082192,0,1,0,0,0,0
446,22.7019,22874.688957302984,-659.6383232550305,5.0,2.43,3.0,-14975.043250703377,14975.043250703377,3138.0483456800653,15.0,116.83198947648592,14308.219178082192,0,1,0,0,0,0
447,23.3748,22430.818329584676,-659.6383232550305,5.0,2.43,3.0,-15418.913878421688,15418.913878421688,3138.0483456800653,15.0,116.83198947648592,14308.219178082192,0,1,0,0,0,0
448,23.4047,22411.09514371935,-659.6383232550305,5.0,2.43,3.0,-15438.637064287012,15438.637064287012,3138.0483456800653,15.0,116.83198947648592,14308.219178082192,0,1,0,0,0,0
449,24.0269,22000.66817899007,-659.6383232550305,5.0,2.43,3.0,-15849.064029016294,15849.064029016294,3138.0483456800653,15.0,116.83198947648592,14308.219178082192,0,1,0,0,0,0
450,24.7104,21549.805385045256,-659.6383232550305,5.0,2.43,3.0,-16299.926822961106,16299.926822961106,3138.0483456800653,15.0,116.83198947648592,14308.219178082192,0,1,0,0,0,0
451,24.4001,21754.49115675129,-659.6383232550305,5.0,2.43,3.0,-16095.241051255069,16095.241051255069,3138.0483456800653,15.0,116.83198947648592,14308.219178082192,0,1,0,0,0,0
452,23.0028,22676.203785835547,-659.6383232550305,5.0,2.43,3.0,-15173.528422170817,15173.528422170817,3138.0483456800653,15.0,116.83198947648592,14308.219178082192,0,1,0,0,0,0
453,21.8533,23434.4580384172,-659.6383232550305,5.0,2.43,3.0,-14415.274169589158,14415.274169589158,3138.0483456800653,15.0,116.83198947648592,14308.219178082192,0,1,0,0,0,0
454,20.4911,24333.017362355204,-659.6383232550305,5.0,2.43,3.0,-13516.714845651155,13516.714845651155,3138.0483456800653,15.0,116.83198947648592,14308.219178082192,0,1,0,0,0,0
455,2.2413,36371.28483409486,-659.6383232550305,5.0,2.43,3.0,-1478.4473739114999,1478.4473739114999,3138.0483456800653,15.0,116.83198947648592,14308.219178082192,0,1,0,0,0,0
456,19.8752,24739.288605647977,-659.6383232550305,5.0,2.43,3.0,-13110.443602358382,13110.443602358382,3138.0483456800653,15.0,116.83198947648592,14308.219178082192,0,1,0,0,0,0
457,19.3747,25069.43758643712,-659.6383232550305,5.0,2.43,3.0,-12780.294621569241,12780.294621569241,3138.0483456800653,15.0,116.83198947648592,14308.219178082192,0,1,0,0,0,0
458,18.7532,25479.40280434012,-659.6383232550305,5.0,2.43,3.0,-12370.329403666237,12370.329403666237,3138.0483456800653,15.0,116.83198947648592,14308.219178082192,0,1,0,0,0,0
459,19.0845,25260.86462784573,-659.6383232550305,5.0,2.43,3.0,-12588.86758016063,12588.86758016063,3138.0483456800653,15.0,116.83198947648592,14308.219178082192,0,1,0,0,0,0
460,19.0177,25304.928467839163,-659.6383232550305,5.0,2.43,3.0,-12544.803740167195,12544.803740167195,3138.0483456800653,15.0,116.83198947648592,14308.219178082192,0,1,0,0,0,0
461,19.0477,25285.13931814152,-659.6383232550305,5.0,2.43,3.0,-12564.592889864844,12564.592889864844,3138.0483456800653,15.0,116.83198947648592,14308.219178082192,0,1,0,0,0,0
462,18.9466,25351.828752622598,-659.6383232550305,5.0,2.43,3.0,-12497.903455383761,12497.903455383761,3138.0483456800653,15.0,116.83198947648592,14308.219178082192,0,1,0,0,0,0
463,21.2231,23850.162109732526,-659.6383232550305,5.0,2.43,3.0,-13999.570098273838,13999.570098273838,3138.0483456800653,15.0,116.83198947648592,14308.219178082192,0,1,0,0,0,0
464,22.3038,23137.290973790812,-659.6383232550305,5.0,2.43,3.0,-14712.441234215548,14712.441234215548,3138.0483456800653,15.0,116.83198947648592,14308.219178082192,0,1,0,0,0,0
465,23.4933,22352.65118827895,-659.6383232550305,5.0,2.43,3.0,-15497.08101972741,15497.08101972741,3138.0483456800653,15.0,116.83198947648592,14308.219178082192,0,1,0,0,0,0
466,24.3372,21795.982407284035,-659.6383232550305,5.0,2.43,3.0,-16053.749800722328,16053.749800722328,3138.0483456800653,15.0,116.83198947648592,14308.219178082192,0,1,0,0,0,0
467,24.8884,21432.38976350586,-659.6383232550305,5.0,2.43,3.0,-16417.3424445005,16417.3424445005,3138.0483456800653,15.0,116.83198947648592,14308.219178082192,0,1,0,0,0,0
468,25.0244,21342.678951543174,-659.6383232550305,5.0,2.43,3.0,-16507.053256463187,16507.053256463187,3138.0483456800653,15.0,116.83198947648592,14308.219178082192,0,1,0,0,0,0
469,24.4681,21709.63575076995,-659.6383232550305,5.0,2.43,3.0,-16140.096457236412,16140.096457236412,3138.0483456800653,15.0,116.83198947648592,14308.219178082192,0,1,0,0,0,0
470,23.7736,22167.754566270567,-659.6383232550305,5.0,2.43,3.0,-15681.977641735792,15681.977641735792,3138.0483456800653,15.0,116.83198947648592,14308.219178082192,0,1,0,0,0,0
471,24.0488,21986.222099710783,-659.6383232550305,5.0,2.43,3.0,-15863.510108295577,15863.510108295577,3138.0483456800653,15.0,116.83198947648592,14308.219178082192,0,1,0,0,0,0
472,26.1485,20601.179512372197,-659.6383232550305,5.0,2.43,3.0,-17248.552695634164,17248.552695634164,3138.0483456800653,15.0,116.83198947648592,14308.219178082192,0,1,0,0,0,0
473,37.5992,13047.858964275816,-659.6383232550305,5.0,2.43,3.0,-24801.873243730544,24801.873243730544,3138.0483456800653,15.0,116.83198947648592,14308.219178082192,0,1,0,0,0,0
474,30.0966,17996.861448329008,-659.6383232550305,5.0,2.43,3.0,-19852.87075967735,19852.87075967735,3138.0483456800653,15.0,116.83198947648592,14308.219178082192,0,1,0,0,0,0
475,31.1461,17304.571028072853,-659.6383232550305,5.0,2.43,3.0,-20545.161179933508,20545.161179933508,3138.0483456800653,15.0,116.83198947648592,14308.219178082192,0,1,0,0,0,0
476,35.6057,14362.847961684722,-659.6383232550305,5.0,2.43,3.0,-23486.88424632164,23486.88424632164,3138.0483456800653,15.0,116.83198947648592,14308.219178082192,0,1,0,0,0,0
477,34.6581,14987.92123680119,-659.6383232550305,5.0,2.43,3.0,-22861.81097120517,22861.81097120517,3138.0483456800653,15.0,116.83198947648592,14308.219178082192,0,1,0,0,0,0
478,32.9793,16095.322053881733,-659.6383232550305,5.0,2.43,3.0,-21754.41015412463,21754.41015412463,3138.0483456800653,15.0,116.83198947648592,14308.219178082192,0,1,0,0,0,0
479,31.1286,17316.11469872982,-659.6383232550305,5.0,2.43,3.0,-20533.61750927654,20533.61750927654,3138.0483456800653,15.0,116.83198947648592,14308.219178082192,0,1,0,0,0,0
480,35.0028,14760.54390677518,-659.6383232550305,5.0,2.43,3.0,-23089.18830123118,23089.18830123118,3138.0483456800653,15.0,116.83198947648592,14308.219178082192,0,1,0,0,0,0
481,44.0379,8800.645692333652,-659.6383232550305,5.0,2.43,3.0,-29049.08651567271,29049.08651567271,3138.0483456800653,15.0,116.83198947648592,14308.219178082192,0,1,0,0,0,0
482,38.5702,12407.350152395185,-659.6383232550305,5.0,2.43,3.0,-25442.38205561118,25442.38205561118,3138.0483456800653,15.0,116.83198947648592,14308.219178082192,0,1,0,0,0,0
483,33.4339,15795.450472129996,-659.6383232550305,5.0,2.43,3.0,-22054.281735876364,22054.281735876364,3138.0483456800653,15.0,116.83198947648592,14308.219178082192,0,1,0,0,0,0
484,38.7825,12267.308936368143,-659.6383232550305,5.0,2.43,3.0,-25582.42327163822,25582.42327163822,3138.0483456800653,15.0,116.83198947648592,14308.219178082192,0,1,0,0,0,0
485,54.1346,12036.200744269021,650.0,0,2.43,3.0,35187.49,-35187.49,15071.972825128516,0,556.8949724310688,14308.219178082192,1,0,0,0,0,0
486,46.9994,7398.3207442690245,650.0,0,2.43,3.0,30549.61,-30549.61,15071.972825128516,0,556.8949724310688,14308.219178082192,1,0,0,0,0,0
487,92.7835,37157.985744269026,650.0,0,2.43,3.0,60309.275,-60309.275,15071.972825128516,0,556.8949724310688,14308.219178082192,1,0,0,0,0,0
488,92.041,36675.360744269026,650.0,0,2.43,3.0,59826.65,-59826.65,15071.972825128516,0,556.8949724310688,14308.219178082192,1,0,0,0,0,0
489,75.2351,25751.52574426903,650.0,0,2.43,3.0,48902.815,-48902.815,15071.972825128516,0,556.8949724310688,14308.219178082192,1,0,0,0,0,0
490,129.7687,61198.36574426903,650.0,0,2.43,3.0,84349.655,-84349.655,15071.972825128516,0,556.8949724310688,14308.219178082192,1,0,0,0,0,0
491,110.6022,48740.140744269025,650.0,0,2.43,3.0,71891.43,-71891.43,15071.972825128516,0,556.8949724310688,14308.219178082192,1,0,0,0,0,0
492,91.6037,36391.11574426903,650.0,0,2.43,3.0,59542.405,-59542.405,15071.972825128516,0,556.8949724310688,14308.219178082192,1,0,0,0,0,0
493,43.9049,8888.37758932657,-659.6383232550305,5.0,2.43,3.0,-28961.354618679787,28961.354618679787,3138.0483456800653,15.0,116.83198947648592,14308.219178082192,0,1,0,0,0,0
494,34.0123,15413.915665959288,-659.6383232550305,5.0,2.43,3.0,-22435.816542047076,22435.816542047076,3138.0483456800653,15.0,116.83198947648592,14308.219178082192,0,1,0,0,0,0
495,42.6756,9699.270980103982,-659.6383232550305,5.0,2.43,3.0,-28150.461227902382,28150.461227902382,3138.0483456800653,15.0,116.83198947648592,14308.219178082192,0,1,0,0,0,0
496,59.0216,15212.750744269024,650.0,0,2.43,3.0,38364.04,-38364.04,15071.972825128516,0,556.8949724310688,14308.219178082192,1,0,0,0,0,0
497,63.3895,18051.885744269017,650.0,0,2.43,3.0,41203.174999999996,-41203.174999999996,15071.972825128516,0,556.8949724310688,14308.219178082192,1,0,0,0,0,0
498,72.2529,23813.095744269016,650.0,0,2.43,3.0,46964.384999999995,-46964.384999999995,15071.972825128516,0,556.8949724310688,14308.219178082192,1,0,0,0,0,0
499,49.1689,8808.495744269023,650.0,0,2.43,3.0,31959.785,-31959.785,15071.972825128516,0,556.8949724310688,14308.219178082192,1,0,0,0,0,0
500,90.1376,35438.150744269034,650.0,0,2.43,3.0,58589.44,-58589.44,15071.972825128516,0,556.8949724310688,14308.219178082192,1,0,0,0,0,0
501,56.2944,13440.070744269024,650.0,0,2.43,3.0,36591.36,-36591.36,15071.972825128516,0,556.8949724310688,14308.219178082192,1,0,0,0,0,0
502,53.9783,11934.60574426902,650.0,0,2.43,3.0,35085.895,-35085.895,15071.972825128516,0,556.8949724310688,14308.219178082192,1,0,0,0,0,0
503,53.6897,11747.015744269023,650.0,0,2.43,3.0,34898.305,-34898.305,15071.972825128516,0,556.8949724310688,14308.219178082192,1,0,0,0,0,0
504,84.9485,32065.235744269023,650.0,0,2.43,3.0,55216.524999999994,-55216.524999999994,15071.972825128516,0,556.8949724310688,14308.219178082192,1,0,0,0,0,0
505,90.5546,35709.20074426902,650.0,0,2.43,3.0,58860.49,-58860.49,15071.972825128516,0,556.8949724310688,14308.219178082192,1,0,0,0,0,0
506,54.5277,12291.715744269028,650.0,0,2.43,3.0,35443.005000000005,-35443.005000000005,15071.972825128516,0,556.8949724310688,14308.219178082192,1,0,0,0,0,0
507,60.9483,16465.105744269025,650.0,0,2.43,3.0,39616.395000000004,-39616.395000000004,15071.972825128516,0,556.8949724310688,14308.219178082192,1,0,0,0,0,0
508,45.6879,7712.242458962854,-659.6383232550305,5.0,2.43,3.0,-30137.489749043507,30137.489749043507,3138.0483456800653,15.0,116.83198947648592,14308.219178082192,0,1,0,0,0,0
509,78.7959,28066.04574426902,650.0,0,2.43,3.0,51217.335,-51217.335,15071.972825128516,0,556.8949724310688,14308.219178082192,1,0,0,0,0,0
510,52.1982,10777.540744269025,650.0,0,2.43,3.0,33928.83,-33928.83,15071.972825128516,0,556.8949724310688,14308.219178082192,1,0,0,0,0,0
511,62.9536,17768.550744269025,650.0,0,2.43,3.0,40919.840000000004,-40919.840000000004,15071.972825128516,0,556.8949724310688,14308.219178082192,1,0,0,0,0,0
512,52.7735,11151.485744269025,650.0,0,2.43,3.0,34302.775,-34302.775,15071.972825128516,0,556.8949724310688,14308.219178082192,1,0,0,0,0,0
513,34.1124,15347.885869801456,-659.6383232550305,5.0,2.43,3.0,-22501.846338204905,22501.846338204905,3138.0483456800653,15.0,116.83198947648592,14308.219178082192,0,1,0,0,0,0
514,35.9584,14130.193525072671,-659.6383232550305,5.0,2.43,3.0,-23719.538682933686,23719.538682933686,3138.0483456800653,15.0,116.83198947648592,14308.219178082192,0,1,0,0,0,0
515,29.9881,18068.43220640218,-659.6383232550305,5.0,2.43,3.0,-19781.30000160418,19781.30000160418,3138.0483456800653,15.0,116.83198947648592,14308.219178082192,0,1,0,0,0,0
516,29.041,18693.17566235702,-659.6383232550305,5.0,2.43,3.0,-19156.556545649342,19156.556545649342,3138.0483456800653,15.0,116.83198947648592,14308.219178082192,0,1,0,0,0,0
517,28.7754,18868.375601013555,-659.6383232550305,5.0,2.43,3.0,-18981.356606992806,18981.356606992806,3138.0483456800653,15.0,116.83198947648592,14308.219178082192,0,1,0,0,0,0
518,29.5642,18348.052891629988,-659.6383232550305,5.0,2.43,3.0,-19501.679316376372,19501.679316376372,3138.0483456800653,15.0,116.83198947648592,14308.219178082192,0,1,0,0,0,0
519,33.2782,15898.156159060803,-659.6383232550305,5.0,2.43,3.0,-21951.576048945557,21951.576048945557,3138.0483456800653,15.0,116.83198947648592,14308.219178082192,0,1,0,0,0,0
520,41.2977,10608.186625717088,-659.6383232550305,5.0,2.43,3.0,-27241.545582289273,27241.545582289273,3138.0483456800653,15.0,116.83198947648592,14308.219178082192,0,1,0,0,0,0
521,71.0308,23018.730744269018,650.0,0,2.43,3.0,46170.02,-46170.02,15071.972825128516,0,556.8949724310688,14308.219178082192,1,0,0,0,0,0
522,33.8121,15545.975258274942,-659.6383232550305,5.0,2.43,3.0,-22303.756949731418,22303.756949731418,3138.0483456800653,15.0,116.83198947648592,14308.219178082192,0,1,0,0,0,0
523,33.8369,15529.61622785822,-659.6383232550305,5.0,2.43,3.0,-22320.11598014814,22320.11598014814,3138.0483456800653,15.0,116.83198947648592,14308.219178082192,0,1,0,0,0,0
524,41.6732,10360.492435334821,-659.6383232550305,5.0,2.43,3.0,-27489.23977267154,27489.23977267154,3138.0483456800653,15.0,116.83198947648592,14308.219178082192,0,1,0,0,0,0
525,35.173,14648.27346415717,-659.6383232550305,5.0,2.43,3.0,-23201.45874384919,23201.45874384919,3138.0483456800653,15.0,116.83198947648592,14308.219178082192,0,1,0,0,0,0
526,32.2679,16564.588757045363,-659.6383232550305,5.0,2.43,3.0,-21285.143450960997,21285.143450960997,3138.0483456800653,15.0,116.83198947648592,14308.219178082192,0,1,0,0,0,0
527,33.2345,15926.982353787054,-659.6383232550305,5.0,2.43,3.0,-21922.74985421931,21922.74985421931,3138.0483456800653,15.0,116.83198947648592,14308.219178082192,0,1,0,0,0,0
528,42.0032,10142.811788660663,-659.6383232550305,5.0,2.43,3.0,-27706.920419345697,27706.920419345697,3138.0483456800653,15.0,116.83198947648592,14308.219178082192,0,1,0,0,0,0
529,40.7938,10940.5783768053,-659.6383232550305,5.0,2.43,3.0,-26909.153831201063,26909.153831201063,3138.0483456800653,15.0,116.83198947648592,14308.219178082192,0,1,0,0,0,0
530,31.2142,17259.649658259186,-659.6383232550305,5.0,2.43,3.0,-20590.082549747174,20590.082549747174,3138.0483456800653,15.0,116.83198947648592,14308.219178082192,0,1,0,0,0,0
531,30.0916,18000.159639945283,-659.6383232550305,5.0,2.43,3.0,-19849.572568061078,19849.572568061078,3138.0483456800653,15.0,116.83198947648592,14308.219178082192,0,1,0,0,0,0
532,37.296,13247.861303886744,-659.6383232550305,5.0,2.43,3.0,-24601.870904119616,24601.870904119616,3138.0483456800653,15.0,116.83198947648592,14308.219178082192,0,1,0,0,0,0
533,41.331,10586.220669552691,-659.6383232550305,5.0,2.43,3.0,-27263.51153845367,27263.51153845367,3138.0483456800653,15.0,116.83198947648592,14308.219178082192,0,1,0,0,0,0
534,49.6194,9101.320744269024,650.0,0,2.43,3.0,32252.61,-32252.61,15071.972825128516,0,556.8949724310688,14308.219178082192,1,0,0,0,0,0
535,49.1504,8796.470744269021,650.0,0,2.43,3.0,31947.76,-31947.76,15071.972825128516,0,556.8949724310688,14308.219178082192,1,0,0,0,0,0
536,39.938,11505.09685384695,-659.6383232550305,5.0,2.43,3.0,-26344.63535415941,26344.63535415941,3138.0483456800653,15.0,116.83198947648592,14308.219178082192,0,1,0,0,0,0
537,34.5124,15084.030540499447,-659.6383232550305,5.0,2.43,3.0,-22765.701667506914,22765.701667506914,3138.0483456800653,15.0,116.83198947648592,14308.219178082192,0,1,0,0,0,0
538,22.8567,22772.576944863104,-659.6383232550305,5.0,2.43,3.0,-15077.155263143255,15077.155263143255,3138.0483456800653,15.0,116.83198947648592,14308.219178082192,0,1,0,0,0,0
539,25.1372,21268.271748680007,-659.6383232550305,5.0,2.43,3.0,-16581.460459326354,16581.460459326354,3138.0483456800653,15.0,116.83198947648592,14308.219178082192,0,1,0,0,0,0
540,25.5537,20993.532387044288,-659.6383232550305,5.0,2.43,3.0,-16856.199820962072,16856.199820962072,3138.0483456800653,15.0,116.83198947648592,14308.219178082192,0,1,0,0,0,0
541,24.8086,21485.02890170161,-659.6383232550305,5.0,2.43,3.0,-16364.70330630475,16364.70330630475,3138.0483456800653,15.0,116.83198947648592,14308.219178082192,0,1,0,0,0,0
542,23.9211,22070.45791359045,-659.6383232550305,5.0,2.43,3.0,-15779.274294415909,15779.274294415909,3138.0483456800653,15.0,116.83198947648592,14308.219178082192,0,1,0,0,0,0
543,23.7529,22181.409079561945,-659.6383232550305,5.0,2.43,3.0,-15668.323128444414,15668.323128444414,3138.0483456800653,15.0,116.83198947648592,14308.219178082192,0,1,0,0,0,0
544,23.8659,22106.86994903413,-659.6383232550305,5.0,2.43,3.0,-15742.862258972233,15742.862258972233,3138.0483456800653,15.0,116.83198947648592,14308.219178082192,0,1,0,0,0,0
545,25.4069,21090.367292898125,-659.6383232550305,5.0,2.43,3.0,-16759.364915108235,16759.364915108235,3138.0483456800653,15.0,116.83198947648592,14308.219178082192,0,1,0,0,0,0
546,25.2343,21204.220867491942,-659.6383232550305,5.0,2.43,3.0,-16645.51134051442,16645.51134051442,3138.0483456800653,15.0,116.83198947648592,14308.219178082192,0,1,0,0,0,0
547,24.9266,21407.19157955752,-659.6383232550305,5.0,2.43,3.0,-16442.540628448845,16442.540628448845,3138.0483456800653,15.0,116.83198947648592,14308.219178082192,0,1,0,0,0,0
548,24.6568,21585.161999171723,-659.6383232550305,5.0,2.43,3.0,-16264.570208834637,16264.570208834637,3138.0483456800653,15.0,116.83198947648592,14308.219178082192,0,1,0,0,0,0
549,23.9385,22058.98020676581,-659.6383232550305,5.0,2.43,3.0,-15790.75200124055,15790.75200124055,3138.0483456800653,15.0,116.83198947648592,14308.219178082192,0,1,0,0,0,0
550,20.0212,24642.981410452743,-659.6383232550305,5.0,2.43,3.0,-13206.750797553617,13206.750797553617,3138.0483456800653,15.0,116.83198947648592,14308.219178082192,0,1,0,0,0,0
551,19.8854,24732.560294750776,-659.6383232550305,5.0,2.43,3.0,-13117.171913255585,13117.171913255585,3138.0483456800653,15.0,116.83198947648592,14308.219178082192,0,1,0,0,0,0
552,20.8271,24111.378885741513,-659.6383232550305,5.0,2.43,3.0,-13738.353322264848,13738.353322264848,3138.0483456800653,15.0,116.83198947648592,14308.219178082192,0,1,0,0,0,0
553,20.9794,24010.915969109774,-659.6383232550305,5.0,2.43,3.0,-13838.816238896587,13838.816238896587,3138.0483456800653,15.0,116.83198947648592,14308.219178082192,0,1,0,0,0,0
554,21.0791,23945.15002828125,-659.6383232550305,5.0,2.43,3.0,-13904.582179725114,13904.582179725114,3138.0483456800653,15.0,116.83198947648592,14308.219178082192,0,1,0,0,0,0
555,21.9537,23368.230350762395,-659.6383232550305,5.0,2.43,3.0,-14481.501857243964,14481.501857243964,3138.0483456800653,15.0,116.83198947648592,14308.219178082192,0,1,0,0,0,0
556,22.8027,22808.197414318878,-659.6383232550305,5.0,2.43,3.0,-15041.534793687486,15041.534793687486,3138.0483456800653,15.0,116.83198947648592,14308.219178082192,0,1,0,0,0,0
557,24.2346,21863.661299249998,-659.6383232550305,5.0,2.43,3.0,-15986.070908756363,15986.070908756363,3138.0483456800653,15.0,116.83198947648592,14308.219178082192,0,1,0,0,0,0
558,25.4036,21092.544099364866,-659.6383232550305,5.0,2.43,3.0,-16757.188108641494,16757.188108641494,3138.0483456800653,15.0,116.83198947648592,14308.219178082192,0,1,0,0,0,0
559,29.197,18590.272083929234,-659.6383232550305,5.0,2.43,3.0,-19259.460124077126,19259.460124077126,3138.0483456800653,15.0,116.83198947648592,14308.219178082192,0,1,0,0,0,0
560,26.222,20552.69609561295,-659.6383232550305,5.0,2.43,3.0,-17297.036112393413,17297.036112393413,3138.0483456800653,15.0,116.83198947648592,14308.219178082192,0,1,0,0,0,0
561,24.8687,21445.384638473985,-659.6383232550305,5.0,2.43,3.0,-16404.347569532376,16404.347569532376,3138.0483456800653,15.0,116.83198947648592,14308.219178082192,0,1,0,0,0,0
562,24.7246,21540.438520855034,-659.6383232550305,5.0,2.43,3.0,-16309.293687151327,16309.293687151327,3138.0483456800653,15.0,116.83198947648592,14308.219178082192,0,1,0,0,0,0
563,24.8264,21473.28733954767,-659.6383232550305,5.0,2.43,3.0,-16376.44486845869,16376.44486845869,3138.0483456800653,15.0,116.83198947648592,14308.219178082192,0,1,0,0,0,0
564,24.0765,21967.95011815662,-659.6383232550305,5.0,2.43,3.0,-15881.782089849741,15881.782089849741,3138.0483456800653,15.0,116.83198947648592,14308.219178082192,0,1,0,0,0,0
565,23.1468,22581.215867286825,-659.6383232550305,5.0,2.43,3.0,-15268.51634071954,15268.51634071954,3138.0483456800653,15.0,116.83198947648592,14308.219178082192,0,1,0,0,0,0
566,22.8677,22765.3209233073,-659.6383232550305,5.0,2.43,3.0,-15084.411284699061,15084.411284699061,3138.0483456800653,15.0,116.83198947648592,14308.219178082192,0,1,0,0,0,0
567,22.5955,22944.87447489732,-659.6383232550305,5.0,2.43,3.0,-14904.857733109044,14904.857733109044,3138.0483456800653,15.0,116.83198947648592,14308.219178082192,0,1,0,0,0,0
568,23.6057,22278.507840745086,-659.6383232550305,5.0,2.43,3.0,-15571.224367261273,15571.224367261273,3138.0483456800653,15.0,116.83198947648592,14308.219178082192,0,1,0,0,0,0
569,27.1354,19950.182451151806,-659.6383232550305,5.0,2.43,3.0,-17899.549756854554,17899.549756854554,3138.0483456800653,15.0,116.83198947648592,14308.219178082192,0,1,0,0,0,0
570,24.9509,21391.16236830242,-659.6383232550305,5.0,2.43,3.0,-16458.56983970394,16458.56983970394,3138.0483456800653,15.0,116.83198947648592,14308.219178082192,0,1,0,0,0,0
571,27.812,19503.871161637453,-659.6383232550305,5.0,2.43,3.0,-18345.86104636891,18345.86104636891,3138.0483456800653,15.0,116.83198947648592,14308.219178082192,0,1,0,0,0,0
572,26.0936,20637.393656318898,-659.6383232550305,5.0,2.43,3.0,-17212.338551687462,17212.338551687462,3138.0483456800653,15.0,116.83198947648592,14308.219178082192,0,1,0,0,0,0
573,23.1781,22560.56918776894,-659.6383232550305,5.0,2.43,3.0,-15289.163020237424,15289.163020237424,3138.0483456800653,15.0,116.83198947648592,14308.219178082192,0,1,0,0,0,0
574,21.415,23723.577515499885,-659.6383232550305,5.0,2.43,3.0,-14126.154692506478,14126.154692506478,3138.0483456800653,15.0,116.83198947648592,14308.219178082192,0,1,0,0,0,0
575,20.5493,24294.626411941765,-659.6383232550305,5.0,2.43,3.0,-13555.105796064598,13555.105796064598,3138.0483456800653,15.0,116.83198947648592,14308.219178082192,0,1,0,0,0,0
576,21.2006,23865.00397200576,-659.6383232550305,5.0,2.43,3.0,-13984.728236000601,13984.728236000601,3138.0483456800653,15.0,116.83198947648592,14308.219178082192,0,1,0,0,0,0
577,21.8267,23452.004417815788,-659.6383232550305,5.0,2.43,3.0,-14397.727790190575,14397.727790190575,3138.0483456800653,15.0,116.83198947648592,14308.219178082192,0,1,0,0,0,0
578,22.0515,23303.717722748057,-659.6383232550305,5.0,2.43,3.0,-14546.014485258305,14546.014485258305,3138.0483456800653,15.0,116.83198947648592,14308.219178082192,0,1,0,0,0,0
579,22.4839,23018.490111772582,-659.6383232550305,5.0,2.43,3.0,-14831.24209623378,14831.24209623378,3138.0483456800653,15.0,116.83198947648592,14308.219178082192,0,1,0,0,0,0
580,22.5711,22960.96964998474,-659.6383232550305,5.0,2.43,3.0,-14888.76255802162,14888.76255802162,3138.0483456800653,15.0,116.83198947648592,14308.219178082192,0,1,0,0,0,0
581,25.3589,21122.02993241437,-659.6383232550305,5.0,2.43,3.0,-16727.702275591993,16727.702275591993,3138.0483456800653,15.0,116.83198947648592,14308.219178082192,0,1,0,0,0,0
582,31.1006,17334.584571780957,-659.6383232550305,5.0,2.43,3.0,-20515.147636225403,20515.147636225403,3138.0483456800653,15.0,116.83198947648592,14308.219178082192,0,1,0,0,0,0
583,32.2806,16556.21135034002,-659.6383232550305,5.0,2.43,3.0,-21293.52085766634,21293.52085766634,3138.0483456800653,15.0,116.83198947648592,14308.219178082192,0,1,0,0,0,0
584,37.9274,12831.365666583519,-659.6383232550305,5.0,2.43,3.0,-25018.36654142284,25018.36654142284,3138.0483456800653,15.0,116.83198947648592,14308.219178082192,0,1,0,0,0,0
585,29.8423,18164.607473932763,-659.6383232550305,5.0,2.43,3.0,-19685.124734073597,19685.124734073597,3138.0483456800653,15.0,116.83198947648592,14308.219178082192,0,1,0,0,0,0
586,26.9076,20100.4480611893,-659.6383232550305,5.0,2.43,3.0,-17749.28414681706,17749.28414681706,3138.0483456800653,15.0,116.83198947648592,14308.219178082192,0,1,0,0,0,0
587,24.1283,21933.78085301201,-659.6383232550305,5.0,2.43,3.0,-15915.951354994353,15915.951354994353,3138.0483456800653,15.0,116.83198947648592,14308.219178082192,0,1,0,0,0,0
588,22.738,22850.876013833476,-659.6383232550305,5.0,2.43,3.0,-14998.856194172884,14998.856194172884,3138.0483456800653,15.0,116.83198947648592,14308.219178082192,0,1,0,0,0,0
589,22.8966,22746.257375765228,-659.6383232550305,5.0,2.43,3.0,-15103.47483224113,15103.47483224113,3138.0483456800653,15.0,116.83198947648592,14308.219178082192,0,1,0,0,0,0
590,22.8284,22791.24470941122,-659.6383232550305,5.0,2.43,3.0,-15058.487498595137,15058.487498595137,3138.0483456800653,15.0,116.83198947648592,14308.219178082192,0,1,0,0,0,0
591,22.7883,22817.69620617375,-659.6383232550305,5.0,2.43,3.0,-15032.036001832612,15032.036001832612,3138.0483456800653,15.0,116.83198947648592,14308.219178082192,0,1,0,0,0,0
592,24.0504,21985.166678393576,-659.6383232550305,5.0,2.43,3.0,-15864.565529612786,15864.565529612786,3138.0483456800653,15.0,116.83198947648592,14308.219178082192,0,1,0,0,0,0
593,26.2748,20517.867192145084,-659.6383232550305,5.0,2.43,3.0,-17331.865015861276,17331.865015861276,3138.0483456800653,15.0,116.83198947648592,14308.219178082192,0,1,0,0,0,0
594,32.8598,16174.14883351071,-659.6383232550305,5.0,2.43,3.0,-21675.58337449565,21675.58337449565,3138.0483456800653,15.0,116.83198947648592,14308.219178082192,0,1,0,0,0,0
595,28.7175,18906.56865993002,-659.6383232550305,5.0,2.43,3.0,-18943.16354807634,18943.16354807634,3138.0483456800653,15.0,116.83198947648592,14308.219178082192,0,1,0,0,0,0
596,30.7764,17548.43931618024,-659.6383232550305,5.0,2.43,3.0,-20301.29289182612,20301.29289182612,3138.0483456800653,15.0,116.83198947648592,14308.219178082192,0,1,0,0,0,0
597,31.2438,17240.124363890838,-659.6383232550305,5.0,2.43,3.0,-20609.607844115522,20609.607844115522,3138.0483456800653,15.0,116.83198947648592,14308.219178082192,0,1,0,0,0,0
598,28.288,19189.883319768058,-659.6383232550305,5.0,2.43,3.0,-18659.848888238303,18659.848888238303,3138.0483456800653,15.0,116.83198947648592,14308.219178082192,0,1,0,0,0,0
599,25.7208,20883.306823228373,-659.6383232550305,5.0,2.43,3.0,-16966.42538477799,16966.42538477799,3138.0483456800653,15.0,116.83198947648592,14308.219178082192,0,1,0,0,0,0
600,32.9126,16139.319930042846,-659.6383232550305,5.0,2.43,3.0,-21710.412277963514,21710.412277963514,3138.0483456800653,15.0,116.83198947648592,14308.219178082192,0,1,0,0,0,0
601,27.6266,19626.168106768935,-659.6383232550305,5.0,2.43,3.0,-18223.564101237425,18223.564101237425,3138.0483456800653,15.0,116.83198947648592,14308.219178082192,0,1,0,0,0,0
602,27.7097,19571.352162106443,-659.6383232550305,5.0,2.43,3.0,-18278.38004589992,18278.38004589992,3138.0483456800653,15.0,116.83198947648592,14308.219178082192,0,1,0,0,0,0
603,28.0761,19329.6606804658,-659.6383232550305,5.0,2.43,3.0,-18520.071527540564,18520.071527540564,3138.0483456800653,15.0,116.83198947648592,14308.219178082192,0,1,0,0,0,0
604,30.7414,17571.526657494163,-659.6383232550305,5.0,2.43,3.0,-20278.205550512193,20278.205550512193,3138.0483456800653,15.0,116.83198947648592,14308.219178082192,0,1,0,0,0,0
605,30.9504,17433.662247933866,-659.6383232550305,5.0,2.43,3.0,-20416.069960072495,20416.069960072495,3138.0483456800653,15.0,116.83198947648592,14308.219178082192,0,1,0,0,0,0
606,32.3158,16532.992081361444,-659.6383232550305,5.0,2.43,3.0,-21316.740126644916,21316.740126644916,3138.0483456800653,15.0,116.83198947648592,14308.219178082192,0,1,0,0,0,0
607,31.5261,17053.908465235945,-659.6383232550305,5.0,2.43,3.0,-20795.82374277042,20795.82374277042,3138.0483456800653,15.0,116.83198947648592,14308.219178082192,0,1,0,0,0,0
608,37.8596,12876.089144900208,-659.6383232550305,5.0,2.43,3.0,-24973.643063106152,24973.643063106152,3138.0483456800653,15.0,116.83198947648592,14308.219178082192,0,1,0,0,0,0
609,28.7591,18879.12770568261,-659.6383232550305,5.0,2.43,3.0,-18970.60450232375,18970.60450232375,3138.0483456800653,15.0,116.83198947648592,14308.219178082192,0,1,0,0,0,0
610,25.1635,21250.9232607784,-659.6383232550305,5.0,2.43,3.0,-16598.80894722796,16598.80894722796,3138.0483456800653,15.0,116.83198947648592,14308.219178082192,0,1,0,0,0,0
611,25.758,20858.768277603285,-659.6383232550305,5.0,2.43,3.0,-16990.963930403075,16990.963930403075,3138.0483456800653,15.0,116.83198947648592,14308.219178082192,0,1,0,0,0,0
612,24.2768,21835.824562008638,-659.6383232550305,5.0,2.43,3.0,-16013.907645997726,16013.907645997726,3138.0483456800653,15.0,116.83198947648592,14308.219178082192,0,1,0,0,0,0
613,22.997,22680.029688110422,-659.6383232550305,5.0,2.43,3.0,-15169.702519895936,15169.702519895936,3138.0483456800653,15.0,116.83198947648592,14308.219178082192,0,1,0,0,0,0
614,22.9001,22743.94864163384,-659.6383232550305,5.0,2.43,3.0,-15105.783566372524,15105.783566372524,3138.0483456800653,15.0,116.83198947648592,14308.219178082192,0,1,0,0,0,0
615,23.1694,22566.308041181255,-659.6383232550305,5.0,2.43,3.0,-15283.424166825103,15283.424166825103,3138.0483456800653,15.0,116.83198947648592,14308.219178082192,0,1,0,0,0,0
616,24.591,21628.566200841906,-659.6383232550305,5.0,2.43,3.0,-16221.166007164456,16221.166007164456,3138.0483456800653,15.0,116.83198947648592,14308.219178082192,0,1,0,0,0,0
617,28.6431,18955.645751180196,-659.6383232550305,5.0,2.43,3.0,-18894.086456826164,18894.086456826164,3138.0483456800653,15.0,116.83198947648592,14308.219178082192,0,1,0,0,0,0
618,29.0027,18718.439810137686,-659.6383232550305,5.0,2.43,3.0,-19131.292397868674,19131.292397868674,3138.0483456800653,15.0,116.83198947648592,14308.219178082192,0,1,0,0,0,0
619,27.324,19825.774663385906,-659.6383232550305,5.0,2.43,3.0,-18023.957544620454,18023.957544620454,3138.0483456800653,15.0,116.83198947648592,14308.219178082192,0,1,0,0,0,0
620,26.0639,20656.98491451957,-659.6383232550305,5.0,2.43,3.0,-17192.74729348679,17192.74729348679,3138.0483456800653,15.0,116.83198947648592,14308.219178082192,0,1,0,0,0,0
621,23.3913,22419.934297250966,-659.6383232550305,5.0,2.43,3.0,-15429.797910755397,15429.797910755397,3138.0483456800653,15.0,116.83198947648592,14308.219178082192,0,1,0,0,0,0
622,24.4454,21724.60954070784,-659.6383232550305,5.0,2.43,3.0,-16125.122667298523,16125.122667298523,3138.0483456800653,15.0,116.83198947648592,14308.219178082192,0,1,0,0,0,0
623,23.0496,22645.33271230721,-659.6383232550305,5.0,2.43,3.0,-15204.399495699152,15204.399495699152,3138.0483456800653,15.0,116.83198947648592,14308.219178082192,0,1,0,0,0,0
624,26.9799,20052.756210417963,-659.6383232550305,5.0,2.43,3.0,-17796.975997588397,17796.975997588397,3138.0483456800653,15.0,116.83198947648592,14308.219178082192,0,1,0,0,0,0
625,25.8705,20784.558966237095,-659.6383232550305,5.0,2.43,3.0,-17065.173241769266,17065.173241769266,3138.0483456800653,15.0,116.83198947648592,14308.219178082192,0,1,0,0,0,0
626,25.7532,20861.93454155491,-659.6383232550305,5.0,2.43,3.0,-16987.79766645145,16987.79766645145,3138.0483456800653,15.0,116.83198947648592,14308.219178082192,0,1,0,0,0,0
627,23.6112,22274.879829967183,-659.6383232550305,5.0,2.43,3.0,-15574.852378039177,15574.852378039177,3138.0483456800653,15.0,116.83198947648592,14308.219178082192,0,1,0,0,0,0
628,25.0201,21345.515396333172,-659.6383232550305,5.0,2.43,3.0,-16504.21681167319,16504.21681167319,3138.0483456800653,15.0,116.83198947648592,14308.219178082192,0,1,0,0,0,0
629,24.276,21836.352272667238,-659.6383232550305,5.0,2.43,3.0,-16013.37993533912,16013.37993533912,3138.0483456800653,15.0,116.83198947648592,14308.219178082192,0,1,0,0,0,0
630,25.7162,20886.341159515345,-659.6383232550305,5.0,2.43,3.0,-16963.391048491016,16963.391048491016,3138.0483456800653,15.0,116.83198947648592,14308.219178082192,0,1,0,0,0,0
631,27.3945,19779.270161596425,-659.6383232550305,5.0,2.43,3.0,-18070.462046409935,18070.462046409935,3138.0483456800653,15.0,116.83198947648592,14308.219178082192,0,1,0,0,0,0
632,25.7736,20848.47791976051,-659.6383232550305,5.0,2.43,3.0,-17001.254288245855,17001.254288245855,3138.0483456800653,15.0,116.83198947648592,14308.219178082192,0,1,0,0,0,0
633,24.7953,21493.802091400903,-659.6383232550305,5.0,2.43,3.0,-16355.93011660546,16355.93011660546,3138.0483456800653,15.0,116.83198947648592,14308.219178082192,0,1,0,0,0,0
634,24.0665,21974.546501389166,-659.6383232550305,5.0,2.43,3.0,-15875.185706617192,15875.185706617192,3138.0483456800653,15.0,116.83198947648592,14308.219178082192,0,1,0,0,0,0
635,23.7764,22165.907578965453,-659.6383232550305,5.0,2.43,3.0,-15683.824629040906,15683.824629040906,3138.0483456800653,15.0,116.83198947648592,14308.219178082192,0,1,0,0,0,0
636,23.5804,22295.19669032344,-659.6383232550305,5.0,2.43,3.0,-15554.535517682922,15554.535517682922,3138.0483456800653,15.0,116.83198947648592,14308.219178082192,0,1,0,0,0,0
637,23.2177,22534.44751016804,-659.6383232550305,5.0,2.43,3.0,-15315.284697838322,15315.284697838322,3138.0483456800653,15.0,116.83198947648592,14308.219178082192,0,1,0,0,0,0
638,22.7521,22841.57511347558,-659.6383232550305,5.0,2.43,3.0,-15008.15709453078,15008.15709453078,3138.0483456800653,15.0,116.83198947648592,14308.219178082192,0,1,0,0,0,0
639,23.1517,22577.98363950287,-659.6383232550305,5.0,2.43,3.0,-15271.748568503492,15271.748568503492,3138.0483456800653,15.0,116.83198947648592,14308.219178082192,0,1,0,0,0,0
640,22.9081,22738.671535047797,-659.6383232550305,5.0,2.43,3.0,-15111.060672958565,15111.060672958565,3138.0483456800653,15.0,116.83198947648592,14308.219178082192,0,1,0,0,0,0
641,28.2245,19231.770353294753,-659.6383232550305,5.0,2.43,3.0,-18617.961854711608,18617.961854711608,3138.0483456800653,15.0,116.83198947648592,14308.219178082192,0,1,0,0,0,0
642,28.2156,19237.641134371723,-659.6383232550305,5.0,2.43,3.0,-18612.091073634638,18612.091073634638,3138.0483456800653,15.0,116.83198947648592,14308.219178082192,0,1,0,0,0,0
643,26.0365,20675.05900457676,-659.6383232550305,5.0,2.43,3.0,-17174.673203429604,17174.673203429604,3138.0483456800653,15.0,116.83198947648592,14308.219178082192,0,1,0,0,0,0
644,25.8792,20778.820112824775,-659.6383232550305,5.0,2.43,3.0,-17070.912095181586,17070.912095181586,3138.0483456800653,15.0,116.83198947648592,14308.219178082192,0,1,0,0,0,0
645,25.164,21250.593441616773,-659.6383232550305,5.0,2.43,3.0,-16599.138766389588,16599.138766389588,3138.0483456800653,15.0,116.83198947648592,14308.219178082192,0,1,0,0,0,0
646,22.9731,22695.79504403622,-659.6383232550305,5.0,2.43,3.0,-15153.93716397014,15153.93716397014,3138.0483456800653,15.0,116.83198947648592,14308.219178082192,0,1,0,0,0,0
647,21.2288,23846.40217128997,-659.6383232550305,5.0,2.43,3.0,-14003.330036716392,14003.330036716392,3138.0483456800653,15.0,116.83198947648592,14308.219178082192,0,1,0,0,0,0
648,21.4545,23697.52180173131,-659.6383232550305,5.0,2.43,3.0,-14152.210406275051,14152.210406275051,3138.0483456800653,15.0,116.83198947648592,14308.219178082192,0,1,0,0,0,0
649,21.8486,23437.5583385365,-659.6383232550305,5.0,2.43,3.0,-14412.17386946986,14412.17386946986,3138.0483456800653,15.0,116.83198947648592,14308.219178082192,0,1,0,0,0,0
650,22.317,23128.583747923847,-659.6383232550305,5.0,2.43,3.0,-14721.148460082517,14721.148460082517,3138.0483456800653,15.0,116.83198947648592,14308.219178082192,0,1,0,0,0,0
651,22.3501,23106.7497194241,-659.6383232550305,5.0,2.43,3.0,-14742.982488582258,14742.982488582258,3138.0483456800653,15.0,116.83198947648592,14308.219178082192,0,1,0,0,0,0
652,22.7486,22843.883847606972,-659.6383232550305,5.0,2.43,3.0,-15005.848360399386,15005.848360399386,3138.0483456800653,15.0,116.83198947648592,14308.219178082192,0,1,0,0,0,0
653,26.6282,20284.751008706757,-659.6383232550305,5.0,2.43,3.0,-17564.981199299604,17564.981199299604,3138.0483456800653,15.0,116.83198947648592,14308.219178082192,0,1,0,0,0,0
654,36.4703,13792.524667398418,-659.6383232550305,5.0,2.43,3.0,-24057.207540607942,24057.207540607942,3138.0483456800653,15.0,116.83198947648592,14308.219178082192,0,1,0,0,0,0
655,33.4027,15816.031187815552,-659.6383232550305,5.0,2.43,3.0,-22033.70102019081,22033.70102019081,3138.0483456800653,15.0,116.83198947648592,14308.219178082192,0,1,0,0,0,0
656,29.6643,18282.02309547216,-659.6383232550305,5.0,2.43,3.0,-19567.7091125342,19567.7091125342,3138.0483456800653,15.0,116.83198947648592,14308.219178082192,0,1,0,0,0,0
657,28.8679,18807.359056112466,-659.6383232550305,5.0,2.43,3.0,-19042.373151893895,19042.373151893895,3138.0483456800653,15.0,116.83198947648592,14308.219178082192,0,1,0,0,0,0
658,27.137,19949.1270298346,-659.6383232550305,5.0,2.43,3.0,-17900.605178171765,17900.605178171765,3138.0483456800653,15.0,116.83198947648592,14308.219178082192,0,1,0,0,0,0
659,26.9661,20061.859219278882,-659.6383232550305,5.0,2.43,3.0,-17787.87298872748,17787.87298872748,3138.0483456800653,15.0,116.83198947648592,14308.219178082192,0,1,0,0,0,0
660,81.0772,29548.89074426902,650.0,0,2.43,3.0,52700.18,-52700.18,15071.972825128516,0,556.8949724310688,14308.219178082192,1,0,0,0,0,0
661,24.1645,21909.901945710175,-659.6383232550305,5.0,2.43,3.0,-15939.830262296186,15939.830262296186,3138.0483456800653,15.0,116.83198947648592,14308.219178082192,0,1,0,0,0,0
662,23.4691,22368.614435701726,-659.6383232550305,5.0,2.43,3.0,-15481.117772304637,15481.117772304637,3138.0483456800653,15.0,116.83198947648592,14308.219178082192,0,1,0,0,0,0
663,23.3719,22432.731280722113,-659.6383232550305,5.0,2.43,3.0,-15417.000927284247,15417.000927284247,3138.0483456800653,15.0,116.83198947648592,14308.219178082192,0,1,0,0,0,0
664,25.4846,21039.11339518121,-659.6383232550305,5.0,2.43,3.0,-16810.618812825152,16810.618812825152,3138.0483456800653,15.0,116.83198947648592,14308.219178082192,0,1,0,0,0,0
665,55.0384,12623.670744269022,650.0,0,2.43,3.0,35774.96,-35774.96,15071.972825128516,0,556.8949724310688,14308.219178082192,1,0,0,0,0,0
666,54.7195,12416.385744269019,650.0,0,2.43,3.0,35567.674999999996,-35567.674999999996,15071.972825128516,0,556.8949724310688,14308.219178082192,1,0,0,0,0,0
667,30.0071,18055.899078260336,-659.6383232550305,5.0,2.43,3.0,-19793.833129746028,19793.833129746028,3138.0483456800653,15.0,116.83198947648592,14308.219178082192,0,1,0,0,0,0
668,28.186,19257.16642874007,-659.6383232550305,5.0,2.43,3.0,-18592.56577926629,18592.56577926629,3138.0483456800653,15.0,116.83198947648592,14308.219178082192,0,1,0,0,0,0
669,24.859,21451.78313020956,-659.6383232550305,5.0,2.43,3.0,-16397.949077796806,16397.949077796806,3138.0483456800653,15.0,116.83198947648592,14308.219178082192,0,1,0,0,0,0
670,24.8259,21473.617158709298,-659.6383232550305,5.0,2.43,3.0,-16376.115049297063,16376.115049297063,3138.0483456800653,15.0,116.83198947648592,14308.219178082192,0,1,0,0,0,0
671,22.488,23015.785594647234,-659.6383232550305,5.0,2.43,3.0,-14833.946613359127,14833.946613359127,3138.0483456800653,15.0,116.83198947648592,14308.219178082192,0,1,0,0,0,0
672,24.2132,21877.777559367656,-659.6383232550305,5.0,2.43,3.0,-15971.954648638704,15971.954648638704,3138.0483456800653,15.0,116.83198947648592,14308.219178082192,0,1,0,0,0,0
673,23.9563,22047.238644611876,-659.6383232550305,5.0,2.43,3.0,-15802.493563394486,15802.493563394486,3138.0483456800653,15.0,116.83198947648592,14308.219178082192,0,1,0,0,0,0
674,23.6676,22237.6762285356,-659.6383232550305,5.0,2.43,3.0,-15612.05597947076,15612.05597947076,3138.0483456800653,15.0,116.83198947648592,14308.219178082192,0,1,0,0,0,0
675,23.7463,22185.76269249543,-659.6383232550305,5.0,2.43,3.0,-15663.969515510933,15663.969515510933,3138.0483456800653,15.0,116.83198947648592,14308.219178082192,0,1,0,0,0,0
676,24.1593,21913.3320649911,-659.6383232550305,5.0,2.43,3.0,-15936.40014301526,15936.40014301526,3138.0483456800653,15.0,116.83198947648592,14308.219178082192,0,1,0,0,0,0
677,29.713,18249.898709129637,-659.6383232550305,5.0,2.43,3.0,-19599.833498876724,19599.833498876724,3138.0483456800653,15.0,116.83198947648592,14308.219178082192,0,1,0,0,0,0
678,33.0933,16020.123285030659,-659.6383232550305,5.0,2.43,3.0,-21829.6089229757,21829.6089229757,3138.0483456800653,15.0,116.83198947648592,14308.219178082192,0,1,0,0,0,0
679,35.4094,14492.334964539685,-659.6383232550305,5.0,2.43,3.0,-23357.397243466676,23357.397243466676,3138.0483456800653,15.0,116.83198947648592,14308.219178082192,0,1,0,0,0,0
680,29.2205,18574.77058333274,-659.6383232550305,5.0,2.43,3.0,-19274.96162467362,19274.96162467362,3138.0483456800653,15.0,116.83198947648592,14308.219178082192,0,1,0,0,0,0
681,28.572,19002.54603596363,-659.6383232550305,5.0,2.43,3.0,-18847.18617204273,18847.18617204273,3138.0483456800653,15.0,116.83198947648592,14308.219178082192,0,1,0,0,0,0
682,30.0774,18009.526504135505,-659.6383232550305,5.0,2.43,3.0,-19840.205703870855,19840.205703870855,3138.0483456800653,15.0,116.83198947648592,14308.219178082192,0,1,0,0,0,0
683,28.7318,18897.135831907475,-659.6383232550305,5.0,2.43,3.0,-18952.596376098885,18952.596376098885,3138.0483456800653,15.0,116.83198947648592,14308.219178082192,0,1,0,0,0,0
684,28.4825,19061.583665894952,-659.6383232550305,5.0,2.43,3.0,-18788.14854211141,18788.14854211141,3138.0483456800653,15.0,116.83198947648592,14308.219178082192,0,1,0,0,0,0
685,28.6576,18946.080995492997,-659.6383232550305,5.0,2.43,3.0,-18903.651212513363,18903.651212513363,3138.0483456800653,15.0,116.83198947648592,14308.219178082192,0,1,0,0,0,0
686,28.1882,19255.71522442891,-659.6383232550305,5.0,2.43,3.0,-18594.01698357745,18594.01698357745,3138.0483456800653,15.0,116.83198947648592,14308.219178082192,0,1,0,0,0,0
687,28.5645,19007.493323388044,-659.6383232550305,5.0,2.43,3.0,-18842.238884618317,18842.238884618317,3138.0483456800653,15.0,116.83198947648592,14308.219178082192,0,1,0,0,0,0
688,28.683,18929.32618208232,-659.6383232550305,5.0,2.43,3.0,-18920.40602592404,18920.40602592404,3138.0483456800653,15.0,116.83198947648592,14308.219178082192,0,1,0,0,0,0
689,29.3087,18516.590483221647,-659.6383232550305,5.0,2.43,3.0,-19333.141724784713,19333.141724784713,3138.0483456800653,15.0,116.83198947648592,14308.219178082192,0,1,0,0,0,0
690,31.0053,17397.448103987164,-659.6383232550305,5.0,2.43,3.0,-20452.284104019196,20452.284104019196,3138.0483456800653,15.0,116.83198947648592,14308.219178082192,0,1,0,0,0,0
691,31.031,17380.495399079507,-659.6383232550305,5.0,2.43,3.0,-20469.23680892685,20469.23680892685,3138.0483456800653,15.0,116.83198947648592,14308.219178082192,0,1,0,0,0,0
692,30.1863,17937.691890733033,-659.6383232550305,5.0,2.43,3.0,-19912.040317273328,19912.040317273328,3138.0483456800653,15.0,116.83198947648592,14308.219178082192,0,1,0,0,0,0
693,29.5143,18380.968843960414,-659.6383232550305,5.0,2.43,3.0,-19468.763364045946,19468.763364045946,3138.0483456800653,15.0,116.83198947648592,14308.219178082192,0,1,0,0,0,0
694,25.932,20743.99120935691,-659.6383232550305,5.0,2.43,3.0,-17105.74099864945,17105.74099864945,3138.0483456800653,15.0,116.83198947648592,14308.219178082192,0,1,0,0,0,0
695,23.693,22220.92141512492,-659.6383232550305,5.0,2.43,3.0,-15628.810792881439,15628.810792881439,3138.0483456800653,15.0,116.83198947648592,14308.219178082192,0,1,0,0,0,0
696,23.822,22135.828071425025,-659.6383232550305,5.0,2.43,3.0,-15713.904136581335,15713.904136581335,3138.0483456800653,15.0,116.83198947648592,14308.219178082192,0,1,0,0,0,0
697,24.4606,21714.583038194363,-659.6383232550305,5.0,2.43,3.0,-16135.149169811999,16135.149169811999,3138.0483456800653,15.0,116.83198947648592,14308.219178082192,0,1,0,0,0,0
698,24.3111,21813.19896752099,-659.6383232550305,5.0,2.43,3.0,-16036.533240485373,16036.533240485373,3138.0483456800653,15.0,116.83198947648592,14308.219178082192,0,1,0,0,0,0
699,24.6806,21569.462607078254,-659.6383232550305,5.0,2.43,3.0,-16280.269600928104,16280.269600928104,3138.0483456800653,15.0,116.83198947648592,14308.219178082192,0,1,0,0,0,0
700,25.9549,20728.88549175437,-659.6383232550305,5.0,2.43,3.0,-17120.846716251992,17120.846716251992,3138.0483456800653,15.0,116.83198947648592,14308.219178082192,0,1,0,0,0,0
701,27.864,19469.569968828193,-659.6383232550305,5.0,2.43,3.0,-18380.16223917817,18380.16223917817,3138.0483456800653,15.0,116.83198947648592,14308.219178082192,0,1,0,0,0,0
702,34.834,14871.890855740628,-659.6383232550305,5.0,2.43,3.0,-22977.841352265736,22977.841352265736,3138.0483456800653,15.0,116.83198947648592,14308.219178082192,0,1,0,0,0,0
703,39.8055,11592.498931678241,-659.6383232550305,5.0,2.43,3.0,-26257.23327632812,26257.23327632812,3138.0483456800653,15.0,116.83198947648592,14308.219178082192,0,1,0,0,0,0
704,32.8346,16190.771719256736,-659.6383232550305,5.0,2.43,3.0,-21658.960488749624,21658.960488749624,3138.0483456800653,15.0,116.83198947648592,14308.219178082192,0,1,0,0,0,0
705,30.6786,17612.951944194585,-659.6383232550305,5.0,2.43,3.0,-20236.78026381178,20236.78026381178,3138.0483456800653,15.0,116.83198947648592,14308.219178082192,0,1,0,0,0,0
706,55.4846,12913.700744269021,650.0,0,2.43,3.0,36064.99,-36064.99,15071.972825128516,0,556.8949724310688,14308.219178082192,1,0,0,0,0,0
707,41.7213,10328.76383198626,-659.6383232550305,5.0,2.43,3.0,-27520.968376020104,27520.968376020104,3138.0483456800653,15.0,116.83198947648592,14308.219178082192,0,1,0,0,0,0
708,53.596,11686.110744269017,650.0,0,2.43,3.0,34837.399999999994,-34837.399999999994,15071.972825128516,0,556.8949724310688,14308.219178082192,1,0,0,0,0,0
709,46.2298,7354.784451590953,-659.6383232550305,5.0,2.43,3.0,-30494.947756415408,30494.947756415408,3138.0483456800653,15.0,116.83198947648592,14308.219178082192,0,1,0,0,0,0
710,35.416,14487.981351606202,-659.6383232550305,5.0,2.43,3.0,-23361.75085640016,23361.75085640016,3138.0483456800653,15.0,116.83198947648592,14308.219178082192,0,1,0,0,0,0
711,34.462,15117.2763119915,-659.6383232550305,5.0,2.43,3.0,-22732.455896014864,22732.455896014864,3138.0483456800653,15.0,116.83198947648592,14308.219178082192,0,1,0,0,0,0
712,45.4218,7887.772216781017,-659.6383232550305,5.0,2.43,3.0,-29961.959991225343,29961.959991225343,3138.0483456800653,15.0,116.83198947648592,14308.219178082192,0,1,0,0,0,0
713,93.9569,37920.69574426903,650.0,0,2.43,3.0,61071.985,-61071.985,15071.972825128516,0,556.8949724310688,14308.219178082192,1,0,0,0,0,0
714,160.9758,81482.98074426902,650.0,0,2.43,3.0,104634.26999999999,-104634.26999999999,15071.972825128516,0,556.8949724310688,14308.219178082192,1,0,0,0,0,0
715,112.0787,49699.86574426903,650.0,0,2.43,3.0,72851.155,-72851.155,15071.972825128516,0,556.8949724310688,14308.219178082192,1,0,0,0,0,0
716,84.7835,31957.985744269023,650.0,0,2.43,3.0,55109.275,-55109.275,15071.972825128516,0,556.8949724310688,14308.219178082192,1,0,0,0,0,0
717,85.3405,32320.035744269026,650.0,0,2.43,3.0,55471.325000000004,-55471.325000000004,15071.972825128516,0,556.8949724310688,14308.219178082192,1,0,0,0,0,0
718,51.4959,10321.045744269022,650.0,0,2.43,3.0,33472.335,-33472.335,15071.972825128516,0,556.8949724310688,14308.219178082192,1,0,0,0,0,0
719,49.6298,9108.080744269026,650.0,0,2.43,3.0,32259.370000000003,-32259.370000000003,15071.972825128516,0,556.8949724310688,14308.219178082192,1,0,0,0,0,0
720,54.2525,12112.835744269023,650.0,0,2.43,3.0,35264.125,-35264.125,15071.972825128516,0,556.8949724310688,14308.219178082192,1,0,0,0,0,0
721,139.6264,67605.87074426902,650.0,0,2.43,3.0,90757.15999999999,-90757.15999999999,15071.972825128516,0,556.8949724310688,14308.219178082192,1,0,0,0,0,0
722,43.1366,9395.177713083409,-659.6383232550305,5.0,2.43,3.0,-28454.55449492295,28454.55449492295,3138.0483456800653,15.0,116.83198947648592,14308.219178082192,0,1,0,0,0,0
723,39.4328,11838.346134755393,-659.6383232550305,5.0,2.43,3.0,-26011.386073250967,26011.386073250967,3138.0483456800653,15.0,116.83198947648592,14308.219178082192,0,1,0,0,0,0
724,37.0598,13403.66787583958,-659.6383232550305,5.0,2.43,3.0,-24446.06433216678,24446.06433216678,3138.0483456800653,15.0,116.83198947648592,14308.219178082192,0,1,0,0,0,0
725,38.8048,12252.59900175955,-659.6383232550305,5.0,2.43,3.0,-25597.13320624681,25597.13320624681,3138.0483456800653,15.0,116.83198947648592,14308.219178082192,0,1,0,0,0,0
726,63.2031,17930.72574426902,650.0,0,2.43,3.0,41082.015,-41082.015,15071.972825128516,0,556.8949724310688,14308.219178082192,1,0,0,0,0,0
727,86.6288,33157.43074426903,650.0,0,2.43,3.0,56308.72,-56308.72,15071.972825128516,0,556.8949724310688,14308.219178082192,1,0,0,0,0,0
728,47.6926,7848.900744269023,650.0,0,2.43,3.0,31000.19,-31000.19,15071.972825128516,0,556.8949724310688,14308.219178082192,1,0,0,0,0,0
729,73.6716,24735.250744269022,650.0,0,2.43,3.0,47886.54,-47886.54,15071.972825128516,0,556.8949724310688,14308.219178082192,1,0,0,0,0,0
730,82.7292,30622.690744269024,650.0,0,2.43,3.0,53773.98,-53773.98,15071.972825128516,0,556.8949724310688,14308.219178082192,1,0,0,0,0,0
731,59.2632,15369.790744269025,650.0,0,2.43,3.0,38521.08,-38521.08,15071.972825128516,0,556.8949724310688,14308.219178082192,1,0,0,0,0,0
732,52.174,10761.810744269022,650.0,0,2.43,3.0,33913.1,-33913.1,15071.972825128516,0,556.8949724310688,14308.219178082192,1,0,0,0,0,0
733,34.7518,14926.11312591219,-659.6383232550305,5.0,2.43,3.0,-22923.61908209417,22923.61908209417,3138.0483456800653,15.0,116.83198947648592,14308.219178082192,0,1,0,0,0,0
734,36.6405,13680.254224780412,-659.6383232550305,5.0,2.43,3.0,-24169.47798322595,24169.47798322595,3138.0483456800653,15.0,116.83198947648592,14308.219178082192,0,1,0,0,0,0
735,41.7604,10302.971973546984,-659.6383232550305,5.0,2.43,3.0,-27546.760234459376,27546.760234459376,3138.0483456800653,15.0,116.83198947648592,14308.219178082192,0,1,0,0,0,0
736,34.0409,15395.050009914194,-659.6383232550305,5.0,2.43,3.0,-22454.682198092167,22454.682198092167,3138.0483456800653,15.0,116.83198947648592,14308.219178082192,0,1,0,0,0,0
737,55.0815,12651.685744269022,650.0,0,2.43,3.0,35802.975,-35802.975,15071.972825128516,0,556.8949724310688,14308.219178082192,1,0,0,0,0,0
738,52.3525,10877.835744269023,650.0,0,2.43,3.0,34029.125,-34029.125,15071.972825128516,0,556.8949724310688,14308.219178082192,1,0,0,0,0,0
739,49.2112,8835.990744269022,650.0,0,2.43,3.0,31987.28,-31987.28,15071.972825128516,0,556.8949724310688,14308.219178082192,1,0,0,0,0,0
740,52.541,11000.360744269025,650.0,0,2.43,3.0,34151.65,-34151.65,15071.972825128516,0,556.8949724310688,14308.219178082192,1,0,0,0,0,0
741,69.9755,22332.78574426902,650.0,0,2.43,3.0,45484.075,-45484.075,15071.972825128516,0,556.8949724310688,14308.219178082192,1,0,0,0,0,0
742,37.137,13352.743797284293,-659.6383232550305,5.0,2.43,3.0,-24496.988410722068,24496.988410722068,3138.0483456800653,15.0,116.83198947648592,14308.219178082192,0,1,0,0,0,0
743,38.9212,12175.817100932669,-659.6383232550305,5.0,2.43,3.0,-25673.91510707369,25673.91510707369,3138.0483456800653,15.0,116.83198947648592,14308.219178082192,0,1,0,0,0,0
744,46.383,7253.72786046828,-659.6383232550305,5.0,2.43,3.0,-30596.00434753808,30596.00434753808,3138.0483456800653,15.0,116.83198947648592,14308.219178082192,0,1,0,0,0,0
745,42.6165,9738.255605008355,-659.6383232550305,5.0,2.43,3.0,-28111.47660299801,28111.47660299801,3138.0483456800653,15.0,116.83198947648592,14308.219178082192,0,1,0,0,0,0
746,39.4512,11826.208789607503,-659.6383232550305,5.0,2.43,3.0,-26023.52341839886,26023.52341839886,3138.0483456800653,15.0,116.83198947648592,14308.219178082192,0,1,0,0,0,0
747,39.4075,11855.034984333746,-659.6383232550305,5.0,2.43,3.0,-25994.697223672614,25994.697223672614,3138.0483456800653,15.0,116.83198947648592,14308.219178082192,0,1,0,0,0,0
748,39.9839,11474.819454809545,-659.6383232550305,5.0,2.43,3.0,-26374.912753196815,26374.912753196815,3138.0483456800653,15.0,116.83198947648592,14308.219178082192,0,1,0,0,0,0
749,41.7572,10305.082816181402,-659.6383232550305,5.0,2.43,3.0,-27544.649391824958,27544.649391824958,3138.0483456800653,15.0,116.83198947648592,14308.219178082192,0,1,0,0,0,0
750,44.3366,8603.611725177376,-659.6383232550305,5.0,2.43,3.0,-29246.120482828985,29246.120482828985,3138.0483456800653,15.0,116.83198947648592,14308.219178082192,0,1,0,0,0,0
751,53.8177,11830.215744269028,650.0,0,2.43,3.0,34981.505000000005,-34981.505000000005,15071.972825128516,0,556.8949724310688,14308.219178082192,1,0,0,0,0,0
752,50.5322,9694.640744269023,650.0,0,2.43,3.0,32845.93,-32845.93,15071.972825128516,0,556.8949724310688,14308.219178082192,1,0,0,0,0,0
753,80.2485,29010.235744269023,650.0,0,2.43,3.0,52161.525,-52161.525,15071.972825128516,0,556.8949724310688,14308.219178082192,1,0,0,0,0,0
754,49.7936,9214.550744269023,650.0,0,2.43,3.0,32365.84,-32365.84,15071.972825128516,0,556.8949724310688,14308.219178082192,1,0,0,0,0,0
755,57.0904,13957.470744269025,650.0,0,2.43,3.0,37108.76,-37108.76,15071.972825128516,0,556.8949724310688,14308.219178082192,1,0,0,0,0,0
756,61.4038,16761.180744269022,650.0,0,2.43,3.0,39912.47,-39912.47,15071.972825128516,0,556.8949724310688,14308.219178082192,1,0,0,0,0,0
757,47.0431,7426.725744269027,650.0,0,2.43,3.0,30578.015000000003,-30578.015000000003,15071.972825128516,0,556.8949724310688,14308.219178082192,1,0,0,0,0,0
758,45.7445,7674.906929866618,-659.6383232550305,5.0,2.43,3.0,-30174.825278139746,30174.825278139746,3138.0483456800653,15.0,116.83198947648592,14308.219178082192,0,1,0,0,0,0
759,35.5742,14383.626568867254,-659.6383232550305,5.0,2.43,3.0,-23466.105639139107,23466.105639139107,3138.0483456800653,15.0,116.83198947648592,14308.219178082192,0,1,0,0,0,0
760,41.273,10624.479692301484,-659.6383232550305,5.0,2.43,3.0,-27225.252515704877,27225.252515704877,3138.0483456800653,15.0,116.83198947648592,14308.219178082192,0,1,0,0,0,0
761,50.2854,9534.220744269025,650.0,0,2.43,3.0,32685.510000000002,-32685.510000000002,15071.972825128516,0,556.8949724310688,14308.219178082192,1,0,0,0,0,0
762,39.7205,11648.568189154921,-659.6383232550305,5.0,2.43,3.0,-26201.16401885144,26201.16401885144,3138.0483456800653,15.0,116.83198947648592,14308.219178082192,0,1,0,0,0,0
763,44.4879,8503.808446868887,-659.6383232550305,5.0,2.43,3.0,-29345.923761137474,29345.923761137474,3138.0483456800653,15.0,116.83198947648592,14308.219178082192,0,1,0,0,0,0
764,45.5119,7828.338803855739,-659.6383232550305,5.0,2.43,3.0,-30021.39340415062,30021.39340415062,3138.0483456800653,15.0,116.83198947648592,14308.219178082192,0,1,0,0,0,0
765,46.6088,7144.430744269025,650.0,0,2.43,3.0,30295.72,-30295.72,15071.972825128516,0,556.8949724310688,14308.219178082192,1,0,0,0,0,0
766,35.1834,14641.413225595323,-659.6383232550305,5.0,2.43,3.0,-23208.31898241104,23208.31898241104,3138.0483456800653,15.0,116.83198947648592,14308.219178082192,0,1,0,0,0,0
767,29.8136,18183.53909381018,-659.6383232550305,5.0,2.43,3.0,-19666.19311419618,19666.19311419618,3138.0483456800653,15.0,116.83198947648592,14308.219178082192,0,1,0,0,0,0
768,37.3741,13196.343550840524,-659.6383232550305,5.0,2.43,3.0,-24653.388657165837,24653.388657165837,3138.0483456800653,15.0,116.83198947648592,14308.219178082192,0,1,0,0,0,0
769,56.7442,13732.440744269019,650.0,0,2.43,3.0,36883.729999999996,-36883.729999999996,15071.972825128516,0,556.8949724310688,14308.219178082192,1,0,0,0,0,0
770,41.9173,10199.474720628274,-659.6383232550305,5.0,2.43,3.0,-27650.25748737809,27650.25748737809,3138.0483456800653,15.0,116.83198947648592,14308.219178082192,0,1,0,0,0,0
771,44.0292,8806.384545745972,-659.6383232550305,5.0,2.43,3.0,-29043.347662260392,29043.347662260392,3138.0483456800653,15.0,116.83198947648592,14308.219178082192,0,1,0,0,0,0
772,41.388,10548.62128512716,-659.6383232550305,5.0,2.43,3.0,-27301.1109228792,27301.1109228792,3138.0483456800653,15.0,116.83198947648592,14308.219178082192,0,1,0,0,0,0
773,100.6437,42267.11574426903,650.0,0,2.43,3.0,65418.405,-65418.405,15071.972825128516,0,556.8949724310688,14308.219178082192,1,0,0,0,0,0
774,40.8406,10909.707303276959,-659.6383232550305,5.0,2.43,3.0,-26940.024904729402,26940.024904729402,3138.0483456800653,15.0,116.83198947648592,14308.219178082192,0,1,0,0,0,0
775,65.8041,19621.375744269022,650.0,0,2.43,3.0,42772.665,-42772.665,15071.972825128516,0,556.8949724310688,14308.219178082192,1,0,0,0,0,0
776,48.0363,8072.3057442690215,650.0,0,2.43,3.0,31223.594999999998,-31223.594999999998,15071.972825128516,0,556.8949724310688,14308.219178082192,1,0,0,0,0,0
777,58.1558,14649.98074426902,650.0,0,2.43,3.0,37801.27,-37801.27,15071.972825128516,0,556.8949724310688,14308.219178082192,1,0,0,0,0,0
778,29.6245,18308.276700737708,-659.6383232550305,5.0,2.43,3.0,-19541.455507268653,19541.455507268653,3138.0483456800653,15.0,116.83198947648592,14308.219178082192,0,1,0,0,0,0
779,24.7683,21511.612326128787,-659.6383232550305,5.0,2.43,3.0,-16338.119881877572,16338.119881877572,3138.0483456800653,15.0,116.83198947648592,14308.219178082192,0,1,0,0,0,0
780,23.7277,22198.03196530797,-659.6383232550305,5.0,2.43,3.0,-15651.700242698387,15651.700242698387,3138.0483456800653,15.0,116.83198947648592,14308.219178082192,0,1,0,0,0,0
781,23.0375,22653.314336018593,-659.6383232550305,5.0,2.43,3.0,-15196.417871987767,15196.417871987767,3138.0483456800653,15.0,116.83198947648592,14308.219178082192,0,1,0,0,0,0
782,23.2466,22515.383962625965,-659.6383232550305,5.0,2.43,3.0,-15334.348245380394,15334.348245380394,3138.0483456800653,15.0,116.83198947648592,14308.219178082192,0,1,0,0,0,0
783,23.017,22666.83692164532,-659.6383232550305,5.0,2.43,3.0,-15182.895286361038,15182.895286361038,3138.0483456800653,15.0,116.83198947648592,14308.219178082192,0,1,0,0,0,0
784,22.7714,22828.844093836757,-659.6383232550305,5.0,2.43,3.0,-15020.888114169602,15020.888114169602,3138.0483456800653,15.0,116.83198947648592,14308.219178082192,0,1,0,0,0,0
785,34.7597,14920.901983158477,-659.6383232550305,5.0,2.43,3.0,-22928.830224847887,22928.830224847887,3138.0483456800653,15.0,116.83198947648592,14308.219178082192,0,1,0,0,0,0
786,45.9846,7516.527768453085,-659.6383232550305,5.0,2.43,3.0,-30333.204439553276,30333.204439553276,3138.0483456800653,15.0,116.83198947648592,14308.219178082192,0,1,0,0,0,0
787,28.1005,19313.565505378378,-659.6383232550305,5.0,2.43,3.0,-18536.166702627987,18536.166702627987,3138.0483456800653,15.0,116.83198947648592,14308.219178082192,0,1,0,0,0,0
788,26.0572,20661.40449128538,-659.6383232550305,5.0,2.43,3.0,-17188.32771672098,17188.32771672098,3138.0483456800653,15.0,116.83198947648592,14308.219178082192,0,1,0,0,0,0
789,23.9351,22061.22297706488,-659.6383232550305,5.0,2.43,3.0,-15788.50923094148,15788.50923094148,3138.0483456800653,15.0,116.83198947648592,14308.219178082192,0,1,0,0,0,0
790,28.5971,18985.989114049928,-659.6383232550305,5.0,2.43,3.0,-18863.743093956433,18863.743093956433,3138.0483456800653,15.0,116.83198947648592,14308.219178082192,0,1,0,0,0,0
791,20.8993,24063.7529988025,-659.6383232550305,5.0,2.43,3.0,-13785.979209203859,13785.979209203859,3138.0483456800653,15.0,116.83198947648592,14308.219178082192,0,1,0,0,0,0
792,21.8388,23444.0227941044,-659.6383232550305,5.0,2.43,3.0,-14405.70941390196,14405.70941390196,3138.0483456800653,15.0,116.83198947648592,14308.219178082192,0,1,0,0,0,0
793,21.5516,23633.470920543245,-659.6383232550305,5.0,2.43,3.0,-14216.261287463116,14216.261287463116,3138.0483456800653,15.0,116.83198947648592,14308.219178082192,0,1,0,0,0,0
794,21.6921,23540.791736125913,-659.6383232550305,5.0,2.43,3.0,-14308.940471880447,14308.940471880447,3138.0483456800653,15.0,116.83198947648592,14308.219178082192,0,1,0,0,0,0
795,21.6818,23547.58601085544,-659.6383232550305,5.0,2.43,3.0,-14302.14619715092,14302.14619715092,3138.0483456800653,15.0,116.83198947648592,14308.219178082192,0,1,0,0,0,0
796,21.9048,23400.486664769567,-659.6383232550305,5.0,2.43,3.0,-14449.245543236793,14449.245543236793,3138.0483456800653,15.0,116.83198947648592,14308.219178082192,0,1,0,0,0,0
797,22.3384,23114.467487806185,-659.6383232550305,5.0,2.43,3.0,-14735.264720200174,14735.264720200174,3138.0483456800653,15.0,116.83198947648592,14308.219178082192,0,1,0,0,0,0
798,23.5914,22287.940668767635,-659.6383232550305,5.0,2.43,3.0,-15561.791539238728,15561.791539238728,3138.0483456800653,15.0,116.83198947648592,14308.219178082192,0,1,0,0,0,0
799,23.3475,22448.826455809536,-659.6383232550305,5.0,2.43,3.0,-15400.905752196824,15400.905752196824,3138.0483456800653,15.0,116.83198947648592,14308.219178082192,0,1,0,0,0,0
800,23.6995,22216.633766023762,-659.6383232550305,5.0,2.43,3.0,-15633.098441982596,15633.098441982596,3138.0483456800653,15.0,116.83198947648592,14308.219178082192,0,1,0,0,0,0
801,22.3317,23118.887064571994,-659.6383232550305,5.0,2.43,3.0,-14730.845143434366,14730.845143434366,3138.0483456800653,15.0,116.83198947648592,14308.219178082192,0,1,0,0,0,0
802,21.3683,23754.382625195893,-659.6383232550305,5.0,2.43,3.0,-14095.34958281047,14095.34958281047,3138.0483456800653,15.0,116.83198947648592,14308.219178082192,0,1,0,0,0,0
803,20.8139,24120.08611160848,-659.6383232550305,5.0,2.43,3.0,-13729.64609639788,13729.64609639788,3138.0483456800653,15.0,116.83198947648592,14308.219178082192,0,1,0,0,0,0
804,20.2712,24478.071829638986,-659.6383232550305,5.0,2.43,3.0,-13371.660378367375,13371.660378367375,3138.0483456800653,15.0,116.83198947648592,14308.219178082192,0,1,0,0,0,0
805,19.8229,24773.787689954217,-659.6383232550305,5.0,2.43,3.0,-13075.944518052145,13075.944518052145,3138.0483456800653,15.0,116.83198947648592,14308.219178082192,0,1,0,0,0,0
806,19.6204,24907.36445041336,-659.6383232550305,5.0,2.43,3.0,-12942.367757593001,12942.367757593001,3138.0483456800653,15.0,116.83198947648592,14308.219178082192,0,1,0,0,0,0
807,19.6782,24869.23735532922,-659.6383232550305,5.0,2.43,3.0,-12980.494852677142,12980.494852677142,3138.0483456800653,15.0,116.83198947648592,14308.219178082192,0,1,0,0,0,0
808,19.6105,24913.894869813586,-659.6383232550305,5.0,2.43,3.0,-12935.837338192774,12935.837338192774,3138.0483456800653,15.0,116.83198947648592,14308.219178082192,0,1,0,0,0,0
809,23.2514,22512.217698674343,-659.6383232550305,5.0,2.43,3.0,-15337.514509332017,15337.514509332017,3138.0483456800653,15.0,116.83198947648592,14308.219178082192,0,1,0,0,0,0
810,24.6649,21579.81892875336,-659.6383232550305,5.0,2.43,3.0,-16269.913279253002,16269.913279253002,3138.0483456800653,15.0,116.83198947648592,14308.219178082192,0,1,0,0,0,0
811,20.7214,24181.102656509574,-659.6383232550305,5.0,2.43,3.0,-13668.629551496788,13668.629551496788,3138.0483456800653,15.0,116.83198947648592,14308.219178082192,0,1,0,0,0,0
812,21.869,23424.101716742098,-659.6383232550305,5.0,2.43,3.0,-14425.630491264263,14425.630491264263,3138.0483456800653,15.0,116.83198947648592,14308.219178082192,0,1,0,0,0,0
813,20.4334,24371.07849360702,-659.6383232550305,5.0,2.43,3.0,-13478.65371439934,13478.65371439934,3138.0483456800653,15.0,116.83198947648592,14308.219178082192,0,1,0,0,0,0
814,20.1235,24575.500409983753,-659.6383232550305,5.0,2.43,3.0,-13274.231798022607,13274.231798022607,3138.0483456800653,15.0,116.83198947648592,14308.219178082192,0,1,0,0,0,0
815,18.9777,25331.31400076937,-659.6383232550305,5.0,2.43,3.0,-12518.418207236991,12518.418207236991,3138.0483456800653,15.0,116.83198947648592,14308.219178082192,0,1,0,0,0,0
816,19.3687,25073.395416376654,-659.6383232550305,5.0,2.43,3.0,-12776.33679162971,12776.33679162971,3138.0483456800653,15.0,116.83198947648592,14308.219178082192,0,1,0,0,0,0
817,19.5648,24944.040341186337,-659.6383232550305,5.0,2.43,3.0,-12905.691866820021,12905.691866820021,3138.0483456800653,15.0,116.83198947648592,14308.219178082192,0,1,0,0,0,0
818,19.4754,25003.01200728534,-659.6383232550305,5.0,2.43,3.0,-12846.720200721022,12846.720200721022,3138.0483456800653,15.0,116.83198947648592,14308.219178082192,0,1,0,0,0,0
819,19.7233,24839.48766695042,-659.6383232550305,5.0,2.43,3.0,-13010.244541055943,13010.244541055943,3138.0483456800653,15.0,116.83198947648592,14308.219178082192,0,1,0,0,0,0
820,20.6679,24216.393306803715,-659.6383232550305,5.0,2.43,3.0,-13633.338901202646,13633.338901202646,3138.0483456800653,15.0,116.83198947648592,14308.219178082192,0,1,0,0,0,0
821,22.107,23267.107795807402,-659.6383232550305,5.0,2.43,3.0,-14582.624412198958,14582.624412198958,3138.0483456800653,15.0,116.83198947648592,14308.219178082192,0,1,0,0,0,0
822,35.8514,14200.774825660963,-659.6383232550305,5.0,2.43,3.0,-23648.9573823454,23648.9573823454,3138.0483456800653,15.0,116.83198947648592,14308.219178082192,0,1,0,0,0,0
823,30.7455,17568.82214036882,-659.6383232550305,5.0,2.43,3.0,-20280.910067637542,20280.910067637542,3138.0483456800653,15.0,116.83198947648592,14308.219178082192,0,1,0,0,0,0
824,23.8069,22145.788610106174,-659.6383232550305,5.0,2.43,3.0,-15703.943597900185,15703.943597900185,3138.0483456800653,15.0,116.83198947648592,14308.219178082192,0,1,0,0,0,0
825,22.692,22881.219376703208,-659.6383232550305,5.0,2.43,3.0,-14968.512831303153,14968.512831303153,3138.0483456800653,15.0,116.83198947648592,14308.219178082192,0,1,0,0,0,0
826,20.001,24656.306104582494,-659.6383232550305,5.0,2.43,3.0,-13193.426103423866,13193.426103423866,3138.0483456800653,15.0,116.83198947648592,14308.219178082192,0,1,0,0,0,0
827,19.9235,24707.428074634758,-659.6383232550305,5.0,2.43,3.0,-13142.304133371601,13142.304133371601,3138.0483456800653,15.0,116.83198947648592,14308.219178082192,0,1,0,0,0,0
828,20.1354,24567.65071393702,-659.6383232550305,5.0,2.43,3.0,-13282.081494069342,13282.081494069342,3138.0483456800653,15.0,116.83198947648592,14308.219178082192,0,1,0,0,0,0
829,20.3234,24443.638709165076,-659.6383232550305,5.0,2.43,3.0,-13406.093498841286,13406.093498841286,3138.0483456800653,15.0,116.83198947648592,14308.219178082192,0,1,0,0,0,0
830,19.7648,24812.112676535333,-659.6383232550305,5.0,2.43,3.0,-13037.619531471028,13037.619531471028,3138.0483456800653,15.0,116.83198947648592,14308.219178082192,0,1,0,0,0,0
831,19.752,24820.556047072998,-659.6383232550305,5.0,2.43,3.0,-13029.176160933363,13029.176160933363,3138.0483456800653,15.0,116.83198947648592,14308.219178082192,0,1,0,0,0,0
832,19.8804,24735.85848636705,-659.6383232550305,5.0,2.43,3.0,-13113.87372163931,13113.87372163931,3138.0483456800653,15.0,116.83198947648592,14308.219178082192,0,1,0,0,0,0
833,22.1048,23268.559000118563,-659.6383232550305,5.0,2.43,3.0,-14581.1732078878,14581.1732078878,3138.0483456800653,15.0,116.83198947648592,14308.219178082192,0,1,0,0,0,0
834,23.4672,22369.86774851591,-659.6383232550305,5.0,2.43,3.0,-15479.86445949045,15479.86445949045,3138.0483456800653,15.0,116.83198947648592,14308.219178082192,0,1,0,0,0,0
835,22.9688,22698.631488826213,-659.6383232550305,5.0,2.43,3.0,-15151.100719180145,15151.100719180145,3138.0483456800653,15.0,116.83198947648592,14308.219178082192,0,1,0,0,0,0
836,22.1581,23233.40027748907,-659.6383232550305,5.0,2.43,3.0,-14616.331930517292,14616.331930517292,3138.0483456800653,15.0,116.83198947648592,14308.219178082192,0,1,0,0,0,0
837,19.4369,25028.408082730657,-659.6383232550305,5.0,2.43,3.0,-12821.324125275703,12821.324125275703,3138.0483456800653,15.0,116.83198947648592,14308.219178082192,0,1,0,0,0,0
838,19.4388,25027.154769916473,-659.6383232550305,5.0,2.43,3.0,-12822.577438089887,12822.577438089887,3138.0483456800653,15.0,116.83198947648592,14308.219178082192,0,1,0,0,0,0
839,19.5978,24922.272276518925,-659.6383232550305,5.0,2.43,3.0,-12927.459931487436,12927.459931487436,3138.0483456800653,15.0,116.83198947648592,14308.219178082192,0,1,0,0,0,0
840,19.346,25088.36920631454,-659.6383232550305,5.0,2.43,3.0,-12761.36300169182,12761.36300169182,3138.0483456800653,15.0,116.83198947648592,14308.219178082192,0,1,0,0,0,0
841,19.3047,25115.61226906497,-659.6383232550305,5.0,2.43,3.0,-12734.119938941389,12734.119938941389,3138.0483456800653,15.0,116.83198947648592,14308.219178082192,0,1,0,0,0,0
842,19.3293,25099.385166312903,-659.6383232550305,5.0,2.43,3.0,-12750.347041693462,12750.347041693462,3138.0483456800653,15.0,116.83198947648592,14308.219178082192,0,1,0,0,0,0
843,19.6909,24860.85994862388,-659.6383232550305,5.0,2.43,3.0,-12988.87225938248,12988.87225938248,3138.0483456800653,15.0,116.83198947648592,14308.219178082192,0,1,0,0,0,0
844,19.9598,24683.483203500604,-659.6383232550305,5.0,2.43,3.0,-13166.249004505758,13166.249004505758,3138.0483456800653,15.0,116.83198947648592,14308.219178082192,0,1,0,0,0,0
845,23.4612,22373.825578455435,-659.6383232550305,5.0,2.43,3.0,-15475.906629550924,15475.906629550924,3138.0483456800653,15.0,116.83198947648592,14308.219178082192,0,1,0,0,0,0
846,27.02,20026.304713655438,-659.6383232550305,5.0,2.43,3.0,-17823.427494350923,17823.427494350923,3138.0483456800653,15.0,116.83198947648592,14308.219178082192,0,1,0,0,0,0
847,25.1667,21248.812418143985,-659.6383232550305,5.0,2.43,3.0,-16600.919789862375,16600.919789862375,3138.0483456800653,15.0,116.83198947648592,14308.219178082192,0,1,0,0,0,0
848,26.2824,20512.853940888348,-659.6383232550305,5.0,2.43,3.0,-17336.878267118012,17336.878267118012,3138.0483456800653,15.0,116.83198947648592,14308.219178082192,0,1,0,0,0,0
849,27.8125,19503.541342475823,-659.6383232550305,5.0,2.43,3.0,-18346.190865530538,18346.190865530538,3138.0483456800653,15.0,116.83198947648592,14308.219178082192,0,1,0,0,0,0
850,22.2438,23176.869273186112,-659.6383232550305,5.0,2.43,3.0,-14672.862934820248,14672.862934820248,3138.0483456800653,15.0,116.83198947648592,14308.219178082192,0,1,0,0,0,0
851,21.7344,23512.889035052227,-659.6383232550305,5.0,2.43,3.0,-14336.843172954135,14336.843172954135,3138.0483456800653,15.0,116.83198947648592,14308.219178082192,0,1,0,0,0,0
852,22.3687,23094.48044661156,-659.6383232550305,5.0,2.43,3.0,-14755.251761394802,14755.251761394802,3138.0483456800653,15.0,116.83198947648592,14308.219178082192,0,1,0,0,0,0
853,21.0923,23936.44280241428,-659.6383232550305,5.0,2.43,3.0,-13913.28940559208,13913.28940559208,3138.0483456800653,15.0,116.83198947648592,14308.219178082192,0,1,0,0,0,0
854,21.0936,23935.58527259405,-659.6383232550305,5.0,2.43,3.0,-13914.146935412311,13914.146935412311,3138.0483456800653,15.0,116.83198947648592,14308.219178082192,0,1,0,0,0,0
855,20.0019,24655.712430091568,-659.6383232550305,5.0,2.43,3.0,-13194.019777914795,13194.019777914795,3138.0483456800653,15.0,116.83198947648592,14308.219178082192,0,1,0,0,0,0
856,20.3518,24424.90498078463,-659.6383232550305,5.0,2.43,3.0,-13424.827227221731,13424.827227221731,3138.0483456800653,15.0,116.83198947648592,14308.219178082192,0,1,0,0,0,0
857,22.5356,22984.386810460295,-659.6383232550305,5.0,2.43,3.0,-14865.345397546065,14865.345397546065,3138.0483456800653,15.0,116.83198947648592,14308.219178082192,0,1,0,0,0,0
858,24.6747,21573.354473185456,-659.6383232550305,5.0,2.43,3.0,-16276.377734820902,16276.377734820902,3138.0483456800653,15.0,116.83198947648592,14308.219178082192,0,1,0,0,0,0
859,26.7829,20182.704960099203,-659.6383232550305,5.0,2.43,3.0,-17667.027247907157,17667.027247907157,3138.0483456800653,15.0,116.83198947648592,14308.219178082192,0,1,0,0,0,0
860,23.4139,22405.0264711454,-659.6383232550305,5.0,2.43,3.0,-15444.70573686096,15444.70573686096,3138.0483456800653,15.0,116.83198947648592,14308.219178082192,0,1,0,0,0,0
861,20.1499,24558.085958249823,-659.6383232550305,5.0,2.43,3.0,-13291.646249756539,13291.646249756539,3138.0483456800653,15.0,116.83198947648592,14308.219178082192,0,1,0,0,0,0
862,20.5997,24261.380640449708,-659.6383232550305,5.0,2.43,3.0,-13588.35156755665,13588.35156755665,3138.0483456800653,15.0,116.83198947648592,14308.219178082192,0,1,0,0,0,0
863,18.1984,25845.370146082016,-659.6383232550305,5.0,2.43,3.0,-12004.362061924347,12004.362061924347,3138.0483456800653,15.0,116.83198947648592,14308.219178082192,0,1,0,0,0,0
864,19.2702,25138.369791217272,-659.6383232550305,5.0,2.43,3.0,-12711.362416789088,12711.362416789088,3138.0483456800653,15.0,116.83198947648592,14308.219178082192,0,1,0,0,0,0
865,18.5122,25638.375640244583,-659.6383232550305,5.0,2.43,3.0,-12211.356567761775,12211.356567761775,3138.0483456800653,15.0,116.83198947648592,14308.219178082192,0,1,0,0,0,0
866,18.6836,25525.313631638674,-659.6383232550305,5.0,2.43,3.0,-12324.418576367687,12324.418576367687,3138.0483456800653,15.0,116.83198947648592,14308.219178082192,0,1,0,0,0,0
867,18.4127,25704.00965340846,-659.6383232550305,5.0,2.43,3.0,-12145.722554597902,12145.722554597902,3138.0483456800653,15.0,116.83198947648592,14308.219178082192,0,1,0,0,0,0
868,17.9864,25985.213470612078,-659.6383232550305,5.0,2.43,3.0,-11864.51873739428,11864.51873739428,3138.0483456800653,15.0,116.83198947648592,14308.219178082192,0,1,0,0,0,0
869,19.0818,25262.64565131852,-659.6383232550305,5.0,2.43,3.0,-12587.086556687842,12587.086556687842,3138.0483456800653,15.0,116.83198947648592,14308.219178082192,0,1,0,0,0,0
870,21.5567,23630.106765094646,-659.6383232550305,5.0,2.43,3.0,-14219.625442911716,14219.625442911716,3138.0483456800653,15.0,116.83198947648592,14308.219178082192,0,1,0,0,0,0
871,29.8338,18170.21439968043,-659.6383232550305,5.0,2.43,3.0,-19679.51780832593,19679.51780832593,3138.0483456800653,15.0,116.83198947648592,14308.219178082192,0,1,0,0,0,0
872,21.1941,23869.29162110692,-659.6383232550305,5.0,2.43,3.0,-13980.440586899442,13980.440586899442,3138.0483456800653,15.0,116.83198947648592,14308.219178082192,0,1,0,0,0,0
873,20.7434,24166.59061339796,-659.6383232550305,5.0,2.43,3.0,-13683.1415946084,13683.1415946084,3138.0483456800653,15.0,116.83198947648592,14308.219178082192,0,1,0,0,0,0
874,21.0707,23950.690990196592,-659.6383232550305,5.0,2.43,3.0,-13899.04121780977,13899.04121780977,3138.0483456800653,15.0,116.83198947648592,14308.219178082192,0,1,0,0,0,0
875,20.5628,24285.72129457782,-659.6383232550305,5.0,2.43,3.0,-13564.010913428541,13564.010913428541,3138.0483456800653,15.0,116.83198947648592,14308.219178082192,0,1,0,0,0,0
876,21.1339,23909.001848166874,-659.6383232550305,5.0,2.43,3.0,-13940.73035983949,13940.73035983949,3138.0483456800653,15.0,116.83198947648592,14308.219178082192,0,1,0,0,0,0
877,21.6774,23550.488419477762,-659.6383232550305,5.0,2.43,3.0,-14299.243788528598,14299.243788528598,3138.0483456800653,15.0,116.83198947648592,14308.219178082192,0,1,0,0,0,0
878,21.839,23443.89086643975,-659.6383232550305,5.0,2.43,3.0,-14405.841341566611,14405.841341566611,3138.0483456800653,15.0,116.83198947648592,14308.219178082192,0,1,0,0,0,0
879,22.9205,22730.492019839432,-659.6383232550305,5.0,2.43,3.0,-15119.240188166927,15119.240188166927,3138.0483456800653,15.0,116.83198947648592,14308.219178082192,0,1,0,0,0,0
880,23.5105,22341.305409118966,-659.6383232550305,5.0,2.43,3.0,-15508.426798887394,15508.426798887394,3138.0483456800653,15.0,116.83198947648592,14308.219178082192,0,1,0,0,0,0
881,37.1002,13377.018487580077,-659.6383232550305,5.0,2.43,3.0,-24472.713720426284,24472.713720426284,3138.0483456800653,15.0,116.83198947648592,14308.219178082192,0,1,0,0,0,0
882,29.4179,18444.5579783222,-659.6383232550305,5.0,2.43,3.0,-19405.174229684162,19405.174229684162,3138.0483456800653,15.0,116.83198947648592,14308.219178082192,0,1,0,0,0,0
883,33.6331,15664.050518137592,-659.6383232550305,5.0,2.43,3.0,-22185.681689868765,22185.681689868765,3138.0483456800653,15.0,116.83198947648592,14308.219178082192,0,1,0,0,0,0
884,23.1067,22607.667364049346,-659.6383232550305,5.0,2.43,3.0,-15242.064843957014,15242.064843957014,3138.0483456800653,15.0,116.83198947648592,14308.219178082192,0,1,0,0,0,0
885,22.6519,22907.670873465733,-659.6383232550305,5.0,2.43,3.0,-14942.061334540627,14942.061334540627,3138.0483456800653,15.0,116.83198947648592,14308.219178082192,0,1,0,0,0,0
886,20.028,24638.49586985461,-659.6383232550305,5.0,2.43,3.0,-13211.23633815175,13211.23633815175,3138.0483456800653,15.0,116.83198947648592,14308.219178082192,0,1,0,0,0,0
887,19.122,25236.12819072367,-659.6383232550305,5.0,2.43,3.0,-12613.604017282694,12613.604017282694,3138.0483456800653,15.0,116.83198947648592,14308.219178082192,0,1,0,0,0,0
888,19.2074,25179.79507791769,-659.6383232550305,5.0,2.43,3.0,-12669.937130088672,12669.937130088672,3138.0483456800653,15.0,116.83198947648592,14308.219178082192,0,1,0,0,0,0
889,19.2983,25119.833954333804,-659.6383232550305,5.0,2.43,3.0,-12729.898253672556,12729.898253672556,3138.0483456800653,15.0,116.83198947648592,14308.219178082192,0,1,0,0,0,0
890,19.2542,25148.92400438935,-659.6383232550305,5.0,2.43,3.0,-12700.808203617009,12700.808203617009,3138.0483456800653,15.0,116.83198947648592,14308.219178082192,0,1,0,0,0,0
891,19.1121,25242.658610123894,-659.6383232550305,5.0,2.43,3.0,-12607.07359788247,12607.07359788247,3138.0483456800653,15.0,116.83198947648592,14308.219178082192,0,1,0,0,0,0
892,19.5387,24961.256901423298,-659.6383232550305,5.0,2.43,3.0,-12888.475306583065,12888.475306583065,3138.0483456800653,15.0,116.83198947648592,14308.219178082192,0,1,0,0,0,0
893,19.8509,24755.317816903076,-659.6383232550305,5.0,2.43,3.0,-13094.414391103284,13094.414391103284,3138.0483456800653,15.0,116.83198947648592,14308.219178082192,0,1,0,0,0,0
894,39.996,11466.837831098157,-659.6383232550305,5.0,2.43,3.0,-26382.894376908203,26382.894376908203,3138.0483456800653,15.0,116.83198947648592,14308.219178082192,0,1,0,0,0,0
895,24.494,21692.551118197644,-659.6383232550305,5.0,2.43,3.0,-16157.181089808717,16157.181089808717,3138.0483456800653,15.0,116.83198947648592,14308.219178082192,0,1,0,0,0,0
896,24.3373,21795.916443451708,-659.6383232550305,5.0,2.43,3.0,-16053.815764554654,16053.815764554654,3138.0483456800653,15.0,116.83198947648592,14308.219178082192,0,1,0,0,0,0
897,25.641,20935.945961424124,-659.6383232550305,5.0,2.43,3.0,-16913.786246582236,16913.786246582236,3138.0483456800653,15.0,116.83198947648592,14308.219178082192,0,1,0,0,0,0
898,24.6108,21615.505362041455,-659.6383232550305,5.0,2.43,3.0,-16234.226845964906,16234.226845964906,3138.0483456800653,15.0,116.83198947648592,14308.219178082192,0,1,0,0,0,0
899,23.1971,22548.036059627095,-659.6383232550305,5.0,2.43,3.0,-15301.696148379267,15301.696148379267,3138.0483456800653,15.0,116.83198947648592,14308.219178082192,0,1,0,0,0,0
900,22.693,22880.559738379954,-659.6383232550305,5.0,2.43,3.0,-14969.172469626408,14969.172469626408,3138.0483456800653,15.0,116.83198947648592,14308.219178082192,0,1,0,0,0,0
901,22.0712,23290.72284777993,-659.6383232550305,5.0,2.43,3.0,-14559.00936022643,14559.00936022643,3138.0483456800653,15.0,116.83198947648592,14308.219178082192,0,1,0,0,0,0
902,22.4762,23023.569326861645,-659.6383232550305,5.0,2.43,3.0,-14826.162881144715,14826.162881144715,3138.0483456800653,15.0,116.83198947648592,14308.219178082192,0,1,0,0,0,0
903,22.0928,23276.47465999762,-659.6383232550305,5.0,2.43,3.0,-14573.257548008738,14573.257548008738,3138.0483456800653,15.0,116.83198947648592,14308.219178082192,0,1,0,0,0,0
904,24.1684,21907.32935624948,-659.6383232550305,5.0,2.43,3.0,-15942.402851756879,15942.402851756879,3138.0483456800653,15.0,116.83198947648592,14308.219178082192,0,1,0,0,0,0
905,37.0894,13384.142581471235,-659.6383232550305,5.0,2.43,3.0,-24465.589626535126,24465.589626535126,3138.0483456800653,15.0,116.83198947648592,14308.219178082192,0,1,0,0,0,0
906,38.0292,12764.214485276152,-659.6383232550305,5.0,2.43,3.0,-25085.51772273021,25085.51772273021,3138.0483456800653,15.0,116.83198947648592,14308.219178082192,0,1,0,0,0,0
907,24.7755,21506.86293020135,-659.6383232550305,5.0,2.43,3.0,-16342.86927780501,16342.86927780501,3138.0483456800653,15.0,116.83198947648592,14308.219178082192,0,1,0,0,0,0
908,22.5206,22994.28138530912,-659.6383232550305,5.0,2.43,3.0,-14855.450822697241,14855.450822697241,3138.0483456800653,15.0,116.83198947648592,14308.219178082192,0,1,0,0,0,0
909,22.0787,23285.77556035552,-659.6383232550305,5.0,2.43,3.0,-14563.956647650843,14563.956647650843,3138.0483456800653,15.0,116.83198947648592,14308.219178082192,0,1,0,0,0,0
910,20.3132,24450.367020062273,-659.6383232550305,5.0,2.43,3.0,-13399.365187944084,13399.365187944084,3138.0483456800653,15.0,116.83198947648592,14308.219178082192,0,1,0,0,0,0
911,18.0692,25930.595417446566,-659.6383232550305,5.0,2.43,3.0,-11919.136790559796,11919.136790559796,3138.0483456800653,15.0,116.83198947648592,14308.219178082192,0,1,0,0,0,0
912,18.3507,25744.907229450273,-659.6383232550305,5.0,2.43,3.0,-12104.824978556087,12104.824978556087,3138.0483456800653,15.0,116.83198947648592,14308.219178082192,0,1,0,0,0,0
913,18.2048,25841.14846081318,-659.6383232550305,5.0,2.43,3.0,-12008.583747193179,12008.583747193179,3138.0483456800653,15.0,116.83198947648592,14308.219178082192,0,1,0,0,0,0
914,17.9123,26034.09267036528,-659.6383232550305,5.0,2.43,3.0,-11815.639537641082,11815.639537641082,3138.0483456800653,15.0,116.83198947648592,14308.219178082192,0,1,0,0,0,0
915,17.8929,26046.889653836424,-659.6383232550305,5.0,2.43,3.0,-11802.842554169936,11802.842554169936,3138.0483456800653,15.0,116.83198947648592,14308.219178082192,0,1,0,0,0,0
916,18.6707,25533.82296600866,-659.6383232550305,5.0,2.43,3.0,-12315.909241997699,12315.909241997699,3138.0483456800653,15.0,116.83198947648592,14308.219178082192,0,1,0,0,0,0
917,19.6146,24911.190352688238,-659.6383232550305,5.0,2.43,3.0,-12938.54185531812,12938.54185531812,3138.0483456800653,15.0,116.83198947648592,14308.219178082192,0,1,0,0,0,0
918,30.852,17498.57065894216,-659.6383232550305,5.0,2.43,3.0,-20351.161549064203,20351.161549064203,3138.0483456800653,15.0,116.83198947648592,14308.219178082192,0,1,0,0,0,0
919,33.3489,15851.519729606676,-659.6383232550305,5.0,2.43,3.0,-21998.212478399688,21998.212478399688,3138.0483456800653,15.0,116.83198947648592,14308.219178082192,0,1,0,0,0,0
920,24.8478,21459.171079430012,-659.6383232550305,5.0,2.43,3.0,-16390.561128576348,16390.561128576348,3138.0483456800653,15.0,116.83198947648592,14308.219178082192,0,1,0,0,0,0
921,26.069,20653.62075907097,-659.6383232550305,5.0,2.43,3.0,-17196.11144893539,17196.11144893539,3138.0483456800653,15.0,116.83198947648592,14308.219178082192,0,1,0,0,0,0
922,28.255,19211.651384435474,-659.6383232550305,5.0,2.43,3.0,-18638.080823570886,18638.080823570886,3138.0483456800653,15.0,116.83198947648592,14308.219178082192,0,1,0,0,0,0
923,23.2866,22488.998429695766,-659.6383232550305,5.0,2.43,3.0,-15360.733778310594,15360.733778310594,3138.0483456800653,15.0,116.83198947648592,14308.219178082192,0,1,0,0,0,0
924,22.0638,23295.60417137202,-659.6383232550305,5.0,2.43,3.0,-14554.128036634342,14554.128036634342,3138.0483456800653,15.0,116.83198947648592,14308.219178082192,0,1,0,0,0,0
925,21.6896,23542.44083193405,-659.6383232550305,5.0,2.43,3.0,-14307.29137607231,14307.29137607231,3138.0483456800653,15.0,116.83198947648592,14308.219178082192,0,1,0,0,0,0
926,21.2707,23818.76332554558,-659.6383232550305,5.0,2.43,3.0,-14030.968882460778,14030.968882460778,3138.0483456800653,15.0,116.83198947648592,14308.219178082192,0,1,0,0,0,0
927,21.5028,23665.66127071809,-659.6383232550305,5.0,2.43,3.0,-14184.07093728827,14184.07093728827,3138.0483456800653,15.0,116.83198947648592,14308.219178082192,0,1,0,0,0,0
928,22.3951,23077.06599487763,-659.6383232550305,5.0,2.43,3.0,-14772.666213128734,14772.666213128734,3138.0483456800653,15.0,116.83198947648592,14308.219178082192,0,1,0,0,0,0
929,23.4009,22413.60176934772,-659.6383232550305,5.0,2.43,3.0,-15436.130438658643,15436.130438658643,3138.0483456800653,15.0,116.83198947648592,14308.219178082192,0,1,0,0,0,0
930,88.5031,34375.72574426903,650.0,0,2.43,3.0,57527.015,-57527.015,15071.972825128516,0,556.8949724310688,14308.219178082192,1,0,0,0,0,0
931,62.6856,17594.35074426902,650.0,0,2.43,3.0,40745.64,-40745.64,15071.972825128516,0,556.8949724310688,14308.219178082192,1,0,0,0,0,0
932,71.0486,23030.300744269018,650.0,0,2.43,3.0,46181.59,-46181.59,15071.972825128516,0,556.8949724310688,14308.219178082192,1,0,0,0,0,0
933,75.3968,25856.630744269027,650.0,0,2.43,3.0,49007.92,-49007.92,15071.972825128516,0,556.8949724310688,14308.219178082192,1,0,0,0,0,0
934,22.6335,22919.808218613627,-659.6383232550305,5.0,2.43,3.0,-14929.923989392733,14929.923989392733,3138.0483456800653,15.0,116.83198947648592,14308.219178082192,0,1,0,0,0,0
935,21.5367,23643.299531559744,-659.6383232550305,5.0,2.43,3.0,-14206.432676446615,14206.432676446615,3138.0483456800653,15.0,116.83198947648592,14308.219178082192,0,1,0,0,0,0
936,21.5861,23610.713398390948,-659.6383232550305,5.0,2.43,3.0,-14239.018809615412,14239.018809615412,3138.0483456800653,15.0,116.83198947648592,14308.219178082192,0,1,0,0,0,0
937,21.3749,23750.029012262406,-659.6383232550305,5.0,2.43,3.0,-14099.703195743952,14099.703195743952,3138.0483456800653,15.0,116.83198947648592,14308.219178082192,0,1,0,0,0,0
938,21.7153,23525.488127026398,-659.6383232550305,5.0,2.43,3.0,-14324.244080979963,14324.244080979963,3138.0483456800653,15.0,116.83198947648592,14308.219178082192,0,1,0,0,0,0
939,22.7698,22829.899515153968,-659.6383232550305,5.0,2.43,3.0,-15019.832692852393,15019.832692852393,3138.0483456800653,15.0,116.83198947648592,14308.219178082192,0,1,0,0,0,0
940,24.3443,21791.29897518892,-659.6383232550305,5.0,2.43,3.0,-16058.43323281744,16058.43323281744,3138.0483456800653,15.0,116.83198947648592,14308.219178082192,0,1,0,0,0,0
941,24.0475,21987.079629531014,-659.6383232550305,5.0,2.43,3.0,-15862.652578475347,15862.652578475347,3138.0483456800653,15.0,116.83198947648592,14308.219178082192,0,1,0,0,0,0
942,25.3219,21146.436550374805,-659.6383232550305,5.0,2.43,3.0,-16703.295657631556,16703.295657631556,3138.0483456800653,15.0,116.83198947648592,14308.219178082192,0,1,0,0,0,0
943,27.0745,19990.354425038036,-659.6383232550305,5.0,2.43,3.0,-17859.377782968324,17859.377782968324,3138.0483456800653,15.0,116.83198947648592,14308.219178082192,0,1,0,0,0,0
944,38.7212,12307.744765583673,-659.6383232550305,5.0,2.43,3.0,-25541.98744242269,25541.98744242269,3138.0483456800653,15.0,116.83198947648592,14308.219178082192,0,1,0,0,0,0
945,48.9185,8645.735744269025,650.0,0,2.43,3.0,31797.025,-31797.025,15071.972825128516,0,556.8949724310688,14308.219178082192,1,0,0,0,0,0
946,37.2669,13267.056779093466,-659.6383232550305,5.0,2.43,3.0,-24582.675428912895,24582.675428912895,3138.0483456800653,15.0,116.83198947648592,14308.219178082192,0,1,0,0,0,0
947,23.8651,22107.39765969273,-659.6383232550305,5.0,2.43,3.0,-15742.334548313629,15742.334548313629,3138.0483456800653,15.0,116.83198947648592,14308.219178082192,0,1,0,0,0,0
948,22.5095,23001.603370697252,-659.6383232550305,5.0,2.43,3.0,-14848.128837309108,14848.128837309108,3138.0483456800653,15.0,116.83198947648592,14308.219178082192,0,1,0,0,0,0
949,22.4972,23009.71692207329,-659.6383232550305,5.0,2.43,3.0,-14840.015285933072,14840.015285933072,3138.0483456800653,15.0,116.83198947648592,14308.219178082192,0,1,0,0,0,0
950,21.9139,23394.483956027947,-659.6383232550305,5.0,2.43,3.0,-14455.248251978413,14455.248251978413,3138.0483456800653,15.0,116.83198947648592,14308.219178082192,0,1,0,0,0,0
951,21.3905,23739.73865441963,-659.6383232550305,5.0,2.43,3.0,-14109.99355358673,14109.99355358673,3138.0483456800653,15.0,116.83198947648592,14308.219178082192,0,1,0,0,0,0
952,22.5027,23006.088911295385,-659.6383232550305,5.0,2.43,3.0,-14843.643296710976,14843.643296710976,3138.0483456800653,15.0,116.83198947648592,14308.219178082192,0,1,0,0,0,0
953,27.8907,19451.957625597282,-659.6383232550305,5.0,2.43,3.0,-18397.774582409078,18397.774582409078,3138.0483456800653,15.0,116.83198947648592,14308.219178082192,0,1,0,0,0,0
954,30.2514,17894.74943588913,-659.6383232550305,5.0,2.43,3.0,-19954.98277211723,19954.98277211723,3138.0483456800653,15.0,116.83198947648592,14308.219178082192,0,1,0,0,0,0
955,26.8191,20158.826052797373,-659.6383232550305,5.0,2.43,3.0,-17690.906155208988,17690.906155208988,3138.0483456800653,15.0,116.83198947648592,14308.219178082192,0,1,0,0,0,0
956,53.6738,11736.680744269024,650.0,0,2.43,3.0,34887.97,-34887.97,15071.972825128516,0,556.8949724310688,14308.219178082192,1,0,0,0,0,0
957,25.2708,21180.144068693135,-659.6383232550305,5.0,2.43,3.0,-16669.588139313226,16669.588139313226,3138.0483456800653,15.0,116.83198947648592,14308.219178082192,0,1,0,0,0,0
958,24.5622,21647.56378455165,-659.6383232550305,5.0,2.43,3.0,-16202.16842345471,16202.16842345471,3138.0483456800653,15.0,116.83198947648592,14308.219178082192,0,1,0,0,0,0
959,22.6753,22892.235336701568,-659.6383232550305,5.0,2.43,3.0,-14957.496871304793,14957.496871304793,3138.0483456800653,15.0,116.83198947648592,14308.219178082192,0,1,0,0,0,0
960,25.7998,20831.195395691222,-659.6383232550305,5.0,2.43,3.0,-17018.53681231514,17018.53681231514,3138.0483456800653,15.0,116.83198947648592,14308.219178082192,0,1,0,0,0,0
961,23.8733,22101.98862544204,-659.6383232550305,5.0,2.43,3.0,-15747.74358256432,15747.74358256432,3138.0483456800653,15.0,116.83198947648592,14308.219178082192,0,1,0,0,0,0
962,23.5697,22302.254820382266,-659.6383232550305,5.0,2.43,3.0,-15547.477387624092,15547.477387624092,3138.0483456800653,15.0,116.83198947648592,14308.219178082192,0,1,0,0,0,0
963,24.6333,21600.66349976822,-659.6383232550305,5.0,2.43,3.0,-16249.068708238143,16249.068708238143,3138.0483456800653,15.0,116.83198947648592,14308.219178082192,0,1,0,0,0,0
964,25.4013,21094.061267508354,-659.6383232550305,5.0,2.43,3.0,-16755.670940498007,16755.670940498007,3138.0483456800653,15.0,116.83198947648592,14308.219178082192,0,1,0,0,0,0
965,24.9161,21414.117781951692,-659.6383232550305,5.0,2.43,3.0,-16435.614426054664,16435.614426054664,3138.0483456800653,15.0,116.83198947648592,14308.219178082192,0,1,0,0,0,0
966,26.9711,20058.56102766261,-659.6383232550305,5.0,2.43,3.0,-17791.171180343754,17791.171180343754,3138.0483456800653,15.0,116.83198947648592,14308.219178082192,0,1,0,0,0,0
967,25.3477,21129.417881634825,-659.6383232550305,5.0,2.43,3.0,-16720.314326371536,16720.314326371536,3138.0483456800653,15.0,116.83198947648592,14308.219178082192,0,1,0,0,0,0
968,23.5196,22335.302700377346,-659.6383232550305,5.0,2.43,3.0,-15514.429507629016,15514.429507629016,3138.0483456800653,15.0,116.83198947648592,14308.219178082192,0,1,0,0,0,0
969,23.2976,22481.742408139962,-659.6383232550305,5.0,2.43,3.0,-15367.989799866398,15367.989799866398,3138.0483456800653,15.0,116.83198947648592,14308.219178082192,0,1,0,0,0,0
970,22.6815,22888.145579097385,-659.6383232550305,5.0,2.43,3.0,-14961.586628908974,14961.586628908974,3138.0483456800653,15.0,116.83198947648592,14308.219178082192,0,1,0,0,0,0
971,22.6484,22909.979607597128,-659.6383232550305,5.0,2.43,3.0,-14939.752600409232,14939.752600409232,3138.0483456800653,15.0,116.83198947648592,14308.219178082192,0,1,0,0,0,0
972,24.4119,21746.707424536882,-659.6383232550305,5.0,2.43,3.0,-16103.024783469478,16103.024783469478,3138.0483456800653,15.0,116.83198947648592,14308.219178082192,0,1,0,0,0,0
973,23.3951,22417.427671622598,-659.6383232550305,5.0,2.43,3.0,-15432.304536383765,15432.304536383765,3138.0483456800653,15.0,116.83198947648592,14308.219178082192,0,1,0,0,0,0
974,21.9651,23360.71047387729,-659.6383232550305,5.0,2.43,3.0,-14489.02173412907,14489.02173412907,3138.0483456800653,15.0,116.83198947648592,14308.219178082192,0,1,0,0,0,0
975,23.9269,22066.632011315574,-659.6383232550305,5.0,2.43,3.0,-15783.10019669079,15783.10019669079,3138.0483456800653,15.0,116.83198947648592,14308.219178082192,0,1,0,0,0,0
976,26.0307,20678.88490685164,-659.6383232550305,5.0,2.43,3.0,-17170.84730115472,17170.84730115472,3138.0483456800653,15.0,116.83198947648592,14308.219178082192,0,1,0,0,0,0
977,39.7449,11632.473014067498,-659.6383232550305,5.0,2.43,3.0,-26217.259193938862,26217.259193938862,3138.0483456800653,15.0,116.83198947648592,14308.219178082192,0,1,0,0,0,0
978,32.5234,16396.051165453697,-659.6383232550305,5.0,2.43,3.0,-21453.68104255266,21453.68104255266,3138.0483456800653,15.0,116.83198947648592,14308.219178082192,0,1,0,0,0,0
979,37.5689,13067.846005470445,-659.6383232550305,5.0,2.43,3.0,-24781.886202535916,24781.886202535916,3138.0483456800653,15.0,116.83198947648592,14308.219178082192,0,1,0,0,0,0
980,24.9648,21381.993395609174,-659.6383232550305,5.0,2.43,3.0,-16467.738812397187,16467.738812397187,3138.0483456800653,15.0,116.83198947648592,14308.219178082192,0,1,0,0,0,0
981,22.7343,22853.31667562952,-659.6383232550305,5.0,2.43,3.0,-14996.415532376841,14996.415532376841,3138.0483456800653,15.0,116.83198947648592,14308.219178082192,0,1,0,0,0,0
982,24.4225,21739.71525831038,-659.6383232550305,5.0,2.43,3.0,-16110.016949695982,16110.016949695982,3138.0483456800653,15.0,116.83198947648592,14308.219178082192,0,1,0,0,0,0
983,21.7494,23502.9944602034,-659.6383232550305,5.0,2.43,3.0,-14346.737747802961,14346.737747802961,3138.0483456800653,15.0,116.83198947648592,14308.219178082192,0,1,0,0,0,0
984,22.6781,22890.388349396453,-659.6383232550305,5.0,2.43,3.0,-14959.343858609907,14959.343858609907,3138.0483456800653,15.0,116.83198947648592,14308.219178082192,0,1,0,0,0,0
985,22.4385,23048.43769164836,-659.6383232550305,5.0,2.43,3.0,-14801.294516358003,14801.294516358003,3138.0483456800653,15.0,116.83198947648592,14308.219178082192,0,1,0,0,0,0
986,22.5951,22945.138330226622,-659.6383232550305,5.0,2.43,3.0,-14904.593877779738,14904.593877779738,3138.0483456800653,15.0,116.83198947648592,14308.219178082192,0,1,0,0,0,0
987,22.6674,22897.44647945528,-659.6383232550305,5.0,2.43,3.0,-14952.28572855108,14952.28572855108,3138.0483456800653,15.0,116.83198947648592,14308.219178082192,0,1,0,0,0,0
988,22.9893,22685.108903199485,-659.6383232550305,5.0,2.43,3.0,-15164.623304806873,15164.623304806873,3138.0483456800653,15.0,116.83198947648592,14308.219178082192,0,1,0,0,0,0
989,26.7891,20178.61520249502,-659.6383232550305,5.0,2.43,3.0,-17671.11700551134,17671.11700551134,3138.0483456800653,15.0,116.83198947648592,14308.219178082192,0,1,0,0,0,0
990,32.1218,16660.961916072923,-659.6383232550305,5.0,2.43,3.0,-21188.77029193344,21188.77029193344,3138.0483456800653,15.0,116.83198947648592,14308.219178082192,0,1,0,0,0,0
991,32.0414,16713.996837262624,-659.6383232550305,5.0,2.43,3.0,-21135.735370743736,21135.735370743736,3138.0483456800653,15.0,116.83198947648592,14308.219178082192,0,1,0,0,0,0
992,38.3148,12575.821780154522,-659.6383232550305,5.0,2.43,3.0,-25273.910427851843,25273.910427851843,3138.0483456800653,15.0,116.83198947648592,14308.219178082192,0,1,0,0,0,0
993,28.1708,19267.192931253547,-659.6383232550305,5.0,2.43,3.0,-18582.539276752814,18582.539276752814,3138.0483456800653,15.0,116.83198947648592,14308.219178082192,0,1,0,0,0,0
994,28.8189,18839.68133395196,-659.6383232550305,5.0,2.43,3.0,-19010.0508740544,19010.0508740544,3138.0483456800653,15.0,116.83198947648592,14308.219178082192,0,1,0,0,0,0
995,26.8461,20141.01581806949,-659.6383232550305,5.0,2.43,3.0,-17708.716389936875,17708.716389936875,3138.0483456800653,15.0,116.83198947648592,14308.219178082192,0,1,0,0,0,0
996,30.9763,17416.57761536156,-659.6383232550305,5.0,2.43,3.0,-20433.1545926448,20433.1545926448,3138.0483456800653,15.0,116.83198947648592,14308.219178082192,0,1,0,0,0,0
997,26.3173,20489.832563406748,-659.6383232550305,5.0,2.43,3.0,-17359.899644599613,17359.899644599613,3138.0483456800653,15.0,116.83198947648592,14308.219178082192,0,1,0,0,0,0
998,25.3863,21103.95584235718,-659.6383232550305,5.0,2.43,3.0,-16745.77636564918,16745.77636564918,3138.0483456800653,15.0,116.83198947648592,14308.219178082192,0,1,0,0,0,0
999,25.9195,20752.2366883976,-659.6383232550305,5.0,2.43,3.0,-17097.49551960876,17097.49551960876,3138.0483456800653,15.0,116.83198947648592,14308.219178082192,0,1,0,0,0,0
1000,26.0002,20699.003875710918,-659.6383232550305,5.0,2.43,3.0,-17150.728332295443,17150.728332295443,3138.0483456800653,15.0,116.83198947648592,14308.219178082192,0,1,0,0,0,0
1001,24.4992,21689.12099891672,-659.6383232550305,5.0,2.43,3.0,-16160.611209089642,16160.611209089642,3138.0483456800653,15.0,116.83198947648592,14308.219178082192,0,1,0,0,0,0
1002,27.3696,19795.69515584548,-659.6383232550305,5.0,2.43,3.0,-18054.037052160882,18054.037052160882,3138.0483456800653,15.0,116.83198947648592,14308.219178082192,0,1,0,0,0,0
1003,37.4654,13136.118571927342,-659.6383232550305,5.0,2.43,3.0,-24713.613636079022,24713.613636079022,3138.0483456800653,15.0,116.83198947648592,14308.219178082192,0,1,0,0,0,0
1004,25.6506,20929.613433520874,-659.6383232550305,5.0,2.43,3.0,-16920.118774485487,16920.118774485487,3138.0483456800653,15.0,116.83198947648592,14308.219178082192,0,1,0,0,0,0
1005,23.7525,22181.67293489125,-659.6383232550305,5.0,2.43,3.0,-15668.059273115114,15668.059273115114,3138.0483456800653,15.0,116.83198947648592,14308.219178082192,0,1,0,0,0,0
1006,21.3617,23758.736238129375,-659.6383232550305,5.0,2.43,3.0,-14090.995969876985,14090.995969876985,3138.0483456800653,15.0,116.83198947648592,14308.219178082192,0,1,0,0,0,0
1007,20.7396,24169.09723902633,-659.6383232550305,5.0,2.43,3.0,-13680.63496898003,13680.63496898003,3138.0483456800653,15.0,116.83198947648592,14308.219178082192,0,1,0,0,0,0
1008,23.9988,22019.204015873533,-659.6383232550305,5.0,2.43,3.0,-15830.528192132826,15830.528192132826,3138.0483456800653,15.0,116.83198947648592,14308.219178082192,0,1,0,0,0,0
1009,23.8769,22099.613927478324,-659.6383232550305,5.0,2.43,3.0,-15750.118280528037,15750.118280528037,3138.0483456800653,15.0,116.83198947648592,14308.219178082192,0,1,0,0,0,0
1010,22.6665,22898.04015394621,-659.6383232550305,5.0,2.43,3.0,-14951.692054060148,14951.692054060148,3138.0483456800653,15.0,116.83198947648592,14308.219178082192,0,1,0,0,0,0
1011,22.2308,23185.444571388427,-659.6383232550305,5.0,2.43,3.0,-14664.287636617932,14664.287636617932,3138.0483456800653,15.0,116.83198947648592,14308.219178082192,0,1,0,0,0,0
1012,21.6159,23591.056176357946,-659.6383232550305,5.0,2.43,3.0,-14258.676031648414,14258.676031648414,3138.0483456800653,15.0,116.83198947648592,14308.219178082192,0,1,0,0,0,0
1013,74.9762,25583.240744269027,650.0,0,2.43,3.0,48734.530000000006,-48734.530000000006,15071.972825128516,0,556.8949724310688,14308.219178082192,1,0,0,0,0,0
1014,26.0013,20698.278273555337,-659.6383232550305,5.0,2.43,3.0,-17151.453934451027,17151.453934451027,3138.0483456800653,15.0,116.83198947648592,14308.219178082192,0,1,0,0,0,0
1015,27.8842,19456.24527469844,-659.6383232550305,5.0,2.43,3.0,-18393.486933307922,18393.486933307922,3138.0483456800653,15.0,116.83198947648592,14308.219178082192,0,1,0,0,0,0
1016,27.37,19795.431300516175,-659.6383232550305,5.0,2.43,3.0,-18054.300907490186,18054.300907490186,3138.0483456800653,15.0,116.83198947648592,14308.219178082192,0,1,0,0,0,0
1017,34.9387,14802.826723295831,-659.6383232550305,5.0,2.43,3.0,-23046.905484710533,23046.905484710533,3138.0483456800653,15.0,116.83198947648592,14308.219178082192,0,1,0,0,0,0
1018,30.1135,17985.713560666,-659.6383232550305,5.0,2.43,3.0,-19864.01864734036,19864.01864734036,3138.0483456800653,15.0,116.83198947648592,14308.219178082192,0,1,0,0,0,0
1019,29.84,18166.12464207625,-659.6383232550305,5.0,2.43,3.0,-19683.60756593011,19683.60756593011,3138.0483456800653,15.0,116.83198947648592,14308.219178082192,0,1,0,0,0,0
1020,30.4632,17755.03803902372,-659.6383232550305,5.0,2.43,3.0,-20094.694168982645,20094.694168982645,3138.0483456800653,15.0,116.83198947648592,14308.219178082192,0,1,0,0,0,0
1021,73.3495,24525.88574426903,650.0,0,2.43,3.0,47677.175,-47677.175,15071.972825128516,0,556.8949724310688,14308.219178082192,1,0,0,0,0,0
1022,27.4497,19742.85812615275,-659.6383232550305,5.0,2.43,3.0,-18106.87408185361,18106.87408185361,3138.0483456800653,15.0,116.83198947648592,14308.219178082192,0,1,0,0,0,0
1023,39.2115,11984.324095691733,-659.6383232550305,5.0,2.43,3.0,-25865.408112314628,25865.408112314628,3138.0483456800653,15.0,116.83198947648592,14308.219178082192,0,1,0,0,0,0
1024,36.7816,13587.179257369131,-659.6383232550305,5.0,2.43,3.0,-24262.55295063723,24262.55295063723,3138.0483456800653,15.0,116.83198947648592,14308.219178082192,0,1,0,0,0,0
1025,78.8747,28117.26574426902,650.0,0,2.43,3.0,51268.555,-51268.555,15071.972825128516,0,556.8949724310688,14308.219178082192,1,0,0,0,0,0
1026,27.0514,20005.59207030523,-659.6383232550305,5.0,2.43,3.0,-17844.14013770113,17844.14013770113,3138.0483456800653,15.0,116.83198947648592,14308.219178082192,0,1,0,0,0,0
1027,28.3364,19157.956824922516,-659.6383232550305,5.0,2.43,3.0,-18691.77538308385,18691.77538308385,3138.0483456800653,15.0,116.83198947648592,14308.219178082192,0,1,0,0,0,0
1028,33.1414,15988.394681682094,-659.6383232550305,5.0,2.43,3.0,-21861.337526324267,21861.337526324267,3138.0483456800653,15.0,116.83198947648592,14308.219178082192,0,1,0,0,0,0
1029,28.0473,19348.65826417554,-659.6383232550305,5.0,2.43,3.0,-18501.073943830816,18501.073943830816,3138.0483456800653,15.0,116.83198947648592,14308.219178082192,0,1,0,0,0,0
1030,22.5141,22998.569034410277,-659.6383232550305,5.0,2.43,3.0,-14851.163173596082,14851.163173596082,3138.0483456800653,15.0,116.83198947648592,14308.219178082192,0,1,0,0,0,0
1031,22.8074,22805.097114199576,-659.6383232550305,5.0,2.43,3.0,-15044.635093806784,15044.635093806784,3138.0483456800653,15.0,116.83198947648592,14308.219178082192,0,1,0,0,0,0
1032,24.8501,21457.653911286525,-659.6383232550305,5.0,2.43,3.0,-16392.078296719836,16392.078296719836,3138.0483456800653,15.0,116.83198947648592,14308.219178082192,0,1,0,0,0,0
1033,24.8729,21442.614157516313,-659.6383232550305,5.0,2.43,3.0,-16407.118050490048,16407.118050490048,3138.0483456800653,15.0,116.83198947648592,14308.219178082192,0,1,0,0,0,0
1034,23.0322,22656.81041913185,-659.6383232550305,5.0,2.43,3.0,-15192.921788874513,15192.921788874513,3138.0483456800653,15.0,116.83198947648592,14308.219178082192,0,1,0,0,0,0
1035,23.7344,22193.612388542162,-659.6383232550305,5.0,2.43,3.0,-15656.119819464197,15656.119819464197,3138.0483456800653,15.0,116.83198947648592,14308.219178082192,0,1,0,0,0,0
1036,24.8138,21481.598782420682,-659.6383232550305,5.0,2.43,3.0,-16368.133425585676,16368.133425585676,3138.0483456800653,15.0,116.83198947648592,14308.219178082192,0,1,0,0,0,0
1037,24.4211,21740.638751962935,-659.6383232550305,5.0,2.43,3.0,-16109.093456043425,16109.093456043425,3138.0483456800653,15.0,116.83198947648592,14308.219178082192,0,1,0,0,0,0
1038,31.1258,17317.96168603493,-659.6383232550305,5.0,2.43,3.0,-20531.77052197143,20531.77052197143,3138.0483456800653,15.0,116.83198947648592,14308.219178082192,0,1,0,0,0,0
1039,31.2886,17210.572567009018,-659.6383232550305,5.0,2.43,3.0,-20639.159640997346,20639.159640997346,3138.0483456800653,15.0,116.83198947648592,14308.219178082192,0,1,0,0,0,0
1040,28.3811,19128.470991873015,-659.6383232550305,5.0,2.43,3.0,-18721.261216133345,18721.261216133345,3138.0483456800653,15.0,116.83198947648592,14308.219178082192,0,1,0,0,0,0
1041,24.0099,22011.882030485405,-659.6383232550305,5.0,2.43,3.0,-15837.850177520955,15837.850177520955,3138.0483456800653,15.0,116.83198947648592,14308.219178082192,0,1,0,0,0,0
1042,24.4481,21722.82851723505,-659.6383232550305,5.0,2.43,3.0,-16126.90369077131,16126.90369077131,3138.0483456800653,15.0,116.83198947648592,14308.219178082192,0,1,0,0,0,0
1043,25.7983,20832.184853176106,-659.6383232550305,5.0,2.43,3.0,-17017.547354830254,17017.547354830254,3138.0483456800653,15.0,116.83198947648592,14308.219178082192,0,1,0,0,0,0
1044,23.8176,22138.730480047347,-659.6383232550305,5.0,2.43,3.0,-15711.001727959014,15711.001727959014,3138.0483456800653,15.0,116.83198947648592,14308.219178082192,0,1,0,0,0,0
1045,23.755,22180.023839083115,-659.6383232550305,5.0,2.43,3.0,-15669.70836892325,15669.70836892325,3138.0483456800653,15.0,116.83198947648592,14308.219178082192,0,1,0,0,0,0
1046,21.9051,23400.288773272594,-659.6383232550305,5.0,2.43,3.0,-14449.44343473377,14449.44343473377,3138.0483456800653,15.0,116.83198947648592,14308.219178082192,0,1,0,0,0,0
1047,22.3516,23105.76026193922,-659.6383232550305,5.0,2.43,3.0,-14743.97194606714,14743.97194606714,3138.0483456800653,15.0,116.83198947648592,14308.219178082192,0,1,0,0,0,0
1048,24.0244,22002.317274798206,-659.6383232550305,5.0,2.43,3.0,-15847.414933208154,15847.414933208154,3138.0483456800653,15.0,116.83198947648592,14308.219178082192,0,1,0,0,0,0
1049,25.4901,21035.485384403306,-659.6383232550305,5.0,2.43,3.0,-16814.246823603055,16814.246823603055,3138.0483456800653,15.0,116.83198947648592,14308.219178082192,0,1,0,0,0,0
1050,50.1061,9417.675744269023,650.0,0,2.43,3.0,32568.965,-32568.965,15071.972825128516,0,556.8949724310688,14308.219178082192,1,0,0,0,0,0
1051,38.627,12369.882695634296,-659.6383232550305,5.0,2.43,3.0,-25479.849512372064,25479.849512372064,3138.0483456800653,15.0,116.83198947648592,14308.219178082192,0,1,0,0,0,0
1052,57.101,13964.360744269025,650.0,0,2.43,3.0,37115.65,-37115.65,15071.972825128516,0,556.8949724310688,14308.219178082192,1,0,0,0,0,0
1053,24.2091,21880.482076493005,-659.6383232550305,5.0,2.43,3.0,-15969.25013151336,15969.25013151336,3138.0483456800653,15.0,116.83198947648592,14308.219178082192,0,1,0,0,0,0
1054,24.5697,21642.616497127237,-659.6383232550305,5.0,2.43,3.0,-16207.115710879123,16207.115710879123,3138.0483456800653,15.0,116.83198947648592,14308.219178082192,0,1,0,0,0,0
1055,21.8672,23425.289065723955,-659.6383232550305,5.0,2.43,3.0,-14424.443142282404,14424.443142282404,3138.0483456800653,15.0,116.83198947648592,14308.219178082192,0,1,0,0,0,0
1056,21.8899,23410.315275786066,-659.6383232550305,5.0,2.43,3.0,-14439.416932220292,14439.416932220292,3138.0483456800653,15.0,116.83198947648592,14308.219178082192,0,1,0,0,0,0
1057,23.3292,22460.897837125103,-659.6383232550305,5.0,2.43,3.0,-15388.834370881257,15388.834370881257,3138.0483456800653,15.0,116.83198947648592,14308.219178082192,0,1,0,0,0,0
1058,23.3381,22455.02705604813,-659.6383232550305,5.0,2.43,3.0,-15394.705151958227,15394.705151958227,3138.0483456800653,15.0,116.83198947648592,14308.219178082192,0,1,0,0,0,0
1059,24.1919,21891.827855652988,-659.6383232550305,5.0,2.43,3.0,-15957.904352353373,15957.904352353373,3138.0483456800653,15.0,116.83198947648592,14308.219178082192,0,1,0,0,0,0
1060,22.8991,22744.608279957094,-659.6383232550305,5.0,2.43,3.0,-15105.12392804927,15105.12392804927,3138.0483456800653,15.0,116.83198947648592,14308.219178082192,0,1,0,0,0,0
1061,24.3736,21771.971572317547,-659.6383232550305,5.0,2.43,3.0,-16077.760635688812,16077.760635688812,3138.0483456800653,15.0,116.83198947648592,14308.219178082192,0,1,0,0,0,0
1062,54.612,12346.510744269026,650.0,0,2.43,3.0,35497.8,-35497.8,15071.972825128516,0,556.8949724310688,14308.219178082192,1,0,0,0,0,0
1063,54.4717,12255.315744269019,650.0,0,2.43,3.0,35406.604999999996,-35406.604999999996,15071.972825128516,0,556.8949724310688,14308.219178082192,1,0,0,0,0,0
1064,24.7857,21500.134619304154,-659.6383232550305,5.0,2.43,3.0,-16349.597588702209,16349.597588702209,3138.0483456800653,15.0,116.83198947648592,14308.219178082192,0,1,0,0,0,0
1065,22.9837,22688.802877809718,-659.6383232550305,5.0,2.43,3.0,-15160.929330196645,15160.929330196645,3138.0483456800653,15.0,116.83198947648592,14308.219178082192,0,1,0,0,0,0
1066,23.8373,22125.735605079222,-659.6383232550305,5.0,2.43,3.0,-15723.996602927138,15723.996602927138,3138.0483456800653,15.0,116.83198947648592,14308.219178082192,0,1,0,0,0,0
1067,23.9418,22056.80340029907,-659.6383232550305,5.0,2.43,3.0,-15792.92880770729,15792.92880770729,3138.0483456800653,15.0,116.83198947648592,14308.219178082192,0,1,0,0,0,0
1068,23.5577,22310.170480261328,-659.6383232550305,5.0,2.43,3.0,-15539.561727745033,15539.561727745033,3138.0483456800653,15.0,116.83198947648592,14308.219178082192,0,1,0,0,0,0
1069,22.4255,23057.012989850675,-659.6383232550305,5.0,2.43,3.0,-14792.719218155686,14792.719218155686,3138.0483456800653,15.0,116.83198947648592,14308.219178082192,0,1,0,0,0,0
1070,22.6744,22892.829011192498,-659.6383232550305,5.0,2.43,3.0,-14956.903196813862,14956.903196813862,3138.0483456800653,15.0,116.83198947648592,14308.219178082192,0,1,0,0,0,0
1071,21.6317,23580.63389085052,-659.6383232550305,5.0,2.43,3.0,-14269.098317155842,14269.098317155842,3138.0483456800653,15.0,116.83198947648592,14308.219178082192,0,1,0,0,0,0
1072,22.1958,23208.531912702354,-659.6383232550305,5.0,2.43,3.0,-14641.200295304005,14641.200295304005,3138.0483456800653,15.0,116.83198947648592,14308.219178082192,0,1,0,0,0,0
1073,24.1853,21896.181468586474,-659.6383232550305,5.0,2.43,3.0,-15953.55073941989,15953.55073941989,3138.0483456800653,15.0,116.83198947648592,14308.219178082192,0,1,0,0,0,0
1074,29.5736,18341.85229139139,-659.6383232550305,5.0,2.43,3.0,-19507.87991661497,19507.87991661497,3138.0483456800653,15.0,116.83198947648592,14308.219178082192,0,1,0,0,0,0
1075,23.8704,22103.901576579483,-659.6383232550305,5.0,2.43,3.0,-15745.830631426881,15745.830631426881,3138.0483456800653,15.0,116.83198947648592,14308.219178082192,0,1,0,0,0,0
1076,21.0366,23973.184657019585,-659.6383232550305,5.0,2.43,3.0,-13876.547550986776,13876.547550986776,3138.0483456800653,15.0,116.83198947648592,14308.219178082192,0,1,0,0,0,0
1077,21.3074,23794.554599082123,-659.6383232550305,5.0,2.43,3.0,-14055.177608924238,14055.177608924238,3138.0483456800653,15.0,116.83198947648592,14308.219178082192,0,1,0,0,0,0
1078,21.1771,23880.505472602254,-659.6383232550305,5.0,2.43,3.0,-13969.226735404107,13969.226735404107,3138.0483456800653,15.0,116.83198947648592,14308.219178082192,0,1,0,0,0,0
1079,18.7702,25468.188952844786,-659.6383232550305,5.0,2.43,3.0,-12381.543255161574,12381.543255161574,3138.0483456800653,15.0,116.83198947648592,14308.219178082192,0,1,0,0,0,0
1080,19.2387,25159.148398399804,-659.6383232550305,5.0,2.43,3.0,-12690.583809606556,12690.583809606556,3138.0483456800653,15.0,116.83198947648592,14308.219178082192,0,1,0,0,0,0
1081,19.1055,25247.012223057376,-659.6383232550305,5.0,2.43,3.0,-12602.719984948984,12602.719984948984,3138.0483456800653,15.0,116.83198947648592,14308.219178082192,0,1,0,0,0,0
1082,18.5115,25638.83738707086,-659.6383232550305,5.0,2.43,3.0,-12210.894820935499,12210.894820935499,3138.0483456800653,15.0,116.83198947648592,14308.219178082192,0,1,0,0,0,0
1083,18.8504,25415.28595931973,-659.6383232550305,5.0,2.43,3.0,-12434.446248686627,12434.446248686627,3138.0483456800653,15.0,116.83198947648592,14308.219178082192,0,1,0,0,0,0
1084,18.9256,25365.681157410956,-659.6383232550305,5.0,2.43,3.0,-12484.051050595404,12484.051050595404,3138.0483456800653,15.0,116.83198947648592,14308.219178082192,0,1,0,0,0,0
1085,19.9332,24701.029582899188,-659.6383232550305,5.0,2.43,3.0,-13148.702625107173,13148.702625107173,3138.0483456800653,15.0,116.83198947648592,14308.219178082192,0,1,0,0,0,0
1086,23.6037,22279.827117391596,-659.6383232550305,5.0,2.43,3.0,-15569.905090614764,15569.905090614764,3138.0483456800653,15.0,116.83198947648592,14308.219178082192,0,1,0,0,0,0
1087,25.3696,21114.97180235554,-659.6383232550305,5.0,2.43,3.0,-16734.76040565082,16734.76040565082,3138.0483456800653,15.0,116.83198947648592,14308.219178082192,0,1,0,0,0,0
1088,24.1281,21933.912780676663,-659.6383232550305,5.0,2.43,3.0,-15915.819427329701,15915.819427329701,3138.0483456800653,15.0,116.83198947648592,14308.219178082192,0,1,0,0,0,0
1089,24.1668,21908.38477756669,-659.6383232550305,5.0,2.43,3.0,-15941.34743043967,15941.34743043967,3138.0483456800653,15.0,116.83198947648592,14308.219178082192,0,1,0,0,0,0
1090,22.5485,22975.877476090303,-659.6383232550305,5.0,2.43,3.0,-14873.854731916055,14873.854731916055,3138.0483456800653,15.0,116.83198947648592,14308.219178082192,0,1,0,0,0,0
1091,20.8574,24091.391844546888,-659.6383232550305,5.0,2.43,3.0,-13758.340363459472,13758.340363459472,3138.0483456800653,15.0,116.83198947648592,14308.219178082192,0,1,0,0,0,0
1092,20.1587,24552.28114100518,-659.6383232550305,5.0,2.43,3.0,-13297.451067001184,13297.451067001184,3138.0483456800653,15.0,116.83198947648592,14308.219178082192,0,1,0,0,0,0
1093,19.9395,24696.873861462678,-659.6383232550305,5.0,2.43,3.0,-13152.85834654368,13152.85834654368,3138.0483456800653,15.0,116.83198947648592,14308.219178082192,0,1,0,0,0,0
1094,20.7038,24192.71229099886,-659.6383232550305,5.0,2.43,3.0,-13657.019917007501,13657.019917007501,3138.0483456800653,15.0,116.83198947648592,14308.219178082192,0,1,0,0,0,0
1095,20.9292,24044.029812937173,-659.6383232550305,5.0,2.43,3.0,-13805.702395069186,13805.702395069186,3138.0483456800653,15.0,116.83198947648592,14308.219178082192,0,1,0,0,0,0
1096,20.871,24082.42076335062,-659.6383232550305,5.0,2.43,3.0,-13767.311444655741,13767.311444655741,3138.0483456800653,15.0,116.83198947648592,14308.219178082192,0,1,0,0,0,0
1097,22.7601,22836.29800688954,-659.6383232550305,5.0,2.43,3.0,-15013.434201116821,15013.434201116821,3138.0483456800653,15.0,116.83198947648592,14308.219178082192,0,1,0,0,0,0
1098,24.3388,21794.926985966824,-659.6383232550305,5.0,2.43,3.0,-16054.805222039537,16054.805222039537,3138.0483456800653,15.0,116.83198947648592,14308.219178082192,0,1,0,0,0,0
1099,21.8248,23453.25773062997,-659.6383232550305,5.0,2.43,3.0,-14396.47447737639,14396.47447737639,3138.0483456800653,15.0,116.83198947648592,14308.219178082192,0,1,0,0,0,0
1100,21.2947,23802.932005787465,-659.6383232550305,5.0,2.43,3.0,-14046.800202218898,14046.800202218898,3138.0483456800653,15.0,116.83198947648592,14308.219178082192,0,1,0,0,0,0
1101,20.5099,24320.61616187801,-659.6383232550305,5.0,2.43,3.0,-13529.116046128349,13529.116046128349,3138.0483456800653,15.0,116.83198947648592,14308.219178082192,0,1,0,0,0,0
1102,19.8232,24773.58979845724,-659.6383232550305,5.0,2.43,3.0,-13076.14240954912,13076.14240954912,3138.0483456800653,15.0,116.83198947648592,14308.219178082192,0,1,0,0,0,0
1103,19.233,25162.90833684236,-659.6383232550305,5.0,2.43,3.0,-12686.823871164002,12686.823871164002,3138.0483456800653,15.0,116.83198947648592,14308.219178082192,0,1,0,0,0,0
1104,19.349,25086.390291344775,-659.6383232550305,5.0,2.43,3.0,-12763.341916661586,12763.341916661586,3138.0483456800653,15.0,116.83198947648592,14308.219178082192,0,1,0,0,0,0
1105,19.2686,25139.42521253448,-659.6383232550305,5.0,2.43,3.0,-12710.306995471881,12710.306995471881,3138.0483456800653,15.0,116.83198947648592,14308.219178082192,0,1,0,0,0,0
1106,19.3768,25068.052345958284,-659.6383232550305,5.0,2.43,3.0,-12781.679862048075,12781.679862048075,3138.0483456800653,15.0,116.83198947648592,14308.219178082192,0,1,0,0,0,0
1107,19.6259,24903.736439635453,-659.6383232550305,5.0,2.43,3.0,-12945.995768370904,12945.995768370904,3138.0483456800653,15.0,116.83198947648592,14308.219178082192,0,1,0,0,0,0
1108,19.7335,24832.75935605322,-659.6383232550305,5.0,2.43,3.0,-13016.972851953144,13016.972851953144,3138.0483456800653,15.0,116.83198947648592,14308.219178082192,0,1,0,0,0,0
1109,20.1241,24575.1046269898,-659.6383232550305,5.0,2.43,3.0,-13274.627581016559,13274.627581016559,3138.0483456800653,15.0,116.83198947648592,14308.219178082192,0,1,0,0,0,0
1110,22.4369,23049.493112965567,-659.6383232550305,5.0,2.43,3.0,-14800.239095040795,14800.239095040795,3138.0483456800653,15.0,116.83198947648592,14308.219178082192,0,1,0,0,0,0
1111,27.1057,19969.77370935248,-659.6383232550305,5.0,2.43,3.0,-17879.95849865388,17879.95849865388,3138.0483456800653,15.0,116.83198947648592,14308.219178082192,0,1,0,0,0,0
1112,23.2702,22499.81649819715,-659.6383232550305,5.0,2.43,3.0,-15349.915709809211,15349.915709809211,3138.0483456800653,15.0,116.83198947648592,14308.219178082192,0,1,0,0,0,0
1113,38.2903,12591.982919074264,-659.6383232550305,5.0,2.43,3.0,-25257.749288932097,25257.749288932097,3138.0483456800653,15.0,116.83198947648592,14308.219178082192,0,1,0,0,0,0
1114,25.0652,21315.765707954368,-659.6383232550305,5.0,2.43,3.0,-16533.966500051993,16533.966500051993,3138.0483456800653,15.0,116.83198947648592,14308.219178082192,0,1,0,0,0,0
1115,25.6802,20910.08813915253,-659.6383232550305,5.0,2.43,3.0,-16939.644068853835,16939.644068853835,3138.0483456800653,15.0,116.83198947648592,14308.219178082192,0,1,0,0,0,0
1116,23.725,22199.81298878076,-659.6383232550305,5.0,2.43,3.0,-15649.9192192256,15649.9192192256,3138.0483456800653,15.0,116.83198947648592,14308.219178082192,0,1,0,0,0,0
1117,20.994,24001.285249590248,-659.6383232550305,5.0,2.43,3.0,-13848.44695841611,13848.44695841611,3138.0483456800653,15.0,116.83198947648592,14308.219178082192,0,1,0,0,0,0
1118,20.3395,24433.018532160666,-659.6383232550305,5.0,2.43,3.0,-13416.713675845695,13416.713675845695,3138.0483456800653,15.0,116.83198947648592,14308.219178082192,0,1,0,0,0,0
1119,20.2217,24510.72392664011,-659.6383232550305,5.0,2.43,3.0,-13339.00828136625,13339.00828136625,3138.0483456800653,15.0,116.83198947648592,14308.219178082192,0,1,0,0,0,0
1120,21.224,23849.568435241592,-659.6383232550305,5.0,2.43,3.0,-14000.163772764769,14000.163772764769,3138.0483456800653,15.0,116.83198947648592,14308.219178082192,0,1,0,0,0,0
1121,23.9715,22037.212142098397,-659.6383232550305,5.0,2.43,3.0,-15812.520065907964,15812.520065907964,3138.0483456800653,15.0,116.83198947648592,14308.219178082192,0,1,0,0,0,0
1122,27.998,19381.178433512017,-659.6383232550305,5.0,2.43,3.0,-18468.553774494347,18468.553774494347,3138.0483456800653,15.0,116.83198947648592,14308.219178082192,0,1,0,0,0,0
1123,25.3871,21103.428131698576,-659.6383232550305,5.0,2.43,3.0,-16746.304076307784,16746.304076307784,3138.0483456800653,15.0,116.83198947648592,14308.219178082192,0,1,0,0,0,0
1124,22.5977,22943.423270586158,-659.6383232550305,5.0,2.43,3.0,-14906.308937420203,14906.308937420203,3138.0483456800653,15.0,116.83198947648592,14308.219178082192,0,1,0,0,0,0
1125,23.1828,22557.468887649637,-659.6383232550305,5.0,2.43,3.0,-15292.263320356722,15292.263320356722,3138.0483456800653,15.0,116.83198947648592,14308.219178082192,0,1,0,0,0,0
1126,21.1407,23904.516307568738,-659.6383232550305,5.0,2.43,3.0,-13945.215900437623,13945.215900437623,3138.0483456800653,15.0,116.83198947648592,14308.219178082192,0,1,0,0,0,0
1127,20.7368,24170.944226331445,-659.6383232550305,5.0,2.43,3.0,-13678.787981674915,13678.787981674915,3138.0483456800653,15.0,116.83198947648592,14308.219178082192,0,1,0,0,0,0
1128,20.3793,24406.764926895117,-659.6383232550305,5.0,2.43,3.0,-13442.967281111243,13442.967281111243,3138.0483456800653,15.0,116.83198947648592,14308.219178082192,0,1,0,0,0,0
1129,19.8046,24785.859071269784,-659.6383232550305,5.0,2.43,3.0,-13063.873136736578,13063.873136736578,3138.0483456800653,15.0,116.83198947648592,14308.219178082192,0,1,0,0,0,0
1130,20.215,24515.143503405918,-659.6383232550305,5.0,2.43,3.0,-13334.58870460044,13334.58870460044,3138.0483456800653,15.0,116.83198947648592,14308.219178082192,0,1,0,0,0,0
1131,19.7752,24805.252437973482,-659.6383232550305,5.0,2.43,3.0,-13044.47977003288,13044.47977003288,3138.0483456800653,15.0,116.83198947648592,14308.219178082192,0,1,0,0,0,0
1132,20.0064,24652.74405763692,-659.6383232550305,5.0,2.43,3.0,-13196.988150369441,13196.988150369441,3138.0483456800653,15.0,116.83198947648592,14308.219178082192,0,1,0,0,0,0
1133,20.1996,24525.301933584044,-659.6383232550305,5.0,2.43,3.0,-13324.430274422315,13324.430274422315,3138.0483456800653,15.0,116.83198947648592,14308.219178082192,0,1,0,0,0,0
1134,21.5805,23614.407373001173,-659.6383232550305,5.0,2.43,3.0,-14235.324835005187,14235.324835005187,3138.0483456800653,15.0,116.83198947648592,14308.219178082192,0,1,0,0,0,0
1135,21.8199,23456.48995841392,-659.6383232550305,5.0,2.43,3.0,-14393.24224959244,14393.24224959244,3138.0483456800653,15.0,116.83198947648592,14308.219178082192,0,1,0,0,0,0
1136,20.9151,24053.330713295072,-659.6383232550305,5.0,2.43,3.0,-13796.401494711288,13796.401494711288,3138.0483456800653,15.0,116.83198947648592,14308.219178082192,0,1,0,0,0,0
1137,20.8719,24081.82708885969,-659.6383232550305,5.0,2.43,3.0,-13767.905119146671,13767.905119146671,3138.0483456800653,15.0,116.83198947648592,14308.219178082192,0,1,0,0,0,0
1138,21.3417,23771.929004594476,-659.6383232550305,5.0,2.43,3.0,-14077.803203411884,14077.803203411884,3138.0483456800653,15.0,116.83198947648592,14308.219178082192,0,1,0,0,0,0
1139,24.2899,21827.183299973996,-659.6383232550305,5.0,2.43,3.0,-16022.548908032366,16022.548908032366,3138.0483456800653,15.0,116.83198947648592,14308.219178082192,0,1,0,0,0,0
1140,25.1614,21252.308501257237,-659.6383232550305,5.0,2.43,3.0,-16597.423706749127,16597.423706749127,3138.0483456800653,15.0,116.83198947648592,14308.219178082192,0,1,0,0,0,0
1141,23.4455,22384.18190013054,-659.6383232550305,5.0,2.43,3.0,-15465.550307875817,15465.550307875817,3138.0483456800653,15.0,116.83198947648592,14308.219178082192,0,1,0,0,0,0
1142,22.0296,23318.16380202734,-659.6383232550305,5.0,2.43,3.0,-14531.56840597902,14531.56840597902,3138.0483456800653,15.0,116.83198947648592,14308.219178082192,0,1,0,0,0,0
1143,30.4923,17735.842563816994,-659.6383232550305,5.0,2.43,3.0,-20113.889644189367,20113.889644189367,3138.0483456800653,15.0,116.83198947648592,14308.219178082192,0,1,0,0,0,0
1144,24.7919,21496.04486169997,-659.6383232550305,5.0,2.43,3.0,-16353.68734630639,16353.68734630639,3138.0483456800653,15.0,116.83198947648592,14308.219178082192,0,1,0,0,0,0
1145,28.0693,19334.146221063933,-659.6383232550305,5.0,2.43,3.0,-18515.585986942428,18515.585986942428,3138.0483456800653,15.0,116.83198947648592,14308.219178082192,0,1,0,0,0,0
1146,27.8922,19450.968168112402,-659.6383232550305,5.0,2.43,3.0,-18398.764039893962,18398.764039893962,3138.0483456800653,15.0,116.83198947648592,14308.219178082192,0,1,0,0,0,0
1147,28.7854,18861.779217781004,-659.6383232550305,5.0,2.43,3.0,-18987.952990225356,18987.952990225356,3138.0483456800653,15.0,116.83198947648592,14308.219178082192,0,1,0,0,0,0
1148,25.5935,20967.27878177874,-659.6383232550305,5.0,2.43,3.0,-16882.45342622762,16882.45342622762,3138.0483456800653,15.0,116.83198947648592,14308.219178082192,0,1,0,0,0,0
1149,24.6789,21570.58399222779,-659.6383232550305,5.0,2.43,3.0,-16279.148215778572,16279.148215778572,3138.0483456800653,15.0,116.83198947648592,14308.219178082192,0,1,0,0,0,0
1150,23.3518,22445.990011019538,-659.6383232550305,5.0,2.43,3.0,-15403.742196986823,15403.742196986823,3138.0483456800653,15.0,116.83198947648592,14308.219178082192,0,1,0,0,0,0
1151,24.0395,21992.356736117054,-659.6383232550305,5.0,2.43,3.0,-15857.375471889307,15857.375471889307,3138.0483456800653,15.0,116.83198947648592,14308.219178082192,0,1,0,0,0,0
1152,24.584,21633.183669104692,-659.6383232550305,5.0,2.43,3.0,-16216.54853890167,16216.54853890167,3138.0483456800653,15.0,116.83198947648592,14308.219178082192,0,1,0,0,0,0
1153,24.2182,21874.47936775138,-659.6383232550305,5.0,2.43,3.0,-15975.25284025498,15975.25284025498,3138.0483456800653,15.0,116.83198947648592,14308.219178082192,0,1,0,0,0,0
1154,23.814,22141.105178011065,-659.6383232550305,5.0,2.43,3.0,-15708.627029995298,15708.627029995298,3138.0483456800653,15.0,116.83198947648592,14308.219178082192,0,1,0,0,0,0
1155,23.8132,22141.632888669672,-659.6383232550305,5.0,2.43,3.0,-15708.099319336692,15708.099319336692,3138.0483456800653,15.0,116.83198947648592,14308.219178082192,0,1,0,0,0,0
1156,23.4668,22370.131603845213,-659.6383232550305,5.0,2.43,3.0,-15479.600604161149,15479.600604161149,3138.0483456800653,15.0,116.83198947648592,14308.219178082192,0,1,0,0,0,0
1157,28.6512,18950.30268076183,-659.6383232550305,5.0,2.43,3.0,-18899.42952724453,18899.42952724453,3138.0483456800653,15.0,116.83198947648592,14308.219178082192,0,1,0,0,0,0
1158,26.3613,20460.808477183524,-659.6383232550305,5.0,2.43,3.0,-17388.923730822837,17388.923730822837,3138.0483456800653,15.0,116.83198947648592,14308.219178082192,0,1,0,0,0,0
1159,26.2608,20527.102128670656,-659.6383232550305,5.0,2.43,3.0,-17322.630079335704,17322.630079335704,3138.0483456800653,15.0,116.83198947648592,14308.219178082192,0,1,0,0,0,0
1160,28.7842,18862.57078376891,-659.6383232550305,5.0,2.43,3.0,-18987.16142423745,18987.16142423745,3138.0483456800653,15.0,116.83198947648592,14308.219178082192,0,1,0,0,0,0
1161,39.5726,11746.128697164339,-659.6383232550305,5.0,2.43,3.0,-26103.603510842022,26103.603510842022,3138.0483456800653,15.0,116.83198947648592,14308.219178082192,0,1,0,0,0,0
1162,37.6812,12993.768621768908,-659.6383232550305,5.0,2.43,3.0,-24855.963586237453,24855.963586237453,3138.0483456800653,15.0,116.83198947648592,14308.219178082192,0,1,0,0,0,0
1163,28.009,19373.922411956213,-659.6383232550305,5.0,2.43,3.0,-18475.80979605015,18475.80979605015,3138.0483456800653,15.0,116.83198947648592,14308.219178082192,0,1,0,0,0,0
1164,42.3384,9921.701022705576,-659.6383232550305,5.0,2.43,3.0,-27928.031185300784,27928.031185300784,3138.0483456800653,15.0,116.83198947648592,14308.219178082192,0,1,0,0,0,0
1165,26.4258,20418.261805333575,-659.6383232550305,5.0,2.43,3.0,-17431.470402672785,17431.470402672785,3138.0483456800653,15.0,116.83198947648592,14308.219178082192,0,1,0,0,0,0
1166,26.0741,20650.25660362237,-659.6383232550305,5.0,2.43,3.0,-17199.47560438399,17199.47560438399,3138.0483456800653,15.0,116.83198947648592,14308.219178082192,0,1,0,0,0,0
1167,31.0612,17360.57432171721,-659.6383232550305,5.0,2.43,3.0,-20489.157886289155,20489.157886289155,3138.0483456800653,15.0,116.83198947648592,14308.219178082192,0,1,0,0,0,0
1168,29.5767,18339.8074125893,-659.6383232550305,5.0,2.43,3.0,-19509.92479541706,19509.92479541706,3138.0483456800653,15.0,116.83198947648592,14308.219178082192,0,1,0,0,0,0
1169,32.331,16522.96557884797,-659.6383232550305,5.0,2.43,3.0,-21326.766629158392,21326.766629158392,3138.0483456800653,15.0,116.83198947648592,14308.219178082192,0,1,0,0,0,0
1170,42.8966,9553.490910664623,-659.6383232550305,5.0,2.43,3.0,-28296.24129734174,28296.24129734174,3138.0483456800653,15.0,116.83198947648592,14308.219178082192,0,1,0,0,0,0
1171,36.0317,14081.84203597808,-659.6383232550305,5.0,2.43,3.0,-23767.890172028285,23767.890172028285,3138.0483456800653,15.0,116.83198947648592,14308.219178082192,0,1,0,0,0,0
1172,30.7002,17598.703756412273,-659.6383232550305,5.0,2.43,3.0,-20251.028451594088,20251.028451594088,3138.0483456800653,15.0,116.83198947648592,14308.219178082192,0,1,0,0,0,0
1173,31.4173,17125.67711480609,-659.6383232550305,5.0,2.43,3.0,-20724.05509320027,20724.05509320027,3138.0483456800653,15.0,116.83198947648592,14308.219178082192,0,1,0,0,0,0
1174,26.4489,20403.024160066387,-659.6383232550305,5.0,2.43,3.0,-17446.708047939974,17446.708047939974,3138.0483456800653,15.0,116.83198947648592,14308.219178082192,0,1,0,0,0,0
1175,23.9014,22083.452788558578,-659.6383232550305,5.0,2.43,3.0,-15766.279419447785,15766.279419447785,3138.0483456800653,15.0,116.83198947648592,14308.219178082192,0,1,0,0,0,0
1176,25.3636,21118.92963229507,-659.6383232550305,5.0,2.43,3.0,-16730.802575711292,16730.802575711292,3138.0483456800653,15.0,116.83198947648592,14308.219178082192,0,1,0,0,0,0
1177,24.6195,21609.766508629138,-659.6383232550305,5.0,2.43,3.0,-16239.965699377222,16239.965699377222,3138.0483456800653,15.0,116.83198947648592,14308.219178082192,0,1,0,0,0,0
1178,24.7055,21553.037612829205,-659.6383232550305,5.0,2.43,3.0,-16296.694595177158,16296.694595177158,3138.0483456800653,15.0,116.83198947648592,14308.219178082192,0,1,0,0,0,0
1179,25.4942,21032.780867277965,-659.6383232550305,5.0,2.43,3.0,-16816.9513407284,16816.9513407284,3138.0483456800653,15.0,116.83198947648592,14308.219178082192,0,1,0,0,0,0
1180,26.3797,20448.671132035633,-659.6383232550305,5.0,2.43,3.0,-17401.061075970727,17401.061075970727,3138.0483456800653,15.0,116.83198947648592,14308.219178082192,0,1,0,0,0,0
1181,27.6598,19604.26811443687,-659.6383232550305,5.0,2.43,3.0,-18245.464093569495,18245.464093569495,3138.0483456800653,15.0,116.83198947648592,14308.219178082192,0,1,0,0,0,0
1182,35.3344,14541.80783878381,-659.6383232550305,5.0,2.43,3.0,-23307.92436922255,23307.92436922255,3138.0483456800653,15.0,116.83198947648592,14308.219178082192,0,1,0,0,0,0
1183,39.2274,11973.835846351973,-659.6383232550305,5.0,2.43,3.0,-25875.896361654384,25875.896361654384,3138.0483456800653,15.0,116.83198947648592,14308.219178082192,0,1,0,0,0,0
1184,31.6614,16964.65940009954,-659.6383232550305,5.0,2.43,3.0,-20885.072807906825,20885.072807906825,3138.0483456800653,15.0,116.83198947648592,14308.219178082192,0,1,0,0,0,0
1185,27.0635,19997.61044659384,-659.6383232550305,5.0,2.43,3.0,-17852.12176141252,17852.12176141252,3138.0483456800653,15.0,116.83198947648592,14308.219178082192,0,1,0,0,0,0
1186,28.0425,19351.824528127167,-659.6383232550305,5.0,2.43,3.0,-18497.907679879194,18497.907679879194,3138.0483456800653,15.0,116.83198947648592,14308.219178082192,0,1,0,0,0,0
1187,25.6007,20962.5293858513,-659.6383232550305,5.0,2.43,3.0,-16887.20282215506,16887.20282215506,3138.0483456800653,15.0,116.83198947648592,14308.219178082192,0,1,0,0,0,0
1188,25.4082,21089.509763077895,-659.6383232550305,5.0,2.43,3.0,-16760.222444928466,16760.222444928466,3138.0483456800653,15.0,116.83198947648592,14308.219178082192,0,1,0,0,0,0
1189,25.5013,21028.09743518285,-659.6383232550305,5.0,2.43,3.0,-16821.63477282351,16821.63477282351,3138.0483456800653,15.0,116.83198947648592,14308.219178082192,0,1,0,0,0,0
1190,25.6452,20933.175480466452,-659.6383232550305,5.0,2.43,3.0,-16916.556727539908,16916.556727539908,3138.0483456800653,15.0,116.83198947648592,14308.219178082192,0,1,0,0,0,0
1191,27.7143,19568.317825819468,-659.6383232550305,5.0,2.43,3.0,-18281.414382186893,18281.414382186893,3138.0483456800653,15.0,116.83198947648592,14308.219178082192,0,1,0,0,0,0
1192,25.6231,20947.753487410388,-659.6383232550305,5.0,2.43,3.0,-16901.978720595973,16901.978720595973,3138.0483456800653,15.0,116.83198947648592,14308.219178082192,0,1,0,0,0,0
1193,29.8914,18132.21923226094,-659.6383232550305,5.0,2.43,3.0,-19717.51297574542,19717.51297574542,3138.0483456800653,15.0,116.83198947648592,14308.219178082192,0,1,0,0,0,0
1194,44.3079,8622.543345054797,-659.6383232550305,5.0,2.43,3.0,-29227.188862951563,29227.188862951563,3138.0483456800653,15.0,116.83198947648592,14308.219178082192,0,1,0,0,0,0
1195,31.1342,17312.42072411959,-659.6383232550305,5.0,2.43,3.0,-20537.31148388677,20537.31148388677,3138.0483456800653,15.0,116.83198947648592,14308.219178082192,0,1,0,0,0,0
1196,31.1444,17305.692413222387,-659.6383232550305,5.0,2.43,3.0,-20544.039794783974,20544.039794783974,3138.0483456800653,15.0,116.83198947648592,14308.219178082192,0,1,0,0,0,0
1197,25.0846,21302.968724483224,-659.6383232550305,5.0,2.43,3.0,-16546.763483523137,16546.763483523137,3138.0483456800653,15.0,116.83198947648592,14308.219178082192,0,1,0,0,0,0
1198,26.2988,20502.035872386965,-659.6383232550305,5.0,2.43,3.0,-17347.696335619396,17347.696335619396,3138.0483456800653,15.0,116.83198947648592,14308.219178082192,0,1,0,0,0,0
1199,24.1146,21942.8178980406,-659.6383232550305,5.0,2.43,3.0,-15906.914309965758,15906.914309965758,3138.0483456800653,15.0,116.83198947648592,14308.219178082192,0,1,0,0,0,0
1200,21.2488,23833.20940482487,-659.6383232550305,5.0,2.43,3.0,-14016.522803181491,14016.522803181491,3138.0483456800653,15.0,116.83198947648592,14308.219178082192,0,1,0,0,0,0
1201,24.0373,21993.807940428218,-659.6383232550305,5.0,2.43,3.0,-15855.924267578144,15855.924267578144,3138.0483456800653,15.0,116.83198947648592,14308.219178082192,0,1,0,0,0,0
1202,23.3241,22464.2619925737,-659.6383232550305,5.0,2.43,3.0,-15385.470215432659,15385.470215432659,3138.0483456800653,15.0,116.83198947648592,14308.219178082192,0,1,0,0,0,0
1203,22.2754,23156.024702171253,-659.6383232550305,5.0,2.43,3.0,-14693.707505835107,14693.707505835107,3138.0483456800653,15.0,116.83198947648592,14308.219178082192,0,1,0,0,0,0
1204,24.4095,21748.290556512693,-659.6383232550305,5.0,2.43,3.0,-16101.441651493667,16101.441651493667,3138.0483456800653,15.0,116.83198947648592,14308.219178082192,0,1,0,0,0,0
1205,24.3013,21819.66342308889,-659.6383232550305,5.0,2.43,3.0,-16030.068784917474,16030.068784917474,3138.0483456800653,15.0,116.83198947648592,14308.219178082192,0,1,0,0,0,0
1206,24.9699,21378.629240160575,-659.6383232550305,5.0,2.43,3.0,-16471.102967845785,16471.102967845785,3138.0483456800653,15.0,116.83198947648592,14308.219178082192,0,1,0,0,0,0
1207,25.4805,21041.817912306557,-659.6383232550305,5.0,2.43,3.0,-16807.914295699804,16807.914295699804,3138.0483456800653,15.0,116.83198947648592,14308.219178082192,0,1,0,0,0,0
1208,28.0044,19376.956748243185,-659.6383232550305,5.0,2.43,3.0,-18472.775459763176,18472.775459763176,3138.0483456800653,15.0,116.83198947648592,14308.219178082192,0,1,0,0,0,0
1209,37.4422,13151.422181026857,-659.6383232550305,5.0,2.43,3.0,-24698.310026979503,24698.310026979503,3138.0483456800653,15.0,116.83198947648592,14308.219178082192,0,1,0,0,0,0
1210,36.6641,13664.686760351597,-659.6383232550305,5.0,2.43,3.0,-24185.045447654764,24185.045447654764,3138.0483456800653,15.0,116.83198947648592,14308.219178082192,0,1,0,0,0,0
1211,30.9149,17457.07940840942,-659.6383232550305,5.0,2.43,3.0,-20392.65279959694,20392.65279959694,3138.0483456800653,15.0,116.83198947648592,14308.219178082192,0,1,0,0,0,0
1212,33.8296,15534.431587617979,-659.6383232550305,5.0,2.43,3.0,-22315.30062038838,22315.30062038838,3138.0483456800653,15.0,116.83198947648592,14308.219178082192,0,1,0,0,0,0
1213,31.9811,16753.7730281549,-659.6383232550305,5.0,2.43,3.0,-21095.959179851456,21095.959179851456,3138.0483456800653,15.0,116.83198947648592,14308.219178082192,0,1,0,0,0,0
1214,29.2126,18579.98172608646,-659.6383232550305,5.0,2.43,3.0,-19269.750481919902,19269.750481919902,3138.0483456800653,15.0,116.83198947648592,14308.219178082192,0,1,0,0,0,0
1215,29.1469,18623.319963924314,-659.6383232550305,5.0,2.43,3.0,-19226.412244082047,19226.412244082047,3138.0483456800653,15.0,116.83198947648592,14308.219178082192,0,1,0,0,0,0
1216,28.4862,19059.14300409891,-659.6383232550305,5.0,2.43,3.0,-18790.58920390745,18790.58920390745,3138.0483456800653,15.0,116.83198947648592,14308.219178082192,0,1,0,0,0,0
1217,31.5953,17008.261493266695,-659.6383232550305,5.0,2.43,3.0,-20841.470714739666,20841.470714739666,3138.0483456800653,15.0,116.83198947648592,14308.219178082192,0,1,0,0,0,0
1218,39.5113,11786.564526379872,-659.6383232550305,5.0,2.43,3.0,-26063.167681626484,26063.167681626484,3138.0483456800653,15.0,116.83198947648592,14308.219178082192,0,1,0,0,0,0
1219,44.1733,8711.330663364923,-659.6383232550305,5.0,2.43,3.0,-29138.401544641438,29138.401544641438,3138.0483456800653,15.0,116.83198947648592,14308.219178082192,0,1,0,0,0,0
1220,29.8479,18160.913499322534,-659.6383232550305,5.0,2.43,3.0,-19688.818708683826,19688.818708683826,3138.0483456800653,15.0,116.83198947648592,14308.219178082192,0,1,0,0,0,0
1221,24.1967,21888.661591701362,-659.6383232550305,5.0,2.43,3.0,-15961.070616304996,15961.070616304996,3138.0483456800653,15.0,116.83198947648592,14308.219178082192,0,1,0,0,0,0
1222,23.2761,22495.924632089947,-659.6383232550305,5.0,2.43,3.0,-15353.807575916415,15353.807575916415,3138.0483456800653,15.0,116.83198947648592,14308.219178082192,0,1,0,0,0,0
1223,21.8717,23422.32069326931,-659.6383232550305,5.0,2.43,3.0,-14427.411514737052,14427.411514737052,3138.0483456800653,15.0,116.83198947648592,14308.219178082192,0,1,0,0,0,0
1224,23.7067,22211.884370096326,-659.6383232550305,5.0,2.43,3.0,-15637.847837910032,15637.847837910032,3138.0483456800653,15.0,116.83198947648592,14308.219178082192,0,1,0,0,0,0
1225,23.1991,22546.716782980584,-659.6383232550305,5.0,2.43,3.0,-15303.01542502578,15303.01542502578,3138.0483456800653,15.0,116.83198947648592,14308.219178082192,0,1,0,0,0,0
1226,25.28,21174.075396119188,-659.6383232550305,5.0,2.43,3.0,-16675.656811887173,16675.656811887173,3138.0483456800653,15.0,116.83198947648592,14308.219178082192,0,1,0,0,0,0
1227,24.8184,21478.56444613371,-659.6383232550305,5.0,2.43,3.0,-16371.16776187265,16371.16776187265,3138.0483456800653,15.0,116.83198947648592,14308.219178082192,0,1,0,0,0,0
1228,25.6273,20944.983006452716,-659.6383232550305,5.0,2.43,3.0,-16904.749201553645,16904.749201553645,3138.0483456800653,15.0,116.83198947648592,14308.219178082192,0,1,0,0,0,0
1229,30.6565,17627.52995113852,-659.6383232550305,5.0,2.43,3.0,-20222.202256867844,20222.202256867844,3138.0483456800653,15.0,116.83198947648592,14308.219178082192,0,1,0,0,0,0
1230,48.0966,8111.500744269025,650.0,0,2.43,3.0,31262.79,-31262.79,15071.972825128516,0,556.8949724310688,14308.219178082192,1,0,0,0,0,0
1231,29.3413,18495.08627388353,-659.6383232550305,5.0,2.43,3.0,-19354.645934122826,19354.645934122826,3138.0483456800653,15.0,116.83198947648592,14308.219178082192,0,1,0,0,0,0
1232,30.1829,17939.9346610321,-659.6383232550305,5.0,2.43,3.0,-19909.79754697426,19909.79754697426,3138.0483456800653,15.0,116.83198947648592,14308.219178082192,0,1,0,0,0,0
1233,25.5588,20990.168231595686,-659.6383232550305,5.0,2.43,3.0,-16859.563976410675,16859.563976410675,3138.0483456800653,15.0,116.83198947648592,14308.219178082192,0,1,0,0,0,0
1234,21.6287,23582.61280582028,-659.6383232550305,5.0,2.43,3.0,-14267.119402186077,14267.119402186077,3138.0483456800653,15.0,116.83198947648592,14308.219178082192,0,1,0,0,0,0
1235,23.7655,22173.09763668893,-659.6383232550305,5.0,2.43,3.0,-15676.634571317427,15676.634571317427,3138.0483456800653,15.0,116.83198947648592,14308.219178082192,0,1,0,0,0,0
1236,22.3639,23097.646710563182,-659.6383232550305,5.0,2.43,3.0,-14752.085497443177,14752.085497443177,3138.0483456800653,15.0,116.83198947648592,14308.219178082192,0,1,0,0,0,0
1237,20.179,24538.8904830431,-659.6383232550305,5.0,2.43,3.0,-13310.84172496326,13310.84172496326,3138.0483456800653,15.0,116.83198947648592,14308.219178082192,0,1,0,0,0,0
1238,20.608,24255.90564236669,-659.6383232550305,5.0,2.43,3.0,-13593.826565639669,13593.826565639669,3138.0483456800653,15.0,116.83198947648592,14308.219178082192,0,1,0,0,0,0
1239,21.2142,23856.03289080949,-659.6383232550305,5.0,2.43,3.0,-13993.69931719687,13993.69931719687,3138.0483456800653,15.0,116.83198947648592,14308.219178082192,0,1,0,0,0,0
1240,23.0201,22664.792042843234,-659.6383232550305,5.0,2.43,3.0,-15184.940165163127,15184.940165163127,3138.0483456800653,15.0,116.83198947648592,14308.219178082192,0,1,0,0,0,0
1241,23.5886,22289.787656072745,-659.6383232550305,5.0,2.43,3.0,-15559.944551933613,15559.944551933613,3138.0483456800653,15.0,116.83198947648592,14308.219178082192,0,1,0,0,0,0
1242,27.8758,19461.786236613778,-659.6383232550305,5.0,2.43,3.0,-18387.94597139258,18387.94597139258,3138.0483456800653,15.0,116.83198947648592,14308.219178082192,0,1,0,0,0,0
1243,28.0974,19315.610384180465,-659.6383232550305,5.0,2.43,3.0,-18534.121823825895,18534.121823825895,3138.0483456800653,15.0,116.83198947648592,14308.219178082192,0,1,0,0,0,0
1244,26.8432,20142.928769206927,-659.6383232550305,5.0,2.43,3.0,-17706.803438799434,17706.803438799434,3138.0483456800653,15.0,116.83198947648592,14308.219178082192,0,1,0,0,0,0
1245,26.8697,20125.448353640666,-659.6383232550305,5.0,2.43,3.0,-17724.283854365694,17724.283854365694,3138.0483456800653,15.0,116.83198947648592,14308.219178082192,0,1,0,0,0,0
1246,22.2183,23193.69005042912,-659.6383232550305,5.0,2.43,3.0,-14656.042157577243,14656.042157577243,3138.0483456800653,15.0,116.83198947648592,14308.219178082192,0,1,0,0,0,0
1247,20.5061,24323.122787506378,-659.6383232550305,5.0,2.43,3.0,-13526.60942049998,13526.60942049998,3138.0483456800653,15.0,116.83198947648592,14308.219178082192,0,1,0,0,0,0
1248,20.2611,24484.734176703863,-659.6383232550305,5.0,2.43,3.0,-13364.998031302499,13364.998031302499,3138.0483456800653,15.0,116.83198947648592,14308.219178082192,0,1,0,0,0,0
1249,20.5033,24324.969774811492,-659.6383232550305,5.0,2.43,3.0,-13524.762433194866,13524.762433194866,3138.0483456800653,15.0,116.83198947648592,14308.219178082192,0,1,0,0,0,0
1250,21.6878,23543.62818091591,-659.6383232550305,5.0,2.43,3.0,-14306.10402709045,14306.10402709045,3138.0483456800653,15.0,116.83198947648592,14308.219178082192,0,1,0,0,0,0
1251,20.5912,24266.987566197375,-659.6383232550305,5.0,2.43,3.0,-13582.744641808984,13582.744641808984,3138.0483456800653,15.0,116.83198947648592,14308.219178082192,0,1,0,0,0,0
1252,20.482,24339.020071096827,-659.6383232550305,5.0,2.43,3.0,-13510.712136909535,13510.712136909535,3138.0483456800653,15.0,116.83198947648592,14308.219178082192,0,1,0,0,0,0
1253,22.9664,22700.214620802028,-659.6383232550305,5.0,2.43,3.0,-15149.517587204333,15149.517587204333,3138.0483456800653,15.0,116.83198947648592,14308.219178082192,0,1,0,0,0,0
1254,32.8063,16209.439483804854,-659.6383232550305,5.0,2.43,3.0,-21640.292724201507,21640.292724201507,3138.0483456800653,15.0,116.83198947648592,14308.219178082192,0,1,0,0,0,0
1255,32.3582,16505.023416455435,-659.6383232550305,5.0,2.43,3.0,-21344.708791550926,21344.708791550926,3138.0483456800653,15.0,116.83198947648592,14308.219178082192,0,1,0,0,0,0
1256,27.3425,19813.57135440569,-659.6383232550305,5.0,2.43,3.0,-18036.16085360067,18036.16085360067,3138.0483456800653,15.0,116.83198947648592,14308.219178082192,0,1,0,0,0,0
1257,29.4459,18426.088105271057,-659.6383232550305,5.0,2.43,3.0,-19423.644102735303,19423.644102735303,3138.0483456800653,15.0,116.83198947648592,14308.219178082192,0,1,0,0,0,0
1258,30.6186,17652.53024358988,-659.6383232550305,5.0,2.43,3.0,-20197.20196441648,20197.20196441648,3138.0483456800653,15.0,116.83198947648592,14308.219178082192,0,1,0,0,0,0
1259,30.8315,17512.09324456889,-659.6383232550305,5.0,2.43,3.0,-20337.638963437472,20337.638963437472,3138.0483456800653,15.0,116.83198947648592,14308.219178082192,0,1,0,0,0,0
1260,25.0672,21314.44643130786,-659.6383232550305,5.0,2.43,3.0,-16535.2857766985,16535.2857766985,3138.0483456800653,15.0,116.83198947648592,14308.219178082192,0,1,0,0,0,0
1261,25.766,20853.491171017246,-659.6383232550305,5.0,2.43,3.0,-16996.241036989115,16996.241036989115,3138.0483456800653,15.0,116.83198947648592,14308.219178082192,0,1,0,0,0,0
1262,25.6327,20941.42095950714,-659.6383232550305,5.0,2.43,3.0,-16908.31124849922,16908.31124849922,3138.0483456800653,15.0,116.83198947648592,14308.219178082192,0,1,0,0,0,0
1263,25.9011,20764.37403354549,-659.6383232550305,5.0,2.43,3.0,-17085.35817446087,17085.35817446087,3138.0483456800653,15.0,116.83198947648592,14308.219178082192,0,1,0,0,0,0
1264,29.7762,18208.209567099922,-659.6383232550305,5.0,2.43,3.0,-19641.522640906438,19641.522640906438,3138.0483456800653,15.0,116.83198947648592,14308.219178082192,0,1,0,0,0,0
1265,25.8587,20792.342698451506,-659.6383232550305,5.0,2.43,3.0,-17057.389509554858,17057.389509554858,3138.0483456800653,15.0,116.83198947648592,14308.219178082192,0,1,0,0,0,0
1266,27.1776,19922.345713910443,-659.6383232550305,5.0,2.43,3.0,-17927.386494095917,17927.386494095917,3138.0483456800653,15.0,116.83198947648592,14308.219178082192,0,1,0,0,0,0
1267,25.8264,20813.649016292642,-659.6383232550305,5.0,2.43,3.0,-17036.08319171372,17036.08319171372,3138.0483456800653,15.0,116.83198947648592,14308.219178082192,0,1,0,0,0,0
1268,24.0457,21988.266978512875,-659.6383232550305,5.0,2.43,3.0,-15861.465229493488,15861.465229493488,3138.0483456800653,15.0,116.83198947648592,14308.219178082192,0,1,0,0,0,0
1269,24.8101,21484.03944421673,-659.6383232550305,5.0,2.43,3.0,-16365.692763789631,16365.692763789631,3138.0483456800653,15.0,116.83198947648592,14308.219178082192,0,1,0,0,0,0
1270,23.0368,22653.776082844874,-659.6383232550305,5.0,2.43,3.0,-15195.956125161487,15195.956125161487,3138.0483456800653,15.0,116.83198947648592,14308.219178082192,0,1,0,0,0,0
1271,20.5326,24305.64237194012,-659.6383232550305,5.0,2.43,3.0,-13544.08983606624,13544.08983606624,3138.0483456800653,15.0,116.83198947648592,14308.219178082192,0,1,0,0,0,0
1272,20.3495,24426.42214892812,-659.6383232550305,5.0,2.43,3.0,-13423.310059078243,13423.310059078243,3138.0483456800653,15.0,116.83198947648592,14308.219178082192,0,1,0,0,0,0
1273,20.749,24162.896638787734,-659.6383232550305,5.0,2.43,3.0,-13686.835569218627,13686.835569218627,3138.0483456800653,15.0,116.83198947648592,14308.219178082192,0,1,0,0,0,0
1274,19.8265,24771.4129919905,-659.6383232550305,5.0,2.43,3.0,-13078.319216015861,13078.319216015861,3138.0483456800653,15.0,116.83198947648592,14308.219178082192,0,1,0,0,0,0
1275,19.6139,24911.65209951452,-659.6383232550305,5.0,2.43,3.0,-12938.080108491844,12938.080108491844,3138.0483456800653,15.0,116.83198947648592,14308.219178082192,0,1,0,0,0,0
1276,19.7484,24822.930745036716,-659.6383232550305,5.0,2.43,3.0,-13026.801462969644,13026.801462969644,3138.0483456800653,15.0,116.83198947648592,14308.219178082192,0,1,0,0,0,0
1277,19.8262,24771.610883487476,-659.6383232550305,5.0,2.43,3.0,-13078.121324518886,13078.121324518886,3138.0483456800653,15.0,116.83198947648592,14308.219178082192,0,1,0,0,0,0
1278,20.1785,24539.22030220473,-659.6383232550305,5.0,2.43,3.0,-13310.511905801633,13310.511905801633,3138.0483456800653,15.0,116.83198947648592,14308.219178082192,0,1,0,0,0,0
1279,23.2332,22524.223116157584,-659.6383232550305,5.0,2.43,3.0,-15325.509091848775,15325.509091848775,3138.0483456800653,15.0,116.83198947648592,14308.219178082192,0,1,0,0,0,0
1280,33.3926,15822.693534880425,-659.6383232550305,5.0,2.43,3.0,-22027.03867312593,22027.03867312593,3138.0483456800653,15.0,116.83198947648592,14308.219178082192,0,1,0,0,0,0
1281,30.0093,18054.44787394917,-659.6383232550305,5.0,2.43,3.0,-19795.284334057185,19795.284334057185,3138.0483456800653,15.0,116.83198947648592,14308.219178082192,0,1,0,0,0,0
1282,31.9981,16742.559176659568,-659.6383232550305,5.0,2.43,3.0,-21107.173031346792,21107.173031346792,3138.0483456800653,15.0,116.83198947648592,14308.219178082192,0,1,0,0,0,0
1283,32.8154,16203.436775063234,-659.6383232550305,5.0,2.43,3.0,-21646.295432943127,21646.295432943127,3138.0483456800653,15.0,116.83198947648592,14308.219178082192,0,1,0,0,0,0
1284,32.0734,16692.888410918466,-659.6383232550305,5.0,2.43,3.0,-21156.843797087895,21156.843797087895,3138.0483456800653,15.0,116.83198947648592,14308.219178082192,0,1,0,0,0,0
1285,27.8077,19506.707606427448,-659.6383232550305,5.0,2.43,3.0,-18343.024601578913,18343.024601578913,3138.0483456800653,15.0,116.83198947648592,14308.219178082192,0,1,0,0,0,0
1286,26.277,20516.415987833923,-659.6383232550305,5.0,2.43,3.0,-17333.316220172437,17333.316220172437,3138.0483456800653,15.0,116.83198947648592,14308.219178082192,0,1,0,0,0,0
1287,27.1054,19969.971600849458,-659.6383232550305,5.0,2.43,3.0,-17879.760607156903,17879.760607156903,3138.0483456800653,15.0,116.83198947648592,14308.219178082192,0,1,0,0,0,0
1288,26.4072,20430.53107814612,-659.6383232550305,5.0,2.43,3.0,-17419.20112986024,17419.20112986024,3138.0483456800653,15.0,116.83198947648592,14308.219178082192,0,1,0,0,0,0
1289,26.7172,20226.043197937062,-659.6383232550305,5.0,2.43,3.0,-17623.6890100693,17623.6890100693,3138.0483456800653,15.0,116.83198947648592,14308.219178082192,0,1,0,0,0,0
1290,26.714,20228.154040571477,-659.6383232550305,5.0,2.43,3.0,-17621.578167434884,17621.578167434884,3138.0483456800653,15.0,116.83198947648592,14308.219178082192,0,1,0,0,0,0
1291,26.5594,20330.134125346704,-659.6383232550305,5.0,2.43,3.0,-17519.598082659657,17519.598082659657,3138.0483456800653,15.0,116.83198947648592,14308.219178082192,0,1,0,0,0,0
1292,26.4155,20425.0560800631,-659.6383232550305,5.0,2.43,3.0,-17424.67612794326,17424.67612794326,3138.0483456800653,15.0,116.83198947648592,14308.219178082192,0,1,0,0,0,0
1293,25.1001,21292.744330472768,-659.6383232550305,5.0,2.43,3.0,-16556.987877533593,16556.987877533593,3138.0483456800653,15.0,116.83198947648592,14308.219178082192,0,1,0,0,0,0
1294,24.0869,21961.089879594765,-659.6383232550305,5.0,2.43,3.0,-15888.642328411595,15888.642328411595,3138.0483456800653,15.0,116.83198947648592,14308.219178082192,0,1,0,0,0,0
1295,21.6222,23586.90045492144,-659.6383232550305,5.0,2.43,3.0,-14262.83175308492,14262.83175308492,3138.0483456800653,15.0,116.83198947648592,14308.219178082192,0,1,0,0,0,0
1296,23.8963,22086.816944007172,-659.6383232550305,5.0,2.43,3.0,-15762.915263999186,15762.915263999186,3138.0483456800653,15.0,116.83198947648592,14308.219178082192,0,1,0,0,0,0
1297,20.4149,24383.28180258724,-659.6383232550305,5.0,2.43,3.0,-13466.450405419122,13466.450405419122,3138.0483456800653,15.0,116.83198947648592,14308.219178082192,0,1,0,0,0,0
1298,19.6561,24883.815362273155,-659.6383232550305,5.0,2.43,3.0,-12965.916845733203,12965.916845733203,3138.0483456800653,15.0,116.83198947648592,14308.219178082192,0,1,0,0,0,0
1299,19.7798,24802.218101686507,-659.6383232550305,5.0,2.43,3.0,-13047.514106319853,13047.514106319853,3138.0483456800653,15.0,116.83198947648592,14308.219178082192,0,1,0,0,0,0
1300,19.9681,24678.008205417587,-659.6383232550305,5.0,2.43,3.0,-13171.724002588775,13171.724002588775,3138.0483456800653,15.0,116.83198947648592,14308.219178082192,0,1,0,0,0,0
1301,20.5634,24285.325511583862,-659.6383232550305,5.0,2.43,3.0,-13564.406696422495,13564.406696422495,3138.0483456800653,15.0,116.83198947648592,14308.219178082192,0,1,0,0,0,0
1302,21.8975,23405.30202452933,-659.6383232550305,5.0,2.43,3.0,-14444.43018347703,14444.43018347703,3138.0483456800653,15.0,116.83198947648592,14308.219178082192,0,1,0,0,0,0
1303,22.322,23125.285556307572,-659.6383232550305,5.0,2.43,3.0,-14724.44665169879,14724.44665169879,3138.0483456800653,15.0,116.83198947648592,14308.219178082192,0,1,0,0,0,0
1304,48.7918,8563.380744269025,650.0,0,2.43,3.0,31714.670000000002,-31714.670000000002,15071.972825128516,0,556.8949724310688,14308.219178082192,1,0,0,0,0,0
1305,27.6607,19603.67443994594,-659.6383232550305,5.0,2.43,3.0,-18246.057768060422,18246.057768060422,3138.0483456800653,15.0,116.83198947648592,14308.219178082192,0,1,0,0,0,0
1306,25.561,20988.717027284525,-659.6383232550305,5.0,2.43,3.0,-16861.015180721835,16861.015180721835,3138.0483456800653,15.0,116.83198947648592,14308.219178082192,0,1,0,0,0,0
1307,25.4353,21071.63356451768,-659.6383232550305,5.0,2.43,3.0,-16778.09864348868,16778.09864348868,3138.0483456800653,15.0,116.83198947648592,14308.219178082192,0,1,0,0,0,0
1308,25.5993,20963.452879503857,-659.6383232550305,5.0,2.43,3.0,-16886.279328502504,16886.279328502504,3138.0483456800653,15.0,116.83198947648592,14308.219178082192,0,1,0,0,0,0
1309,23.0315,22657.272165958122,-659.6383232550305,5.0,2.43,3.0,-15192.460042048237,15192.460042048237,3138.0483456800653,15.0,116.83198947648592,14308.219178082192,0,1,0,0,0,0
1310,22.258,23167.50240899589,-659.6383232550305,5.0,2.43,3.0,-14682.229799010469,14682.229799010469,3138.0483456800653,15.0,116.83198947648592,14308.219178082192,0,1,0,0,0,0
1311,19.363,25077.155354819206,-659.6383232550305,5.0,2.43,3.0,-12772.576853187156,12772.576853187156,3138.0483456800653,15.0,116.83198947648592,14308.219178082192,0,1,0,0,0,0
1312,21.4067,23729.052513582898,-659.6383232550305,5.0,2.43,3.0,-14120.679694423463,14120.679694423463,3138.0483456800653,15.0,116.83198947648592,14308.219178082192,0,1,0,0,0,0
1313,25.5162,21018.26882416635,-659.6383232550305,5.0,2.43,3.0,-16831.46338384001,16831.46338384001,3138.0483456800653,15.0,116.83198947648592,14308.219178082192,0,1,0,0,0,0
1314,46.2541,7338.755240335853,-659.6383232550305,5.0,2.43,3.0,-30510.976967670507,30510.976967670507,3138.0483456800653,15.0,116.83198947648592,14308.219178082192,0,1,0,0,0,0
1315,28.7176,18906.502696097694,-659.6383232550305,5.0,2.43,3.0,-18943.229511908667,18943.229511908667,3138.0483456800653,15.0,116.83198947648592,14308.219178082192,0,1,0,0,0,0
1316,25.5826,20974.46883950222,-659.6383232550305,5.0,2.43,3.0,-16875.263368504144,16875.263368504144,3138.0483456800653,15.0,116.83198947648592,14308.219178082192,0,1,0,0,0,0
1317,24.6257,21605.676751024956,-659.6383232550305,5.0,2.43,3.0,-16244.055456981403,16244.055456981403,3138.0483456800653,15.0,116.83198947648592,14308.219178082192,0,1,0,0,0,0
1318,23.8078,22145.194935615244,-659.6383232550305,5.0,2.43,3.0,-15704.537272391115,15704.537272391115,3138.0483456800653,15.0,116.83198947648592,14308.219178082192,0,1,0,0,0,0
1319,21.3151,23789.475383993056,-659.6383232550305,5.0,2.43,3.0,-14060.256824013302,14060.256824013302,3138.0483456800653,15.0,116.83198947648592,14308.219178082192,0,1,0,0,0,0
1320,31.8185,16861.03021951617,-659.6383232550305,5.0,2.43,3.0,-20988.70198849019,20988.70198849019,3138.0483456800653,15.0,116.83198947648592,14308.219178082192,0,1,0,0,0,0
1321,24.6928,21561.415019534543,-659.6383232550305,5.0,2.43,3.0,-16288.317188471816,16288.317188471816,3138.0483456800653,15.0,116.83198947648592,14308.219178082192,0,1,0,0,0,0
1322,25.3306,21140.697696962485,-659.6383232550305,5.0,2.43,3.0,-16709.034511043876,16709.034511043876,3138.0483456800653,15.0,116.83198947648592,14308.219178082192,0,1,0,0,0,0
1323,24.3504,21787.275181417066,-659.6383232550305,5.0,2.43,3.0,-16062.457026589296,16062.457026589296,3138.0483456800653,15.0,116.83198947648592,14308.219178082192,0,1,0,0,0,0
1324,32.3115,16535.82852615144,-659.6383232550305,5.0,2.43,3.0,-21313.90368185492,21313.90368185492,3138.0483456800653,15.0,116.83198947648592,14308.219178082192,0,1,0,0,0,0
1325,178.4965,92871.43574426902,650.0,0,2.43,3.0,116022.72499999999,-116022.72499999999,15071.972825128516,0,556.8949724310688,14308.219178082192,1,0,0,0,0,0
1326,166.2548,84914.33074426903,650.0,0,2.43,3.0,108065.62,-108065.62,15071.972825128516,0,556.8949724310688,14308.219178082192,1,0,0,0,0,0
1327,29.1358,18630.64194931244,-659.6383232550305,5.0,2.43,3.0,-19219.09025869392,19219.09025869392,3138.0483456800653,15.0,116.83198947648592,14308.219178082192,0,1,0,0,0,0
1328,27.3317,19820.695448296843,-659.6383232550305,5.0,2.43,3.0,-18029.036759709517,18029.036759709517,3138.0483456800653,15.0,116.83198947648592,14308.219178082192,0,1,0,0,0,0
1329,31.9526,16772.572720367672,-659.6383232550305,5.0,2.43,3.0,-21077.159487638688,21077.159487638688,3138.0483456800653,15.0,116.83198947648592,14308.219178082192,0,1,0,0,0,0
1330,34.5014,15091.286562055255,-659.6383232550305,5.0,2.43,3.0,-22758.44564595111,22758.44564595111,3138.0483456800653,15.0,116.83198947648592,14308.219178082192,0,1,0,0,0,0
1331,28.4233,19100.634254631652,-659.6383232550305,5.0,2.43,3.0,-18749.09795337471,18749.09795337471,3138.0483456800653,15.0,116.83198947648592,14308.219178082192,0,1,0,0,0,0
1332,25.3296,21141.357335285742,-659.6383232550305,5.0,2.43,3.0,-16708.374872720622,16708.374872720622,3138.0483456800653,15.0,116.83198947648592,14308.219178082192,0,1,0,0,0,0
1333,27.0381,20014.36526000452,-659.6383232550305,5.0,2.43,3.0,-17835.36694800184,17835.36694800184,3138.0483456800653,15.0,116.83198947648592,14308.219178082192,0,1,0,0,0,0
1334,23.91,22077.77989897858,-659.6383232550305,5.0,2.43,3.0,-15771.95230902778,15771.95230902778,3138.0483456800653,15.0,116.83198947648592,14308.219178082192,0,1,0,0,0,0
1335,24.0339,21996.050710727282,-659.6383232550305,5.0,2.43,3.0,-15853.681497279078,15853.681497279078,3138.0483456800653,15.0,116.83198947648592,14308.219178082192,0,1,0,0,0,0
1336,25.0964,21295.184992268812,-659.6383232550305,5.0,2.43,3.0,-16554.547215737548,16554.547215737548,3138.0483456800653,15.0,116.83198947648592,14308.219178082192,0,1,0,0,0,0
1337,25.6257,20946.038427769927,-659.6383232550305,5.0,2.43,3.0,-16903.693780236434,16903.693780236434,3138.0483456800653,15.0,116.83198947648592,14308.219178082192,0,1,0,0,0,0
1338,39.8006,11595.73115946219,-659.6383232550305,5.0,2.43,3.0,-26254.00104854417,26254.00104854417,3138.0483456800653,15.0,116.83198947648592,14308.219178082192,0,1,0,0,0,0
1339,38.1453,12687.630475946247,-659.6383232550305,5.0,2.43,3.0,-25162.101732060113,25162.101732060113,3138.0483456800653,15.0,116.83198947648592,14308.219178082192,0,1,0,0,0,0
1340,34.1243,15340.036173754721,-659.6383232550305,5.0,2.43,3.0,-22509.696034251636,22509.696034251636,3138.0483456800653,15.0,116.83198947648592,14308.219178082192,0,1,0,0,0,0
1341,32.1218,16660.961916072923,-659.6383232550305,5.0,2.43,3.0,-21188.77029193344,21188.77029193344,3138.0483456800653,15.0,116.83198947648592,14308.219178082192,0,1,0,0,0,0
1342,26.3801,20448.40727670633,-659.6383232550305,5.0,2.43,3.0,-17401.32493130003,17401.32493130003,3138.0483456800653,15.0,116.83198947648592,14308.219178082192,0,1,0,0,0,0
1343,25.4448,21065.36700044676,-659.6383232550305,5.0,2.43,3.0,-16784.3652075596,16784.3652075596,3138.0483456800653,15.0,116.83198947648592,14308.219178082192,0,1,0,0,0,0
1344,24.5612,21648.223422874908,-659.6383232550305,5.0,2.43,3.0,-16201.508785131455,16201.508785131455,3138.0483456800653,15.0,116.83198947648592,14308.219178082192,0,1,0,0,0,0
1345,25.2597,21187.46605408127,-659.6383232550305,5.0,2.43,3.0,-16662.266153925095,16662.266153925095,3138.0483456800653,15.0,116.83198947648592,14308.219178082192,0,1,0,0,0,0
1346,23.7818,22162.345532019877,-659.6383232550305,5.0,2.43,3.0,-15687.386675986485,15687.386675986485,3138.0483456800653,15.0,116.83198947648592,14308.219178082192,0,1,0,0,0,0
1347,23.6243,22266.23856793254,-659.6383232550305,5.0,2.43,3.0,-15583.493640073819,15583.493640073819,3138.0483456800653,15.0,116.83198947648592,14308.219178082192,0,1,0,0,0,0
1348,24.7183,21544.59424229154,-659.6383232550305,5.0,2.43,3.0,-16305.13796571482,16305.13796571482,3138.0483456800653,15.0,116.83198947648592,14308.219178082192,0,1,0,0,0,0
1349,25.0669,21314.644322804837,-659.6383232550305,5.0,2.43,3.0,-16535.087885201523,16535.087885201523,3138.0483456800653,15.0,116.83198947648592,14308.219178082192,0,1,0,0,0,0
1350,27.3361,19817.79303967452,-659.6383232550305,5.0,2.43,3.0,-18031.93916833184,18031.93916833184,3138.0483456800653,15.0,116.83198947648592,14308.219178082192,0,1,0,0,0,0
1351,30.0041,18057.8779932301,-659.6383232550305,5.0,2.43,3.0,-19791.85421477626,19791.85421477626,3138.0483456800653,15.0,116.83198947648592,14308.219178082192,0,1,0,0,0,0
1352,27.6474,19612.44762964523,-659.6383232550305,5.0,2.43,3.0,-18237.28457836113,18237.28457836113,3138.0483456800653,15.0,116.83198947648592,14308.219178082192,0,1,0,0,0,0
1353,27.6508,19610.204859346162,-659.6383232550305,5.0,2.43,3.0,-18239.5273486602,18239.5273486602,3138.0483456800653,15.0,116.83198947648592,14308.219178082192,0,1,0,0,0,0
1354,25.6173,20951.57938968527,-659.6383232550305,5.0,2.43,3.0,-16898.152818321094,16898.152818321094,3138.0483456800653,15.0,116.83198947648592,14308.219178082192,0,1,0,0,0,0
1355,24.0062,22014.32269228145,-659.6383232550305,5.0,2.43,3.0,-15835.409515724914,15835.409515724914,3138.0483456800653,15.0,116.83198947648592,14308.219178082192,0,1,0,0,0,0
1356,23.954,22048.75581275536,-659.6383232550305,5.0,2.43,3.0,-15800.976395251002,15800.976395251002,3138.0483456800653,15.0,116.83198947648592,14308.219178082192,0,1,0,0,0,0
1357,24.0101,22011.75010282075,-659.6383232550305,5.0,2.43,3.0,-15837.982105185609,15837.982105185609,3138.0483456800653,15.0,116.83198947648592,14308.219178082192,0,1,0,0,0,0
1358,23.8903,22090.77477394671,-659.6383232550305,5.0,2.43,3.0,-15758.957434059655,15758.957434059655,3138.0483456800653,15.0,116.83198947648592,14308.219178082192,0,1,0,0,0,0
1359,23.3885,22421.78128455608,-659.6383232550305,5.0,2.43,3.0,-15427.950923450282,15427.950923450282,3138.0483456800653,15.0,116.83198947648592,14308.219178082192,0,1,0,0,0,0
1360,23.5886,22289.787656072745,-659.6383232550305,5.0,2.43,3.0,-15559.944551933613,15559.944551933613,3138.0483456800653,15.0,116.83198947648592,14308.219178082192,0,1,0,0,0,0
1361,25.4183,21082.84741601302,-659.6383232550305,5.0,2.43,3.0,-16766.88479199334,16766.88479199334,3138.0483456800653,15.0,116.83198947648592,14308.219178082192,0,1,0,0,0,0
1362,28.9024,18784.601533960165,-659.6383232550305,5.0,2.43,3.0,-19065.130674046195,19065.130674046195,3138.0483456800653,15.0,116.83198947648592,14308.219178082192,0,1,0,0,0,0
1363,31.1648,17292.23579142799,-659.6383232550305,5.0,2.43,3.0,-20557.496416578375,20557.496416578375,3138.0483456800653,15.0,116.83198947648592,14308.219178082192,0,1,0,0,0,0
1364,28.5934,18988.429775845972,-659.6383232550305,5.0,2.43,3.0,-18861.302432160388,18861.302432160388,3138.0483456800653,15.0,116.83198947648592,14308.219178082192,0,1,0,0,0,0
1365,25.8532,20795.970709229405,-659.6383232550305,5.0,2.43,3.0,-17053.761498776956,17053.761498776956,3138.0483456800653,15.0,116.83198947648592,14308.219178082192,0,1,0,0,0,0
1366,25.6091,20956.988423935956,-659.6383232550305,5.0,2.43,3.0,-16892.743784070404,16892.743784070404,3138.0483456800653,15.0,116.83198947648592,14308.219178082192,0,1,0,0,0,0
1367,24.7371,21532.193041814346,-659.6383232550305,5.0,2.43,3.0,-16317.539166192017,16317.539166192017,3138.0483456800653,15.0,116.83198947648592,14308.219178082192,0,1,0,0,0,0
1368,25.9799,20712.394533672996,-659.6383232550305,5.0,2.43,3.0,-17137.33767433337,17137.33767433337,3138.0483456800653,15.0,116.83198947648592,14308.219178082192,0,1,0,0,0,0
1369,25.9857,20708.568631398113,-659.6383232550305,5.0,2.43,3.0,-17141.163576608247,17141.163576608247,3138.0483456800653,15.0,116.83198947648592,14308.219178082192,0,1,0,0,0,0
1370,25.8898,20771.82794659827,-659.6383232550305,5.0,2.43,3.0,-17077.90426140809,17077.90426140809,3138.0483456800653,15.0,116.83198947648592,14308.219178082192,0,1,0,0,0,0
1371,26.975,20055.98843820191,-659.6383232550305,5.0,2.43,3.0,-17793.74376980445,17793.74376980445,3138.0483456800653,15.0,116.83198947648592,14308.219178082192,0,1,0,0,0,0
1372,27.3286,19822.740327098934,-659.6383232550305,5.0,2.43,3.0,-18026.99188090743,18026.99188090743,3138.0483456800653,15.0,116.83198947648592,14308.219178082192,0,1,0,0,0,0
1373,26.7139,20228.220004403804,-659.6383232550305,5.0,2.43,3.0,-17621.51220360256,17621.51220360256,3138.0483456800653,15.0,116.83198947648592,14308.219178082192,0,1,0,0,0,0
1374,28.7824,18863.75813275077,-659.6383232550305,5.0,2.43,3.0,-18985.974075255588,18985.974075255588,3138.0483456800653,15.0,116.83198947648592,14308.219178082192,0,1,0,0,0,0
1375,48.0912,8107.990744269023,650.0,0,2.43,3.0,31259.28,-31259.28,15071.972825128516,0,556.8949724310688,14308.219178082192,1,0,0,0,0,0
1376,37.0291,13423.918772363511,-659.6383232550305,5.0,2.43,3.0,-24425.81343564285,24425.81343564285,3138.0483456800653,15.0,116.83198947648592,14308.219178082192,0,1,0,0,0,0
1377,32.9473,16116.430480225896,-659.6383232550305,5.0,2.43,3.0,-21733.301727780465,21733.301727780465,3138.0483456800653,15.0,116.83198947648592,14308.219178082192,0,1,0,0,0,0
1378,33.0948,16019.133827545778,-659.6383232550305,5.0,2.43,3.0,-21830.598380460582,21830.598380460582,3138.0483456800653,15.0,116.83198947648592,14308.219178082192,0,1,0,0,0,0
1379,37.6872,12989.810791829379,-659.6383232550305,5.0,2.43,3.0,-24859.921416176985,24859.921416176985,3138.0483456800653,15.0,116.83198947648592,14308.219178082192,0,1,0,0,0,0
1380,25.5484,20997.02847015754,-659.6383232550305,5.0,2.43,3.0,-16852.703737848824,16852.703737848824,3138.0483456800653,15.0,116.83198947648592,14308.219178082192,0,1,0,0,0,0
1381,25.364,21118.665776965765,-659.6383232550305,5.0,2.43,3.0,-16731.066431040595,16731.066431040595,3138.0483456800653,15.0,116.83198947648592,14308.219178082192,0,1,0,0,0,0
1382,25.244,21197.82237575637,-659.6383232550305,5.0,2.43,3.0,-16651.90983224999,16651.90983224999,3138.0483456800653,15.0,116.83198947648592,14308.219178082192,0,1,0,0,0,0
1383,33.2689,15904.290795467077,-659.6383232550305,5.0,2.43,3.0,-21945.441412539287,21945.441412539287,3138.0483456800653,15.0,116.83198947648592,14308.219178082192,0,1,0,0,0,0
1384,27.99,19386.455540098057,-659.6383232550305,5.0,2.43,3.0,-18463.276667908303,18463.276667908303,3138.0483456800653,15.0,116.83198947648592,14308.219178082192,0,1,0,0,0,0
1385,30.0007,18060.12076352917,-659.6383232550305,5.0,2.43,3.0,-19789.611444477192,19789.611444477192,3138.0483456800653,15.0,116.83198947648592,14308.219178082192,0,1,0,0,0,0
1386,33.3081,15878.432973195479,-659.6383232550305,5.0,2.43,3.0,-21971.299234810886,21971.299234810886,3138.0483456800653,15.0,116.83198947648592,14308.219178082192,0,1,0,0,0,0
1387,35.1881,14638.312925476024,-659.6383232550305,5.0,2.43,3.0,-23211.41928253034,23211.41928253034,3138.0483456800653,15.0,116.83198947648592,14308.219178082192,0,1,0,0,0,0
1388,40.1876,11340.451128362496,-659.6383232550305,5.0,2.43,3.0,-26509.281079643868,26509.281079643868,3138.0483456800653,15.0,116.83198947648592,14308.219178082192,0,1,0,0,0,0
1389,29.0299,18700.49764774515,-659.6383232550305,5.0,2.43,3.0,-19149.23456026121,19149.23456026121,3138.0483456800653,15.0,116.83198947648592,14308.219178082192,0,1,0,0,0,0
1390,26.1211,20619.253602429384,-659.6383232550305,5.0,2.43,3.0,-17230.478605576976,17230.478605576976,3138.0483456800653,15.0,116.83198947648592,14308.219178082192,0,1,0,0,0,0
1391,28.4351,19092.850522417244,-659.6383232550305,5.0,2.43,3.0,-18756.881685589116,18756.881685589116,3138.0483456800653,15.0,116.83198947648592,14308.219178082192,0,1,0,0,0,0
1392,27.6038,19641.20786053915,-659.6383232550305,5.0,2.43,3.0,-18208.52434746721,18208.52434746721,3138.0483456800653,15.0,116.83198947648592,14308.219178082192,0,1,0,0,0,0
1393,24.75,21523.683707444354,-659.6383232550305,5.0,2.43,3.0,-16326.048500562005,16326.048500562005,3138.0483456800653,15.0,116.83198947648592,14308.219178082192,0,1,0,0,0,0
1394,24.3837,21765.309225252673,-659.6383232550305,5.0,2.43,3.0,-16084.422982753687,16084.422982753687,3138.0483456800653,15.0,116.83198947648592,14308.219178082192,0,1,0,0,0,0
1395,24.3205,21806.99836728239,-659.6383232550305,5.0,2.43,3.0,-16042.73384072397,16042.73384072397,3138.0483456800653,15.0,116.83198947648592,14308.219178082192,0,1,0,0,0,0
1396,25.6969,20899.072179154165,-659.6383232550305,5.0,2.43,3.0,-16950.660028852195,16950.660028852195,3138.0483456800653,15.0,116.83198947648592,14308.219178082192,0,1,0,0,0,0
1397,25.8506,20797.68576886987,-659.6383232550305,5.0,2.43,3.0,-17052.04643913649,17052.04643913649,3138.0483456800653,15.0,116.83198947648592,14308.219178082192,0,1,0,0,0,0
1398,32.3439,16514.456244477984,-659.6383232550305,5.0,2.43,3.0,-21335.27596352838,21335.27596352838,3138.0483456800653,15.0,116.83198947648592,14308.219178082192,0,1,0,0,0,0
1399,36.0279,14084.348661606447,-659.6383232550305,5.0,2.43,3.0,-23765.383546399917,23765.383546399917,3138.0483456800653,15.0,116.83198947648592,14308.219178082192,0,1,0,0,0,0
1400,42.4582,9842.676351579626,-659.6383232550305,5.0,2.43,3.0,-28007.055856426734,28007.055856426734,3138.0483456800653,15.0,116.83198947648592,14308.219178082192,0,1,0,0,0,0
1401,46.3598,7269.031469567795,-659.6383232550305,5.0,2.43,3.0,-30580.700738438565,30580.700738438565,3138.0483456800653,15.0,116.83198947648592,14308.219178082192,0,1,0,0,0,0
1402,25.9809,20711.73489534974,-659.6383232550305,5.0,2.43,3.0,-17137.997312656622,17137.997312656622,3138.0483456800653,15.0,116.83198947648592,14308.219178082192,0,1,0,0,0,0
1403,26.7723,20189.697126325707,-659.6383232550305,5.0,2.43,3.0,-17660.035081680653,17660.035081680653,3138.0483456800653,15.0,116.83198947648592,14308.219178082192,0,1,0,0,0,0
1404,27.468,19730.786744837184,-659.6383232550305,5.0,2.43,3.0,-18118.945463169177,18118.945463169177,3138.0483456800653,15.0,116.83198947648592,14308.219178082192,0,1,0,0,0,0
1405,26.5142,20359.94977755783,-659.6383232550305,5.0,2.43,3.0,-17489.78243044853,17489.78243044853,3138.0483456800653,15.0,116.83198947648592,14308.219178082192,0,1,0,0,0,0
1406,26.0883,20640.889739432147,-659.6383232550305,5.0,2.43,3.0,-17208.842468574214,17208.842468574214,3138.0483456800653,15.0,116.83198947648592,14308.219178082192,0,1,0,0,0,0
1407,28.8444,18822.860556708958,-659.6383232550305,5.0,2.43,3.0,-19026.871651297402,19026.871651297402,3138.0483456800653,15.0,116.83198947648592,14308.219178082192,0,1,0,0,0,0
1408,37.5789,13061.249622237898,-659.6383232550305,5.0,2.43,3.0,-24788.482585768463,24788.482585768463,3138.0483456800653,15.0,116.83198947648592,14308.219178082192,0,1,0,0,0,0
1409,29.6149,18314.60922864096,-659.6383232550305,5.0,2.43,3.0,-19535.122979365402,19535.122979365402,3138.0483456800653,15.0,116.83198947648592,14308.219178082192,0,1,0,0,0,0
1410,29.2744,18539.216077709294,-659.6383232550305,5.0,2.43,3.0,-19310.516130297066,19310.516130297066,3138.0483456800653,15.0,116.83198947648592,14308.219178082192,0,1,0,0,0,0
1411,36.9686,13463.826890920438,-659.6383232550305,5.0,2.43,3.0,-24385.905317085922,24385.905317085922,3138.0483456800653,15.0,116.83198947648592,14308.219178082192,0,1,0,0,0,0
1412,52.8668,11212.130744269021,650.0,0,2.43,3.0,34363.42,-34363.42,15071.972825128516,0,556.8949724310688,14308.219178082192,1,0,0,0,0,0
1413,40.5265,11116.899700611368,-659.6383232550305,5.0,2.43,3.0,-26732.832507394993,26732.832507394993,3138.0483456800653,15.0,116.83198947648592,14308.219178082192,0,1,0,0,0,0
1414,25.882,20776.97312551966,-659.6383232550305,5.0,2.43,3.0,-17072.7590824867,17072.7590824867,3138.0483456800653,15.0,116.83198947648592,14308.219178082192,0,1,0,0,0,0
1415,24.8905,21431.004523027023,-659.6383232550305,5.0,2.43,3.0,-16418.727684979338,16418.727684979338,3138.0483456800653,15.0,116.83198947648592,14308.219178082192,0,1,0,0,0,0
1416,25.8915,20770.70656144874,-659.6383232550305,5.0,2.43,3.0,-17079.025646557624,17079.025646557624,3138.0483456800653,15.0,116.83198947648592,14308.219178082192,0,1,0,0,0,0
1417,25.4735,21046.43538056934,-659.6383232550305,5.0,2.43,3.0,-16803.29682743702,16803.29682743702,3138.0483456800653,15.0,116.83198947648592,14308.219178082192,0,1,0,0,0,0
1418,25.0759,21308.70757789554,-659.6383232550305,5.0,2.43,3.0,-16541.02463011082,16541.02463011082,3138.0483456800653,15.0,116.83198947648592,14308.219178082192,0,1,0,0,0,0
1419,26.5753,20319.645876006947,-659.6383232550305,5.0,2.43,3.0,-17530.086331999413,17530.086331999413,3138.0483456800653,15.0,116.83198947648592,14308.219178082192,0,1,0,0,0,0
1420,26.2793,20514.89881969044,-659.6383232550305,5.0,2.43,3.0,-17334.83338831592,17334.83338831592,3138.0483456800653,15.0,116.83198947648592,14308.219178082192,0,1,0,0,0,0
1421,25.8582,20792.67251761313,-659.6383232550305,5.0,2.43,3.0,-17057.05969039323,17057.05969039323,3138.0483456800653,15.0,116.83198947648592,14308.219178082192,0,1,0,0,0,0
1422,28.5455,19020.026451529888,-659.6383232550305,5.0,2.43,3.0,-18829.705756476473,18829.705756476473,3138.0483456800653,15.0,116.83198947648592,14308.219178082192,0,1,0,0,0,0
1423,29.8298,18172.85295297345,-659.6383232550305,5.0,2.43,3.0,-19676.87925503291,19676.87925503291,3138.0483456800653,15.0,116.83198947648592,14308.219178082192,0,1,0,0,0,0
1424,35.1492,14663.972856250643,-659.6383232550305,5.0,2.43,3.0,-23185.759351755718,23185.759351755718,3138.0483456800653,15.0,116.83198947648592,14308.219178082192,0,1,0,0,0,0
1425,36.8199,13561.915109588466,-659.6383232550305,5.0,2.43,3.0,-24287.817098417898,24287.817098417898,3138.0483456800653,15.0,116.83198947648592,14308.219178082192,0,1,0,0,0,0
1426,27.8487,19479.662435173992,-659.6383232550305,5.0,2.43,3.0,-18370.06977283237,18370.06977283237,3138.0483456800653,15.0,116.83198947648592,14308.219178082192,0,1,0,0,0,0
1427,29.7265,18240.993591765695,-659.6383232550305,5.0,2.43,3.0,-19608.738616240666,19608.738616240666,3138.0483456800653,15.0,116.83198947648592,14308.219178082192,0,1,0,0,0,0
1428,32.3418,16515.841484956814,-659.6383232550305,5.0,2.43,3.0,-21333.890723049546,21333.890723049546,3138.0483456800653,15.0,116.83198947648592,14308.219178082192,0,1,0,0,0,0
1429,43.3912,9227.23379598268,-659.6383232550305,5.0,2.43,3.0,-28622.498412023677,28622.498412023677,3138.0483456800653,15.0,116.83198947648592,14308.219178082192,0,1,0,0,0,0
1430,30.9446,17437.488150208745,-659.6383232550305,5.0,2.43,3.0,-20412.24405779762,20412.24405779762,3138.0483456800653,15.0,116.83198947648592,14308.219178082192,0,1,0,0,0,0
1431,30.1851,17938.48345672094,-659.6383232550305,5.0,2.43,3.0,-19911.24875128542,19911.24875128542,3138.0483456800653,15.0,116.83198947648592,14308.219178082192,0,1,0,0,0,0
1432,28.9291,18766.98919072926,-659.6383232550305,5.0,2.43,3.0,-19082.743017277102,19082.743017277102,3138.0483456800653,15.0,116.83198947648592,14308.219178082192,0,1,0,0,0,0
1433,28.8546,18816.132245811757,-659.6383232550305,5.0,2.43,3.0,-19033.599962194603,19033.599962194603,3138.0483456800653,15.0,116.83198947648592,14308.219178082192,0,1,0,0,0,0
1434,47.8093,7924.755744269026,650.0,0,2.43,3.0,31076.045000000002,-31076.045000000002,15071.972825128516,0,556.8949724310688,14308.219178082192,1,0,0,0,0,0
1435,43.1883,9361.07441177113,-659.6383232550305,5.0,2.43,3.0,-28488.657796235235,28488.657796235235,3138.0483456800653,15.0,116.83198947648592,14308.219178082192,0,1,0,0,0,0
1436,29.48,18403.59443844806,-659.6383232550305,5.0,2.43,3.0,-19446.1377695583,19446.1377695583,3138.0483456800653,15.0,116.83198947648592,14308.219178082192,0,1,0,0,0,0
1437,28.0966,19316.138094839072,-659.6383232550305,5.0,2.43,3.0,-18533.594113167288,18533.594113167288,3138.0483456800653,15.0,116.83198947648592,14308.219178082192,0,1,0,0,0,0
1438,27.9481,19414.094385842443,-659.6383232550305,5.0,2.43,3.0,-18435.637822163917,18435.637822163917,3138.0483456800653,15.0,116.83198947648592,14308.219178082192,0,1,0,0,0,0
1439,26.3021,20499.859065920224,-659.6383232550305,5.0,2.43,3.0,-17349.873142086137,17349.873142086137,3138.0483456800653,15.0,116.83198947648592,14308.219178082192,0,1,0,0,0,0
1440,27.0494,20006.91134695174,-659.6383232550305,5.0,2.43,3.0,-17842.82086105462,17842.82086105462,3138.0483456800653,15.0,116.83198947648592,14308.219178082192,0,1,0,0,0,0
1441,43.9745,8842.466762028023,-659.6383232550305,5.0,2.43,3.0,-29007.265445978337,29007.265445978337,3138.0483456800653,15.0,116.83198947648592,14308.219178082192,0,1,0,0,0,0
1442,40.1416,11370.794491232227,-659.6383232550305,5.0,2.43,3.0,-26478.93771677413,26478.93771677413,3138.0483456800653,15.0,116.83198947648592,14308.219178082192,0,1,0,0,0,0
1443,28.7615,18877.5445737068,-659.6383232550305,5.0,2.43,3.0,-18972.18763429956,18972.18763429956,3138.0483456800653,15.0,116.83198947648592,14308.219178082192,0,1,0,0,0,0
1444,30.7033,17596.658877610185,-659.6383232550305,5.0,2.43,3.0,-20253.07333039618,20253.07333039618,3138.0483456800653,15.0,116.83198947648592,14308.219178082192,0,1,0,0,0,0
1445,24.8839,21435.35813596051,-659.6383232550305,5.0,2.43,3.0,-16414.374072045855,16414.374072045855,3138.0483456800653,15.0,116.83198947648592,14308.219178082192,0,1,0,0,0,0
1446,25.7903,20837.461959762146,-659.6383232550305,5.0,2.43,3.0,-17012.27024824421,17012.27024824421,3138.0483456800653,15.0,116.83198947648592,14308.219178082192,0,1,0,0,0,0
1447,27.2548,19871.421635355156,-659.6383232550305,5.0,2.43,3.0,-17978.310572651204,17978.310572651204,3138.0483456800653,15.0,116.83198947648592,14308.219178082192,0,1,0,0,0,0
1448,51.1352,10086.59074426902,650.0,0,2.43,3.0,33237.88,-33237.88,15071.972825128516,0,556.8949724310688,14308.219178082192,1,0,0,0,0,0
1449,31.3696,17157.141862825356,-659.6383232550305,5.0,2.43,3.0,-20692.590345181005,20692.590345181005,3138.0483456800653,15.0,116.83198947648592,14308.219178082192,0,1,0,0,0,0
1450,33.9652,15444.984630984596,-659.6383232550305,5.0,2.43,3.0,-22404.747577021764,22404.747577021764,3138.0483456800653,15.0,116.83198947648592,14308.219178082192,0,1,0,0,0,0
1451,30.0451,18030.83282197664,-659.6383232550305,5.0,2.43,3.0,-19818.89938602972,19818.89938602972,3138.0483456800653,15.0,116.83198947648592,14308.219178082192,0,1,0,0,0,0
1452,28.3613,19141.531830673463,-659.6383232550305,5.0,2.43,3.0,-18708.200377332898,18708.200377332898,3138.0483456800653,15.0,116.83198947648592,14308.219178082192,0,1,0,0,0,0
1453,26.3228,20486.204552628842,-659.6383232550305,5.0,2.43,3.0,-17363.52765537752,17363.52765537752,3138.0483456800653,15.0,116.83198947648592,14308.219178082192,0,1,0,0,0,0
1454,25.427,21077.1085626007,-659.6383232550305,5.0,2.43,3.0,-16772.62364540566,16772.62364540566,3138.0483456800653,15.0,116.83198947648592,14308.219178082192,0,1,0,0,0,0
1455,26.0813,20645.507207694936,-659.6383232550305,5.0,2.43,3.0,-17204.225000311428,17204.225000311428,3138.0483456800653,15.0,116.83198947648592,14308.219178082192,0,1,0,0,0,0
1456,26.3067,20496.824729633252,-659.6383232550305,5.0,2.43,3.0,-17352.907478373112,17352.907478373112,3138.0483456800653,15.0,116.83198947648592,14308.219178082192,0,1,0,0,0,0
1457,26.2841,20511.732555738814,-659.6383232550305,5.0,2.43,3.0,-17337.999652267546,17337.999652267546,3138.0483456800653,15.0,116.83198947648592,14308.219178082192,0,1,0,0,0,0
1458,28.2264,19230.517040480565,-659.6383232550305,5.0,2.43,3.0,-18619.215167525796,18619.215167525796,3138.0483456800653,15.0,116.83198947648592,14308.219178082192,0,1,0,0,0,0
1459,27.0614,19998.99568707268,-659.6383232550305,5.0,2.43,3.0,-17850.736520933682,17850.736520933682,3138.0483456800653,15.0,116.83198947648592,14308.219178082192,0,1,0,0,0,0
1460,26.7056,20233.695002486817,-659.6383232550305,5.0,2.43,3.0,-17616.037205519544,17616.037205519544,3138.0483456800653,15.0,116.83198947648592,14308.219178082192,0,1,0,0,0,0
1461,25.1255,21275.989517062095,-659.6383232550305,5.0,2.43,3.0,-16573.74269094427,16573.74269094427,3138.0483456800653,15.0,116.83198947648592,14308.219178082192,0,1,0,0,0,0
1462,25.5525,20994.323953032195,-659.6383232550305,5.0,2.43,3.0,-16855.408254974165,16855.408254974165,3138.0483456800653,15.0,116.83198947648592,14308.219178082192,0,1,0,0,0,0
1463,24.8449,21461.084030567454,-659.6383232550305,5.0,2.43,3.0,-16388.648177438907,16388.648177438907,3138.0483456800653,15.0,116.83198947648592,14308.219178082192,0,1,0,0,0,0
1464,24.6669,21578.49965210685,-659.6383232550305,5.0,2.43,3.0,-16271.23255589951,16271.23255589951,3138.0483456800653,15.0,116.83198947648592,14308.219178082192,0,1,0,0,0,0
1465,23.7327,22194.733773691696,-659.6383232550305,5.0,2.43,3.0,-15654.998434314664,15654.998434314664,3138.0483456800653,15.0,116.83198947648592,14308.219178082192,0,1,0,0,0,0
1466,23.5757,22298.296990442737,-659.6383232550305,5.0,2.43,3.0,-15551.435217563623,15551.435217563623,3138.0483456800653,15.0,116.83198947648592,14308.219178082192,0,1,0,0,0,0
1467,22.736,22852.195290479987,-659.6383232550305,5.0,2.43,3.0,-14997.536917526375,14997.536917526375,3138.0483456800653,15.0,116.83198947648592,14308.219178082192,0,1,0,0,0,0
1468,22.4134,23064.994613562063,-659.6383232550305,5.0,2.43,3.0,-14784.737594444301,14784.737594444301,3138.0483456800653,15.0,116.83198947648592,14308.219178082192,0,1,0,0,0,0
1469,21.8873,23412.03033542653,-659.6383232550305,5.0,2.43,3.0,-14437.70187257983,14437.70187257983,3138.0483456800653,15.0,116.83198947648592,14308.219178082192,0,1,0,0,0,0
1470,22.3111,23132.47561403105,-659.6383232550305,5.0,2.43,3.0,-14717.256593975311,14717.256593975311,3138.0483456800653,15.0,116.83198947648592,14308.219178082192,0,1,0,0,0,0
1471,22.2575,23167.832228157517,-659.6383232550305,5.0,2.43,3.0,-14681.899979848842,14681.899979848842,3138.0483456800653,15.0,116.83198947648592,14308.219178082192,0,1,0,0,0,0
1472,23.1879,22554.104732201038,-659.6383232550305,5.0,2.43,3.0,-15295.627475805322,15295.627475805322,3138.0483456800653,15.0,116.83198947648592,14308.219178082192,0,1,0,0,0,0
1473,24.0986,21953.37211121268,-659.6383232550305,5.0,2.43,3.0,-15896.36009679368,15896.36009679368,3138.0483456800653,15.0,116.83198947648592,14308.219178082192,0,1,0,0,0,0
1474,24.6799,21569.924353904535,-659.6383232550305,5.0,2.43,3.0,-16279.807854101828,16279.807854101828,3138.0483456800653,15.0,116.83198947648592,14308.219178082192,0,1,0,0,0,0
1475,25.3535,21125.591979359946,-659.6383232550305,5.0,2.43,3.0,-16724.140228646418,16724.140228646418,3138.0483456800653,15.0,116.83198947648592,14308.219178082192,0,1,0,0,0,0
1476,29.6739,18275.690567568912,-659.6383232550305,5.0,2.43,3.0,-19574.04164043745,19574.04164043745,3138.0483456800653,15.0,116.83198947648592,14308.219178082192,0,1,0,0,0,0
1477,28.7697,18872.13553945611,-659.6383232550305,5.0,2.43,3.0,-18977.59666855025,18977.59666855025,3138.0483456800653,15.0,116.83198947648592,14308.219178082192,0,1,0,0,0,0
1478,28.495,19053.338186854267,-659.6383232550305,5.0,2.43,3.0,-18796.394021152097,18796.394021152097,3138.0483456800653,15.0,116.83198947648592,14308.219178082192,0,1,0,0,0,0
1479,30.9892,17408.06828099157,-659.6383232550305,5.0,2.43,3.0,-20441.663927014793,20441.663927014793,3138.0483456800653,15.0,116.83198947648592,14308.219178082192,0,1,0,0,0,0
1480,35.149,14664.104783915293,-659.6383232550305,5.0,2.43,3.0,-23185.627424091068,23185.627424091068,3138.0483456800653,15.0,116.83198947648592,14308.219178082192,0,1,0,0,0,0
1481,42.3738,9898.34982606235,-659.6383232550305,5.0,2.43,3.0,-27951.382381944015,27951.382381944015,3138.0483456800653,15.0,116.83198947648592,14308.219178082192,0,1,0,0,0,0
1482,39.6726,11680.164864838833,-659.6383232550305,5.0,2.43,3.0,-26169.567343167524,26169.567343167524,3138.0483456800653,15.0,116.83198947648592,14308.219178082192,0,1,0,0,0,0
1483,38.7758,12271.728513133949,-659.6383232550305,5.0,2.43,3.0,-25578.00369487241,25578.00369487241,3138.0483456800653,15.0,116.83198947648592,14308.219178082192,0,1,0,0,0,0
1484,33.8089,15548.08610090936,-659.6383232550305,5.0,2.43,3.0,-22301.646107097004,22301.646107097004,3138.0483456800653,15.0,116.83198947648592,14308.219178082192,0,1,0,0,0,0
1485,29.2292,18569.03172992042,-659.6383232550305,5.0,2.43,3.0,-19280.70047808594,19280.70047808594,3138.0483456800653,15.0,116.83198947648592,14308.219178082192,0,1,0,0,0,0
1486,26.0208,20685.415326251863,-659.6383232550305,5.0,2.43,3.0,-17164.316881754497,17164.316881754497,3138.0483456800653,15.0,116.83198947648592,14308.219178082192,0,1,0,0,0,0
1487,25.6688,20917.608016037633,-659.6383232550305,5.0,2.43,3.0,-16932.124191968727,16932.124191968727,3138.0483456800653,15.0,116.83198947648592,14308.219178082192,0,1,0,0,0,0
1488,27.8358,19488.171769543984,-659.6383232550305,5.0,2.43,3.0,-18361.560438462377,18361.560438462377,3138.0483456800653,15.0,116.83198947648592,14308.219178082192,0,1,0,0,0,0
1489,25.9904,20705.468331278815,-659.6383232550305,5.0,2.43,3.0,-17144.263876727546,17144.263876727546,3138.0483456800653,15.0,116.83198947648592,14308.219178082192,0,1,0,0,0,0
1490,26.1801,20580.334941357338,-659.6383232550305,5.0,2.43,3.0,-17269.397266649023,17269.397266649023,3138.0483456800653,15.0,116.83198947648592,14308.219178082192,0,1,0,0,0,0
1491,26.2239,20551.442782798767,-659.6383232550305,5.0,2.43,3.0,-17298.289425207597,17298.289425207597,3138.0483456800653,15.0,116.83198947648592,14308.219178082192,0,1,0,0,0,0
1492,26.7181,20225.449523446132,-659.6383232550305,5.0,2.43,3.0,-17624.282684560232,17624.282684560232,3138.0483456800653,15.0,116.83198947648592,14308.219178082192,0,1,0,0,0,0
1493,32.712,16271.6433776878,-659.6383232550305,5.0,2.43,3.0,-21578.08883031856,21578.08883031856,3138.0483456800653,15.0,116.83198947648592,14308.219178082192,0,1,0,0,0,0
1494,40.8968,10872.63562951003,-659.6383232550305,5.0,2.43,3.0,-26977.09657849633,26977.09657849633,3138.0483456800653,15.0,116.83198947648592,14308.219178082192,0,1,0,0,0,0
1495,41.1088,10732.792304979961,-659.6383232550305,5.0,2.43,3.0,-27116.9399030264,27116.9399030264,3138.0483456800653,15.0,116.83198947648592,14308.219178082192,0,1,0,0,0,0
1496,42.0045,10141.954258840433,-659.6383232550305,5.0,2.43,3.0,-27707.777949165928,27707.777949165928,3138.0483456800653,15.0,116.83198947648592,14308.219178082192,0,1,0,0,0,0
1497,44.795,8301.233517797267,-659.6383232550305,5.0,2.43,3.0,-29548.498690209093,29548.498690209093,3138.0483456800653,15.0,116.83198947648592,14308.219178082192,0,1,0,0,0,0
1498,36.7979,13576.427152700075,-659.6383232550305,5.0,2.43,3.0,-24273.305055306286,24273.305055306286,3138.0483456800653,15.0,116.83198947648592,14308.219178082192,0,1,0,0,0,0
1499,36.8185,13562.83860324102,-659.6383232550305,5.0,2.43,3.0,-24286.89360476534,24286.89360476534,3138.0483456800653,15.0,116.83198947648592,14308.219178082192,0,1,0,0,0,0
1500,32.8597,16174.214797343036,-659.6383232550305,5.0,2.43,3.0,-21675.517410663324,21675.517410663324,3138.0483456800653,15.0,116.83198947648592,14308.219178082192,0,1,0,0,0,0
1501,30.6997,17599.0335755739,-659.6383232550305,5.0,2.43,3.0,-20250.69863243246,20250.69863243246,3138.0483456800653,15.0,116.83198947648592,14308.219178082192,0,1,0,0,0,0
1502,28.4755,19066.201134157738,-659.6383232550305,5.0,2.43,3.0,-18783.531073848622,18783.531073848622,3138.0483456800653,15.0,116.83198947648592,14308.219178082192,0,1,0,0,0,0
1503,27.453,19740.68131968601,-659.6383232550305,5.0,2.43,3.0,-18109.05088832035,18109.05088832035,3138.0483456800653,15.0,116.83198947648592,14308.219178082192,0,1,0,0,0,0
1504,30.7204,17585.379062282518,-659.6383232550305,5.0,2.43,3.0,-20264.35314572384,20264.35314572384,3138.0483456800653,15.0,116.83198947648592,14308.219178082192,0,1,0,0,0,0
1505,29.9149,18116.71773166445,-659.6383232550305,5.0,2.43,3.0,-19733.014476341912,19733.014476341912,3138.0483456800653,15.0,116.83198947648592,14308.219178082192,0,1,0,0,0,0
1506,46.7041,7206.375744269021,650.0,0,2.43,3.0,30357.664999999997,-30357.664999999997,15071.972825128516,0,556.8949724310688,14308.219178082192,1,0,0,0,0,0
1507,51.6071,10393.325744269028,650.0,0,2.43,3.0,33544.615000000005,-33544.615000000005,15071.972825128516,0,556.8949724310688,14308.219178082192,1,0,0,0,0,0
1508,39.031,12103.388813039266,-659.6383232550305,5.0,2.43,3.0,-25746.343394967094,25746.343394967094,3138.0483456800653,15.0,116.83198947648592,14308.219178082192,0,1,0,0,0,0
1509,45.6356,7746.741543269094,-659.6383232550305,5.0,2.43,3.0,-30102.99066473727,30102.99066473727,3138.0483456800653,15.0,116.83198947648592,14308.219178082192,0,1,0,0,0,0
1510,39.215,11982.015361560338,-659.6383232550305,5.0,2.43,3.0,-25867.716846446023,25867.716846446023,3138.0483456800653,15.0,116.83198947648592,14308.219178082192,0,1,0,0,0,0
1511,31.7784,16887.4817162787,-659.6383232550305,5.0,2.43,3.0,-20962.250491727664,20962.250491727664,3138.0483456800653,15.0,116.83198947648592,14308.219178082192,0,1,0,0,0,0
1512,33.5489,15719.592064955668,-659.6383232550305,5.0,2.43,3.0,-22130.140143050696,22130.140143050696,3138.0483456800653,15.0,116.83198947648592,14308.219178082192,0,1,0,0,0,0
1513,31.9456,16777.190188630462,-659.6383232550305,5.0,2.43,3.0,-21072.542019375902,21072.542019375902,3138.0483456800653,15.0,116.83198947648592,14308.219178082192,0,1,0,0,0,0
1514,31.51,17064.528642240348,-659.6383232550305,5.0,2.43,3.0,-20785.203565766013,20785.203565766013,3138.0483456800653,15.0,116.83198947648592,14308.219178082192,0,1,0,0,0,0
1515,32.6408,16318.609626303562,-659.6383232550305,5.0,2.43,3.0,-21531.1225817028,21531.1225817028,3138.0483456800653,15.0,116.83198947648592,14308.219178082192,0,1,0,0,0,0
1516,32.2061,16605.354405422524,-659.6383232550305,5.0,2.43,3.0,-21244.377802583836,21244.377802583836,3138.0483456800653,15.0,116.83198947648592,14308.219178082192,0,1,0,0,0,0
1517,31.7173,16927.78561782958,-659.6383232550305,5.0,2.43,3.0,-20921.94659017678,20921.94659017678,3138.0483456800653,15.0,116.83198947648592,14308.219178082192,0,1,0,0,0,0
1518,41.5116,10467.089988372834,-659.6383232550305,5.0,2.43,3.0,-27382.642219633526,27382.642219633526,3138.0483456800653,15.0,116.83198947648592,14308.219178082192,0,1,0,0,0,0
1519,43.005,9481.986116423774,-659.6383232550305,5.0,2.43,3.0,-28367.74609158259,28367.74609158259,3138.0483456800653,15.0,116.83198947648592,14308.219178082192,0,1,0,0,0,0
1520,35.3851,14508.36417579478,-659.6383232550305,5.0,2.43,3.0,-23341.36803221158,23341.36803221158,3138.0483456800653,15.0,116.83198947648592,14308.219178082192,0,1,0,0,0,0
1521,39.0455,12093.824057352067,-659.6383232550305,5.0,2.43,3.0,-25755.908150654293,25755.908150654293,3138.0483456800653,15.0,116.83198947648592,14308.219178082192,0,1,0,0,0,0
1522,39.2466,11961.170790545482,-659.6383232550305,5.0,2.43,3.0,-25888.56141746088,25888.56141746088,3138.0483456800653,15.0,116.83198947648592,14308.219178082192,0,1,0,0,0,0
1523,34.4408,15131.260644444505,-659.6383232550305,5.0,2.43,3.0,-22718.471563561856,22718.471563561856,3138.0483456800653,15.0,116.83198947648592,14308.219178082192,0,1,0,0,0,0
1524,35.5651,14389.629277608874,-659.6383232550305,5.0,2.43,3.0,-23460.102930397486,23460.102930397486,3138.0483456800653,15.0,116.83198947648592,14308.219178082192,0,1,0,0,0,0
1525,33.3746,15834.56702469902,-659.6383232550305,5.0,2.43,3.0,-22015.16518330734,22015.16518330734,3138.0483456800653,15.0,116.83198947648592,14308.219178082192,0,1,0,0,0,0
1526,31.1718,17287.6183231652,-659.6383232550305,5.0,2.43,3.0,-20562.11388484116,20562.11388484116,3138.0483456800653,15.0,116.83198947648592,14308.219178082192,0,1,0,0,0,0
1527,31.2208,17255.296045325707,-659.6383232550305,5.0,2.43,3.0,-20594.436162680657,20594.436162680657,3138.0483456800653,15.0,116.83198947648592,14308.219178082192,0,1,0,0,0,0
1528,31.1568,17297.51289801403,-659.6383232550305,5.0,2.43,3.0,-20552.219309992335,20552.219309992335,3138.0483456800653,15.0,116.83198947648592,14308.219178082192,0,1,0,0,0,0
1529,32.6361,16321.70992642286,-659.6383232550305,5.0,2.43,3.0,-21528.0222815835,21528.0222815835,3138.0483456800653,15.0,116.83198947648592,14308.219178082192,0,1,0,0,0,0
1530,68.8182,21580.540744269023,650.0,0,2.43,3.0,44731.83,-44731.83,15071.972825128516,0,556.8949724310688,14308.219178082192,1,0,0,0,0,0
1531,43.0783,9433.634627329178,-659.6383232550305,5.0,2.43,3.0,-28416.09758067718,28416.09758067718,3138.0483456800653,15.0,116.83198947648592,14308.219178082192,0,1,0,0,0,0
1532,43.2777,9302.102745672128,-659.6383232550305,5.0,2.43,3.0,-28547.629462334236,28547.629462334236,3138.0483456800653,15.0,116.83198947648592,14308.219178082192,0,1,0,0,0,0
1533,40.6118,11060.632551637711,-659.6383232550305,5.0,2.43,3.0,-26789.09965636865,26789.09965636865,3138.0483456800653,15.0,116.83198947648592,14308.219178082192,0,1,0,0,0,0
1534,38.4117,12511.902826631103,-659.6383232550305,5.0,2.43,3.0,-25337.829381375257,25337.829381375257,3138.0483456800653,15.0,116.83198947648592,14308.219178082192,0,1,0,0,0,0
1535,35.9044,14165.813994528438,-659.6383232550305,5.0,2.43,3.0,-23683.91821347792,23683.91821347792,3138.0483456800653,15.0,116.83198947648592,14308.219178082192,0,1,0,0,0,0
1536,38.2869,12594.225689373332,-659.6383232550305,5.0,2.43,3.0,-25255.50651863303,25255.50651863303,3138.0483456800653,15.0,116.83198947648592,14308.219178082192,0,1,0,0,0,0
1537,35.9214,14154.600143033109,-659.6383232550305,5.0,2.43,3.0,-23695.13206497325,23695.13206497325,3138.0483456800653,15.0,116.83198947648592,14308.219178082192,0,1,0,0,0,0
1538,35.5509,14398.996141799096,-659.6383232550305,5.0,2.43,3.0,-23450.736066207264,23450.736066207264,3138.0483456800653,15.0,116.83198947648592,14308.219178082192,0,1,0,0,0,0
1539,40.9041,10867.820269750267,-659.6383232550305,5.0,2.43,3.0,-26981.911938256093,26981.911938256093,3138.0483456800653,15.0,116.83198947648592,14308.219178082192,0,1,0,0,0,0
1540,38.8261,12238.548705474223,-659.6383232550305,5.0,2.43,3.0,-25611.183502532138,25611.183502532138,3138.0483456800653,15.0,116.83198947648592,14308.219178082192,0,1,0,0,0,0
1541,41.4551,10504.359553636747,-659.6383232550305,5.0,2.43,3.0,-27345.372654369618,27345.372654369618,3138.0483456800653,15.0,116.83198947648592,14308.219178082192,0,1,0,0,0,0
1542,65.5297,19443.01574426902,650.0,0,2.43,3.0,42594.305,-42594.305,15071.972825128516,0,556.8949724310688,14308.219178082192,1,0,0,0,0,0
1543,67.7671,20897.32574426902,650.0,0,2.43,3.0,44048.615,-44048.615,15071.972825128516,0,556.8949724310688,14308.219178082192,1,0,0,0,0,0
1544,44.8277,8279.663344626832,-659.6383232550305,5.0,2.43,3.0,-29570.068863379533,29570.068863379533,3138.0483456800653,15.0,116.83198947648592,14308.219178082192,0,1,0,0,0,0
1545,39.2051,11988.545780960565,-659.6383232550305,5.0,2.43,3.0,-25861.1864270458,25861.1864270458,3138.0483456800653,15.0,116.83198947648592,14308.219178082192,0,1,0,0,0,0
1546,33.1929,15954.423308034457,-659.6383232550305,5.0,2.43,3.0,-21895.308899971904,21895.308899971904,3138.0483456800653,15.0,116.83198947648592,14308.219178082192,0,1,0,0,0,0
1547,34.7812,14906.719759208492,-659.6383232550305,5.0,2.43,3.0,-22943.012448797865,22943.012448797865,3138.0483456800653,15.0,116.83198947648592,14308.219178082192,0,1,0,0,0,0
1548,30.8015,17531.882394266537,-659.6383232550305,5.0,2.43,3.0,-20317.849813739824,20317.849813739824,3138.0483456800653,15.0,116.83198947648592,14308.219178082192,0,1,0,0,0,0
1549,28.4997,19050.23788673497,-659.6383232550305,5.0,2.43,3.0,-18799.494321271395,18799.494321271395,3138.0483456800653,15.0,116.83198947648592,14308.219178082192,0,1,0,0,0,0
1550,28.5008,19049.512284579385,-659.6383232550305,5.0,2.43,3.0,-18800.219923426976,18800.219923426976,3138.0483456800653,15.0,116.83198947648592,14308.219178082192,0,1,0,0,0,0
1551,27.8623,19470.691353977723,-659.6383232550305,5.0,2.43,3.0,-18379.040854028637,18379.040854028637,3138.0483456800653,15.0,116.83198947648592,14308.219178082192,0,1,0,0,0,0
1552,28.8534,18816.923811799665,-659.6383232550305,5.0,2.43,3.0,-19032.8083962067,19032.8083962067,3138.0483456800653,15.0,116.83198947648592,14308.219178082192,0,1,0,0,0,0
1553,34.254,15254.481083228548,-659.6383232550305,5.0,2.43,3.0,-22595.251124777813,22595.251124777813,3138.0483456800653,15.0,116.83198947648592,14308.219178082192,0,1,0,0,0,0
1554,43.7774,8972.48147554159,-659.6383232550305,5.0,2.43,3.0,-28877.250732464774,28877.250732464774,3138.0483456800653,15.0,116.83198947648592,14308.219178082192,0,1,0,0,0,0
1555,34.3747,15174.862737611667,-659.6383232550305,5.0,2.43,3.0,-22674.869470394697,22674.869470394697,3138.0483456800653,15.0,116.83198947648592,14308.219178082192,0,1,0,0,0,0
1556,37.266,13267.650453584392,-659.6383232550305,5.0,2.43,3.0,-24582.081754421964,24582.081754421964,3138.0483456800653,15.0,116.83198947648592,14308.219178082192,0,1,0,0,0,0
1557,38.4636,12477.66759765417,-659.6383232550305,5.0,2.43,3.0,-25372.06461035219,25372.06461035219,3138.0483456800653,15.0,116.83198947648592,14308.219178082192,0,1,0,0,0,0
1558,179.6679,93632.84574426903,650.0,0,2.43,3.0,116784.135,-116784.135,15071.972825128516,0,556.8949724310688,14308.219178082192,1,0,0,0,0,0
1559,29.7177,18246.798409010342,-659.6383232550305,5.0,2.43,3.0,-19602.933798996022,19602.933798996022,3138.0483456800653,15.0,116.83198947648592,14308.219178082192,0,1,0,0,0,0
1560,34.1145,15346.500629322625,-659.6383232550305,5.0,2.43,3.0,-22503.23157868374,22503.23157868374,3138.0483456800653,15.0,116.83198947648592,14308.219178082192,0,1,0,0,0,0
1561,34.8839,14838.974903410206,-659.6383232550305,5.0,2.43,3.0,-23010.757304596158,23010.757304596158,3138.0483456800653,15.0,116.83198947648592,14308.219178082192,0,1,0,0,0,0
1562,31.8705,16826.72902670691,-659.6383232550305,5.0,2.43,3.0,-21023.00318129945,21023.00318129945,3138.0483456800653,15.0,116.83198947648592,14308.219178082192,0,1,0,0,0,0
1563,30.8323,17511.565533910285,-659.6383232550305,5.0,2.43,3.0,-20338.16667409608,20338.16667409608,3138.0483456800653,15.0,116.83198947648592,14308.219178082192,0,1,0,0,0,0
1564,31.7218,16924.817245374932,-659.6383232550305,5.0,2.43,3.0,-20924.91496263143,20924.91496263143,3138.0483456800653,15.0,116.83198947648592,14308.219178082192,0,1,0,0,0,0
1565,31.7804,16886.16243963219,-659.6383232550305,5.0,2.43,3.0,-20963.56976837417,20963.56976837417,3138.0483456800653,15.0,116.83198947648592,14308.219178082192,0,1,0,0,0,0
1566,55.3802,12845.840744269028,650.0,0,2.43,3.0,35997.130000000005,-35997.130000000005,15071.972825128516,0,556.8949724310688,14308.219178082192,1,0,0,0,0,0
1567,75.8362,26142.240744269027,650.0,0,2.43,3.0,49293.530000000006,-49293.530000000006,15071.972825128516,0,556.8949724310688,14308.219178082192,1,0,0,0,0,0
1568,36.102,14035.469461853252,-659.6383232550305,5.0,2.43,3.0,-23814.26274615311,23814.26274615311,3138.0483456800653,15.0,116.83198947648592,14308.219178082192,0,1,0,0,0,0
1569,34.0087,15416.290363923006,-659.6383232550305,5.0,2.43,3.0,-22433.441844083354,22433.441844083354,3138.0483456800653,15.0,116.83198947648592,14308.219178082192,0,1,0,0,0,0
1570,34.3049,15220.90549257486,-659.6383232550305,5.0,2.43,3.0,-22628.8267154315,22628.8267154315,3138.0483456800653,15.0,116.83198947648592,14308.219178082192,0,1,0,0,0,0
1571,29.9358,18102.93129070842,-659.6383232550305,5.0,2.43,3.0,-19746.800917297944,19746.800917297944,3138.0483456800653,15.0,116.83198947648592,14308.219178082192,0,1,0,0,0,0
1572,28.9822,18731.962395764418,-659.6383232550305,5.0,2.43,3.0,-19117.769812241946,19117.769812241946,3138.0483456800653,15.0,116.83198947648592,14308.219178082192,0,1,0,0,0,0
1573,29.2086,18582.620279379476,-659.6383232550305,5.0,2.43,3.0,-19267.111928626884,19267.111928626884,3138.0483456800653,15.0,116.83198947648592,14308.219178082192,0,1,0,0,0,0
1574,26.8727,20123.4694386709,-659.6383232550305,5.0,2.43,3.0,-17726.26276933546,17726.26276933546,3138.0483456800653,15.0,116.83198947648592,14308.219178082192,0,1,0,0,0,0
1575,27.2348,19884.614401820254,-659.6383232550305,5.0,2.43,3.0,-17965.117806186106,17965.117806186106,3138.0483456800653,15.0,116.83198947648592,14308.219178082192,0,1,0,0,0,0
1576,27.1075,19968.58636037062,-659.6383232550305,5.0,2.43,3.0,-17881.14584763574,17881.14584763574,3138.0483456800653,15.0,116.83198947648592,14308.219178082192,0,1,0,0,0,0
1577,27.8254,19495.032008105834,-659.6383232550305,5.0,2.43,3.0,-18354.700199900526,18354.700199900526,3138.0483456800653,15.0,116.83198947648592,14308.219178082192,0,1,0,0,0,0
1578,42.6403,9722.556212914882,-659.6383232550305,5.0,2.43,3.0,-28127.17599509148,28127.17599509148,3138.0483456800653,15.0,116.83198947648592,14308.219178082192,0,1,0,0,0,0
1579,184.1748,96562.33074426904,650.0,0,2.43,3.0,119713.62000000001,-119713.62000000001,15071.972825128516,0,556.8949724310688,14308.219178082192,1,0,0,0,0,0
1580,39.2052,11988.479817128238,-659.6383232550305,5.0,2.43,3.0,-25861.252390878122,25861.252390878122,3138.0483456800653,15.0,116.83198947648592,14308.219178082192,0,1,0,0,0,0
1581,30.9778,17415.58815787668,-659.6383232550305,5.0,2.43,3.0,-20434.144050129682,20434.144050129682,3138.0483456800653,15.0,116.83198947648592,14308.219178082192,0,1,0,0,0,0
1582,27.6889,19585.072639230144,-659.6383232550305,5.0,2.43,3.0,-18264.659568776213,18264.659568776213,3138.0483456800653,15.0,116.83198947648592,14308.219178082192,0,1,0,0,0,0
1583,25.416,21084.364584156505,-659.6383232550305,5.0,2.43,3.0,-16765.367623849856,16765.367623849856,3138.0483456800653,15.0,116.83198947648592,14308.219178082192,0,1,0,0,0,0
1584,27.2518,19873.40055032492,-659.6383232550305,5.0,2.43,3.0,-17976.33165768144,17976.33165768144,3138.0483456800653,15.0,116.83198947648592,14308.219178082192,0,1,0,0,0,0
1585,27.3672,19797.27828782129,-659.6383232550305,5.0,2.43,3.0,-18052.45392018507,18052.45392018507,3138.0483456800653,15.0,116.83198947648592,14308.219178082192,0,1,0,0,0,0
1586,27.4366,19751.499388187392,-659.6383232550305,5.0,2.43,3.0,-18098.232819818968,18098.232819818968,3138.0483456800653,15.0,116.83198947648592,14308.219178082192,0,1,0,0,0,0
1587,27.7974,19513.501881156975,-659.6383232550305,5.0,2.43,3.0,-18336.230326849385,18336.230326849385,3138.0483456800653,15.0,116.83198947648592,14308.219178082192,0,1,0,0,0,0
1588,28.8542,18816.39610114106,-659.6383232550305,5.0,2.43,3.0,-19033.3361068653,19033.3361068653,3138.0483456800653,15.0,116.83198947648592,14308.219178082192,0,1,0,0,0,0
1589,30.9445,17437.554114041068,-659.6383232550305,5.0,2.43,3.0,-20412.178093965293,20412.178093965293,3138.0483456800653,15.0,116.83198947648592,14308.219178082192,0,1,0,0,0,0
1590,36.9162,13498.391939058998,-659.6383232550305,5.0,2.43,3.0,-24351.34026894736,24351.34026894736,3138.0483456800653,15.0,116.83198947648592,14308.219178082192,0,1,0,0,0,0
1591,30.4034,17794.48441075437,-659.6383232550305,5.0,2.43,3.0,-20055.247797251996,20055.247797251996,3138.0483456800653,15.0,116.83198947648592,14308.219178082192,0,1,0,0,0,0
1592,36.0911,14042.659519576733,-659.6383232550305,5.0,2.43,3.0,-23807.07268842963,23807.07268842963,3138.0483456800653,15.0,116.83198947648592,14308.219178082192,0,1,0,0,0,0
1593,40.3814,11212.613221315674,-659.6383232550305,5.0,2.43,3.0,-26637.11898669069,26637.11898669069,3138.0483456800653,15.0,116.83198947648592,14308.219178082192,0,1,0,0,0,0
1594,42.9374,9526.577667075817,-659.6383232550305,5.0,2.43,3.0,-28323.154540930544,28323.154540930544,3138.0483456800653,15.0,116.83198947648592,14308.219178082192,0,1,0,0,0,0
1595,32.4878,16419.53428976158,-659.6383232550305,5.0,2.43,3.0,-21430.19791824478,21430.19791824478,3138.0483456800653,15.0,116.83198947648592,14308.219178082192,0,1,0,0,0,0
1596,36.5752,13723.328607288968,-659.6383232550305,5.0,2.43,3.0,-24126.403600717393,24126.403600717393,3138.0483456800653,15.0,116.83198947648592,14308.219178082192,0,1,0,0,0,0
1597,33.9239,15472.227693735033,-659.6383232550305,5.0,2.43,3.0,-22377.50451427133,22377.50451427133,3138.0483456800653,15.0,116.83198947648592,14308.219178082192,0,1,0,0,0,0
1598,29.2122,18580.24558141576,-659.6383232550305,5.0,2.43,3.0,-19269.486626590602,19269.486626590602,3138.0483456800653,15.0,116.83198947648592,14308.219178082192,0,1,0,0,0,0
1599,29.6134,18315.598686125843,-659.6383232550305,5.0,2.43,3.0,-19534.133521880518,19534.133521880518,3138.0483456800653,15.0,116.83198947648592,14308.219178082192,0,1,0,0,0,0
1600,31.4297,17117.49759959773,-659.6383232550305,5.0,2.43,3.0,-20732.23460840863,20732.23460840863,3138.0483456800653,15.0,116.83198947648592,14308.219178082192,0,1,0,0,0,0
1601,30.4806,17743.56033219908,-659.6383232550305,5.0,2.43,3.0,-20106.171875807282,20106.171875807282,3138.0483456800653,15.0,116.83198947648592,14308.219178082192,0,1,0,0,0,0
1602,38.7276,12303.52308031484,-659.6383232550305,5.0,2.43,3.0,-25546.20912769152,25546.20912769152,3138.0483456800653,15.0,116.83198947648592,14308.219178082192,0,1,0,0,0,0
1603,30.4356,17773.244056745552,-659.6383232550305,5.0,2.43,3.0,-20076.488151260808,20076.488151260808,3138.0483456800653,15.0,116.83198947648592,14308.219178082192,0,1,0,0,0,0
1604,30.3154,17852.53258320081,-659.6383232550305,5.0,2.43,3.0,-19997.19962480555,19997.19962480555,3138.0483456800653,15.0,116.83198947648592,14308.219178082192,0,1,0,0,0,0
1605,29.5393,18364.477885879038,-659.6383232550305,5.0,2.43,3.0,-19485.254322127323,19485.254322127323,3138.0483456800653,15.0,116.83198947648592,14308.219178082192,0,1,0,0,0,0
1606,26.3513,20467.404860416078,-659.6383232550305,5.0,2.43,3.0,-17382.327347590286,17382.327347590286,3138.0483456800653,15.0,116.83198947648592,14308.219178082192,0,1,0,0,0,0
1607,25.2888,21168.270578874548,-659.6383232550305,5.0,2.43,3.0,-16681.461629131816,16681.461629131816,3138.0483456800653,15.0,116.83198947648592,14308.219178082192,0,1,0,0,0,0
1608,27.7953,19514.88712163581,-659.6383232550305,5.0,2.43,3.0,-18334.84508637055,18334.84508637055,3138.0483456800653,15.0,116.83198947648592,14308.219178082192,0,1,0,0,0,0
1609,25.8734,20782.646015099654,-659.6383232550305,5.0,2.43,3.0,-17067.086192906707,17067.086192906707,3138.0483456800653,15.0,116.83198947648592,14308.219178082192,0,1,0,0,0,0
1610,25.8559,20794.189685756617,-659.6383232550305,5.0,2.43,3.0,-17055.542522249743,17055.542522249743,3138.0483456800653,15.0,116.83198947648592,14308.219178082192,0,1,0,0,0,0
1611,25.7708,20850.32490706562,-659.6383232550305,5.0,2.43,3.0,-16999.40730094074,16999.40730094074,3138.0483456800653,15.0,116.83198947648592,14308.219178082192,0,1,0,0,0,0
1612,24.5367,21664.384561794654,-659.6383232550305,5.0,2.43,3.0,-16185.347646211707,16185.347646211707,3138.0483456800653,15.0,116.83198947648592,14308.219178082192,0,1,0,0,0,0
1613,28.5888,18991.464112132944,-659.6383232550305,5.0,2.43,3.0,-18858.268095873416,18858.268095873416,3138.0483456800653,15.0,116.83198947648592,14308.219178082192,0,1,0,0,0,0
1614,28.3639,19139.816771033,-659.6383232550305,5.0,2.43,3.0,-18709.915436973362,18709.915436973362,3138.0483456800653,15.0,116.83198947648592,14308.219178082192,0,1,0,0,0,0
1615,28.7903,18858.546989997056,-659.6383232550305,5.0,2.43,3.0,-18991.185218009305,18991.185218009305,3138.0483456800653,15.0,116.83198947648592,14308.219178082192,0,1,0,0,0,0
1616,37.3697,13199.245959462849,-659.6383232550305,5.0,2.43,3.0,-24650.486248543515,24650.486248543515,3138.0483456800653,15.0,116.83198947648592,14308.219178082192,0,1,0,0,0,0
1617,31.1621,17294.016814900773,-659.6383232550305,5.0,2.43,3.0,-20555.715393105587,20555.715393105587,3138.0483456800653,15.0,116.83198947648592,14308.219178082192,0,1,0,0,0,0
1618,42.8762,9566.947532459024,-659.6383232550305,5.0,2.43,3.0,-28282.784675547337,28282.784675547337,3138.0483456800653,15.0,116.83198947648592,14308.219178082192,0,1,0,0,0,0
1619,29.0707,18673.584404156347,-659.6383232550305,5.0,2.43,3.0,-19176.147803850014,19176.147803850014,3138.0483456800653,15.0,116.83198947648592,14308.219178082192,0,1,0,0,0,0
1620,28.8249,18835.723504012432,-659.6383232550305,5.0,2.43,3.0,-19014.008703993928,19014.008703993928,3138.0483456800653,15.0,116.83198947648592,14308.219178082192,0,1,0,0,0,0
1621,30.1536,17959.262063903472,-659.6383232550305,5.0,2.43,3.0,-19890.47014410289,19890.47014410289,3138.0483456800653,15.0,116.83198947648592,14308.219178082192,0,1,0,0,0,0
1622,27.722,19563.238610730405,-659.6383232550305,5.0,2.43,3.0,-18286.493597275956,18286.493597275956,3138.0483456800653,15.0,116.83198947648592,14308.219178082192,0,1,0,0,0,0
1623,37.0955,13380.118787699375,-659.6383232550305,5.0,2.43,3.0,-24469.613420306985,24469.613420306985,3138.0483456800653,15.0,116.83198947648592,14308.219178082192,0,1,0,0,0,0
1624,28.962,18745.28708989417,-659.6383232550305,5.0,2.43,3.0,-19104.445118112195,19104.445118112195,3138.0483456800653,15.0,116.83198947648592,14308.219178082192,0,1,0,0,0,0
1625,26.281,20513.777434540905,-659.6383232550305,5.0,2.43,3.0,-17335.954773465455,17335.954773465455,3138.0483456800653,15.0,116.83198947648592,14308.219178082192,0,1,0,0,0,0
1626,32.9776,16096.443439031264,-659.6383232550305,5.0,2.43,3.0,-21753.288768975097,21753.288768975097,3138.0483456800653,15.0,116.83198947648592,14308.219178082192,0,1,0,0,0,0
1627,30.7071,17594.15225198181,-659.6383232550305,5.0,2.43,3.0,-20255.579956024547,20255.579956024547,3138.0483456800653,15.0,116.83198947648592,14308.219178082192,0,1,0,0,0,0
1628,27.7163,19566.998549172957,-659.6383232550305,5.0,2.43,3.0,-18282.733658833404,18282.733658833404,3138.0483456800653,15.0,116.83198947648592,14308.219178082192,0,1,0,0,0,0
1629,23.8272,22132.397952144096,-659.6383232550305,5.0,2.43,3.0,-15717.334255862264,15717.334255862264,3138.0483456800653,15.0,116.83198947648592,14308.219178082192,0,1,0,0,0,0
1630,30.0635,18018.69547682875,-659.6383232550305,5.0,2.43,3.0,-19831.03673117761,19831.03673117761,3138.0483456800653,15.0,116.83198947648592,14308.219178082192,0,1,0,0,0,0
1631,22.3732,23091.51207415691,-659.6383232550305,5.0,2.43,3.0,-14758.220133849449,14758.220133849449,3138.0483456800653,15.0,116.83198947648592,14308.219178082192,0,1,0,0,0,0
1632,26.8697,20125.448353640666,-659.6383232550305,5.0,2.43,3.0,-17724.283854365694,17724.283854365694,3138.0483456800653,15.0,116.83198947648592,14308.219178082192,0,1,0,0,0,0
1633,23.5649,22305.42108433389,-659.6383232550305,5.0,2.43,3.0,-15544.311123672469,15544.311123672469,3138.0483456800653,15.0,116.83198947648592,14308.219178082192,0,1,0,0,0,0
1634,23.1766,22561.55864525382,-659.6383232550305,5.0,2.43,3.0,-15288.173562752541,15288.173562752541,3138.0483456800653,15.0,116.83198947648592,14308.219178082192,0,1,0,0,0,0
1635,22.962,22703.11702942435,-659.6383232550305,5.0,2.43,3.0,-15146.615178582011,15146.615178582011,3138.0483456800653,15.0,116.83198947648592,14308.219178082192,0,1,0,0,0,0
1636,23.1539,22576.532435191708,-659.6383232550305,5.0,2.43,3.0,-15273.19977281465,15273.19977281465,3138.0483456800653,15.0,116.83198947648592,14308.219178082192,0,1,0,0,0,0
1637,23.0254,22661.295959729978,-659.6383232550305,5.0,2.43,3.0,-15188.43624827638,15188.43624827638,3138.0483456800653,15.0,116.83198947648592,14308.219178082192,0,1,0,0,0,0
1638,27.1468,19942.6625742667,-659.6383232550305,5.0,2.43,3.0,-17907.069633739662,17907.069633739662,3138.0483456800653,15.0,116.83198947648592,14308.219178082192,0,1,0,0,0,0
1639,24.7488,21524.47527343226,-659.6383232550305,5.0,2.43,3.0,-16325.2569345741,16325.2569345741,3138.0483456800653,15.0,116.83198947648592,14308.219178082192,0,1,0,0,0,0
1640,27.0625,19998.270084917098,-659.6383232550305,5.0,2.43,3.0,-17851.462123089263,17851.462123089263,3138.0483456800653,15.0,116.83198947648592,14308.219178082192,0,1,0,0,0,0
1641,26.4388,20409.68650713126,-659.6383232550305,5.0,2.43,3.0,-17440.0457008751,17440.0457008751,3138.0483456800653,15.0,116.83198947648592,14308.219178082192,0,1,0,0,0,0
1642,26.6039,20300.780219961853,-659.6383232550305,5.0,2.43,3.0,-17548.951988044504,17548.951988044504,3138.0483456800653,15.0,116.83198947648592,14308.219178082192,0,1,0,0,0,0
1643,26.2714,20520.109962444152,-659.6383232550305,5.0,2.43,3.0,-17329.62224556221,17329.62224556221,3138.0483456800653,15.0,116.83198947648592,14308.219178082192,0,1,0,0,0,0
1644,24.6963,21559.106285403148,-659.6383232550305,5.0,2.43,3.0,-16290.62592260321,16290.62592260321,3138.0483456800653,15.0,116.83198947648592,14308.219178082192,0,1,0,0,0,0
1645,23.8557,22113.59825993133,-659.6383232550305,5.0,2.43,3.0,-15736.13394807503,15736.13394807503,3138.0483456800653,15.0,116.83198947648592,14308.219178082192,0,1,0,0,0,0
1646,23.4975,22349.88070732128,-659.6383232550305,5.0,2.43,3.0,-15499.85150068508,15499.85150068508,3138.0483456800653,15.0,116.83198947648592,14308.219178082192,0,1,0,0,0,0
1647,22.3665,23095.93165092272,-659.6383232550305,5.0,2.43,3.0,-14753.80055708364,14753.80055708364,3138.0483456800653,15.0,116.83198947648592,14308.219178082192,0,1,0,0,0,0
1648,22.3987,23074.69129691391,-659.6383232550305,5.0,2.43,3.0,-14775.040911092454,14775.040911092454,3138.0483456800653,15.0,116.83198947648592,14308.219178082192,0,1,0,0,0,0
1649,31.7291,16920.001885615173,-659.6383232550305,5.0,2.43,3.0,-20929.730322391188,20929.730322391188,3138.0483456800653,15.0,116.83198947648592,14308.219178082192,0,1,0,0,0,0
1650,81.6579,29926.345744269023,650.0,0,2.43,3.0,53077.635,-53077.635,15071.972825128516,0,556.8949724310688,14308.219178082192,1,0,0,0,0,0
1651,42.8996,9551.511995694851,-659.6383232550305,5.0,2.43,3.0,-28298.220212311506,28298.220212311506,3138.0483456800653,15.0,116.83198947648592,14308.219178082192,0,1,0,0,0,0
1652,27.6401,19617.26298940499,-659.6383232550305,5.0,2.43,3.0,-18232.46921860137,18232.46921860137,3138.0483456800653,15.0,116.83198947648592,14308.219178082192,0,1,0,0,0,0
1653,23.4599,22374.68310827567,-659.6383232550305,5.0,2.43,3.0,-15475.049099730692,15475.049099730692,3138.0483456800653,15.0,116.83198947648592,14308.219178082192,0,1,0,0,0,0
1654,22.1909,23211.764140486302,-659.6383232550305,5.0,2.43,3.0,-14637.968067520056,14637.968067520056,3138.0483456800653,15.0,116.83198947648592,14308.219178082192,0,1,0,0,0,0
1655,21.2142,23856.03289080949,-659.6383232550305,5.0,2.43,3.0,-13993.69931719687,13993.69931719687,3138.0483456800653,15.0,116.83198947648592,14308.219178082192,0,1,0,0,0,0
1656,21.2262,23848.11723093043,-659.6383232550305,5.0,2.43,3.0,-14001.614977075928,14001.614977075928,3138.0483456800653,15.0,116.83198947648592,14308.219178082192,0,1,0,0,0,0
1657,20.8322,24108.014730292914,-659.6383232550305,5.0,2.43,3.0,-13741.717477713446,13741.717477713446,3138.0483456800653,15.0,116.83198947648592,14308.219178082192,0,1,0,0,0,0
1658,20.6155,24250.95835494228,-659.6383232550305,5.0,2.43,3.0,-13598.773853064082,13598.773853064082,3138.0483456800653,15.0,116.83198947648592,14308.219178082192,0,1,0,0,0,0
1659,21.1646,23888.75095164294,-659.6383232550305,5.0,2.43,3.0,-13960.981256363419,13960.981256363419,3138.0483456800653,15.0,116.83198947648592,14308.219178082192,0,1,0,0,0,0
1660,24.7334,21534.633703610387,-659.6383232550305,5.0,2.43,3.0,-16315.098504395972,16315.098504395972,3138.0483456800653,15.0,116.83198947648592,14308.219178082192,0,1,0,0,0,0
1661,34.5134,15083.370902176193,-659.6383232550305,5.0,2.43,3.0,-22766.361305830167,22766.361305830167,3138.0483456800653,15.0,116.83198947648592,14308.219178082192,0,1,0,0,0,0
1662,38.2491,12619.160017992373,-659.6383232550305,5.0,2.43,3.0,-25230.572190013987,25230.572190013987,3138.0483456800653,15.0,116.83198947648592,14308.219178082192,0,1,0,0,0,0
1663,27.591,19649.651231076812,-659.6383232550305,5.0,2.43,3.0,-18200.08097692955,18200.08097692955,3138.0483456800653,15.0,116.83198947648592,14308.219178082192,0,1,0,0,0,0
1664,8.7169,32099.730908024583,-659.6383232550305,5.0,2.43,3.0,-5750.001299981776,5750.001299981776,3138.0483456800653,15.0,116.83198947648592,14308.219178082192,0,1,0,0,0,0
1665,14.3231,28401.666540192233,-659.6383232550305,5.0,2.43,3.0,-9448.065667814128,9448.065667814128,3138.0483456800653,15.0,116.83198947648592,14308.219178082192,0,1,0,0,0,0
1666,19.563,24945.227690168198,-659.6383232550305,5.0,2.43,3.0,-12904.50451783816,12904.50451783816,3138.0483456800653,15.0,116.83198947648592,14308.219178082192,0,1,0,0,0,0
1667,21.2387,23839.871751889747,-659.6383232550305,5.0,2.43,3.0,-14009.860456116618,14009.860456116618,3138.0483456800653,15.0,116.83198947648592,14308.219178082192,0,1,0,0,0,0
1668,23.292,22485.436382750187,-659.6383232550305,5.0,2.43,3.0,-15364.295825256171,15364.295825256171,3138.0483456800653,15.0,116.83198947648592,14308.219178082192,0,1,0,0,0,0
1669,22.362,23098.90002337737,-659.6383232550305,5.0,2.43,3.0,-14750.832184628991,14750.832184628991,3138.0483456800653,15.0,116.83198947648592,14308.219178082192,0,1,0,0,0,0
1670,24.5347,21665.703838441164,-659.6383232550305,5.0,2.43,3.0,-16184.028369565198,16184.028369565198,3138.0483456800653,15.0,116.83198947648592,14308.219178082192,0,1,0,0,0,0
1671,24.3237,21804.887524647977,-659.6383232550305,5.0,2.43,3.0,-16044.844683358386,16044.844683358386,3138.0483456800653,15.0,116.83198947648592,14308.219178082192,0,1,0,0,0,0
1672,24.5733,21640.24179916352,-659.6383232550305,5.0,2.43,3.0,-16209.490408842841,16209.490408842841,3138.0483456800653,15.0,116.83198947648592,14308.219178082192,0,1,0,0,0,0
1673,24.5822,21634.371018086553,-659.6383232550305,5.0,2.43,3.0,-16215.361189919811,16215.361189919811,3138.0483456800653,15.0,116.83198947648592,14308.219178082192,0,1,0,0,0,0
1674,34.4796,15105.666677502213,-659.6383232550305,5.0,2.43,3.0,-22744.065530504147,22744.065530504147,3138.0483456800653,15.0,116.83198947648592,14308.219178082192,0,1,0,0,0,0
1675,33.7147,15610.224030959984,-659.6383232550305,5.0,2.43,3.0,-22239.508177046377,22239.508177046377,3138.0483456800653,15.0,116.83198947648592,14308.219178082192,0,1,0,0,0,0
1676,30.5338,17708.46757340191,-659.6383232550305,5.0,2.43,3.0,-20141.26463460445,20141.26463460445,3138.0483456800653,15.0,116.83198947648592,14308.219178082192,0,1,0,0,0,0
1677,23.5688,22302.848494873197,-659.6383232550305,5.0,2.43,3.0,-15546.883713133162,15546.883713133162,3138.0483456800653,15.0,116.83198947648592,14308.219178082192,0,1,0,0,0,0
1678,22.4034,23071.59099679461,-659.6383232550305,5.0,2.43,3.0,-14778.141211211752,14778.141211211752,3138.0483456800653,15.0,116.83198947648592,14308.219178082192,0,1,0,0,0,0
1679,22.7215,22861.760046167186,-659.6383232550305,5.0,2.43,3.0,-14987.972161839176,14987.972161839176,3138.0483456800653,15.0,116.83198947648592,14308.219178082192,0,1,0,0,0,0
1680,22.8155,22799.754043781213,-659.6383232550305,5.0,2.43,3.0,-15049.97816422515,15049.97816422515,3138.0483456800653,15.0,116.83198947648592,14308.219178082192,0,1,0,0,0,0
1681,22.865,22767.101946780087,-659.6383232550305,5.0,2.43,3.0,-15082.630261226272,15082.630261226272,3138.0483456800653,15.0,116.83198947648592,14308.219178082192,0,1,0,0,0,0
1682,25.011,21351.518105074792,-659.6383232550305,5.0,2.43,3.0,-16498.214102931568,16498.214102931568,3138.0483456800653,15.0,116.83198947648592,14308.219178082192,0,1,0,0,0,0
1683,26.786,20180.660081297112,-659.6383232550305,5.0,2.43,3.0,-17669.07212670925,17669.07212670925,3138.0483456800653,15.0,116.83198947648592,14308.219178082192,0,1,0,0,0,0
1684,27.1127,19965.156241089695,-659.6383232550305,5.0,2.43,3.0,-17884.575966916665,17884.575966916665,3138.0483456800653,15.0,116.83198947648592,14308.219178082192,0,1,0,0,0,0
1685,49.9243,9299.505744269025,650.0,0,2.43,3.0,32450.795000000002,-32450.795000000002,15071.972825128516,0,556.8949724310688,14308.219178082192,1,0,0,0,0,0
1686,263.6432,148216.790744269,650.0,0,2.43,3.0,171368.08,-171368.08,15071.972825128516,0,556.8949724310688,14308.219178082192,1,0,0,0,0,0
1687,39.6795,11675.61336040838,-659.6383232550305,5.0,2.43,3.0,-26174.11884759798,26174.11884759798,3138.0483456800653,15.0,116.83198947648592,14308.219178082192,0,1,0,0,0,0
1688,25.1701,21246.569647844917,-659.6383232550305,5.0,2.43,3.0,-16603.162560161443,16603.162560161443,3138.0483456800653,15.0,116.83198947648592,14308.219178082192,0,1,0,0,0,0
1689,28.7596,18878.797886520988,-659.6383232550305,5.0,2.43,3.0,-18970.934321485376,18970.934321485376,3138.0483456800653,15.0,116.83198947648592,14308.219178082192,0,1,0,0,0,0
1690,27.0925,19978.480935219446,-659.6383232550305,5.0,2.43,3.0,-17871.251272786914,17871.251272786914,3138.0483456800653,15.0,116.83198947648592,14308.219178082192,0,1,0,0,0,0
1691,26.6393,20277.429023318626,-659.6383232550305,5.0,2.43,3.0,-17572.303184687735,17572.303184687735,3138.0483456800653,15.0,116.83198947648592,14308.219178082192,0,1,0,0,0,0
1692,24.6306,21602.444523241007,-659.6383232550305,5.0,2.43,3.0,-16247.287684765355,16247.287684765355,3138.0483456800653,15.0,116.83198947648592,14308.219178082192,0,1,0,0,0,0
1693,21.6976,23537.163725348008,-659.6383232550305,5.0,2.43,3.0,-14312.568482658351,14312.568482658351,3138.0483456800653,15.0,116.83198947648592,14308.219178082192,0,1,0,0,0,0
1694,22.7456,22845.86276257674,-659.6383232550305,5.0,2.43,3.0,-15003.869445429622,15003.869445429622,3138.0483456800653,15.0,116.83198947648592,14308.219178082192,0,1,0,0,0,0
1695,21.7378,23510.64626475316,-659.6383232550305,5.0,2.43,3.0,-14339.085943253202,14339.085943253202,3138.0483456800653,15.0,116.83198947648592,14308.219178082192,0,1,0,0,0,0
1696,22.8729,22761.89080402637,-659.6383232550305,5.0,2.43,3.0,-15087.841403979988,15087.841403979988,3138.0483456800653,15.0,116.83198947648592,14308.219178082192,0,1,0,0,0,0
1697,23.6507,22248.824116198608,-659.6383232550305,5.0,2.43,3.0,-15600.90809180775,15600.90809180775,3138.0483456800653,15.0,116.83198947648592,14308.219178082192,0,1,0,0,0,0
1698,61.9212,17097.49074426902,650.0,0,2.43,3.0,40248.78,-40248.78,15071.972825128516,0,556.8949724310688,14308.219178082192,1,0,0,0,0,0
1699,36.5157,13762.577087522644,-659.6383232550305,5.0,2.43,3.0,-24087.15512048372,24087.15512048372,3138.0483456800653,15.0,116.83198947648592,14308.219178082192,0,1,0,0,0,0
1700,27.803,19509.807906546746,-659.6383232550305,5.0,2.43,3.0,-18339.924301459614,18339.924301459614,3138.0483456800653,15.0,116.83198947648592,14308.219178082192,0,1,0,0,0,0
1701,23.328,22461.68940311301,-659.6383232550305,5.0,2.43,3.0,-15388.042804893352,15388.042804893352,3138.0483456800653,15.0,116.83198947648592,14308.219178082192,0,1,0,0,0,0
1702,21.7716,23488.35048942714,-659.6383232550305,5.0,2.43,3.0,-14361.381718579221,14361.381718579221,3138.0483456800653,15.0,116.83198947648592,14308.219178082192,0,1,0,0,0,0
1703,20.8801,24076.418054609,-659.6383232550305,5.0,2.43,3.0,-13773.314153397361,13773.314153397361,3138.0483456800653,15.0,116.83198947648592,14308.219178082192,0,1,0,0,0,0
1704,21.4664,23689.672105684574,-659.6383232550305,5.0,2.43,3.0,-14160.060102321788,14160.060102321788,3138.0483456800653,15.0,116.83198947648592,14308.219178082192,0,1,0,0,0,0
1705,21.7335,23513.482709543154,-659.6383232550305,5.0,2.43,3.0,-14336.249498463205,14336.249498463205,3138.0483456800653,15.0,116.83198947648592,14308.219178082192,0,1,0,0,0,0
1706,22.8572,22772.247125701477,-659.6383232550305,5.0,2.43,3.0,-15077.485082304882,15077.485082304882,3138.0483456800653,15.0,116.83198947648592,14308.219178082192,0,1,0,0,0,0
1707,26.8337,20149.195333277847,-659.6383232550305,5.0,2.43,3.0,-17700.536874728514,17700.536874728514,3138.0483456800653,15.0,116.83198947648592,14308.219178082192,0,1,0,0,0,0
1708,26.8966,20107.704082745106,-659.6383232550305,5.0,2.43,3.0,-17742.028125261255,17742.028125261255,3138.0483456800653,15.0,116.83198947648592,14308.219178082192,0,1,0,0,0,0
1709,33.5839,15696.504723641741,-659.6383232550305,5.0,2.43,3.0,-22153.22748436462,22153.22748436462,3138.0483456800653,15.0,116.83198947648592,14308.219178082192,0,1,0,0,0,0
1710,41.2537,10637.210711940304,-659.6383232550305,5.0,2.43,3.0,-27212.521496066052,27212.521496066052,3138.0483456800653,15.0,116.83198947648592,14308.219178082192,0,1,0,0,0,0
1711,34.8021,14892.93331825246,-659.6383232550305,5.0,2.43,3.0,-22956.7988897539,22956.7988897539,3138.0483456800653,15.0,116.83198947648592,14308.219178082192,0,1,0,0,0,0
1712,26.1393,20607.248184946144,-659.6383232550305,5.0,2.43,3.0,-17242.484023060217,17242.484023060217,3138.0483456800653,15.0,116.83198947648592,14308.219178082192,0,1,0,0,0,0
1713,26.2215,20553.02591477458,-659.6383232550305,5.0,2.43,3.0,-17296.706293231782,17296.706293231782,3138.0483456800653,15.0,116.83198947648592,14308.219178082192,0,1,0,0,0,0
1714,23.5053,22344.73552839989,-659.6383232550305,5.0,2.43,3.0,-15504.996679606467,15504.996679606467,3138.0483456800653,15.0,116.83198947648592,14308.219178082192,0,1,0,0,0,0
1715,22.177,23220.933113179548,-659.6383232550305,5.0,2.43,3.0,-14628.79909482681,14628.79909482681,3138.0483456800653,15.0,116.83198947648592,14308.219178082192,0,1,0,0,0,0
1716,23.3524,22445.594228025588,-659.6383232550305,5.0,2.43,3.0,-15404.137979980775,15404.137979980775,3138.0483456800653,15.0,116.83198947648592,14308.219178082192,0,1,0,0,0,0
1717,22.2077,23200.68221665562,-659.6383232550305,5.0,2.43,3.0,-14649.049991350741,14649.049991350741,3138.0483456800653,15.0,116.83198947648592,14308.219178082192,0,1,0,0,0,0
1718,20.041,24629.920571652292,-659.6383232550305,5.0,2.43,3.0,-13219.811636354067,13219.811636354067,3138.0483456800653,15.0,116.83198947648592,14308.219178082192,0,1,0,0,0,0
1719,20.3594,24419.89172952789,-659.6383232550305,5.0,2.43,3.0,-13429.840478478469,13429.840478478469,3138.0483456800653,15.0,116.83198947648592,14308.219178082192,0,1,0,0,0,0
1720,21.488,23675.423917902266,-659.6383232550305,5.0,2.43,3.0,-14174.308290104096,14174.308290104096,3138.0483456800653,15.0,116.83198947648592,14308.219178082192,0,1,0,0,0,0
1721,23.8588,22111.55338112924,-659.6383232550305,5.0,2.43,3.0,-15738.178826877122,15738.178826877122,3138.0483456800653,15.0,116.83198947648592,14308.219178082192,0,1,0,0,0,0
1722,26.23,20547.41898902691,-659.6383232550305,5.0,2.43,3.0,-17302.313218979452,17302.313218979452,3138.0483456800653,15.0,116.83198947648592,14308.219178082192,0,1,0,0,0,0
1723,23.7046,22213.269610575167,-659.6383232550305,5.0,2.43,3.0,-15636.462597431197,15636.462597431197,3138.0483456800653,15.0,116.83198947648592,14308.219178082192,0,1,0,0,0,0
1724,21.4896,23674.368496585055,-659.6383232550305,5.0,2.43,3.0,-14175.363711421303,14175.363711421303,3138.0483456800653,15.0,116.83198947648592,14308.219178082192,0,1,0,0,0,0
1725,20.0284,24638.232014525307,-659.6383232550305,5.0,2.43,3.0,-13211.500193481053,13211.500193481053,3138.0483456800653,15.0,116.83198947648592,14308.219178082192,0,1,0,0,0,0
1726,18.941,25355.522727232827,-659.6383232550305,5.0,2.43,3.0,-12494.209480773532,12494.209480773532,3138.0483456800653,15.0,116.83198947648592,14308.219178082192,0,1,0,0,0,0
1727,19.2564,25147.47280007819,-659.6383232550305,5.0,2.43,3.0,-12702.25940792817,12702.25940792817,3138.0483456800653,15.0,116.83198947648592,14308.219178082192,0,1,0,0,0,0
1728,19.6501,24887.773192212684,-659.6383232550305,5.0,2.43,3.0,-12961.959015793675,12961.959015793675,3138.0483456800653,15.0,116.83198947648592,14308.219178082192,0,1,0,0,0,0
1729,19.4177,25041.073138537155,-659.6383232550305,5.0,2.43,3.0,-12808.659069469206,12808.659069469206,3138.0483456800653,15.0,116.83198947648592,14308.219178082192,0,1,0,0,0,0
1730,19.519,24974.251776391422,-659.6383232550305,5.0,2.43,3.0,-12875.48043161494,12875.48043161494,3138.0483456800653,15.0,116.83198947648592,14308.219178082192,0,1,0,0,0,0
1731,19.6624,24879.659640836646,-659.6383232550305,5.0,2.43,3.0,-12970.072567169713,12970.072567169713,3138.0483456800653,15.0,116.83198947648592,14308.219178082192,0,1,0,0,0,0
1732,20.1556,24554.326019807268,-659.6383232550305,5.0,2.43,3.0,-13295.406188199093,13295.406188199093,3138.0483456800653,15.0,116.83198947648592,14308.219178082192,0,1,0,0,0,0
1733,24.6091,21616.62674719099,-659.6383232550305,5.0,2.43,3.0,-16233.105460815372,16233.105460815372,3138.0483456800653,15.0,116.83198947648592,14308.219178082192,0,1,0,0,0,0
1734,25.158,21254.5512715563,-659.6383232550305,5.0,2.43,3.0,-16595.18093645006,16595.18093645006,3138.0483456800653,15.0,116.83198947648592,14308.219178082192,0,1,0,0,0,0
1735,26.2925,20506.19159382347,-659.6383232550305,5.0,2.43,3.0,-17343.54061418289,17343.54061418289,3138.0483456800653,15.0,116.83198947648592,14308.219178082192,0,1,0,0,0,0
1736,23.7814,22162.609387349177,-659.6383232550305,5.0,2.43,3.0,-15687.122820657183,15687.122820657183,3138.0483456800653,15.0,116.83198947648592,14308.219178082192,0,1,0,0,0,0
1737,25.5446,20999.53509578591,-659.6383232550305,5.0,2.43,3.0,-16850.197112220452,16850.197112220452,3138.0483456800653,15.0,116.83198947648592,14308.219178082192,0,1,0,0,0,0
1738,22.8155,22799.754043781213,-659.6383232550305,5.0,2.43,3.0,-15049.97816422515,15049.97816422515,3138.0483456800653,15.0,116.83198947648592,14308.219178082192,0,1,0,0,0,0
1739,22.22,23192.568665279585,-659.6383232550305,5.0,2.43,3.0,-14657.163542726777,14657.163542726777,3138.0483456800653,15.0,116.83198947648592,14308.219178082192,0,1,0,0,0,0
1740,22.1753,23222.054498329082,-659.6383232550305,5.0,2.43,3.0,-14627.677709677278,14627.677709677278,3138.0483456800653,15.0,116.83198947648592,14308.219178082192,0,1,0,0,0,0
1741,20.9568,24025.823795215336,-659.6383232550305,5.0,2.43,3.0,-13823.908412791025,13823.908412791025,3138.0483456800653,15.0,116.83198947648592,14308.219178082192,0,1,0,0,0,0
1742,21.6676,23556.952875045663,-659.6383232550305,5.0,2.43,3.0,-14292.7793329607,14292.7793329607,3138.0483456800653,15.0,116.83198947648592,14308.219178082192,0,1,0,0,0,0
1743,21.9274,23385.578838664005,-659.6383232550305,5.0,2.43,3.0,-14464.153369342355,14464.153369342355,3138.0483456800653,15.0,116.83198947648592,14308.219178082192,0,1,0,0,0,0
1744,20.5061,24323.122787506378,-659.6383232550305,5.0,2.43,3.0,-13526.60942049998,13526.60942049998,3138.0483456800653,15.0,116.83198947648592,14308.219178082192,0,1,0,0,0,0
1745,20.9651,24020.34879713232,-659.6383232550305,5.0,2.43,3.0,-13829.38341087404,13829.38341087404,3138.0483456800653,15.0,116.83198947648592,14308.219178082192,0,1,0,0,0,0
1746,26.09,20639.768354282613,-659.6383232550305,5.0,2.43,3.0,-17209.963853723744,17209.963853723744,3138.0483456800653,15.0,116.83198947648592,14308.219178082192,0,1,0,0,0,0
1747,23.5557,22311.48975690784,-659.6383232550305,5.0,2.43,3.0,-15538.242451098524,15538.242451098524,3138.0483456800653,15.0,116.83198947648592,14308.219178082192,0,1,0,0,0,0
1748,21.3315,23778.657315491677,-659.6383232550305,5.0,2.43,3.0,-14071.074892514682,14071.074892514682,3138.0483456800653,15.0,116.83198947648592,14308.219178082192,0,1,0,0,0,0
1749,19.9545,24686.979286613852,-659.6383232550305,5.0,2.43,3.0,-13162.752921392506,13162.752921392506,3138.0483456800653,15.0,116.83198947648592,14308.219178082192,0,1,0,0,0,0
1750,17.935,26019.118880427388,-659.6383232550305,5.0,2.43,3.0,-11830.61332757897,11830.61332757897,3138.0483456800653,15.0,116.83198947648592,14308.219178082192,0,1,0,0,0,0
1751,16.8156,26757.518019479066,-659.6383232550305,5.0,2.43,3.0,-11092.21418852729,11092.21418852729,3138.0483456800653,15.0,116.83198947648592,14308.219178082192,0,1,0,0,0,0
1752,18.2686,25799.063535789508,-659.6383232550305,5.0,2.43,3.0,-12050.66867221685,12050.66867221685,3138.0483456800653,15.0,116.83198947648592,14308.219178082192,0,1,0,0,0,0
1753,17.0415,26608.50572225576,-659.6383232550305,5.0,2.43,3.0,-11241.226485750602,11241.226485750602,3138.0483456800653,15.0,116.83198947648592,14308.219178082192,0,1,0,0,0,0
1754,16.8605,26727.90025876492,-659.6383232550305,5.0,2.43,3.0,-11121.831949241441,11121.831949241441,3138.0483456800653,15.0,116.83198947648592,14308.219178082192,0,1,0,0,0,0
1755,17.8444,26078.882112514293,-659.6383232550305,5.0,2.43,3.0,-11770.850095492067,11770.850095492067,3138.0483456800653,15.0,116.83198947648592,14308.219178082192,0,1,0,0,0,0
1756,19.0682,25271.616732514787,-659.6383232550305,5.0,2.43,3.0,-12578.115475491573,12578.115475491573,3138.0483456800653,15.0,116.83198947648592,14308.219178082192,0,1,0,0,0,0
1757,22.5704,22961.431396811022,-659.6383232550305,5.0,2.43,3.0,-14888.30081119534,14888.30081119534,3138.0483456800653,15.0,116.83198947648592,14308.219178082192,0,1,0,0,0,0
1758,25.4218,21080.538681881626,-659.6383232550305,5.0,2.43,3.0,-16769.193526124734,16769.193526124734,3138.0483456800653,15.0,116.83198947648592,14308.219178082192,0,1,0,0,0,0
1759,22.5137,22998.83288973958,-659.6383232550305,5.0,2.43,3.0,-14850.89931826678,14850.89931826678,3138.0483456800653,15.0,116.83198947648592,14308.219178082192,0,1,0,0,0,0
1760,23.9762,22034.1118419791,-659.6383232550305,5.0,2.43,3.0,-15815.620366027262,15815.620366027262,3138.0483456800653,15.0,116.83198947648592,14308.219178082192,0,1,0,0,0,0
1761,22.2642,23163.412651391714,-659.6383232550305,5.0,2.43,3.0,-14686.31955661465,14686.31955661465,3138.0483456800653,15.0,116.83198947648592,14308.219178082192,0,1,0,0,0,0
1762,23.6887,22223.75785991492,-659.6383232550305,5.0,2.43,3.0,-15625.974348091442,15625.974348091442,3138.0483456800653,15.0,116.83198947648592,14308.219178082192,0,1,0,0,0,0
1763,24.3874,21762.868563456628,-659.6383232550305,5.0,2.43,3.0,-16086.86364454973,16086.86364454973,3138.0483456800653,15.0,116.83198947648592,14308.219178082192,0,1,0,0,0,0
1764,22.8664,22766.178453127533,-659.6383232550305,5.0,2.43,3.0,-15083.553754878829,15083.553754878829,3138.0483456800653,15.0,116.83198947648592,14308.219178082192,0,1,0,0,0,0
1765,21.86,23430.03846165139,-659.6383232550305,5.0,2.43,3.0,-14419.693746354968,14419.693746354968,3138.0483456800653,15.0,116.83198947648592,14308.219178082192,0,1,0,0,0,0
1766,21.2758,23815.399170096982,-659.6383232550305,5.0,2.43,3.0,-14034.333037909379,14034.333037909379,3138.0483456800653,15.0,116.83198947648592,14308.219178082192,0,1,0,0,0,0
1767,21.6622,23560.514921991242,-659.6383232550305,5.0,2.43,3.0,-14289.21728601512,14289.21728601512,3138.0483456800653,15.0,116.83198947648592,14308.219178082192,0,1,0,0,0,0
1768,23.3662,22436.491219164665,-659.6383232550305,5.0,2.43,3.0,-15413.240988841693,15413.240988841693,3138.0483456800653,15.0,116.83198947648592,14308.219178082192,0,1,0,0,0,0
1769,21.6747,23552.26944295055,-659.6383232550305,5.0,2.43,3.0,-14297.46276505581,14297.46276505581,3138.0483456800653,15.0,116.83198947648592,14308.219178082192,0,1,0,0,0,0
1770,23.7379,22191.303654410774,-659.6383232550305,5.0,2.43,3.0,-15658.428553595588,15658.428553595588,3138.0483456800653,15.0,116.83198947648592,14308.219178082192,0,1,0,0,0,0
1771,57.3687,14138.365744269022,650.0,0,2.43,3.0,37289.655,-37289.655,15071.972825128516,0,556.8949724310688,14308.219178082192,1,0,0,0,0,0
1772,24.1205,21938.9260319334,-659.6383232550305,5.0,2.43,3.0,-15910.806176072963,15910.806176072963,3138.0483456800653,15.0,116.83198947648592,14308.219178082192,0,1,0,0,0,0
1773,20.9454,24033.343672100444,-659.6383232550305,5.0,2.43,3.0,-13816.388535905915,13816.388535905915,3138.0483456800653,15.0,116.83198947648592,14308.219178082192,0,1,0,0,0,0
1774,19.1997,25184.874293006753,-659.6383232550305,5.0,2.43,3.0,-12664.85791499961,12664.85791499961,3138.0483456800653,15.0,116.83198947648592,14308.219178082192,0,1,0,0,0,0
1775,19.0016,25315.548644843573,-659.6383232550305,5.0,2.43,3.0,-12534.183563162787,12534.183563162787,3138.0483456800653,15.0,116.83198947648592,14308.219178082192,0,1,0,0,0,0
1776,19.5118,24979.001172318855,-659.6383232550305,5.0,2.43,3.0,-12870.731035687504,12870.731035687504,3138.0483456800653,15.0,116.83198947648592,14308.219178082192,0,1,0,0,0,0
1777,19.1426,25222.539641264615,-659.6383232550305,5.0,2.43,3.0,-12627.192566741749,12627.192566741749,3138.0483456800653,15.0,116.83198947648592,14308.219178082192,0,1,0,0,0,0
1778,19.61,24914.224688975213,-659.6383232550305,5.0,2.43,3.0,-12935.507519031147,12935.507519031147,3138.0483456800653,15.0,116.83198947648592,14308.219178082192,0,1,0,0,0,0
1779,20.5888,24268.57069817319,-659.6383232550305,5.0,2.43,3.0,-13581.161509833171,13581.161509833171,3138.0483456800653,15.0,116.83198947648592,14308.219178082192,0,1,0,0,0,0
1780,20.2508,24491.52845143339,-659.6383232550305,5.0,2.43,3.0,-13358.203756572973,13358.203756572973,3138.0483456800653,15.0,116.83198947648592,14308.219178082192,0,1,0,0,0,0
1781,22.0856,23281.224055925057,-659.6383232550305,5.0,2.43,3.0,-14568.508152081302,14568.508152081302,3138.0483456800653,15.0,116.83198947648592,14308.219178082192,0,1,0,0,0,0
1782,126.609,59144.56074426902,650.0,0,2.43,3.0,82295.84999999999,-82295.84999999999,15071.972825128516,0,556.8949724310688,14308.219178082192,1,0,0,0,0,0
1783,31.2595,17229.768042215735,-659.6383232550305,5.0,2.43,3.0,-20619.964165790625,20619.964165790625,3138.0483456800653,15.0,116.83198947648592,14308.219178082192,0,1,0,0,0,0
1784,28.217,19236.717640719166,-659.6383232550305,5.0,2.43,3.0,-18613.014567287195,18613.014567287195,3138.0483456800653,15.0,116.83198947648592,14308.219178082192,0,1,0,0,0,0
1785,26.535,20346.229300434126,-659.6383232550305,5.0,2.43,3.0,-17503.502907572234,17503.502907572234,3138.0483456800653,15.0,116.83198947648592,14308.219178082192,0,1,0,0,0,0
1786,25.2769,21176.12027492128,-659.6383232550305,5.0,2.43,3.0,-16673.61193308508,16673.61193308508,3138.0483456800653,15.0,116.83198947648592,14308.219178082192,0,1,0,0,0,0
1787,22.0803,23284.72013903831,-659.6383232550305,5.0,2.43,3.0,-14565.012068968052,14565.012068968052,3138.0483456800653,15.0,116.83198947648592,14308.219178082192,0,1,0,0,0,0
1788,21.8531,23434.589966081854,-659.6383232550305,5.0,2.43,3.0,-14415.142241924508,14415.142241924508,3138.0483456800653,15.0,116.83198947648592,14308.219178082192,0,1,0,0,0,0
1789,20.5387,24301.618578168265,-659.6383232550305,5.0,2.43,3.0,-13548.113629838093,13548.113629838093,3138.0483456800653,15.0,116.83198947648592,14308.219178082192,0,1,0,0,0,0
1790,20.1091,24584.999201838626,-659.6383232550305,5.0,2.43,3.0,-13264.733006167735,13264.733006167735,3138.0483456800653,15.0,116.83198947648592,14308.219178082192,0,1,0,0,0,0
1791,20.1641,24548.719094059597,-659.6383232550305,5.0,2.43,3.0,-13301.013113946761,13301.013113946761,3138.0483456800653,15.0,116.83198947648592,14308.219178082192,0,1,0,0,0,0
1792,21.3783,23747.786241963342,-659.6383232550305,5.0,2.43,3.0,-14101.945966043018,14101.945966043018,3138.0483456800653,15.0,116.83198947648592,14308.219178082192,0,1,0,0,0,0
1793,21.5574,23629.645018268366,-659.6383232550305,5.0,2.43,3.0,-14220.087189737995,14220.087189737995,3138.0483456800653,15.0,116.83198947648592,14308.219178082192,0,1,0,0,0,0
1794,28.158,19275.63630179121,-659.6383232550305,5.0,2.43,3.0,-18574.09590621515,18574.09590621515,3138.0483456800653,15.0,116.83198947648592,14308.219178082192,0,1,0,0,0,0
1795,29.8936,18130.76802794978,-659.6383232550305,5.0,2.43,3.0,-19718.96418005658,19718.96418005658,3138.0483456800653,15.0,116.83198947648592,14308.219178082192,0,1,0,0,0,0
1796,30.2392,17902.797023432842,-659.6383232550305,5.0,2.43,3.0,-19946.93518457352,19946.93518457352,3138.0483456800653,15.0,116.83198947648592,14308.219178082192,0,1,0,0,0,0
1797,30.2918,17868.10004762963,-659.6383232550305,5.0,2.43,3.0,-19981.632160376732,19981.632160376732,3138.0483456800653,15.0,116.83198947648592,14308.219178082192,0,1,0,0,0,0
1798,25.3347,21137.993179837136,-659.6383232550305,5.0,2.43,3.0,-16711.739028169224,16711.739028169224,3138.0483456800653,15.0,116.83198947648592,14308.219178082192,0,1,0,0,0,0
1799,25.675,20913.51825843345,-659.6383232550305,5.0,2.43,3.0,-16936.21394957291,16936.21394957291,3138.0483456800653,15.0,116.83198947648592,14308.219178082192,0,1,0,0,0,0
1800,23.5913,22288.006632599958,-659.6383232550305,5.0,2.43,3.0,-15561.7255754064,15561.7255754064,3138.0483456800653,15.0,116.83198947648592,14308.219178082192,0,1,0,0,0,0
1801,26.1242,20617.208723627293,-659.6383232550305,5.0,2.43,3.0,-17232.523484379068,17232.523484379068,3138.0483456800653,15.0,116.83198947648592,14308.219178082192,0,1,0,0,0,0
1802,23.472,22366.701484564284,-659.6383232550305,5.0,2.43,3.0,-15483.030723442078,15483.030723442078,3138.0483456800653,15.0,116.83198947648592,14308.219178082192,0,1,0,0,0,0
1803,26.3035,20498.935572267666,-659.6383232550305,5.0,2.43,3.0,-17350.796635738694,17350.796635738694,3138.0483456800653,15.0,116.83198947648592,14308.219178082192,0,1,0,0,0,0
1804,28.2036,19245.55679425078,-659.6383232550305,5.0,2.43,3.0,-18604.17541375558,18604.17541375558,3138.0483456800653,15.0,116.83198947648592,14308.219178082192,0,1,0,0,0,0
1805,29.3365,18498.252537835157,-659.6383232550305,5.0,2.43,3.0,-19351.479670171204,19351.479670171204,3138.0483456800653,15.0,116.83198947648592,14308.219178082192,0,1,0,0,0,0
1806,31.2432,17240.520146884788,-659.6383232550305,5.0,2.43,3.0,-20609.21206112157,20609.21206112157,3138.0483456800653,15.0,116.83198947648592,14308.219178082192,0,1,0,0,0,0
1807,30.3768,17812.030790152952,-659.6383232550305,5.0,2.43,3.0,-20037.701417853412,20037.701417853412,3138.0483456800653,15.0,116.83198947648592,14308.219178082192,0,1,0,0,0,0
1808,26.1915,20572.81506447223,-659.6383232550305,5.0,2.43,3.0,-17276.917143534134,17276.917143534134,3138.0483456800653,15.0,116.83198947648592,14308.219178082192,0,1,0,0,0,0
1809,23.1891,22553.313166213135,-659.6383232550305,5.0,2.43,3.0,-15296.419041793228,15296.419041793228,3138.0483456800653,15.0,116.83198947648592,14308.219178082192,0,1,0,0,0,0
1810,22.7874,22818.289880664677,-659.6383232550305,5.0,2.43,3.0,-15031.442327341683,15031.442327341683,3138.0483456800653,15.0,116.83198947648592,14308.219178082192,0,1,0,0,0,0
1811,23.4753,22364.524678097543,-659.6383232550305,5.0,2.43,3.0,-15485.20752990882,15485.20752990882,3138.0483456800653,15.0,116.83198947648592,14308.219178082192,0,1,0,0,0,0
1812,21.9975,23339.338192203828,-659.6383232550305,5.0,2.43,3.0,-14510.394015802533,14510.394015802533,3138.0483456800653,15.0,116.83198947648592,14308.219178082192,0,1,0,0,0,0
1813,22.3587,23101.07682984411,-659.6383232550305,5.0,2.43,3.0,-14748.65537816225,14748.65537816225,3138.0483456800653,15.0,116.83198947648592,14308.219178082192,0,1,0,0,0,0
1814,21.5722,23619.882371084193,-659.6383232550305,5.0,2.43,3.0,-14229.849836922169,14229.849836922169,3138.0483456800653,15.0,116.83198947648592,14308.219178082192,0,1,0,0,0,0
1815,20.2381,24499.90585813873,-659.6383232550305,5.0,2.43,3.0,-13349.826349867633,13349.826349867633,3138.0483456800653,15.0,116.83198947648592,14308.219178082192,0,1,0,0,0,0
1816,20.2987,24459.931775749472,-659.6383232550305,5.0,2.43,3.0,-13389.800432256889,13389.800432256889,3138.0483456800653,15.0,116.83198947648592,14308.219178082192,0,1,0,0,0,0
1817,22.286,23149.032535944752,-659.6383232550305,5.0,2.43,3.0,-14700.699672061612,14700.699672061612,3138.0483456800653,15.0,116.83198947648592,14308.219178082192,0,1,0,0,0,0
1818,86.3773,32993.95574426903,650.0,0,2.43,3.0,56145.245,-56145.245,15071.972825128516,0,556.8949724310688,14308.219178082192,1,0,0,0,0,0
1819,58.7826,15057.400744269025,650.0,0,2.43,3.0,38208.69,-38208.69,15071.972825128516,0,556.8949724310688,14308.219178082192,1,0,0,0,0,0
1820,31.5375,17046.388588350834,-659.6383232550305,5.0,2.43,3.0,-20803.343619655527,20803.343619655527,3138.0483456800653,15.0,116.83198947648592,14308.219178082192,0,1,0,0,0,0
1821,25.3715,21113.718489541356,-659.6383232550305,5.0,2.43,3.0,-16736.01371846501,16736.01371846501,3138.0483456800653,15.0,116.83198947648592,14308.219178082192,0,1,0,0,0,0
1822,24.6932,21561.151164205243,-659.6383232550305,5.0,2.43,3.0,-16288.58104380112,16288.58104380112,3138.0483456800653,15.0,116.83198947648592,14308.219178082192,0,1,0,0,0,0
1823,25.0826,21304.28800112973,-659.6383232550305,5.0,2.43,3.0,-16545.44420687663,16545.44420687663,3138.0483456800653,15.0,116.83198947648592,14308.219178082192,0,1,0,0,0,0
1824,23.5841,22292.756028527398,-659.6383232550305,5.0,2.43,3.0,-15556.976179478965,15556.976179478965,3138.0483456800653,15.0,116.83198947648592,14308.219178082192,0,1,0,0,0,0
1825,24.4707,21707.920691129482,-659.6383232550305,5.0,2.43,3.0,-16141.811516876876,16141.811516876876,3138.0483456800653,15.0,116.83198947648592,14308.219178082192,0,1,0,0,0,0
1826,25.5557,20992.213110397777,-659.6383232550305,5.0,2.43,3.0,-16857.519097608583,16857.519097608583,3138.0483456800653,15.0,116.83198947648592,14308.219178082192,0,1,0,0,0,0
1827,27.1173,19962.121904802723,-659.6383232550305,5.0,2.43,3.0,-17887.61030320364,17887.61030320364,3138.0483456800653,15.0,116.83198947648592,14308.219178082192,0,1,0,0,0,0
1828,28.7259,18901.02769801468,-659.6383232550305,5.0,2.43,3.0,-18948.70450999168,18948.70450999168,3138.0483456800653,15.0,116.83198947648592,14308.219178082192,0,1,0,0,0,0
1829,113.9298,50903.08074426903,650.0,0,2.43,3.0,74054.37,-74054.37,15071.972825128516,0,556.8949724310688,14308.219178082192,1,0,0,0,0,0
1830,32.2825,16554.958037525837,-659.6383232550305,5.0,2.43,3.0,-21294.774170480523,21294.774170480523,3138.0483456800653,15.0,116.83198947648592,14308.219178082192,0,1,0,0,0,0
1831,34.1978,15291.552756995476,-659.6383232550305,5.0,2.43,3.0,-22558.179451010885,22558.179451010885,3138.0483456800653,15.0,116.83198947648592,14308.219178082192,0,1,0,0,0,0
1832,32.6973,16281.340061039653,-659.6383232550305,5.0,2.43,3.0,-21568.392146966708,21568.392146966708,3138.0483456800653,15.0,116.83198947648592,14308.219178082192,0,1,0,0,0,0
1833,34.3949,15161.538043481909,-659.6383232550305,5.0,2.43,3.0,-22688.194164524448,22688.194164524448,3138.0483456800653,15.0,116.83198947648592,14308.219178082192,0,1,0,0,0,0
1834,29.6473,18293.236946967492,-659.6383232550305,5.0,2.43,3.0,-19556.49526103887,19556.49526103887,3138.0483456800653,15.0,116.83198947648592,14308.219178082192,0,1,0,0,0,0
1835,28.0258,19362.840488125526,-659.6383232550305,5.0,2.43,3.0,-18486.891719880834,18486.891719880834,3138.0483456800653,15.0,116.83198947648592,14308.219178082192,0,1,0,0,0,0
1836,26.7533,20202.23025446755,-659.6383232550305,5.0,2.43,3.0,-17647.50195353881,17647.50195353881,3138.0483456800653,15.0,116.83198947648592,14308.219178082192,0,1,0,0,0,0
1837,26.8591,20132.44051986717,-659.6383232550305,5.0,2.43,3.0,-17717.29168813919,17717.29168813919,3138.0483456800653,15.0,116.83198947648592,14308.219178082192,0,1,0,0,0,0
1838,27.026,20022.34688371591,-659.6383232550305,5.0,2.43,3.0,-17827.385324290455,17827.385324290455,3138.0483456800653,15.0,116.83198947648592,14308.219178082192,0,1,0,0,0,0
1839,27.7243,19561.721442586917,-659.6383232550305,5.0,2.43,3.0,-18288.010765419443,18288.010765419443,3138.0483456800653,15.0,116.83198947648592,14308.219178082192,0,1,0,0,0,0
1840,29.3032,18520.21849399955,-659.6383232550305,5.0,2.43,3.0,-19329.51371400681,19329.51371400681,3138.0483456800653,15.0,116.83198947648592,14308.219178082192,0,1,0,0,0,0
1841,27.2746,19858.360796554705,-659.6383232550305,5.0,2.43,3.0,-17991.371411451655,17991.371411451655,3138.0483456800653,15.0,116.83198947648592,14308.219178082192,0,1,0,0,0,0
1842,30.8897,17473.702294155446,-659.6383232550305,5.0,2.43,3.0,-20376.029913850918,20376.029913850918,3138.0483456800653,15.0,116.83198947648592,14308.219178082192,0,1,0,0,0,0
1843,51.4668,10302.130744269021,650.0,0,2.43,3.0,33453.42,-33453.42,15071.972825128516,0,556.8949724310688,14308.219178082192,1,0,0,0,0,0
1844,39.3196,11913.01719294786,-659.6383232550305,5.0,2.43,3.0,-25936.7150150585,25936.7150150585,3138.0483456800653,15.0,116.83198947648592,14308.219178082192,0,1,0,0,0,0
1845,28.7334,18896.080410590268,-659.6383232550305,5.0,2.43,3.0,-18953.651797416092,18953.651797416092,3138.0483456800653,15.0,116.83198947648592,14308.219178082192,0,1,0,0,0,0
1846,27.0153,20029.405013774733,-659.6383232550305,5.0,2.43,3.0,-17820.327194231624,17820.327194231624,3138.0483456800653,15.0,116.83198947648592,14308.219178082192,0,1,0,0,0,0
1847,25.8832,20776.181559531757,-659.6383232550305,5.0,2.43,3.0,-17073.550648474604,17073.550648474604,3138.0483456800653,15.0,116.83198947648592,14308.219178082192,0,1,0,0,0,0
1848,25.9676,20720.50808504903,-659.6383232550305,5.0,2.43,3.0,-17129.22412295733,17129.22412295733,3138.0483456800653,15.0,116.83198947648592,14308.219178082192,0,1,0,0,0,0
1849,25.9673,20720.705976546007,-659.6383232550305,5.0,2.43,3.0,-17129.026231460353,17129.026231460353,3138.0483456800653,15.0,116.83198947648592,14308.219178082192,0,1,0,0,0,0
1850,30.836,17509.12487211424,-659.6383232550305,5.0,2.43,3.0,-20340.60733589212,20340.60733589212,3138.0483456800653,15.0,116.83198947648592,14308.219178082192,0,1,0,0,0,0
1851,28.9235,18770.683165339487,-659.6383232550305,5.0,2.43,3.0,-19079.049042666877,19079.049042666877,3138.0483456800653,15.0,116.83198947648592,14308.219178082192,0,1,0,0,0,0
1852,104.2626,44619.400744269034,650.0,0,2.43,3.0,67770.69,-67770.69,15071.972825128516,0,556.8949724310688,14308.219178082192,1,0,0,0,0,0
1853,148.8752,73617.59074426904,650.0,0,2.43,3.0,96768.88,-96768.88,15071.972825128516,0,556.8949724310688,14308.219178082192,1,0,0,0,0,0
1854,45.4679,7857.362890078959,-659.6383232550305,5.0,2.43,3.0,-29992.3693179274,29992.3693179274,3138.0483456800653,15.0,116.83198947648592,14308.219178082192,0,1,0,0,0,0
1855,32.0369,16716.965209717273,-659.6383232550305,5.0,2.43,3.0,-21132.766998289087,21132.766998289087,3138.0483456800653,15.0,116.83198947648592,14308.219178082192,0,1,0,0,0,0
1856,31.4687,17091.771704990784,-659.6383232550305,5.0,2.43,3.0,-20757.960503015576,20757.960503015576,3138.0483456800653,15.0,116.83198947648592,14308.219178082192,0,1,0,0,0,0
1857,29.3771,18471.471221911004,-659.6383232550305,5.0,2.43,3.0,-19378.260986095356,19378.260986095356,3138.0483456800653,15.0,116.83198947648592,14308.219178082192,0,1,0,0,0,0
1858,26.9776,20054.27337856145,-659.6383232550305,5.0,2.43,3.0,-17795.45882944491,17795.45882944491,3138.0483456800653,15.0,116.83198947648592,14308.219178082192,0,1,0,0,0,0
1859,26.1936,20571.429823993392,-659.6383232550305,5.0,2.43,3.0,-17278.302384012968,17278.302384012968,3138.0483456800653,15.0,116.83198947648592,14308.219178082192,0,1,0,0,0,0
1860,23.5452,22318.415959302016,-659.6383232550305,5.0,2.43,3.0,-15531.316248704345,15531.316248704345,3138.0483456800653,15.0,116.83198947648592,14308.219178082192,0,1,0,0,0,0
1861,24.6386,21597.167416654967,-659.6383232550305,5.0,2.43,3.0,-16252.564791351395,16252.564791351395,3138.0483456800653,15.0,116.83198947648592,14308.219178082192,0,1,0,0,0,0
1862,23.7677,22171.64643237777,-659.6383232550305,5.0,2.43,3.0,-15678.08577562859,15678.08577562859,3138.0483456800653,15.0,116.83198947648592,14308.219178082192,0,1,0,0,0,0
1863,25.0195,21345.911179327126,-659.6383232550305,5.0,2.43,3.0,-16503.82102867924,16503.82102867924,3138.0483456800653,15.0,116.83198947648592,14308.219178082192,0,1,0,0,0,0
1864,24.5413,21661.350225507682,-659.6383232550305,5.0,2.43,3.0,-16188.38198249868,16188.38198249868,3138.0483456800653,15.0,116.83198947648592,14308.219178082192,0,1,0,0,0,0
1865,25.4907,21035.089601409356,-659.6383232550305,5.0,2.43,3.0,-16814.642606597008,16814.642606597008,3138.0483456800653,15.0,116.83198947648592,14308.219178082192,0,1,0,0,0,0
1866,29.4999,18390.467635815286,-659.6383232550305,5.0,2.43,3.0,-19459.264572191074,19459.264572191074,3138.0483456800653,15.0,116.83198947648592,14308.219178082192,0,1,0,0,0,0
1867,30.2566,17891.319316608206,-659.6383232550305,5.0,2.43,3.0,-19958.412891398155,19958.412891398155,3138.0483456800653,15.0,116.83198947648592,14308.219178082192,0,1,0,0,0,0
1868,28.4792,19063.760472361697,-659.6383232550305,5.0,2.43,3.0,-18785.971735644664,18785.971735644664,3138.0483456800653,15.0,116.83198947648592,14308.219178082192,0,1,0,0,0,0
1869,25.3945,21098.546808106486,-659.6383232550305,5.0,2.43,3.0,-16751.185399899874,16751.185399899874,3138.0483456800653,15.0,116.83198947648592,14308.219178082192,0,1,0,0,0,0
1870,23.579,22296.120183975996,-659.6383232550305,5.0,2.43,3.0,-15553.612024030364,15553.612024030364,3138.0483456800653,15.0,116.83198947648592,14308.219178082192,0,1,0,0,0,0
1871,25.2513,21193.00701599661,-659.6383232550305,5.0,2.43,3.0,-16656.72519200975,16656.72519200975,3138.0483456800653,15.0,116.83198947648592,14308.219178082192,0,1,0,0,0,0
1872,25.3128,21152.439259116425,-659.6383232550305,5.0,2.43,3.0,-16697.292948889935,16697.292948889935,3138.0483456800653,15.0,116.83198947648592,14308.219178082192,0,1,0,0,0,0
1873,24.9087,21418.999105543782,-659.6383232550305,5.0,2.43,3.0,-16430.73310246258,16430.73310246258,3138.0483456800653,15.0,116.83198947648592,14308.219178082192,0,1,0,0,0,0
1874,25.4758,21044.918212425855,-659.6383232550305,5.0,2.43,3.0,-16804.813995580505,16804.813995580505,3138.0483456800653,15.0,116.83198947648592,14308.219178082192,0,1,0,0,0,0
1875,27.8695,19465.941958050287,-659.6383232550305,5.0,2.43,3.0,-18383.790249956073,18383.790249956073,3138.0483456800653,15.0,116.83198947648592,14308.219178082192,0,1,0,0,0,0
1876,29.4857,18399.834500005505,-659.6383232550305,5.0,2.43,3.0,-19449.897708000855,19449.897708000855,3138.0483456800653,15.0,116.83198947648592,14308.219178082192,0,1,0,0,0,0
1877,110.7281,48821.97574426903,650.0,0,2.43,3.0,71973.265,-71973.265,15071.972825128516,0,556.8949724310688,14308.219178082192,1,0,0,0,0,0
1878,53.6557,11724.915744269025,650.0,0,2.43,3.0,34876.205,-34876.205,15071.972825128516,0,556.8949724310688,14308.219178082192,1,0,0,0,0,0
1879,38.0666,12739.544011986414,-659.6383232550305,5.0,2.43,3.0,-25110.188196019946,25110.188196019946,3138.0483456800653,15.0,116.83198947648592,14308.219178082192,0,1,0,0,0,0
1880,32.701,16278.899399243608,-659.6383232550305,5.0,2.43,3.0,-21570.832808762752,21570.832808762752,3138.0483456800653,15.0,116.83198947648592,14308.219178082192,0,1,0,0,0,0
1881,28.9537,18750.762087977182,-659.6383232550305,5.0,2.43,3.0,-19098.97012002918,19098.97012002918,3138.0483456800653,15.0,116.83198947648592,14308.219178082192,0,1,0,0,0,0
1882,26.028,20680.665930324427,-659.6383232550305,5.0,2.43,3.0,-17169.066277681934,17169.066277681934,3138.0483456800653,15.0,116.83198947648592,14308.219178082192,0,1,0,0,0,0
1883,25.5604,20989.11281027848,-659.6383232550305,5.0,2.43,3.0,-16860.61939772788,16860.61939772788,3138.0483456800653,15.0,116.83198947648592,14308.219178082192,0,1,0,0,0,0
1884,27.9941,19383.751022972712,-659.6383232550305,5.0,2.43,3.0,-18465.98118503365,18465.98118503365,3138.0483456800653,15.0,116.83198947648592,14308.219178082192,0,1,0,0,0,0
1885,38.1114,12709.99221510459,-659.6383232550305,5.0,2.43,3.0,-25139.739992901774,25139.739992901774,3138.0483456800653,15.0,116.83198947648592,14308.219178082192,0,1,0,0,0,0
1886,43.0231,9470.04666277286,-659.6383232550305,5.0,2.43,3.0,-28379.685545233504,28379.685545233504,3138.0483456800653,15.0,116.83198947648592,14308.219178082192,0,1,0,0,0,0
1887,27.5827,19655.126229159832,-659.6383232550305,5.0,2.43,3.0,-18194.605978846528,18194.605978846528,3138.0483456800653,15.0,116.83198947648592,14308.219178082192,0,1,0,0,0,0
1888,27.8468,19480.915747988176,-659.6383232550305,5.0,2.43,3.0,-18368.816460018184,18368.816460018184,3138.0483456800653,15.0,116.83198947648592,14308.219178082192,0,1,0,0,0,0
1889,25.9966,20701.378573674632,-659.6383232550305,5.0,2.43,3.0,-17148.35363433173,17148.35363433173,3138.0483456800653,15.0,116.83198947648592,14308.219178082192,0,1,0,0,0,0
1890,35.242,14602.758419852576,-659.6383232550305,5.0,2.43,3.0,-23246.973788153784,23246.973788153784,3138.0483456800653,15.0,116.83198947648592,14308.219178082192,0,1,0,0,0,0
1891,28.243,19219.567044314535,-659.6383232550305,5.0,2.43,3.0,-18630.165163691825,18630.165163691825,3138.0483456800653,15.0,116.83198947648592,14308.219178082192,0,1,0,0,0,0
1892,25.2913,21166.62148306641,-659.6383232550305,5.0,2.43,3.0,-16683.110724939954,16683.110724939954,3138.0483456800653,15.0,116.83198947648592,14308.219178082192,0,1,0,0,0,0
1893,21.9832,23348.771020226377,-659.6383232550305,5.0,2.43,3.0,-14500.961187779987,14500.961187779987,3138.0483456800653,15.0,116.83198947648592,14308.219178082192,0,1,0,0,0,0
1894,21.3033,23797.259116207468,-659.6383232550305,5.0,2.43,3.0,-14052.47309179889,14052.47309179889,3138.0483456800653,15.0,116.83198947648592,14308.219178082192,0,1,0,0,0,0
1895,19.9101,24716.267228166376,-659.6383232550305,5.0,2.43,3.0,-13133.464979839982,13133.464979839982,3138.0483456800653,15.0,116.83198947648592,14308.219178082192,0,1,0,0,0,0
1896,20.3257,24442.12154102159,-659.6383232550305,5.0,2.43,3.0,-13407.610666984774,13407.610666984774,3138.0483456800653,15.0,116.83198947648592,14308.219178082192,0,1,0,0,0,0
1897,19.8097,24782.494915821182,-659.6383232550305,5.0,2.43,3.0,-13067.237292185178,13067.237292185178,3138.0483456800653,15.0,116.83198947648592,14308.219178082192,0,1,0,0,0,0
1898,19.4697,25006.771945727894,-659.6383232550305,5.0,2.43,3.0,-12842.960262278468,12842.960262278468,3138.0483456800653,15.0,116.83198947648592,14308.219178082192,0,1,0,0,0,0
1899,20.4199,24379.983610970965,-659.6383232550305,5.0,2.43,3.0,-13469.748597035397,13469.748597035397,3138.0483456800653,15.0,116.83198947648592,14308.219178082192,0,1,0,0,0,0
1900,24.5217,21674.27913664348,-659.6383232550305,5.0,2.43,3.0,-16175.453071362881,16175.453071362881,3138.0483456800653,15.0,116.83198947648592,14308.219178082192,0,1,0,0,0,0
1901,29.9188,18114.145142203753,-659.6383232550305,5.0,2.43,3.0,-19735.587065802607,19735.587065802607,3138.0483456800653,15.0,116.83198947648592,14308.219178082192,0,1,0,0,0,0
1902,37.4464,13148.65170006919,-659.6383232550305,5.0,2.43,3.0,-24701.08050793717,24701.08050793717,3138.0483456800653,15.0,116.83198947648592,14308.219178082192,0,1,0,0,0,0
1903,35.3379,14539.49910465242,-659.6383232550305,5.0,2.43,3.0,-23310.23310335394,23310.23310335394,3138.0483456800653,15.0,116.83198947648592,14308.219178082192,0,1,0,0,0,0
1904,53.9356,11906.850744269022,650.0,0,2.43,3.0,35058.14,-35058.14,15071.972825128516,0,556.8949724310688,14308.219178082192,1,0,0,0,0,0
1905,37.3515,13211.25137694609,-659.6383232550305,5.0,2.43,3.0,-24638.480831060275,24638.480831060275,3138.0483456800653,15.0,116.83198947648592,14308.219178082192,0,1,0,0,0,0
1906,39.0402,12097.32014046532,-659.6383232550305,5.0,2.43,3.0,-25752.41206754104,25752.41206754104,3138.0483456800653,15.0,116.83198947648592,14308.219178082192,0,1,0,0,0,0
1907,40.7908,10942.557291775065,-659.6383232550305,5.0,2.43,3.0,-26907.174916231295,26907.174916231295,3138.0483456800653,15.0,116.83198947648592,14308.219178082192,0,1,0,0,0,0
1908,31.6269,16987.416922251836,-659.6383232550305,5.0,2.43,3.0,-20862.315285754525,20862.315285754525,3138.0483456800653,15.0,116.83198947648592,14308.219178082192,0,1,0,0,0,0
1909,29.8464,18161.90295680742,-659.6383232550305,5.0,2.43,3.0,-19687.829251198942,19687.829251198942,3138.0483456800653,15.0,116.83198947648592,14308.219178082192,0,1,0,0,0,0
1910,32.8716,16166.365101296298,-659.6383232550305,5.0,2.43,3.0,-21683.367106710062,21683.367106710062,3138.0483456800653,15.0,116.83198947648592,14308.219178082192,0,1,0,0,0,0
1911,32.1148,16665.579384335706,-659.6383232550305,5.0,2.43,3.0,-21184.152823670654,21184.152823670654,3138.0483456800653,15.0,116.83198947648592,14308.219178082192,0,1,0,0,0,0
1912,29.7429,18230.175523264315,-659.6383232550305,5.0,2.43,3.0,-19619.556684742045,19619.556684742045,3138.0483456800653,15.0,116.83198947648592,14308.219178082192,0,1,0,0,0,0
1913,28.826,18834.997901856852,-659.6383232550305,5.0,2.43,3.0,-19014.73430614951,19014.73430614951,3138.0483456800653,15.0,116.83198947648592,14308.219178082192,0,1,0,0,0,0
1914,53.5804,11675.970744269018,650.0,0,2.43,3.0,34827.259999999995,-34827.259999999995,15071.972825128516,0,556.8949724310688,14308.219178082192,1,0,0,0,0,0
1915,43.9228,8876.570063340303,-659.6383232550305,5.0,2.43,3.0,-28973.162144666057,28973.162144666057,3138.0483456800653,15.0,116.83198947648592,14308.219178082192,0,1,0,0,0,0
1916,28.4798,19063.364689367743,-659.6383232550305,5.0,2.43,3.0,-18786.367518638617,18786.367518638617,3138.0483456800653,15.0,116.83198947648592,14308.219178082192,0,1,0,0,0,0
1917,21.7445,23506.22668798735,-659.6383232550305,5.0,2.43,3.0,-14343.50552001901,14343.50552001901,3138.0483456800653,15.0,116.83198947648592,14308.219178082192,0,1,0,0,0,0
1918,19.9011,24722.203973075673,-659.6383232550305,5.0,2.43,3.0,-13127.528234930687,13127.528234930687,3138.0483456800653,15.0,116.83198947648592,14308.219178082192,0,1,0,0,0,0
1919,21.0318,23976.35092097121,-659.6383232550305,5.0,2.43,3.0,-13873.38128703515,13873.38128703515,3138.0483456800653,15.0,116.83198947648592,14308.219178082192,0,1,0,0,0,0
1920,20.946,24032.94788910649,-659.6383232550305,5.0,2.43,3.0,-13816.78431889987,13816.78431889987,3138.0483456800653,15.0,116.83198947648592,14308.219178082192,0,1,0,0,0,0
1921,20.8831,24074.43913963923,-659.6383232550305,5.0,2.43,3.0,-13775.293068367127,13775.293068367127,3138.0483456800653,15.0,116.83198947648592,14308.219178082192,0,1,0,0,0,0
1922,20.6783,24209.533068241864,-659.6383232550305,5.0,2.43,3.0,-13640.199139764498,13640.199139764498,3138.0483456800653,15.0,116.83198947648592,14308.219178082192,0,1,0,0,0,0
1923,22.8553,22773.500438515664,-659.6383232550305,5.0,2.43,3.0,-15076.231769490698,15076.231769490698,3138.0483456800653,15.0,116.83198947648592,14308.219178082192,0,1,0,0,0,0
1924,22.9626,22702.721246430396,-659.6383232550305,5.0,2.43,3.0,-15147.010961575963,15147.010961575963,3138.0483456800653,15.0,116.83198947648592,14308.219178082192,0,1,0,0,0,0
1925,39.4259,11842.897639185852,-659.6383232550305,5.0,2.43,3.0,-26006.834568820508,26006.834568820508,3138.0483456800653,15.0,116.83198947648592,14308.219178082192,0,1,0,0,0,0
1926,32.9123,16139.51782153982,-659.6383232550305,5.0,2.43,3.0,-21710.21438646654,21710.21438646654,3138.0483456800653,15.0,116.83198947648592,14308.219178082192,0,1,0,0,0,0
1927,30.0656,18017.310236349917,-659.6383232550305,5.0,2.43,3.0,-19832.421971656444,19832.421971656444,3138.0483456800653,15.0,116.83198947648592,14308.219178082192,0,1,0,0,0,0
1928,49.6567,9125.565744269023,650.0,0,2.43,3.0,32276.855,-32276.855,15071.972825128516,0,556.8949724310688,14308.219178082192,1,0,0,0,0,0
1929,46.638,7163.410744269021,650.0,0,2.43,3.0,30314.699999999997,-30314.699999999997,15071.972825128516,0,556.8949724310688,14308.219178082192,1,0,0,0,0,0
1930,28.1676,19269.303773887965,-659.6383232550305,5.0,2.43,3.0,-18580.4284341184,18580.4284341184,3138.0483456800653,15.0,116.83198947648592,14308.219178082192,0,1,0,0,0,0
1931,24.4357,21731.00803244341,-659.6383232550305,5.0,2.43,3.0,-16118.72417556295,16118.72417556295,3138.0483456800653,15.0,116.83198947648592,14308.219178082192,0,1,0,0,0,0
1932,24.3891,21761.747178307094,-659.6383232550305,5.0,2.43,3.0,-16087.985029699264,16087.985029699264,3138.0483456800653,15.0,116.83198947648592,14308.219178082192,0,1,0,0,0,0
1933,23.9098,22077.911826643234,-659.6383232550305,5.0,2.43,3.0,-15771.82038136313,15771.82038136313,3138.0483456800653,15.0,116.83198947648592,14308.219178082192,0,1,0,0,0,0
1934,23.9259,22067.291649638828,-659.6383232550305,5.0,2.43,3.0,-15782.440558367534,15782.440558367534,3138.0483456800653,15.0,116.83198947648592,14308.219178082192,0,1,0,0,0,0
1935,23.1447,22582.601107765655,-659.6383232550305,5.0,2.43,3.0,-15267.131100240706,15267.131100240706,3138.0483456800653,15.0,116.83198947648592,14308.219178082192,0,1,0,0,0,0
1936,24.6752,21573.024654023833,-659.6383232550305,5.0,2.43,3.0,-16276.70755398253,16276.70755398253,3138.0483456800653,15.0,116.83198947648592,14308.219178082192,0,1,0,0,0,0
1937,25.948,20733.436996184828,-659.6383232550305,5.0,2.43,3.0,-17116.295211821533,17116.295211821533,3138.0483456800653,15.0,116.83198947648592,14308.219178082192,0,1,0,0,0,0
1938,25.6559,20926.117350407625,-659.6383232550305,5.0,2.43,3.0,-16923.614857598735,16923.614857598735,3138.0483456800653,15.0,116.83198947648592,14308.219178082192,0,1,0,0,0,0
1939,25.7067,20892.60772358627,-659.6383232550305,5.0,2.43,3.0,-16957.124484420096,16957.124484420096,3138.0483456800653,15.0,116.83198947648592,14308.219178082192,0,1,0,0,0,0
1940,28.7069,18913.560826156525,-659.6383232550305,5.0,2.43,3.0,-18936.171381849836,18936.171381849836,3138.0483456800653,15.0,116.83198947648592,14308.219178082192,0,1,0,0,0,0
1941,24.232,21865.376358890462,-659.6383232550305,5.0,2.43,3.0,-15984.355849115898,15984.355849115898,3138.0483456800653,15.0,116.83198947648592,14308.219178082192,0,1,0,0,0,0
1942,22.7243,22859.91305886207,-659.6383232550305,5.0,2.43,3.0,-14989.81914914429,14989.81914914429,3138.0483456800653,15.0,116.83198947648592,14308.219178082192,0,1,0,0,0,0
1943,23.2825,22491.702946821115,-659.6383232550305,5.0,2.43,3.0,-15358.029261185247,15358.029261185247,3138.0483456800653,15.0,116.83198947648592,14308.219178082192,0,1,0,0,0,0
1944,23.3151,22470.198737483,-659.6383232550305,5.0,2.43,3.0,-15379.533470523362,15379.533470523362,3138.0483456800653,15.0,116.83198947648592,14308.219178082192,0,1,0,0,0,0
1945,24.5131,21679.952026223473,-659.6383232550305,5.0,2.43,3.0,-16169.78018178289,16169.78018178289,3138.0483456800653,15.0,116.83198947648592,14308.219178082192,0,1,0,0,0,0
1946,26.0685,20653.950578232598,-659.6383232550305,5.0,2.43,3.0,-17195.781629773763,17195.781629773763,3138.0483456800653,15.0,116.83198947648592,14308.219178082192,0,1,0,0,0,0
1947,24.0626,21977.119090849865,-659.6383232550305,5.0,2.43,3.0,-15872.613117156498,15872.613117156498,3138.0483456800653,15.0,116.83198947648592,14308.219178082192,0,1,0,0,0,0
1948,27.3596,19802.29153907803,-659.6383232550305,5.0,2.43,3.0,-18047.44066892833,18047.44066892833,3138.0483456800653,15.0,116.83198947648592,14308.219178082192,0,1,0,0,0,0
1949,27.6591,19604.729861263146,-659.6383232550305,5.0,2.43,3.0,-18245.002346743215,18245.002346743215,3138.0483456800653,15.0,116.83198947648592,14308.219178082192,0,1,0,0,0,0
1950,36.7808,13587.706968027735,-659.6383232550305,5.0,2.43,3.0,-24262.025239978626,24262.025239978626,3138.0483456800653,15.0,116.83198947648592,14308.219178082192,0,1,0,0,0,0
1951,28.5412,19022.862896319886,-659.6383232550305,5.0,2.43,3.0,-18826.869311686478,18826.869311686478,3138.0483456800653,15.0,116.83198947648592,14308.219178082192,0,1,0,0,0,0
1952,30.3227,17847.717223441046,-659.6383232550305,5.0,2.43,3.0,-20002.014984565314,20002.014984565314,3138.0483456800653,15.0,116.83198947648592,14308.219178082192,0,1,0,0,0,0
1953,24.4517,21720.45381927133,-659.6383232550305,5.0,2.43,3.0,-16129.278388735029,16129.278388735029,3138.0483456800653,15.0,116.83198947648592,14308.219178082192,0,1,0,0,0,0
1954,25.0315,21337.995519448064,-659.6383232550305,5.0,2.43,3.0,-16511.736688558296,16511.736688558296,3138.0483456800653,15.0,116.83198947648592,14308.219178082192,0,1,0,0,0,0
1955,23.0056,22674.35679853043,-659.6383232550305,5.0,2.43,3.0,-15175.375409475932,15175.375409475932,3138.0483456800653,15.0,116.83198947648592,14308.219178082192,0,1,0,0,0,0
1956,21.1065,23927.075938224058,-659.6383232550305,5.0,2.43,3.0,-13922.656269782301,13922.656269782301,3138.0483456800653,15.0,116.83198947648592,14308.219178082192,0,1,0,0,0,0
1957,20.5343,24304.520986790587,-659.6383232550305,5.0,2.43,3.0,-13545.211221215774,13545.211221215774,3138.0483456800653,15.0,116.83198947648592,14308.219178082192,0,1,0,0,0,0
1958,20.0468,24626.094669377413,-659.6383232550305,5.0,2.43,3.0,-13223.637538628946,13223.637538628946,3138.0483456800653,15.0,116.83198947648592,14308.219178082192,0,1,0,0,0,0
1959,20.0394,24630.9759929695,-659.6383232550305,5.0,2.43,3.0,-13218.75621503686,13218.75621503686,3138.0483456800653,15.0,116.83198947648592,14308.219178082192,0,1,0,0,0,0
1960,21.374,23750.62268675334,-659.6383232550305,5.0,2.43,3.0,-14099.109521253022,14099.109521253022,3138.0483456800653,15.0,116.83198947648592,14308.219178082192,0,1,0,0,0,0
1961,23.1064,22607.865255546327,-659.6383232550305,5.0,2.43,3.0,-15241.866952460037,15241.866952460037,3138.0483456800653,15.0,116.83198947648592,14308.219178082192,0,1,0,0,0,0
1962,31.7553,16902.719361545893,-659.6383232550305,5.0,2.43,3.0,-20947.012846460468,20947.012846460468,3138.0483456800653,15.0,116.83198947648592,14308.219178082192,0,1,0,0,0,0
1963,24.3807,21767.288140222438,-659.6383232550305,5.0,2.43,3.0,-16082.444067783923,16082.444067783923,3138.0483456800653,15.0,116.83198947648592,14308.219178082192,0,1,0,0,0,0
1964,25.3777,21109.628731937173,-659.6383232550305,5.0,2.43,3.0,-16740.103476069187,16740.103476069187,3138.0483456800653,15.0,116.83198947648592,14308.219178082192,0,1,0,0,0,0
1965,23.6919,22221.647017280502,-659.6383232550305,5.0,2.43,3.0,-15628.085190725858,15628.085190725858,3138.0483456800653,15.0,116.83198947648592,14308.219178082192,0,1,0,0,0,0
1966,22.0741,23288.80989664249,-659.6383232550305,5.0,2.43,3.0,-14560.922311363869,14560.922311363869,3138.0483456800653,15.0,116.83198947648592,14308.219178082192,0,1,0,0,0,0
1967,20.1799,24538.29680855217,-659.6383232550305,5.0,2.43,3.0,-13311.43539945419,13311.43539945419,3138.0483456800653,15.0,116.83198947648592,14308.219178082192,0,1,0,0,0,0
1968,20.039,24631.239848298803,-659.6383232550305,5.0,2.43,3.0,-13218.492359707558,13218.492359707558,3138.0483456800653,15.0,116.83198947648592,14308.219178082192,0,1,0,0,0,0
1969,21.0258,23980.30875091074,-659.6383232550305,5.0,2.43,3.0,-13869.423457095621,13869.423457095621,3138.0483456800653,15.0,116.83198947648592,14308.219178082192,0,1,0,0,0,0
1970,20.5016,24326.091159961026,-659.6383232550305,5.0,2.43,3.0,-13523.641048045334,13523.641048045334,3138.0483456800653,15.0,116.83198947648592,14308.219178082192,0,1,0,0,0,0
1971,23.1482,22580.292373634264,-659.6383232550305,5.0,2.43,3.0,-15269.439834372097,15269.439834372097,3138.0483456800653,15.0,116.83198947648592,14308.219178082192,0,1,0,0,0,0
1972,23.4611,22373.891542287765,-659.6383232550305,5.0,2.43,3.0,-15475.840665718595,15475.840665718595,3138.0483456800653,15.0,116.83198947648592,14308.219178082192,0,1,0,0,0,0
1973,23.9215,22070.19405826115,-659.6383232550305,5.0,2.43,3.0,-15779.538149745214,15779.538149745214,3138.0483456800653,15.0,116.83198947648592,14308.219178082192,0,1,0,0,0,0
1974,25.8258,20814.044799286592,-659.6383232550305,5.0,2.43,3.0,-17035.68740871977,17035.68740871977,3138.0483456800653,15.0,116.83198947648592,14308.219178082192,0,1,0,0,0,0
1975,22.5909,22947.90881118429,-659.6383232550305,5.0,2.43,3.0,-14901.82339682207,14901.82339682207,3138.0483456800653,15.0,116.83198947648592,14308.219178082192,0,1,0,0,0,0
1976,21.6354,23578.193229054472,-659.6383232550305,5.0,2.43,3.0,-14271.538978951887,14271.538978951887,3138.0483456800653,15.0,116.83198947648592,14308.219178082192,0,1,0,0,0,0
1977,20.9324,24041.91897030276,-659.6383232550305,5.0,2.43,3.0,-13807.813237703602,13807.813237703602,3138.0483456800653,15.0,116.83198947648592,14308.219178082192,0,1,0,0,0,0
1978,20.1994,24525.433861248697,-659.6383232550305,5.0,2.43,3.0,-13324.298346757663,13324.298346757663,3138.0483456800653,15.0,116.83198947648592,14308.219178082192,0,1,0,0,0,0
1979,19.9333,24700.96361906686,-659.6383232550305,5.0,2.43,3.0,-13148.7685889395,13148.7685889395,3138.0483456800653,15.0,116.83198947648592,14308.219178082192,0,1,0,0,0,0
1980,19.7191,24842.258147908087,-659.6383232550305,5.0,2.43,3.0,-13007.474060098273,13007.474060098273,3138.0483456800653,15.0,116.83198947648592,14308.219178082192,0,1,0,0,0,0
1981,20.218,24513.164588436157,-659.6383232550305,5.0,2.43,3.0,-13336.567619570207,13336.567619570207,3138.0483456800653,15.0,116.83198947648592,14308.219178082192,0,1,0,0,0,0
1982,20.1034,24588.75914028118,-659.6383232550305,5.0,2.43,3.0,-13260.973067725181,13260.973067725181,3138.0483456800653,15.0,116.83198947648592,14308.219178082192,0,1,0,0,0,0
1983,21.5691,23621.927249886285,-659.6383232550305,5.0,2.43,3.0,-14227.804958120078,14227.804958120078,3138.0483456800653,15.0,116.83198947648592,14308.219178082192,0,1,0,0,0,0
1984,21.557,23629.90887359767,-659.6383232550305,5.0,2.43,3.0,-14219.823334408691,14219.823334408691,3138.0483456800653,15.0,116.83198947648592,14308.219178082192,0,1,0,0,0,0
1985,23.2044,22543.220699867332,-659.6383232550305,5.0,2.43,3.0,-15306.51150813903,15306.51150813903,3138.0483456800653,15.0,116.83198947648592,14308.219178082192,0,1,0,0,0,0
1986,25.7058,20893.2013980772,-659.6383232550305,5.0,2.43,3.0,-16956.530809929165,16956.530809929165,3138.0483456800653,15.0,116.83198947648592,14308.219178082192,0,1,0,0,0,0
1987,24.947,21393.734957763114,-659.6383232550305,5.0,2.43,3.0,-16455.997250243247,16455.997250243247,3138.0483456800653,15.0,116.83198947648592,14308.219178082192,0,1,0,0,0,0
1988,21.3814,23745.74136316125,-659.6383232550305,5.0,2.43,3.0,-14103.99084484511,14103.99084484511,3138.0483456800653,15.0,116.83198947648592,14308.219178082192,0,1,0,0,0,0
1989,20.1042,24588.231429622578,-659.6383232550305,5.0,2.43,3.0,-13261.500778383783,13261.500778383783,3138.0483456800653,15.0,116.83198947648592,14308.219178082192,0,1,0,0,0,0
1990,17.73,26154.34473669467,-659.6383232550305,5.0,2.43,3.0,-11695.387471311691,11695.387471311691,3138.0483456800653,15.0,116.83198947648592,14308.219178082192,0,1,0,0,0,0
1991,16.4336,27009.499858962492,-659.6383232550305,5.0,2.43,3.0,-10840.232349043868,10840.232349043868,3138.0483456800653,15.0,116.83198947648592,14308.219178082192,0,1,0,0,0,0
1992,16.6634,26857.914972278486,-659.6383232550305,5.0,2.43,3.0,-10991.817235727875,10991.817235727875,3138.0483456800653,15.0,116.83198947648592,14308.219178082192,0,1,0,0,0,0
1993,17.668,26195.242312736482,-659.6383232550305,5.0,2.43,3.0,-11654.489895269879,11654.489895269879,3138.0483456800653,15.0,116.83198947648592,14308.219178082192,0,1,0,0,0,0
1994,17.8693,26062.457118265243,-659.6383232550305,5.0,2.43,3.0,-11787.275089741117,11787.275089741117,3138.0483456800653,15.0,116.83198947648592,14308.219178082192,0,1,0,0,0,0
1995,17.1916,26509.494009935177,-659.6383232550305,5.0,2.43,3.0,-11340.238198071183,11340.238198071183,3138.0483456800653,15.0,116.83198947648592,14308.219178082192,0,1,0,0,0,0
1996,19.3513,25084.873123201287,-659.6383232550305,5.0,2.43,3.0,-12764.859084805072,12764.859084805072,3138.0483456800653,15.0,116.83198947648592,14308.219178082192,0,1,0,0,0,0
1997,26.6071,20298.66937732744,-659.6383232550305,5.0,2.43,3.0,-17551.062830678922,17551.062830678922,3138.0483456800653,15.0,116.83198947648592,14308.219178082192,0,1,0,0,0,0
1998,28.0214,19365.742896747848,-659.6383232550305,5.0,2.43,3.0,-18483.989311258512,18483.989311258512,3138.0483456800653,15.0,116.83198947648592,14308.219178082192,0,1,0,0,0,0
1999,26.127,20615.361736322182,-659.6383232550305,5.0,2.43,3.0,-17234.370471684182,17234.370471684182,3138.0483456800653,15.0,116.83198947648592,14308.219178082192,0,1,0,0,0,0
2000,26.7613,20196.95314788151,-659.6383232550305,5.0,2.43,3.0,-17652.77906012485,17652.77906012485,3138.0483456800653,15.0,116.83198947648592,14308.219178082192,0,1,0,0,0,0
2001,25.2582,21188.45551156615,-659.6383232550305,5.0,2.43,3.0,-16661.27669644021,16661.27669644021,3138.0483456800653,15.0,116.83198947648592,14308.219178082192,0,1,0,0,0,0
2002,26.0533,20663.977080746074,-659.6383232550305,5.0,2.43,3.0,-17185.755127260287,17185.755127260287,3138.0483456800653,15.0,116.83198947648592,14308.219178082192,0,1,0,0,0,0
2003,27.965,19402.94649817943,-659.6383232550305,5.0,2.43,3.0,-18446.785709826927,18446.785709826927,3138.0483456800653,15.0,116.83198947648592,14308.219178082192,0,1,0,0,0,0
2004,27.8796,19459.27961098541,-659.6383232550305,5.0,2.43,3.0,-18390.452597020947,18390.452597020947,3138.0483456800653,15.0,116.83198947648592,14308.219178082192,0,1,0,0,0,0
2005,26.8003,20171.227253274566,-659.6383232550305,5.0,2.43,3.0,-17678.504954731794,17678.504954731794,3138.0483456800653,15.0,116.83198947648592,14308.219178082192,0,1,0,0,0,0
2006,26.65,20270.3708932598,-659.6383232550305,5.0,2.43,3.0,-17579.361314746562,17579.361314746562,3138.0483456800653,15.0,116.83198947648592,14308.219178082192,0,1,0,0,0,0
2007,25.6357,20939.442044537376,-659.6383232550305,5.0,2.43,3.0,-16910.290163468984,16910.290163468984,3138.0483456800653,15.0,116.83198947648592,14308.219178082192,0,1,0,0,0,0
2008,27.943,19417.458541291042,-659.6383232550305,5.0,2.43,3.0,-18432.27366671532,18432.27366671532,3138.0483456800653,15.0,116.83198947648592,14308.219178082192,0,1,0,0,0,0
2009,24.785,21500.59636613043,-659.6383232550305,5.0,2.43,3.0,-16349.135841875932,16349.135841875932,3138.0483456800653,15.0,116.83198947648592,14308.219178082192,0,1,0,0,0,0
2010,25.7522,20862.594179878164,-659.6383232550305,5.0,2.43,3.0,-16987.138028128196,16987.138028128196,3138.0483456800653,15.0,116.83198947648592,14308.219178082192,0,1,0,0,0,0
2011,63.7279,18271.845744269023,650.0,0,2.43,3.0,41423.135,-41423.135,15071.972825128516,0,556.8949724310688,14308.219178082192,1,0,0,0,0,0
2012,27.7517,19543.64735252973,-659.6383232550305,5.0,2.43,3.0,-18306.08485547663,18306.08485547663,3138.0483456800653,15.0,116.83198947648592,14308.219178082192,0,1,0,0,0,0
2013,22.3057,23136.037660976624,-659.6383232550305,5.0,2.43,3.0,-14713.694547029736,14713.694547029736,3138.0483456800653,15.0,116.83198947648592,14308.219178082192,0,1,0,0,0,0
2014,20.7257,24178.266211719572,-659.6383232550305,5.0,2.43,3.0,-13671.465996286786,13671.465996286786,3138.0483456800653,15.0,116.83198947648592,14308.219178082192,0,1,0,0,0,0
2015,20.8718,24081.893052692016,-659.6383232550305,5.0,2.43,3.0,-13767.839155314346,13767.839155314346,3138.0483456800653,15.0,116.83198947648592,14308.219178082192,0,1,0,0,0,0
2016,20.8301,24109.39997077175,-659.6383232550305,5.0,2.43,3.0,-13740.332237234612,13740.332237234612,3138.0483456800653,15.0,116.83198947648592,14308.219178082192,0,1,0,0,0,0
2017,20.6892,24202.343010518383,-659.6383232550305,5.0,2.43,3.0,-13647.389197487977,13647.389197487977,3138.0483456800653,15.0,116.83198947648592,14308.219178082192,0,1,0,0,0,0
2018,21.1009,23930.769912834287,-659.6383232550305,5.0,2.43,3.0,-13918.962295172072,13918.962295172072,3138.0483456800653,15.0,116.83198947648592,14308.219178082192,0,1,0,0,0,0
2019,22.464,23031.616914405357,-659.6383232550305,5.0,2.43,3.0,-14818.115293601004,14818.115293601004,3138.0483456800653,15.0,116.83198947648592,14308.219178082192,0,1,0,0,0,0
2020,23.2241,22530.225824899208,-659.6383232550305,5.0,2.43,3.0,-15319.506383107155,15319.506383107155,3138.0483456800653,15.0,116.83198947648592,14308.219178082192,0,1,0,0,0,0
2021,31.4946,17074.687072418477,-659.6383232550305,5.0,2.43,3.0,-20775.045135587883,20775.045135587883,3138.0483456800653,15.0,116.83198947648592,14308.219178082192,0,1,0,0,0,0
2022,34.047,15391.026216142342,-659.6383232550305,5.0,2.43,3.0,-22458.705991864023,22458.705991864023,3138.0483456800653,15.0,116.83198947648592,14308.219178082192,0,1,0,0,0,0
2023,33.523,15736.676697527968,-659.6383232550305,5.0,2.43,3.0,-22113.05551047839,22113.05551047839,3138.0483456800653,15.0,116.83198947648592,14308.219178082192,0,1,0,0,0,0
2024,29.4329,18434.663403473372,-659.6383232550305,5.0,2.43,3.0,-19415.068804532988,19415.068804532988,3138.0483456800653,15.0,116.83198947648592,14308.219178082192,0,1,0,0,0,0
2025,26.4853,20379.013325099902,-659.6383232550305,5.0,2.43,3.0,-17470.718882906458,17470.718882906458,3138.0483456800653,15.0,116.83198947648592,14308.219178082192,0,1,0,0,0,0
2026,25.0066,21354.420513697118,-659.6383232550305,5.0,2.43,3.0,-16495.311694309246,16495.311694309246,3138.0483456800653,15.0,116.83198947648592,14308.219178082192,0,1,0,0,0,0
2027,23.1869,22554.764370524295,-659.6383232550305,5.0,2.43,3.0,-15294.967837482069,15294.967837482069,3138.0483456800653,15.0,116.83198947648592,14308.219178082192,0,1,0,0,0,0
2028,23.5059,22344.339745405938,-659.6383232550305,5.0,2.43,3.0,-15505.392462600423,15505.392462600423,3138.0483456800653,15.0,116.83198947648592,14308.219178082192,0,1,0,0,0,0
2029,24.0179,22006.604923899362,-659.6383232550305,5.0,2.43,3.0,-15843.127284106999,15843.127284106999,3138.0483456800653,15.0,116.83198947648592,14308.219178082192,0,1,0,0,0,0
2030,21.6665,23557.678477201243,-659.6383232550305,5.0,2.43,3.0,-14292.053730805119,14292.053730805119,3138.0483456800653,15.0,116.83198947648592,14308.219178082192,0,1,0,0,0,0
2031,22.602,22940.586825796163,-659.6383232550305,5.0,2.43,3.0,-14909.1453822102,14909.1453822102,3138.0483456800653,15.0,116.83198947648592,14308.219178082192,0,1,0,0,0,0
2032,22.8398,22783.724832526113,-659.6383232550305,5.0,2.43,3.0,-15066.007375480247,15066.007375480247,3138.0483456800653,15.0,116.83198947648592,14308.219178082192,0,1,0,0,0,0
2033,23.9836,22029.230518387012,-659.6383232550305,5.0,2.43,3.0,-15820.50168961935,15820.50168961935,3138.0483456800653,15.0,116.83198947648592,14308.219178082192,0,1,0,0,0,0
2034,38.3253,12568.89557776034,-659.6383232550305,5.0,2.43,3.0,-25280.83663024602,25280.83663024602,3138.0483456800653,15.0,116.83198947648592,14308.219178082192,0,1,0,0,0,0
2035,28.0531,19344.832361900666,-659.6383232550305,5.0,2.43,3.0,-18504.899846105698,18504.899846105698,3138.0483456800653,15.0,116.83198947648592,14308.219178082192,0,1,0,0,0,0
2036,35.2727,14582.507523328648,-659.6383232550305,5.0,2.43,3.0,-23267.224684677716,23267.224684677716,3138.0483456800653,15.0,116.83198947648592,14308.219178082192,0,1,0,0,0,0
2037,23.7935,22154.627763637793,-659.6383232550305,5.0,2.43,3.0,-15695.10444436857,15695.10444436857,3138.0483456800653,15.0,116.83198947648592,14308.219178082192,0,1,0,0,0,0
2038,23.4109,22407.005386115165,-659.6383232550305,5.0,2.43,3.0,-15442.726821891194,15442.726821891194,3138.0483456800653,15.0,116.83198947648592,14308.219178082192,0,1,0,0,0,0
2039,23.4739,22365.4481717501,-659.6383232550305,5.0,2.43,3.0,-15484.284036256262,15484.284036256262,3138.0483456800653,15.0,116.83198947648592,14308.219178082192,0,1,0,0,0,0
2040,23.9147,22074.679598859286,-659.6383232550305,5.0,2.43,3.0,-15775.052609147078,15775.052609147078,3138.0483456800653,15.0,116.83198947648592,14308.219178082192,0,1,0,0,0,0
2041,23.509,22342.29486660385,-659.6383232550305,5.0,2.43,3.0,-15507.437341402512,15507.437341402512,3138.0483456800653,15.0,116.83198947648592,14308.219178082192,0,1,0,0,0,0
2042,22.9697,22698.037814335286,-659.6383232550305,5.0,2.43,3.0,-15151.694393671074,15151.694393671074,3138.0483456800653,15.0,116.83198947648592,14308.219178082192,0,1,0,0,0,0
2043,24.4624,21713.395689212502,-659.6383232550305,5.0,2.43,3.0,-16136.336518793858,16136.336518793858,3138.0483456800653,15.0,116.83198947648592,14308.219178082192,0,1,0,0,0,0
2044,29.2973,18524.110360106755,-659.6383232550305,5.0,2.43,3.0,-19325.621847899605,19325.621847899605,3138.0483456800653,15.0,116.83198947648592,14308.219178082192,0,1,0,0,0,0
2045,54.3328,12165.030744269023,650.0,0,2.43,3.0,35316.32,-35316.32,15071.972825128516,0,556.8949724310688,14308.219178082192,1,0,0,0,0,0
2046,40.0822,11409.977007633577,-659.6383232550305,5.0,2.43,3.0,-26439.755200372783,26439.755200372783,3138.0483456800653,15.0,116.83198947648592,14308.219178082192,0,1,0,0,0,0
2047,27.8141,19502.48592115862,-659.6383232550305,5.0,2.43,3.0,-18347.246286847745,18347.246286847745,3138.0483456800653,15.0,116.83198947648592,14308.219178082192,0,1,0,0,0,0
2048,29.5743,18341.39054456511,-659.6383232550305,5.0,2.43,3.0,-19508.34166344125,19508.34166344125,3138.0483456800653,15.0,116.83198947648592,14308.219178082192,0,1,0,0,0,0
2049,26.8337,20149.195333277847,-659.6383232550305,5.0,2.43,3.0,-17700.536874728514,17700.536874728514,3138.0483456800653,15.0,116.83198947648592,14308.219178082192,0,1,0,0,0,0
2050,24.3807,21767.288140222438,-659.6383232550305,5.0,2.43,3.0,-16082.444067783923,16082.444067783923,3138.0483456800653,15.0,116.83198947648592,14308.219178082192,0,1,0,0,0,0
2051,23.587,22290.843077389956,-659.6383232550305,5.0,2.43,3.0,-15558.889130616404,15558.889130616404,3138.0483456800653,15.0,116.83198947648592,14308.219178082192,0,1,0,0,0,0
2052,23.7887,22157.794027589414,-659.6383232550305,5.0,2.43,3.0,-15691.938180416944,15691.938180416944,3138.0483456800653,15.0,116.83198947648592,14308.219178082192,0,1,0,0,0,0
2053,21.0843,23941.71990900032,-659.6383232550305,5.0,2.43,3.0,-13908.012299006039,13908.012299006039,3138.0483456800653,15.0,116.83198947648592,14308.219178082192,0,1,0,0,0,0
2054,20.2366,24500.89531562361,-659.6383232550305,5.0,2.43,3.0,-13348.83689238275,13348.83689238275,3138.0483456800653,15.0,116.83198947648592,14308.219178082192,0,1,0,0,0,0
2055,20.7022,24193.76771231607,-659.6383232550305,5.0,2.43,3.0,-13655.964495690294,13655.964495690294,3138.0483456800653,15.0,116.83198947648592,14308.219178082192,0,1,0,0,0,0
2056,21.2159,23854.91150565996,-659.6383232550305,5.0,2.43,3.0,-13994.820702346402,13994.820702346402,3138.0483456800653,15.0,116.83198947648592,14308.219178082192,0,1,0,0,0,0
2057,21.5703,23621.135683898377,-659.6383232550305,5.0,2.43,3.0,-14228.596524107985,14228.596524107985,3138.0483456800653,15.0,116.83198947648592,14308.219178082192,0,1,0,0,0,0
2058,24.5023,21687.076120114623,-659.6383232550305,5.0,2.43,3.0,-16162.656087891735,16162.656087891735,3138.0483456800653,15.0,116.83198947648592,14308.219178082192,0,1,0,0,0,0
2059,24.6147,21612.93277258076,-659.6383232550305,5.0,2.43,3.0,-16236.799435425599,16236.799435425599,3138.0483456800653,15.0,116.83198947648592,14308.219178082192,0,1,0,0,0,0
2060,23.2351,22522.969803343403,-659.6383232550305,5.0,2.43,3.0,-15326.762404662959,15326.762404662959,3138.0483456800653,15.0,116.83198947648592,14308.219178082192,0,1,0,0,0,0
2061,21.5831,23612.692313360712,-659.6383232550305,5.0,2.43,3.0,-14237.03989464565,14237.03989464565,3138.0483456800653,15.0,116.83198947648592,14308.219178082192,0,1,0,0,0,0
2062,19.7715,24807.693099769524,-659.6383232550305,5.0,2.43,3.0,-13042.039108236835,13042.039108236835,3138.0483456800653,15.0,116.83198947648592,14308.219178082192,0,1,0,0,0,0
2063,20.6873,24203.596323332567,-659.6383232550305,5.0,2.43,3.0,-13646.135884673793,13646.135884673793,3138.0483456800653,15.0,116.83198947648592,14308.219178082192,0,1,0,0,0,0
2064,21.9004,23403.38907339189,-659.6383232550305,5.0,2.43,3.0,-14446.343134614472,14446.343134614472,3138.0483456800653,15.0,116.83198947648592,14308.219178082192,0,1,0,0,0,0
2065,20.0448,24627.413946023924,-659.6383232550305,5.0,2.43,3.0,-13222.318261982435,13222.318261982435,3138.0483456800653,15.0,116.83198947648592,14308.219178082192,0,1,0,0,0,0
2066,21.017,23986.113568155386,-659.6383232550305,5.0,2.43,3.0,-13863.618639850976,13863.618639850976,3138.0483456800653,15.0,116.83198947648592,14308.219178082192,0,1,0,0,0,0
2067,23.975,22034.903407967002,-659.6383232550305,5.0,2.43,3.0,-15814.828800039357,15814.828800039357,3138.0483456800653,15.0,116.83198947648592,14308.219178082192,0,1,0,0,0,0
2068,23.486,22357.466548038712,-659.6383232550305,5.0,2.43,3.0,-15492.265659967647,15492.265659967647,3138.0483456800653,15.0,116.83198947648592,14308.219178082192,0,1,0,0,0,0
2069,73.9184,24895.670744269035,650.0,0,2.43,3.0,48046.96000000001,-48046.96000000001,15071.972825128516,0,556.8949724310688,14308.219178082192,1,0,0,0,0,0
2070,29.4325,18434.927258802676,-659.6383232550305,5.0,2.43,3.0,-19414.804949203688,19414.804949203688,3138.0483456800653,15.0,116.83198947648592,14308.219178082192,0,1,0,0,0,0
2071,26.5032,20367.205799113635,-659.6383232550305,5.0,2.43,3.0,-17482.526408892725,17482.526408892725,3138.0483456800653,15.0,116.83198947648592,14308.219178082192,0,1,0,0,0,0
2072,25.5844,20973.28149052036,-659.6383232550305,5.0,2.43,3.0,-16876.450717486,16876.450717486,3138.0483456800653,15.0,116.83198947648592,14308.219178082192,0,1,0,0,0,0
2073,23.5545,22312.281322895746,-659.6383232550305,5.0,2.43,3.0,-15537.450885110617,15537.450885110617,3138.0483456800653,15.0,116.83198947648592,14308.219178082192,0,1,0,0,0,0
2074,23.2829,22491.43909149181,-659.6383232550305,5.0,2.43,3.0,-15358.293116514551,15358.293116514551,3138.0483456800653,15.0,116.83198947648592,14308.219178082192,0,1,0,0,0,0
2075,22.9575,22706.085401878998,-659.6383232550305,5.0,2.43,3.0,-15143.646806127363,15143.646806127363,3138.0483456800653,15.0,116.83198947648592,14308.219178082192,0,1,0,0,0,0
2076,24.0904,21958.781145463377,-659.6383232550305,5.0,2.43,3.0,-15890.951062542987,15890.951062542987,3138.0483456800653,15.0,116.83198947648592,14308.219178082192,0,1,0,0,0,0
2077,21.9042,23400.88244776352,-659.6383232550305,5.0,2.43,3.0,-14448.84976024284,14448.84976024284,3138.0483456800653,15.0,116.83198947648592,14308.219178082192,0,1,0,0,0,0
2078,22.122,23257.213220958576,-659.6383232550305,5.0,2.43,3.0,-14592.518987047784,14592.518987047784,3138.0483456800653,15.0,116.83198947648592,14308.219178082192,0,1,0,0,0,0
2079,23.4743,22365.184316420797,-659.6383232550305,5.0,2.43,3.0,-15484.547891585562,15484.547891585562,3138.0483456800653,15.0,116.83198947648592,14308.219178082192,0,1,0,0,0,0
2080,23.9611,22044.072380660247,-659.6383232550305,5.0,2.43,3.0,-15805.659827346111,15805.659827346111,3138.0483456800653,15.0,116.83198947648592,14308.219178082192,0,1,0,0,0,0
2081,23.4122,22406.147856294938,-659.6383232550305,5.0,2.43,3.0,-15443.584351711424,15443.584351711424,3138.0483456800653,15.0,116.83198947648592,14308.219178082192,0,1,0,0,0,0
2082,33.5768,15701.188155736854,-659.6383232550305,5.0,2.43,3.0,-22148.544052269506,22148.544052269506,3138.0483456800653,15.0,116.83198947648592,14308.219178082192,0,1,0,0,0,0
2083,25.5608,20988.848954949175,-659.6383232550305,5.0,2.43,3.0,-16860.883253057185,16860.883253057185,3138.0483456800653,15.0,116.83198947648592,14308.219178082192,0,1,0,0,0,0
2084,22.3265,23122.317183852923,-659.6383232550305,5.0,2.43,3.0,-14727.415024153439,14727.415024153439,3138.0483456800653,15.0,116.83198947648592,14308.219178082192,0,1,0,0,0,0
2085,22.4126,23065.522324220663,-659.6383232550305,5.0,2.43,3.0,-14784.209883785697,14784.209883785697,3138.0483456800653,15.0,116.83198947648592,14308.219178082192,0,1,0,0,0,0
2086,20.3034,24456.831475630177,-659.6383232550305,5.0,2.43,3.0,-13392.900732376187,13392.900732376187,3138.0483456800653,15.0,116.83198947648592,14308.219178082192,0,1,0,0,0,0
2087,19.2649,25141.865874330524,-659.6383232550305,5.0,2.43,3.0,-12707.866333675838,12707.866333675838,3138.0483456800653,15.0,116.83198947648592,14308.219178082192,0,1,0,0,0,0
2088,19.4836,24997.60297303465,-659.6383232550305,5.0,2.43,3.0,-12852.129234971711,12852.129234971711,3138.0483456800653,15.0,116.83198947648592,14308.219178082192,0,1,0,0,0,0
2089,19.4897,24993.579179262793,-659.6383232550305,5.0,2.43,3.0,-12856.153028743567,12856.153028743567,3138.0483456800653,15.0,116.83198947648592,14308.219178082192,0,1,0,0,0,0
2090,19.383,25063.962588354105,-659.6383232550305,5.0,2.43,3.0,-12785.769619652256,12785.769619652256,3138.0483456800653,15.0,116.83198947648592,14308.219178082192,0,1,0,0,0,0
2091,19.4164,25041.93066835739,-659.6383232550305,5.0,2.43,3.0,-12807.801539648974,12807.801539648974,3138.0483456800653,15.0,116.83198947648592,14308.219178082192,0,1,0,0,0,0
2092,20.1897,24531.83235298427,-659.6383232550305,5.0,2.43,3.0,-13317.899855022088,13317.899855022088,3138.0483456800653,15.0,116.83198947648592,14308.219178082192,0,1,0,0,0,0
2093,28.4283,19097.336063015377,-659.6383232550305,5.0,2.43,3.0,-18752.396144990984,18752.396144990984,3138.0483456800653,15.0,116.83198947648592,14308.219178082192,0,1,0,0,0,0
2094,26.1595,20593.92349081639,-659.6383232550305,5.0,2.43,3.0,-17255.80871718997,17255.80871718997,3138.0483456800653,15.0,116.83198947648592,14308.219178082192,0,1,0,0,0,0
2095,26.8987,20106.31884226627,-659.6383232550305,5.0,2.43,3.0,-17743.41336574009,17743.41336574009,3138.0483456800653,15.0,116.83198947648592,14308.219178082192,0,1,0,0,0,0
2096,41.5032,10472.630950288178,-659.6383232550305,5.0,2.43,3.0,-27377.101257718183,27377.101257718183,3138.0483456800653,15.0,116.83198947648592,14308.219178082192,0,1,0,0,0,0
2097,45.5692,7790.5415279332265,-659.6383232550305,5.0,2.43,3.0,-30059.190680073138,30059.190680073138,3138.0483456800653,15.0,116.83198947648592,14308.219178082192,0,1,0,0,0,0
2098,28.6182,18972.070745429246,-659.6383232550305,5.0,2.43,3.0,-18877.661462577114,18877.661462577114,3138.0483456800653,15.0,116.83198947648592,14308.219178082192,0,1,0,0,0,0
2099,27.8445,19482.432916131664,-659.6383232550305,5.0,2.43,3.0,-18367.299291874697,18367.299291874697,3138.0483456800653,15.0,116.83198947648592,14308.219178082192,0,1,0,0,0,0
2100,25.597,20964.970047647344,-659.6383232550305,5.0,2.43,3.0,-16884.762160359016,16884.762160359016,3138.0483456800653,15.0,116.83198947648592,14308.219178082192,0,1,0,0,0,0
2101,25.3078,21155.7374507327,-659.6383232550305,5.0,2.43,3.0,-16693.99475727366,16693.99475727366,3138.0483456800653,15.0,116.83198947648592,14308.219178082192,0,1,0,0,0,0
2102,24.0972,21954.295604865238,-659.6383232550305,5.0,2.43,3.0,-15895.436603141123,15895.436603141123,3138.0483456800653,15.0,116.83198947648592,14308.219178082192,0,1,0,0,0,0
2103,24.944,21395.713872732882,-659.6383232550305,5.0,2.43,3.0,-16454.018335273482,16454.018335273482,3138.0483456800653,15.0,116.83198947648592,14308.219178082192,0,1,0,0,0,0
2104,24.9683,21379.684661477782,-659.6383232550305,5.0,2.43,3.0,-16470.047546528578,16470.047546528578,3138.0483456800653,15.0,116.83198947648592,14308.219178082192,0,1,0,0,0,0
2105,23.972,22036.88232293677,-659.6383232550305,5.0,2.43,3.0,-15812.849885069592,15812.849885069592,3138.0483456800653,15.0,116.83198947648592,14308.219178082192,0,1,0,0,0,0
2106,29.193,18592.910637222252,-659.6383232550305,5.0,2.43,3.0,-19256.82157078411,19256.82157078411,3138.0483456800653,15.0,116.83198947648592,14308.219178082192,0,1,0,0,0,0
2107,25.4765,21044.456465599575,-659.6383232550305,5.0,2.43,3.0,-16805.275742406786,16805.275742406786,3138.0483456800653,15.0,116.83198947648592,14308.219178082192,0,1,0,0,0,0
2108,23.2799,22493.418006461576,-659.6383232550305,5.0,2.43,3.0,-15356.314201544787,15356.314201544787,3138.0483456800653,15.0,116.83198947648592,14308.219178082192,0,1,0,0,0,0
2109,19.7191,24842.258147908087,-659.6383232550305,5.0,2.43,3.0,-13007.474060098273,13007.474060098273,3138.0483456800653,15.0,116.83198947648592,14308.219178082192,0,1,0,0,0,0
2110,19.2556,25148.000510736794,-659.6383232550305,5.0,2.43,3.0,-12701.731697269566,12701.731697269566,3138.0483456800653,15.0,116.83198947648592,14308.219178082192,0,1,0,0,0,0
2111,20.0654,24613.82539656487,-659.6383232550305,5.0,2.43,3.0,-13235.90681144149,13235.90681144149,3138.0483456800653,15.0,116.83198947648592,14308.219178082192,0,1,0,0,0,0
2112,20.2245,24508.876939334998,-659.6383232550305,5.0,2.43,3.0,-13340.855268671365,13340.855268671365,3138.0483456800653,15.0,116.83198947648592,14308.219178082192,0,1,0,0,0,0
2113,19.5205,24973.262318906538,-659.6383232550305,5.0,2.43,3.0,-12876.469889099822,12876.469889099822,3138.0483456800653,15.0,116.83198947648592,14308.219178082192,0,1,0,0,0,0
2114,19.1598,25211.19386210463,-659.6383232550305,5.0,2.43,3.0,-12638.538345901734,12638.538345901734,3138.0483456800653,15.0,116.83198947648592,14308.219178082192,0,1,0,0,0,0
2115,20.0333,24634.999786741355,-659.6383232550305,5.0,2.43,3.0,-13214.732421265004,13214.732421265004,3138.0483456800653,15.0,116.83198947648592,14308.219178082192,0,1,0,0,0,0
2116,20.0884,24598.653715130007,-659.6383232550305,5.0,2.43,3.0,-13251.078492876355,13251.078492876355,3138.0483456800653,15.0,116.83198947648592,14308.219178082192,0,1,0,0,0,0
2117,19.1821,25196.48392749604,-659.6383232550305,5.0,2.43,3.0,-12653.24828051032,12653.24828051032,3138.0483456800653,15.0,116.83198947648592,14308.219178082192,0,1,0,0,0,0
2118,19.9518,24688.760310086644,-659.6383232550305,5.0,2.43,3.0,-13160.971897919717,13160.971897919717,3138.0483456800653,15.0,116.83198947648592,14308.219178082192,0,1,0,0,0,0
2119,22.0114,23330.169219510586,-659.6383232550305,5.0,2.43,3.0,-14519.562988495778,14519.562988495778,3138.0483456800653,15.0,116.83198947648592,14308.219178082192,0,1,0,0,0,0
2120,25.0273,21340.766000405736,-659.6383232550305,5.0,2.43,3.0,-16508.966207600624,16508.966207600624,3138.0483456800653,15.0,116.83198947648592,14308.219178082192,0,1,0,0,0,0
2121,22.2663,23162.027410912873,-659.6383232550305,5.0,2.43,3.0,-14687.704797093487,14687.704797093487,3138.0483456800653,15.0,116.83198947648592,14308.219178082192,0,1,0,0,0,0
2122,23.2403,22519.539684062474,-659.6383232550305,5.0,2.43,3.0,-15330.192523943886,15330.192523943886,3138.0483456800653,15.0,116.83198947648592,14308.219178082192,0,1,0,0,0,0
2123,20.9968,23999.438262285134,-659.6383232550305,5.0,2.43,3.0,-13850.293945721225,13850.293945721225,3138.0483456800653,15.0,116.83198947648592,14308.219178082192,0,1,0,0,0,0
2124,22.932,22722.906179122,-659.6383232550305,5.0,2.43,3.0,-15126.82602888436,15126.82602888436,3138.0483456800653,15.0,116.83198947648592,14308.219178082192,0,1,0,0,0,0
2125,22.4181,23061.89431344276,-659.6383232550305,5.0,2.43,3.0,-14787.8378945636,14787.8378945636,3138.0483456800653,15.0,116.83198947648592,14308.219178082192,0,1,0,0,0,0
2126,21.4364,23709.461255382223,-659.6383232550305,5.0,2.43,3.0,-14140.270952624136,14140.270952624136,3138.0483456800653,15.0,116.83198947648592,14308.219178082192,0,1,0,0,0,0
2127,21.2091,23859.39704625809,-659.6383232550305,5.0,2.43,3.0,-13990.335161748268,13990.335161748268,3138.0483456800653,15.0,116.83198947648592,14308.219178082192,0,1,0,0,0,0
2128,21.1173,23919.951844332903,-659.6383232550305,5.0,2.43,3.0,-13929.780363673455,13929.780363673455,3138.0483456800653,15.0,116.83198947648592,14308.219178082192,0,1,0,0,0,0
2129,21.7627,23494.22127050411,-659.6383232550305,5.0,2.43,3.0,-14355.510937502251,14355.510937502251,3138.0483456800653,15.0,116.83198947648592,14308.219178082192,0,1,0,0,0,0
2130,45.1021,8098.658588725648,-659.6383232550305,5.0,2.43,3.0,-29751.073619280713,29751.073619280713,3138.0483456800653,15.0,116.83198947648592,14308.219178082192,0,1,0,0,0,0
2131,24.0018,22017.22510090377,-659.6383232550305,5.0,2.43,3.0,-15832.50710710259,15832.50710710259,3138.0483456800653,15.0,116.83198947648592,14308.219178082192,0,1,0,0,0,0
2132,22.0614,23297.187303347833,-659.6383232550305,5.0,2.43,3.0,-14552.544904658529,14552.544904658529,3138.0483456800653,15.0,116.83198947648592,14308.219178082192,0,1,0,0,0,0
2133,19.3023,25117.195401040786,-659.6383232550305,5.0,2.43,3.0,-12732.536806965574,12732.536806965574,3138.0483456800653,15.0,116.83198947648592,14308.219178082192,0,1,0,0,0,0
2134,18.9059,25378.67603237908,-659.6383232550305,5.0,2.43,3.0,-12471.05617562728,12471.05617562728,3138.0483456800653,15.0,116.83198947648592,14308.219178082192,0,1,0,0,0,0
2135,18.5034,25644.18045748923,-659.6383232550305,5.0,2.43,3.0,-12205.551750517132,12205.551750517132,3138.0483456800653,15.0,116.83198947648592,14308.219178082192,0,1,0,0,0,0
2136,18.4729,25664.29942634851,-659.6383232550305,5.0,2.43,3.0,-12185.432781657853,12185.432781657853,3138.0483456800653,15.0,116.83198947648592,14308.219178082192,0,1,0,0,0,0
2137,18.5525,25611.792215817408,-659.6383232550305,5.0,2.43,3.0,-12237.939992188953,12237.939992188953,3138.0483456800653,15.0,116.83198947648592,14308.219178082192,0,1,0,0,0,0
2138,18.1046,25907.24422080333,-659.6383232550305,5.0,2.43,3.0,-11942.487987203027,11942.487987203027,3138.0483456800653,15.0,116.83198947648592,14308.219178082192,0,1,0,0,0,0
2139,18.1576,25872.283389670818,-659.6383232550305,5.0,2.43,3.0,-11977.44881833554,11977.44881833554,3138.0483456800653,15.0,116.83198947648592,14308.219178082192,0,1,0,0,0,0
2140,18.2845,25788.575286449755,-659.6383232550305,5.0,2.43,3.0,-12061.156921556607,12061.156921556607,3138.0483456800653,15.0,116.83198947648592,14308.219178082192,0,1,0,0,0,0
2141,18.7086,25508.822673557297,-659.6383232550305,5.0,2.43,3.0,-12340.909534449063,12340.909534449063,3138.0483456800653,15.0,116.83198947648592,14308.219178082192,0,1,0,0,0,0
2142,20.0781,24605.447989859535,-659.6383232550305,5.0,2.43,3.0,-13244.284218146828,13244.284218146828,3138.0483456800653,15.0,116.83198947648592,14308.219178082192,0,1,0,0,0,0
2143,21.0216,23983.07923186841,-659.6383232550305,5.0,2.43,3.0,-13866.65297613795,13866.65297613795,3138.0483456800653,15.0,116.83198947648592,14308.219178082192,0,1,0,0,0,0
2144,19.8289,24769.829860014688,-659.6383232550305,5.0,2.43,3.0,-13079.902347991676,13079.902347991676,3138.0483456800653,15.0,116.83198947648592,14308.219178082192,0,1,0,0,0,0
2145,21.6177,23589.86882737609,-659.6383232550305,5.0,2.43,3.0,-14259.863380630273,14259.863380630273,3138.0483456800653,15.0,116.83198947648592,14308.219178082192,0,1,0,0,0,0
2146,22.7366,22851.799507486037,-659.6383232550305,5.0,2.43,3.0,-14997.932700520327,14997.932700520327,3138.0483456800653,15.0,116.83198947648592,14308.219178082192,0,1,0,0,0,0
2147,25.2561,21189.840752044984,-659.6383232550305,5.0,2.43,3.0,-16659.891455961377,16659.891455961377,3138.0483456800653,15.0,116.83198947648592,14308.219178082192,0,1,0,0,0,0
2148,24.1924,21891.49803649136,-659.6383232550305,5.0,2.43,3.0,-15958.234171515,15958.234171515,3138.0483456800653,15.0,116.83198947648592,14308.219178082192,0,1,0,0,0,0
2149,22.4924,23012.883186024912,-659.6383232550305,5.0,2.43,3.0,-14836.849021981448,14836.849021981448,3138.0483456800653,15.0,116.83198947648592,14308.219178082192,0,1,0,0,0,0
2150,22.5848,22951.932604956146,-659.6383232550305,5.0,2.43,3.0,-14897.799603050215,14897.799603050215,3138.0483456800653,15.0,116.83198947648592,14308.219178082192,0,1,0,0,0,0
2151,22.0491,23305.300854723868,-659.6383232550305,5.0,2.43,3.0,-14544.431353282493,14544.431353282493,3138.0483456800653,15.0,116.83198947648592,14308.219178082192,0,1,0,0,0,0
2152,24.0916,21957.98957947547,-659.6383232550305,5.0,2.43,3.0,-15891.742628530892,15891.742628530892,3138.0483456800653,15.0,116.83198947648592,14308.219178082192,0,1,0,0,0,0
2153,25.7663,20853.293279520265,-659.6383232550305,5.0,2.43,3.0,-16996.43892848609,16996.43892848609,3138.0483456800653,15.0,116.83198947648592,14308.219178082192,0,1,0,0,0,0
2154,32.0843,16685.698353194985,-659.6383232550305,5.0,2.43,3.0,-21164.033854811376,21164.033854811376,3138.0483456800653,15.0,116.83198947648592,14308.219178082192,0,1,0,0,0,0
2155,55.282,12782.010744269019,650.0,0,2.43,3.0,35933.299999999996,-35933.299999999996,15071.972825128516,0,556.8949724310688,14308.219178082192,1,0,0,0,0,0
2156,40.5678,11089.656637860935,-659.6383232550305,5.0,2.43,3.0,-26760.075570145425,26760.075570145425,3138.0483456800653,15.0,116.83198947648592,14308.219178082192,0,1,0,0,0,0
2157,29.5022,18388.9504676718,-659.6383232550305,5.0,2.43,3.0,-19460.78174033456,19460.78174033456,3138.0483456800653,15.0,116.83198947648592,14308.219178082192,0,1,0,0,0,0
2158,27.8581,19473.461834935395,-659.6383232550305,5.0,2.43,3.0,-18376.270373070965,18376.270373070965,3138.0483456800653,15.0,116.83198947648592,14308.219178082192,0,1,0,0,0,0
2159,28.0331,19358.025128365764,-659.6383232550305,5.0,2.43,3.0,-18491.707079640597,18491.707079640597,3138.0483456800653,15.0,116.83198947648592,14308.219178082192,0,1,0,0,0,0
2160,31.0481,17369.215583751848,-659.6383232550305,5.0,2.43,3.0,-20480.516624254513,20480.516624254513,3138.0483456800653,15.0,116.83198947648592,14308.219178082192,0,1,0,0,0,0
2161,26.0719,20651.70780793353,-659.6383232550305,5.0,2.43,3.0,-17198.02440007283,17198.02440007283,3138.0483456800653,15.0,116.83198947648592,14308.219178082192,0,1,0,0,0,0
2162,27.2379,19882.569523018166,-659.6383232550305,5.0,2.43,3.0,-17967.162684988194,17967.162684988194,3138.0483456800653,15.0,116.83198947648592,14308.219178082192,0,1,0,0,0,0
2163,23.4382,22388.997259890304,-659.6383232550305,5.0,2.43,3.0,-15460.734948116055,15460.734948116055,3138.0483456800653,15.0,116.83198947648592,14308.219178082192,0,1,0,0,0,0
2164,25.6125,20954.74565363689,-659.6383232550305,5.0,2.43,3.0,-16894.98655436947,16894.98655436947,3138.0483456800653,15.0,116.83198947648592,14308.219178082192,0,1,0,0,0,0
2165,53.1274,11381.52074426902,650.0,0,2.43,3.0,34532.81,-34532.81,15071.972825128516,0,556.8949724310688,14308.219178082192,1,0,0,0,0,0
2166,73.15,24396.21074426903,650.0,0,2.43,3.0,47547.50000000001,-47547.50000000001,15071.972825128516,0,556.8949724310688,14308.219178082192,1,0,0,0,0,0
2167,27.0718,19992.135448510828,-659.6383232550305,5.0,2.43,3.0,-17857.596759495536,17857.596759495536,3138.0483456800653,15.0,116.83198947648592,14308.219178082192,0,1,0,0,0,0
2168,28.7324,18896.74004891352,-659.6383232550305,5.0,2.43,3.0,-18952.99215909284,18952.99215909284,3138.0483456800653,15.0,116.83198947648592,14308.219178082192,0,1,0,0,0,0
2169,30.2873,17871.068420084277,-659.6383232550305,5.0,2.43,3.0,-19978.663787922083,19978.663787922083,3138.0483456800653,15.0,116.83198947648592,14308.219178082192,0,1,0,0,0,0
2170,29.0059,18716.328967503272,-659.6383232550305,5.0,2.43,3.0,-19133.40324050309,19133.40324050309,3138.0483456800653,15.0,116.83198947648592,14308.219178082192,0,1,0,0,0,0
2171,28.8418,18824.575616349422,-659.6383232550305,5.0,2.43,3.0,-19025.156591656938,19025.156591656938,3138.0483456800653,15.0,116.83198947648592,14308.219178082192,0,1,0,0,0,0
2172,27.7884,19519.438626066272,-659.6383232550305,5.0,2.43,3.0,-18330.29358194009,18330.29358194009,3138.0483456800653,15.0,116.83198947648592,14308.219178082192,0,1,0,0,0,0
2173,24.3869,21763.198382618255,-659.6383232550305,5.0,2.43,3.0,-16086.533825388104,16086.533825388104,3138.0483456800653,15.0,116.83198947648592,14308.219178082192,0,1,0,0,0,0
2174,22.9627,22702.65528259807,-659.6383232550305,5.0,2.43,3.0,-15147.07692540829,15147.07692540829,3138.0483456800653,15.0,116.83198947648592,14308.219178082192,0,1,0,0,0,0
2175,22.3769,23089.07141236087,-659.6383232550305,5.0,2.43,3.0,-14760.660795645492,14760.660795645492,3138.0483456800653,15.0,116.83198947648592,14308.219178082192,0,1,0,0,0,0
2176,25.0198,21345.71328783015,-659.6383232550305,5.0,2.43,3.0,-16504.01892017621,16504.01892017621,3138.0483456800653,15.0,116.83198947648592,14308.219178082192,0,1,0,0,0,0
2177,26.4176,20423.67083958427,-659.6383232550305,5.0,2.43,3.0,-17426.061368422095,17426.061368422095,3138.0483456800653,15.0,116.83198947648592,14308.219178082192,0,1,0,0,0,0
2178,172.641,89065.36074426903,650.0,0,2.43,3.0,112216.65,-112216.65,15071.972825128516,0,556.8949724310688,14308.219178082192,1,0,0,0,0,0
2179,114.4124,51216.77074426903,650.0,0,2.43,3.0,74368.06,-74368.06,15071.972825128516,0,556.8949724310688,14308.219178082192,1,0,0,0,0,0
2180,31.1596,17295.66591070891,-659.6383232550305,5.0,2.43,3.0,-20554.06629729745,20554.06629729745,3138.0483456800653,15.0,116.83198947648592,14308.219178082192,0,1,0,0,0,0
2181,26.6895,20244.315179491226,-659.6383232550305,5.0,2.43,3.0,-17605.417028515138,17605.417028515138,3138.0483456800653,15.0,116.83198947648592,14308.219178082192,0,1,0,0,0,0
2182,24.5382,21663.39510430977,-659.6383232550305,5.0,2.43,3.0,-16186.33710369659,16186.33710369659,3138.0483456800653,15.0,116.83198947648592,14308.219178082192,0,1,0,0,0,0
2183,23.3019,22478.905963349964,-659.6383232550305,5.0,2.43,3.0,-15370.826244656395,15370.826244656395,3138.0483456800653,15.0,116.83198947648592,14308.219178082192,0,1,0,0,0,0
2184,25.6179,20951.183606691317,-659.6383232550305,5.0,2.43,3.0,-16898.548601315044,16898.548601315044,3138.0483456800653,15.0,116.83198947648592,14308.219178082192,0,1,0,0,0,0
2185,24.8361,21466.8888478121,-659.6383232550305,5.0,2.43,3.0,-16382.843360194262,16382.843360194262,3138.0483456800653,15.0,116.83198947648592,14308.219178082192,0,1,0,0,0,0
2186,23.4001,22414.129480006322,-659.6383232550305,5.0,2.43,3.0,-15435.602728000038,15435.602728000038,3138.0483456800653,15.0,116.83198947648592,14308.219178082192,0,1,0,0,0,0
2187,26.1298,20613.514749017064,-659.6383232550305,5.0,2.43,3.0,-17236.217458989297,17236.217458989297,3138.0483456800653,15.0,116.83198947648592,14308.219178082192,0,1,0,0,0,0
2188,26.2187,20554.872902079693,-659.6383232550305,5.0,2.43,3.0,-17294.859305926668,17294.859305926668,3138.0483456800653,15.0,116.83198947648592,14308.219178082192,0,1,0,0,0,0
2189,26.0314,20678.42316002536,-659.6383232550305,5.0,2.43,3.0,-17171.309047981,17171.309047981,3138.0483456800653,15.0,116.83198947648592,14308.219178082192,0,1,0,0,0,0
2190,30.9349,17443.88664194432,-659.6383232550305,5.0,2.43,3.0,-20405.845566062042,20405.845566062042,3138.0483456800653,15.0,116.83198947648592,14308.219178082192,0,1,0,0,0,0
2191,29.6118,18316.65410744305,-659.6383232550305,5.0,2.43,3.0,-19533.07810056331,19533.07810056331,3138.0483456800653,15.0,116.83198947648592,14308.219178082192,0,1,0,0,0,0
2192,32.7547,16243.47682128481,-659.6383232550305,5.0,2.43,3.0,-21606.255386721547,21606.255386721547,3138.0483456800653,15.0,116.83198947648592,14308.219178082192,0,1,0,0,0,0
2193,30.3563,17825.553375779677,-659.6383232550305,5.0,2.43,3.0,-20024.178832226684,20024.178832226684,3138.0483456800653,15.0,116.83198947648592,14308.219178082192,0,1,0,0,0,0
2194,30.4303,17776.740139858804,-659.6383232550305,5.0,2.43,3.0,-20072.992068147556,20072.992068147556,3138.0483456800653,15.0,116.83198947648592,14308.219178082192,0,1,0,0,0,0
2195,28.4389,19090.343896788872,-659.6383232550305,5.0,2.43,3.0,-18759.388311217488,18759.388311217488,3138.0483456800653,15.0,116.83198947648592,14308.219178082192,0,1,0,0,0,0
2196,33.8319,15532.914419474495,-659.6383232550305,5.0,2.43,3.0,-22316.817788531866,22316.817788531866,3138.0483456800653,15.0,116.83198947648592,14308.219178082192,0,1,0,0,0,0
2197,29.616,18313.883626485378,-659.6383232550305,5.0,2.43,3.0,-19535.848581520982,19535.848581520982,3138.0483456800653,15.0,116.83198947648592,14308.219178082192,0,1,0,0,0,0
2198,27.5921,19648.925628921235,-659.6383232550305,5.0,2.43,3.0,-18200.806579085125,18200.806579085125,3138.0483456800653,15.0,116.83198947648592,14308.219178082192,0,1,0,0,0,0
2199,28.118,19302.021834721414,-659.6383232550305,5.0,2.43,3.0,-18547.710373284946,18547.710373284946,3138.0483456800653,15.0,116.83198947648592,14308.219178082192,0,1,0,0,0,0
2200,26.9819,20051.436933771452,-659.6383232550305,5.0,2.43,3.0,-17798.295274234908,17798.295274234908,3138.0483456800653,15.0,116.83198947648592,14308.219178082192,0,1,0,0,0,0
2201,27.6309,19623.331661978937,-659.6383232550305,5.0,2.43,3.0,-18226.400546027424,18226.400546027424,3138.0483456800653,15.0,116.83198947648592,14308.219178082192,0,1,0,0,0,0
2202,38.9268,12172.123126322436,-659.6383232550305,5.0,2.43,3.0,-25677.60908168392,25677.60908168392,3138.0483456800653,15.0,116.83198947648592,14308.219178082192,0,1,0,0,0,0
2203,27.9928,19384.608552792943,-659.6383232550305,5.0,2.43,3.0,-18465.123655213418,18465.123655213418,3138.0483456800653,15.0,116.83198947648592,14308.219178082192,0,1,0,0,0,0
2204,33.2124,15941.560360730982,-659.6383232550305,5.0,2.43,3.0,-21908.17184727538,21908.17184727538,3138.0483456800653,15.0,116.83198947648592,14308.219178082192,0,1,0,0,0,0
2205,26.2335,20545.11025489552,-659.6383232550305,5.0,2.43,3.0,-17304.621953110844,17304.621953110844,3138.0483456800653,15.0,116.83198947648592,14308.219178082192,0,1,0,0,0,0
2206,23.0945,22615.714951593058,-659.6383232550305,5.0,2.43,3.0,-15234.017256413303,15234.017256413303,3138.0483456800653,15.0,116.83198947648592,14308.219178082192,0,1,0,0,0,0
2207,23.9767,22033.782022817468,-659.6383232550305,5.0,2.43,3.0,-15815.95018518889,15815.95018518889,3138.0483456800653,15.0,116.83198947648592,14308.219178082192,0,1,0,0,0,0
2208,22.3653,23096.72321691063,-659.6383232550305,5.0,2.43,3.0,-14753.008991095734,14753.008991095734,3138.0483456800653,15.0,116.83198947648592,14308.219178082192,0,1,0,0,0,0
2209,20.8237,24113.62165604058,-659.6383232550305,5.0,2.43,3.0,-13736.110551965778,13736.110551965778,3138.0483456800653,15.0,116.83198947648592,14308.219178082192,0,1,0,0,0,0
2210,22.678,22890.45431322878,-659.6383232550305,5.0,2.43,3.0,-14959.277894777582,14959.277894777582,3138.0483456800653,15.0,116.83198947648592,14308.219178082192,0,1,0,0,0,0
2211,29.1978,18589.74437327063,-659.6383232550305,5.0,2.43,3.0,-19259.98783473573,19259.98783473573,3138.0483456800653,15.0,116.83198947648592,14308.219178082192,0,1,0,0,0,0
2212,29.1492,18621.802795780826,-659.6383232550305,5.0,2.43,3.0,-19227.929412225534,19227.929412225534,3138.0483456800653,15.0,116.83198947648592,14308.219178082192,0,1,0,0,0,0
2213,42.5191,9802.504377693393,-659.6383232550305,5.0,2.43,3.0,-28047.227830312968,28047.227830312968,3138.0483456800653,15.0,116.83198947648592,14308.219178082192,0,1,0,0,0,0
2214,97.2422,40056.140744269025,650.0,0,2.43,3.0,63207.43,-63207.43,15071.972825128516,0,556.8949724310688,14308.219178082192,1,0,0,0,0,0
2215,48.6479,8469.845744269021,650.0,0,2.43,3.0,31621.135,-31621.135,15071.972825128516,0,556.8949724310688,14308.219178082192,1,0,0,0,0,0
2216,25.3264,21143.468177920156,-659.6383232550305,5.0,2.43,3.0,-16706.264030086204,16706.264030086204,3138.0483456800653,15.0,116.83198947648592,14308.219178082192,0,1,0,0,0,0
2217,26.3933,20439.700050839365,-659.6383232550305,5.0,2.43,3.0,-17410.032157166996,17410.032157166996,3138.0483456800653,15.0,116.83198947648592,14308.219178082192,0,1,0,0,0,0
2218,28.0941,19317.787190647206,-659.6383232550305,5.0,2.43,3.0,-18531.945017359154,18531.945017359154,3138.0483456800653,15.0,116.83198947648592,14308.219178082192,0,1,0,0,0,0
2219,26.0237,20683.50237511442,-659.6383232550305,5.0,2.43,3.0,-17166.22983289194,17166.22983289194,3138.0483456800653,15.0,116.83198947648592,14308.219178082192,0,1,0,0,0,0
2220,22.7997,22810.17632928864,-659.6383232550305,5.0,2.43,3.0,-15039.55587871772,15039.55587871772,3138.0483456800653,15.0,116.83198947648592,14308.219178082192,0,1,0,0,0,0
2221,22.3786,23087.950027211336,-659.6383232550305,5.0,2.43,3.0,-14761.782180795026,14761.782180795026,3138.0483456800653,15.0,116.83198947648592,14308.219178082192,0,1,0,0,0,0
2222,21.1228,23916.323833555,-659.6383232550305,5.0,2.43,3.0,-13933.40837445136,13933.40837445136,3138.0483456800653,15.0,116.83198947648592,14308.219178082192,0,1,0,0,0,0
2223,21.2276,23847.193737277878,-659.6383232550305,5.0,2.43,3.0,-14002.538470728485,14002.538470728485,3138.0483456800653,15.0,116.83198947648592,14308.219178082192,0,1,0,0,0,0
2224,22.5214,22993.753674650514,-659.6383232550305,5.0,2.43,3.0,-14855.978533355845,14855.978533355845,3138.0483456800653,15.0,116.83198947648592,14308.219178082192,0,1,0,0,0,0
2225,25.3259,21143.797997081783,-659.6383232550305,5.0,2.43,3.0,-16705.934210924577,16705.934210924577,3138.0483456800653,15.0,116.83198947648592,14308.219178082192,0,1,0,0,0,0
2226,25.8114,20823.543591141468,-659.6383232550305,5.0,2.43,3.0,-17026.188616864893,17026.188616864893,3138.0483456800653,15.0,116.83198947648592,14308.219178082192,0,1,0,0,0,0
2227,33.0106,16074.675374363851,-659.6383232550305,5.0,2.43,3.0,-21775.05683364251,21775.05683364251,3138.0483456800653,15.0,116.83198947648592,14308.219178082192,0,1,0,0,0,0
2228,26.8087,20165.686291359223,-659.6383232550305,5.0,2.43,3.0,-17684.045916647137,17684.045916647137,3138.0483456800653,15.0,116.83198947648592,14308.219178082192,0,1,0,0,0,0
2229,22.1962,23208.268057373054,-659.6383232550305,5.0,2.43,3.0,-14641.464150633308,14641.464150633308,3138.0483456800653,15.0,116.83198947648592,14308.219178082192,0,1,0,0,0,0
2230,21.146,23901.020224455486,-659.6383232550305,5.0,2.43,3.0,-13948.711983550877,13948.711983550877,3138.0483456800653,15.0,116.83198947648592,14308.219178082192,0,1,0,0,0,0
2231,20.3014,24458.150752276684,-659.6383232550305,5.0,2.43,3.0,-13391.581455729676,13391.581455729676,3138.0483456800653,15.0,116.83198947648592,14308.219178082192,0,1,0,0,0,0
2232,21.0437,23968.501224924476,-659.6383232550305,5.0,2.43,3.0,-13881.230983081887,13881.230983081887,3138.0483456800653,15.0,116.83198947648592,14308.219178082192,0,1,0,0,0,0
2233,21.6954,23538.614929659172,-659.6383232550305,5.0,2.43,3.0,-14311.117278347188,14311.117278347188,3138.0483456800653,15.0,116.83198947648592,14308.219178082192,0,1,0,0,0,0
2234,21.267,23821.20398734163,-659.6383232550305,5.0,2.43,3.0,-14028.528220664733,14028.528220664733,3138.0483456800653,15.0,116.83198947648592,14308.219178082192,0,1,0,0,0,0
2235,22.5285,22989.070242555405,-659.6383232550305,5.0,2.43,3.0,-14860.661965450956,14860.661965450956,3138.0483456800653,15.0,116.83198947648592,14308.219178082192,0,1,0,0,0,0
2236,22.4539,23038.27926147023,-659.6383232550305,5.0,2.43,3.0,-14811.45294653613,14811.45294653613,3138.0483456800653,15.0,116.83198947648592,14308.219178082192,0,1,0,0,0,0
2237,29.2286,18569.427512914375,-659.6383232550305,5.0,2.43,3.0,-19280.304695091985,19280.304695091985,3138.0483456800653,15.0,116.83198947648592,14308.219178082192,0,1,0,0,0,0
2238,29.6265,18306.957424091197,-659.6383232550305,5.0,2.43,3.0,-19542.77478391516,19542.77478391516,3138.0483456800653,15.0,116.83198947648592,14308.219178082192,0,1,0,0,0,0
2239,26.2064,20562.98645345573,-659.6383232550305,5.0,2.43,3.0,-17286.74575455063,17286.74575455063,3138.0483456800653,15.0,116.83198947648592,14308.219178082192,0,1,0,0,0,0
2240,28.4831,19061.187882901002,-659.6383232550305,5.0,2.43,3.0,-18788.54432510536,18788.54432510536,3138.0483456800653,15.0,116.83198947648592,14308.219178082192,0,1,0,0,0,0
2241,24.2689,21841.035704762355,-659.6383232550305,5.0,2.43,3.0,-16008.69650324401,16008.69650324401,3138.0483456800653,15.0,116.83198947648592,14308.219178082192,0,1,0,0,0,0
2242,27.1037,19971.09298599899,-659.6383232550305,5.0,2.43,3.0,-17878.639222007372,17878.639222007372,3138.0483456800653,15.0,116.83198947648592,14308.219178082192,0,1,0,0,0,0
2243,24.3004,21820.257097579815,-659.6383232550305,5.0,2.43,3.0,-16029.475110426543,16029.475110426543,3138.0483456800653,15.0,116.83198947648592,14308.219178082192,0,1,0,0,0,0
2244,23.9599,22044.863946648155,-659.6383232550305,5.0,2.43,3.0,-15804.868261358206,15804.868261358206,3138.0483456800653,15.0,116.83198947648592,14308.219178082192,0,1,0,0,0,0
2245,23.2445,22516.769203104806,-659.6383232550305,5.0,2.43,3.0,-15332.963004901556,15332.963004901556,3138.0483456800653,15.0,116.83198947648592,14308.219178082192,0,1,0,0,0,0
2246,24.1719,21905.020622118085,-659.6383232550305,5.0,2.43,3.0,-15944.711585888273,15944.711585888273,3138.0483456800653,15.0,116.83198947648592,14308.219178082192,0,1,0,0,0,0
2247,22.2795,23153.320185045908,-659.6383232550305,5.0,2.43,3.0,-14696.412022960452,14696.412022960452,3138.0483456800653,15.0,116.83198947648592,14308.219178082192,0,1,0,0,0,0
2248,25.0843,21303.1666159802,-659.6383232550305,5.0,2.43,3.0,-16546.56559202616,16546.56559202616,3138.0483456800653,15.0,116.83198947648592,14308.219178082192,0,1,0,0,0,0
2249,25.3878,21102.9663848723,-659.6383232550305,5.0,2.43,3.0,-16746.76582313406,16746.76582313406,3138.0483456800653,15.0,116.83198947648592,14308.219178082192,0,1,0,0,0,0
2250,26.1285,20614.372278837294,-659.6383232550305,5.0,2.43,3.0,-17235.359929169063,17235.359929169063,3138.0483456800653,15.0,116.83198947648592,14308.219178082192,0,1,0,0,0,0
2251,27.6831,19588.898541505027,-659.6383232550305,5.0,2.43,3.0,-18260.833666501334,18260.833666501334,3138.0483456800653,15.0,116.83198947648592,14308.219178082192,0,1,0,0,0,0
2252,39.2677,11947.2524219248,-659.6383232550305,5.0,2.43,3.0,-25902.47978608156,25902.47978608156,3138.0483456800653,15.0,116.83198947648592,14308.219178082192,0,1,0,0,0,0
2253,22.1523,23237.226179763948,-659.6383232550305,5.0,2.43,3.0,-14612.506028242413,14612.506028242413,3138.0483456800653,15.0,116.83198947648592,14308.219178082192,0,1,0,0,0,0
2254,21.5538,23632.019716232084,-659.6383232550305,5.0,2.43,3.0,-14217.712491774277,14217.712491774277,3138.0483456800653,15.0,116.83198947648592,14308.219178082192,0,1,0,0,0,0
2255,21.6402,23575.02696510285,-659.6383232550305,5.0,2.43,3.0,-14274.705242903512,14274.705242903512,3138.0483456800653,15.0,116.83198947648592,14308.219178082192,0,1,0,0,0,0
2256,21.4431,23705.041678616413,-659.6383232550305,5.0,2.43,3.0,-14144.690529389945,14144.690529389945,3138.0483456800653,15.0,116.83198947648592,14308.219178082192,0,1,0,0,0,0
2257,21.5892,23608.668519588857,-659.6383232550305,5.0,2.43,3.0,-14241.063688417506,14241.063688417506,3138.0483456800653,15.0,116.83198947648592,14308.219178082192,0,1,0,0,0,0
2258,22.0468,23306.818022867352,-659.6383232550305,5.0,2.43,3.0,-14542.914185139007,14542.914185139007,3138.0483456800653,15.0,116.83198947648592,14308.219178082192,0,1,0,0,0,0
2259,23.3273,22462.151149939287,-659.6383232550305,5.0,2.43,3.0,-15387.581058067073,15387.581058067073,3138.0483456800653,15.0,116.83198947648592,14308.219178082192,0,1,0,0,0,0
2260,24.6723,21574.93760516127,-659.6383232550305,5.0,2.43,3.0,-16274.79460284509,16274.79460284509,3138.0483456800653,15.0,116.83198947648592,14308.219178082192,0,1,0,0,0,0
2261,30.237,17904.248227744003,-659.6383232550305,5.0,2.43,3.0,-19945.483980262357,19945.483980262357,3138.0483456800653,15.0,116.83198947648592,14308.219178082192,0,1,0,0,0,0
2262,34.9432,14799.85835084118,-659.6383232550305,5.0,2.43,3.0,-23049.87385716518,23049.87385716518,3138.0483456800653,15.0,116.83198947648592,14308.219178082192,0,1,0,0,0,0
2263,33.6341,15663.390879814342,-659.6383232550305,5.0,2.43,3.0,-22186.34132819202,22186.34132819202,3138.0483456800653,15.0,116.83198947648592,14308.219178082192,0,1,0,0,0,0
2264,58.1417,14640.815744269026,650.0,0,2.43,3.0,37792.105,-37792.105,15071.972825128516,0,556.8949724310688,14308.219178082192,1,0,0,0,0,0
2265,63.5184,18135.67074426902,650.0,0,2.43,3.0,41286.96,-41286.96,15071.972825128516,0,556.8949724310688,14308.219178082192,1,0,0,0,0,0
2266,48.6494,8470.820744269024,650.0,0,2.43,3.0,31622.11,-31622.11,15071.972825128516,0,556.8949724310688,14308.219178082192,1,0,0,0,0,0
2267,35.862,14193.782659434455,-659.6383232550305,5.0,2.43,3.0,-23655.949548571905,23655.949548571905,3138.0483456800653,15.0,116.83198947648592,14308.219178082192,0,1,0,0,0,0
2268,38.1736,12668.962711398126,-659.6383232550305,5.0,2.43,3.0,-25180.769496608234,25180.769496608234,3138.0483456800653,15.0,116.83198947648592,14308.219178082192,0,1,0,0,0,0
2269,38.9935,12128.12525016133,-659.6383232550305,5.0,2.43,3.0,-25721.60695784503,25721.60695784503,3138.0483456800653,15.0,116.83198947648592,14308.219178082192,0,1,0,0,0,0
2270,36.9781,13457.560326849518,-659.6383232550305,5.0,2.43,3.0,-24392.171881156843,24392.171881156843,3138.0483456800653,15.0,116.83198947648592,14308.219178082192,0,1,0,0,0,0
2271,35.4032,14496.424722143864,-659.6383232550305,5.0,2.43,3.0,-23353.307485862497,23353.307485862497,3138.0483456800653,15.0,116.83198947648592,14308.219178082192,0,1,0,0,0,0
2272,45.1116,8092.392024654724,-659.6383232550305,5.0,2.43,3.0,-29757.340183351636,29757.340183351636,3138.0483456800653,15.0,116.83198947648592,14308.219178082192,0,1,0,0,0,0
2273,29.2058,18584.46726668459,-659.6383232550305,5.0,2.43,3.0,-19265.26494132177,19265.26494132177,3138.0483456800653,15.0,116.83198947648592,14308.219178082192,0,1,0,0,0,0
2274,37.4222,13164.614947491958,-659.6383232550305,5.0,2.43,3.0,-24685.117260514402,24685.117260514402,3138.0483456800653,15.0,116.83198947648592,14308.219178082192,0,1,0,0,0,0
2275,36.9709,13462.309722776954,-659.6383232550305,5.0,2.43,3.0,-24387.422485229406,24387.422485229406,3138.0483456800653,15.0,116.83198947648592,14308.219178082192,0,1,0,0,0,0
2276,32.0633,16699.550757983343,-659.6383232550305,5.0,2.43,3.0,-21150.181450023018,21150.181450023018,3138.0483456800653,15.0,116.83198947648592,14308.219178082192,0,1,0,0,0,0
2277,37.0329,13421.412146735143,-659.6383232550305,5.0,2.43,3.0,-24428.320061271217,24428.320061271217,3138.0483456800653,15.0,116.83198947648592,14308.219178082192,0,1,0,0,0,0
2278,29.6847,18268.566473677758,-659.6383232550305,5.0,2.43,3.0,-19581.165734328602,19581.165734328602,3138.0483456800653,15.0,116.83198947648592,14308.219178082192,0,1,0,0,0,0
2279,28.2719,19200.503496772464,-659.6383232550305,5.0,2.43,3.0,-18649.228711233896,18649.228711233896,3138.0483456800653,15.0,116.83198947648592,14308.219178082192,0,1,0,0,0,0
2280,24.5167,21677.577328259755,-659.6383232550305,5.0,2.43,3.0,-16172.154879746608,16172.154879746608,3138.0483456800653,15.0,116.83198947648592,14308.219178082192,0,1,0,0,0,0
2281,24.8558,21453.893972843973,-659.6383232550305,5.0,2.43,3.0,-16395.838235162388,16395.838235162388,3138.0483456800653,15.0,116.83198947648592,14308.219178082192,0,1,0,0,0,0
2282,24.8277,21472.42980972744,-659.6383232550305,5.0,2.43,3.0,-16377.302398278922,16377.302398278922,3138.0483456800653,15.0,116.83198947648592,14308.219178082192,0,1,0,0,0,0
2283,22.7725,22828.118491681176,-659.6383232550305,5.0,2.43,3.0,-15021.613716325182,15021.613716325182,3138.0483456800653,15.0,116.83198947648592,14308.219178082192,0,1,0,0,0,0
2284,27.1306,19953.348715103428,-659.6383232550305,5.0,2.43,3.0,-17896.383492902933,17896.383492902933,3138.0483456800653,15.0,116.83198947648592,14308.219178082192,0,1,0,0,0,0
2285,25.5495,20996.30286800196,-659.6383232550305,5.0,2.43,3.0,-16853.4293400044,16853.4293400044,3138.0483456800653,15.0,116.83198947648592,14308.219178082192,0,1,0,0,0,0
2286,30.0367,18036.373783891984,-659.6383232550305,5.0,2.43,3.0,-19813.358424114376,19813.358424114376,3138.0483456800653,15.0,116.83198947648592,14308.219178082192,0,1,0,0,0,0
2287,28.69,18924.708713819535,-659.6383232550305,5.0,2.43,3.0,-18925.023494186826,18925.023494186826,3138.0483456800653,15.0,116.83198947648592,14308.219178082192,0,1,0,0,0,0
2288,28.2855,19191.532415576195,-659.6383232550305,5.0,2.43,3.0,-18658.199792430165,18658.199792430165,3138.0483456800653,15.0,116.83198947648592,14308.219178082192,0,1,0,0,0,0
2289,31.1394,17308.990604838666,-659.6383232550305,5.0,2.43,3.0,-20540.741603167695,20540.741603167695,3138.0483456800653,15.0,116.83198947648592,14308.219178082192,0,1,0,0,0,0
2290,25.7599,20857.5149647891,-659.6383232550305,5.0,2.43,3.0,-16992.21724321726,16992.21724321726,3138.0483456800653,15.0,116.83198947648592,14308.219178082192,0,1,0,0,0,0
2291,22.7318,22854.96577143766,-659.6383232550305,5.0,2.43,3.0,-14994.766436568703,14994.766436568703,3138.0483456800653,15.0,116.83198947648592,14308.219178082192,0,1,0,0,0,0
2292,22.2734,23157.343978817764,-659.6383232550305,5.0,2.43,3.0,-14692.388229188597,14692.388229188597,3138.0483456800653,15.0,116.83198947648592,14308.219178082192,0,1,0,0,0,0
2293,21.0857,23940.796415347766,-659.6383232550305,5.0,2.43,3.0,-13908.935792658596,13908.935792658596,3138.0483456800653,15.0,116.83198947648592,14308.219178082192,0,1,0,0,0,0
2294,23.4025,22412.546348030508,-659.6383232550305,5.0,2.43,3.0,-15437.18585997585,15437.18585997585,3138.0483456800653,15.0,116.83198947648592,14308.219178082192,0,1,0,0,0,0
2295,24.0078,22013.26727096424,-659.6383232550305,5.0,2.43,3.0,-15836.464937042121,15836.464937042121,3138.0483456800653,15.0,116.83198947648592,14308.219178082192,0,1,0,0,0,0
2296,23.5121,22340.24998780176,-659.6383232550305,5.0,2.43,3.0,-15509.482220204603,15509.482220204603,3138.0483456800653,15.0,116.83198947648592,14308.219178082192,0,1,0,0,0,0
2297,22.5685,22962.684709625206,-659.6383232550305,5.0,2.43,3.0,-14887.047498381156,14887.047498381156,3138.0483456800653,15.0,116.83198947648592,14308.219178082192,0,1,0,0,0,0
2298,24.8053,21487.205708168352,-659.6383232550305,5.0,2.43,3.0,-16362.526499838008,16362.526499838008,3138.0483456800653,15.0,116.83198947648592,14308.219178082192,0,1,0,0,0,0
2299,28.3071,19177.284227793887,-659.6383232550305,5.0,2.43,3.0,-18672.447980212473,18672.447980212473,3138.0483456800653,15.0,116.83198947648592,14308.219178082192,0,1,0,0,0,0
2300,22.0556,23301.01320562271,-659.6383232550305,5.0,2.43,3.0,-14548.71900238365,14548.71900238365,3138.0483456800653,15.0,116.83198947648592,14308.219178082192,0,1,0,0,0,0
2301,22.4161,23063.21359008927,-659.6383232550305,5.0,2.43,3.0,-14786.518617917089,14786.518617917089,3138.0483456800653,15.0,116.83198947648592,14308.219178082192,0,1,0,0,0,0
2302,19.3353,25095.427336373366,-659.6383232550305,5.0,2.43,3.0,-12754.304871632992,12754.304871632992,3138.0483456800653,15.0,116.83198947648592,14308.219178082192,0,1,0,0,0,0
2303,19.9586,24684.274769488507,-659.6383232550305,5.0,2.43,3.0,-13165.457438517853,13165.457438517853,3138.0483456800653,15.0,116.83198947648592,14308.219178082192,0,1,0,0,0,0
2304,19.4067,25048.32916009296,-659.6383232550305,5.0,2.43,3.0,-12801.403047913402,12801.403047913402,3138.0483456800653,15.0,116.83198947648592,14308.219178082192,0,1,0,0,0,0
2305,19.7964,24791.268105520474,-659.6383232550305,5.0,2.43,3.0,-13058.464102485885,13058.464102485885,3138.0483456800653,15.0,116.83198947648592,14308.219178082192,0,1,0,0,0,0
2306,19.326,25101.56197277964,-659.6383232550305,5.0,2.43,3.0,-12748.17023522672,12748.17023522672,3138.0483456800653,15.0,116.83198947648592,14308.219178082192,0,1,0,0,0,0
2307,19.4394,25026.75898692252,-659.6383232550305,5.0,2.43,3.0,-12822.97322108384,12822.97322108384,3138.0483456800653,15.0,116.83198947648592,14308.219178082192,0,1,0,0,0,0
2308,19.9889,24664.28772829388,-659.6383232550305,5.0,2.43,3.0,-13185.44447971248,13185.44447971248,3138.0483456800653,15.0,116.83198947648592,14308.219178082192,0,1,0,0,0,0
2309,20.2285,24506.238386041976,-659.6383232550305,5.0,2.43,3.0,-13343.493821964385,13343.493821964385,3138.0483456800653,15.0,116.83198947648592,14308.219178082192,0,1,0,0,0,0
2310,22.0722,23290.063209456675,-659.6383232550305,5.0,2.43,3.0,-14559.668998549683,14559.668998549683,3138.0483456800653,15.0,116.83198947648592,14308.219178082192,0,1,0,0,0,0
2311,21.6143,23592.111597675153,-659.6383232550305,5.0,2.43,3.0,-14257.620610331205,14257.620610331205,3138.0483456800653,15.0,116.83198947648592,14308.219178082192,0,1,0,0,0,0
2312,24.6886,21564.185500492214,-659.6383232550305,5.0,2.43,3.0,-16285.546707514148,16285.546707514148,3138.0483456800653,15.0,116.83198947648592,14308.219178082192,0,1,0,0,0,0
2313,21.5268,23649.829950959967,-659.6383232550305,5.0,2.43,3.0,-14199.902257046391,14199.902257046391,3138.0483456800653,15.0,116.83198947648592,14308.219178082192,0,1,0,0,0,0
2314,22.4695,23027.988903627454,-659.6383232550305,5.0,2.43,3.0,-14821.743304378908,14821.743304378908,3138.0483456800653,15.0,116.83198947648592,14308.219178082192,0,1,0,0,0,0
2315,22.4655,23030.627456920476,-659.6383232550305,5.0,2.43,3.0,-14819.104751085888,14819.104751085888,3138.0483456800653,15.0,116.83198947648592,14308.219178082192,0,1,0,0,0,0
2316,22.0929,23276.408696165294,-659.6383232550305,5.0,2.43,3.0,-14573.323511841063,14573.323511841063,3138.0483456800653,15.0,116.83198947648592,14308.219178082192,0,1,0,0,0,0
2317,20.1921,24530.24922100846,-659.6383232550305,5.0,2.43,3.0,-13319.482986997902,13319.482986997902,3138.0483456800653,15.0,116.83198947648592,14308.219178082192,0,1,0,0,0,0
2318,21.5715,23620.34411791047,-659.6383232550305,5.0,2.43,3.0,-14229.38809009589,14229.38809009589,3138.0483456800653,15.0,116.83198947648592,14308.219178082192,0,1,0,0,0,0
2319,21.7045,23532.612220917552,-659.6383232550305,5.0,2.43,3.0,-14317.119987088809,14317.119987088809,3138.0483456800653,15.0,116.83198947648592,14308.219178082192,0,1,0,0,0,0
2320,20.5881,24269.032444999466,-659.6383232550305,5.0,2.43,3.0,-13580.699763006894,13580.699763006894,3138.0483456800653,15.0,116.83198947648592,14308.219178082192,0,1,0,0,0,0
2321,23.8759,22100.273565801577,-659.6383232550305,5.0,2.43,3.0,-15749.458642204783,15749.458642204783,3138.0483456800653,15.0,116.83198947648592,14308.219178082192,0,1,0,0,0,0
2322,28.2503,19214.751684554773,-659.6383232550305,5.0,2.43,3.0,-18634.980523451588,18634.980523451588,3138.0483456800653,15.0,116.83198947648592,14308.219178082192,0,1,0,0,0,0
2323,26.4528,20400.451570605688,-659.6383232550305,5.0,2.43,3.0,-17449.280637400672,17449.280637400672,3138.0483456800653,15.0,116.83198947648592,14308.219178082192,0,1,0,0,0,0
2324,27.867,19467.591053858425,-659.6383232550305,5.0,2.43,3.0,-18382.141154147936,18382.141154147936,3138.0483456800653,15.0,116.83198947648592,14308.219178082192,0,1,0,0,0,0
2325,23.3104,22473.299037602297,-659.6383232550305,5.0,2.43,3.0,-15376.433170404063,15376.433170404063,3138.0483456800653,15.0,116.83198947648592,14308.219178082192,0,1,0,0,0,0
2326,19.4835,24997.668936866976,-659.6383232550305,5.0,2.43,3.0,-12852.063271139386,12852.063271139386,3138.0483456800653,15.0,116.83198947648592,14308.219178082192,0,1,0,0,0,0
2327,19.9401,24696.478078468725,-659.6383232550305,5.0,2.43,3.0,-13153.254129537634,13153.254129537634,3138.0483456800653,15.0,116.83198947648592,14308.219178082192,0,1,0,0,0,0
2328,19.2214,25170.560141392118,-659.6383232550305,5.0,2.43,3.0,-12679.172066614243,12679.172066614243,3138.0483456800653,15.0,116.83198947648592,14308.219178082192,0,1,0,0,0,0
2329,18.1843,25854.671046439908,-659.6383232550305,5.0,2.43,3.0,-11995.061161566451,11995.061161566451,3138.0483456800653,15.0,116.83198947648592,14308.219178082192,0,1,0,0,0,0
2330,18.8521,25414.1645741702,-659.6383232550305,5.0,2.43,3.0,-12435.56763383616,12435.56763383616,3138.0483456800653,15.0,116.83198947648592,14308.219178082192,0,1,0,0,0,0
2331,18.5867,25589.232585162084,-659.6383232550305,5.0,2.43,3.0,-12260.499622844276,12260.499622844276,3138.0483456800653,15.0,116.83198947648592,14308.219178082192,0,1,0,0,0,0
2332,22.7289,22856.878722575097,-659.6383232550305,5.0,2.43,3.0,-14992.853485431262,14992.853485431262,3138.0483456800653,15.0,116.83198947648592,14308.219178082192,0,1,0,0,0,0
2333,116.7919,52763.44574426903,650.0,0,2.43,3.0,75914.735,-75914.735,15071.972825128516,0,556.8949724310688,14308.219178082192,1,0,0,0,0,0
2334,630.9015,386934.68574426905,650.0,0,2.43,3.0,410085.97500000003,-410085.97500000003,15071.972825128516,0,556.8949724310688,14308.219178082192,1,0,0,0,0,0
2335,23.9513,22050.53683622815,-659.6383232550305,5.0,2.43,3.0,-15799.195371778213,15799.195371778213,3138.0483456800653,15.0,116.83198947648592,14308.219178082192,0,1,0,0,0,0
2336,24.9428,21396.505438720786,-659.6383232550305,5.0,2.43,3.0,-16453.226769285575,16453.226769285575,3138.0483456800653,15.0,116.83198947648592,14308.219178082192,0,1,0,0,0,0
2337,24.7078,21551.520444685717,-659.6383232550305,5.0,2.43,3.0,-16298.211763320642,16298.211763320642,3138.0483456800653,15.0,116.83198947648592,14308.219178082192,0,1,0,0,0,0
2338,21.2456,23835.320247459284,-659.6383232550305,5.0,2.43,3.0,-14014.411960547077,14014.411960547077,3138.0483456800653,15.0,116.83198947648592,14308.219178082192,0,1,0,0,0,0
2339,15.2992,27757.793572862996,-659.6383232550305,5.0,2.43,3.0,-10091.938635143364,10091.938635143364,3138.0483456800653,15.0,116.83198947648592,14308.219178082192,0,1,0,0,0,0
2340,22.8956,22746.91701408848,-659.6383232550305,5.0,2.43,3.0,-15102.815193917877,15102.815193917877,3138.0483456800653,15.0,116.83198947648592,14308.219178082192,0,1,0,0,0,0
2341,21.0014,23996.403925998162,-659.6383232550305,5.0,2.43,3.0,-13853.328282008199,13853.328282008199,3138.0483456800653,15.0,116.83198947648592,14308.219178082192,0,1,0,0,0,0
2342,33.9495,15455.340952659702,-659.6383232550305,5.0,2.43,3.0,-22394.391255346658,22394.391255346658,3138.0483456800653,15.0,116.83198947648592,14308.219178082192,0,1,0,0,0,0
2343,24.9075,21419.79067153169,-659.6383232550305,5.0,2.43,3.0,-16429.94153647467,16429.94153647467,3138.0483456800653,15.0,116.83198947648592,14308.219178082192,0,1,0,0,0,0
2344,28.0817,19325.96670585557,-659.6383232550305,5.0,2.43,3.0,-18523.765502150793,18523.765502150793,3138.0483456800653,15.0,116.83198947648592,14308.219178082192,0,1,0,0,0,0
2345,29.2346,18565.469682974846,-659.6383232550305,5.0,2.43,3.0,-19284.262525031514,19284.262525031514,3138.0483456800653,15.0,116.83198947648592,14308.219178082192,0,1,0,0,0,0
2346,29.2776,18537.10523507488,-659.6383232550305,5.0,2.43,3.0,-19312.62697293148,19312.62697293148,3138.0483456800653,15.0,116.83198947648592,14308.219178082192,0,1,0,0,0,0
2347,32.0176,16729.696229356094,-659.6383232550305,5.0,2.43,3.0,-21120.035978650267,21120.035978650267,3138.0483456800653,15.0,116.83198947648592,14308.219178082192,0,1,0,0,0,0
2348,26.0459,20668.858404338163,-659.6383232550305,5.0,2.43,3.0,-17180.8738036682,17180.8738036682,3138.0483456800653,15.0,116.83198947648592,14308.219178082192,0,1,0,0,0,0
2349,21.7862,23478.719769907613,-659.6383232550305,5.0,2.43,3.0,-14371.012438098747,14371.012438098747,3138.0483456800653,15.0,116.83198947648592,14308.219178082192,0,1,0,0,0,0
2350,20.4359,24369.429397798882,-659.6383232550305,5.0,2.43,3.0,-13480.302810207479,13480.302810207479,3138.0483456800653,15.0,116.83198947648592,14308.219178082192,0,1,0,0,0,0
2351,21.013,23988.752121448404,-659.6383232550305,5.0,2.43,3.0,-13860.980086557956,13860.980086557956,3138.0483456800653,15.0,116.83198947648592,14308.219178082192,0,1,0,0,0,0
2352,18.859,25409.61306973974,-659.6383232550305,5.0,2.43,3.0,-12440.119138266622,12440.119138266622,3138.0483456800653,15.0,116.83198947648592,14308.219178082192,0,1,0,0,0,0
2353,18.0334,25954.210469419093,-659.6383232550305,5.0,2.43,3.0,-11895.521738587267,11895.521738587267,3138.0483456800653,15.0,116.83198947648592,14308.219178082192,0,1,0,0,0,0
2354,18.2512,25810.54124261415,-659.6383232550305,5.0,2.43,3.0,-12039.190965392214,12039.190965392214,3138.0483456800653,15.0,116.83198947648592,14308.219178082192,0,1,0,0,0,0
2355,18.6815,25526.698872117508,-659.6383232550305,5.0,2.43,3.0,-12323.033335888853,12323.033335888853,3138.0483456800653,15.0,116.83198947648592,14308.219178082192,0,1,0,0,0,0
2356,20.6895,24202.145119021407,-659.6383232550305,5.0,2.43,3.0,-13647.587088984954,13647.587088984954,3138.0483456800653,15.0,116.83198947648592,14308.219178082192,0,1,0,0,0,0
2357,22.9735,22695.53118870692,-659.6383232550305,5.0,2.43,3.0,-15154.201019299444,15154.201019299444,3138.0483456800653,15.0,116.83198947648592,14308.219178082192,0,1,0,0,0,0
2358,24.3997,21754.755012080594,-659.6383232550305,5.0,2.43,3.0,-16094.977195925767,16094.977195925767,3138.0483456800653,15.0,116.83198947648592,14308.219178082192,0,1,0,0,0,0
2359,26.1825,20578.751809381523,-659.6383232550305,5.0,2.43,3.0,-17270.980398624837,17270.980398624837,3138.0483456800653,15.0,116.83198947648592,14308.219178082192,0,1,0,0,0,0
2360,26.8559,20134.55136250159,-659.6383232550305,5.0,2.43,3.0,-17715.180845504772,17715.180845504772,3138.0483456800653,15.0,116.83198947648592,14308.219178082192,0,1,0,0,0,0
2361,23.4078,22409.050264917256,-659.6383232550305,5.0,2.43,3.0,-15440.681943089105,15440.681943089105,3138.0483456800653,15.0,116.83198947648592,14308.219178082192,0,1,0,0,0,0
2362,24.3233,21805.15137997728,-659.6383232550305,5.0,2.43,3.0,-16044.580828029084,16044.580828029084,3138.0483456800653,15.0,116.83198947648592,14308.219178082192,0,1,0,0,0,0
2363,24.951,21391.096404470096,-659.6383232550305,5.0,2.43,3.0,-16458.63580353627,16458.63580353627,3138.0483456800653,15.0,116.83198947648592,14308.219178082192,0,1,0,0,0,0
2364,24.6585,21584.04061402219,-659.6383232550305,5.0,2.43,3.0,-16265.69159398417,16265.69159398417,3138.0483456800653,15.0,116.83198947648592,14308.219178082192,0,1,0,0,0,0
2365,23.1929,22550.80654058476,-659.6383232550305,5.0,2.43,3.0,-15298.925667421598,15298.925667421598,3138.0483456800653,15.0,116.83198947648592,14308.219178082192,0,1,0,0,0,0
2366,21.7431,23507.15018163991,-659.6383232550305,5.0,2.43,3.0,-14342.582026366454,14342.582026366454,3138.0483456800653,15.0,116.83198947648592,14308.219178082192,0,1,0,0,0,0
2367,15.5752,27575.73339564461,-659.6383232550305,5.0,2.43,3.0,-10273.998812361751,10273.998812361751,3138.0483456800653,15.0,116.83198947648592,14308.219178082192,0,1,0,0,0,0
2368,15.397,27693.28094484866,-659.6383232550305,5.0,2.43,3.0,-10156.451263157705,10156.451263157705,3138.0483456800653,15.0,116.83198947648592,14308.219178082192,0,1,0,0,0,0
2369,23.9388,22058.782315268836,-659.6383232550305,5.0,2.43,3.0,-15790.949892737524,15790.949892737524,3138.0483456800653,15.0,116.83198947648592,14308.219178082192,0,1,0,0,0,0
2370,25.0545,21322.8238380132,-659.6383232550305,5.0,2.43,3.0,-16526.90836999316,16526.90836999316,3138.0483456800653,15.0,116.83198947648592,14308.219178082192,0,1,0,0,0,0
2371,28.6797,18931.502988549062,-659.6383232550305,5.0,2.43,3.0,-18918.2292194573,18918.2292194573,3138.0483456800653,15.0,116.83198947648592,14308.219178082192,0,1,0,0,0,0
2372,25.9442,20735.9436218132,-659.6383232550305,5.0,2.43,3.0,-17113.78858619316,17113.78858619316,3138.0483456800653,15.0,116.83198947648592,14308.219178082192,0,1,0,0,0,0
2373,20.7445,24165.865011242382,-659.6383232550305,5.0,2.43,3.0,-13683.86719676398,13683.86719676398,3138.0483456800653,15.0,116.83198947648592,14308.219178082192,0,1,0,0,0,0
2374,19.0801,25263.767036468053,-659.6383232550305,5.0,2.43,3.0,-12585.965171538308,12585.965171538308,3138.0483456800653,15.0,116.83198947648592,14308.219178082192,0,1,0,0,0,0
2375,21.0622,23956.297915944255,-659.6383232550305,5.0,2.43,3.0,-13893.434292062104,13893.434292062104,3138.0483456800653,15.0,116.83198947648592,14308.219178082192,0,1,0,0,0,0
2376,19.4455,25022.735193150664,-659.6383232550305,5.0,2.43,3.0,-12826.997014855695,12826.997014855695,3138.0483456800653,15.0,116.83198947648592,14308.219178082192,0,1,0,0,0,0
2377,18.7527,25479.73262350175,-659.6383232550305,5.0,2.43,3.0,-12369.99958450461,12369.99958450461,3138.0483456800653,15.0,116.83198947648592,14308.219178082192,0,1,0,0,0,0
2378,18.5018,25645.235878806438,-659.6383232550305,5.0,2.43,3.0,-12204.496329199923,12204.496329199923,3138.0483456800653,15.0,116.83198947648592,14308.219178082192,0,1,0,0,0,0
2379,19.3925,25057.69602428318,-659.6383232550305,5.0,2.43,3.0,-12792.036183723178,12792.036183723178,3138.0483456800653,15.0,116.83198947648592,14308.219178082192,0,1,0,0,0,0
2380,20.5855,24270.747504639927,-659.6383232550305,5.0,2.43,3.0,-13578.98470336643,13578.98470336643,3138.0483456800653,15.0,116.83198947648592,14308.219178082192,0,1,0,0,0,0
2381,24.2787,21834.57124919445,-659.6383232550305,5.0,2.43,3.0,-16015.16095881191,16015.16095881191,3138.0483456800653,15.0,116.83198947648592,14308.219178082192,0,1,0,0,0,0
2382,24.675,21573.156581688483,-659.6383232550305,5.0,2.43,3.0,-16276.57562631788,16276.57562631788,3138.0483456800653,15.0,116.83198947648592,14308.219178082192,0,1,0,0,0,0
2383,24.498,21689.912564904625,-659.6383232550305,5.0,2.43,3.0,-16159.819643101739,16159.819643101739,3138.0483456800653,15.0,116.83198947648592,14308.219178082192,0,1,0,0,0,0
2384,24.0869,21961.089879594765,-659.6383232550305,5.0,2.43,3.0,-15888.642328411595,15888.642328411595,3138.0483456800653,15.0,116.83198947648592,14308.219178082192,0,1,0,0,0,0
2385,23.9459,22054.098883173727,-659.6383232550305,5.0,2.43,3.0,-15795.633324832635,15795.633324832635,3138.0483456800653,15.0,116.83198947648592,14308.219178082192,0,1,0,0,0,0
2386,23.6279,22263.863869968824,-659.6383232550305,5.0,2.43,3.0,-15585.868338037535,15585.868338037535,3138.0483456800653,15.0,116.83198947648592,14308.219178082192,0,1,0,0,0,0
2387,20.6282,24242.580948236937,-659.6383232550305,5.0,2.43,3.0,-13607.15125976942,13607.15125976942,3138.0483456800653,15.0,116.83198947648592,14308.219178082192,0,1,0,0,0,0
2388,17.3871,26380.534717738818,-659.6383232550305,5.0,2.43,3.0,-11469.197490267541,11469.197490267541,3138.0483456800653,15.0,116.83198947648592,14308.219178082192,0,1,0,0,0,0
2389,21.4046,23730.437754061735,-659.6383232550305,5.0,2.43,3.0,-14119.294453944625,14119.294453944625,3138.0483456800653,15.0,116.83198947648592,14308.219178082192,0,1,0,0,0,0
2390,21.5645,23624.961586173253,-659.6383232550305,5.0,2.43,3.0,-14224.770621833104,14224.770621833104,3138.0483456800653,15.0,116.83198947648592,14308.219178082192,0,1,0,0,0,0
2391,25.4292,21075.657358289536,-659.6383232550305,5.0,2.43,3.0,-16774.074849716824,16774.074849716824,3138.0483456800653,15.0,116.83198947648592,14308.219178082192,0,1,0,0,0,0
2392,25.4135,21086.013679964643,-659.6383232550305,5.0,2.43,3.0,-16763.718528041718,16763.718528041718,3138.0483456800653,15.0,116.83198947648592,14308.219178082192,0,1,0,0,0,0
2393,24.8191,21478.102699307434,-659.6383232550305,5.0,2.43,3.0,-16371.629508698927,16371.629508698927,3138.0483456800653,15.0,116.83198947648592,14308.219178082192,0,1,0,0,0,0
2394,25.7761,20846.828823952368,-659.6383232550305,5.0,2.43,3.0,-17002.903384053992,17002.903384053992,3138.0483456800653,15.0,116.83198947648592,14308.219178082192,0,1,0,0,0,0
2395,27.1289,19954.470100252962,-659.6383232550305,5.0,2.43,3.0,-17895.2621077534,17895.2621077534,3138.0483456800653,15.0,116.83198947648592,14308.219178082192,0,1,0,0,0,0
2396,24.4861,21697.762260951356,-659.6383232550305,5.0,2.43,3.0,-16151.969947055002,16151.969947055002,3138.0483456800653,15.0,116.83198947648592,14308.219178082192,0,1,0,0,0,0
2397,19.7425,24826.82261114392,-659.6383232550305,5.0,2.43,3.0,-13022.90959686244,13022.90959686244,3138.0483456800653,15.0,116.83198947648592,14308.219178082192,0,1,0,0,0,0
2398,19.8422,24761.056670315396,-659.6383232550305,5.0,2.43,3.0,-13088.675537690966,13088.675537690966,3138.0483456800653,15.0,116.83198947648592,14308.219178082192,0,1,0,0,0,0
2399,20.9226,24048.383425870663,-659.6383232550305,5.0,2.43,3.0,-13801.348782135701,13801.348782135701,3138.0483456800653,15.0,116.83198947648592,14308.219178082192,0,1,0,0,0,0
2400,19.9399,24696.61000613338,-659.6383232550305,5.0,2.43,3.0,-13153.122201872984,13153.122201872984,3138.0483456800653,15.0,116.83198947648592,14308.219178082192,0,1,0,0,0,0
2401,19.5027,24985.003881060475,-659.6383232550305,5.0,2.43,3.0,-12864.728326945884,12864.728326945884,3138.0483456800653,15.0,116.83198947648592,14308.219178082192,0,1,0,0,0,0
2402,19.5564,24949.58130310168,-659.6383232550305,5.0,2.43,3.0,-12900.150904904678,12900.150904904678,3138.0483456800653,15.0,116.83198947648592,14308.219178082192,0,1,0,0,0,0
2403,19.0171,25305.32425083312,-659.6383232550305,5.0,2.43,3.0,-12544.40795717324,12544.40795717324,3138.0483456800653,15.0,116.83198947648592,14308.219178082192,0,1,0,0,0,0
2404,19.8,24788.893407556756,-659.6383232550305,5.0,2.43,3.0,-13060.838800449605,13060.838800449605,3138.0483456800653,15.0,116.83198947648592,14308.219178082192,0,1,0,0,0,0
2405,22.6696,22895.995275144123,-659.6383232550305,5.0,2.43,3.0,-14953.736932862239,14953.736932862239,3138.0483456800653,15.0,116.83198947648592,14308.219178082192,0,1,0,0,0,0
2406,23.2864,22489.130357360416,-659.6383232550305,5.0,2.43,3.0,-15360.601850645942,15360.601850645942,3138.0483456800653,15.0,116.83198947648592,14308.219178082192,0,1,0,0,0,0
2407,25.3931,21099.470301759047,-659.6383232550305,5.0,2.43,3.0,-16750.261906247317,16750.261906247317,3138.0483456800653,15.0,116.83198947648592,14308.219178082192,0,1,0,0,0,0
2408,23.8189,22137.872950227116,-659.6383232550305,5.0,2.43,3.0,-15711.859257779246,15711.859257779246,3138.0483456800653,15.0,116.83198947648592,14308.219178082192,0,1,0,0,0,0
2409,24.9711,21377.837674172668,-659.6383232550305,5.0,2.43,3.0,-16471.894533833693,16471.894533833693,3138.0483456800653,15.0,116.83198947648592,14308.219178082192,0,1,0,0,0,0
2410,23.6252,22265.64489344161,-659.6383232550305,5.0,2.43,3.0,-15584.087314564747,15584.087314564747,3138.0483456800653,15.0,116.83198947648592,14308.219178082192,0,1,0,0,0,0
2411,25.0742,21309.828963045074,-659.6383232550305,5.0,2.43,3.0,-16539.903244961286,16539.903244961286,3138.0483456800653,15.0,116.83198947648592,14308.219178082192,0,1,0,0,0,0
2412,22.9568,22706.547148705275,-659.6383232550305,5.0,2.43,3.0,-15143.185059301086,15143.185059301086,3138.0483456800653,15.0,116.83198947648592,14308.219178082192,0,1,0,0,0,0
2413,21.8932,23408.138469319325,-659.6383232550305,5.0,2.43,3.0,-14441.593738687034,14441.593738687034,3138.0483456800653,15.0,116.83198947648592,14308.219178082192,0,1,0,0,0,0
2414,24.7391,21530.873765167835,-659.6383232550305,5.0,2.43,3.0,-16318.858442838526,16318.858442838526,3138.0483456800653,15.0,116.83198947648592,14308.219178082192,0,1,0,0,0,0
2415,23.4867,22357.004801212435,-659.6383232550305,5.0,2.43,3.0,-15492.727406793925,15492.727406793925,3138.0483456800653,15.0,116.83198947648592,14308.219178082192,0,1,0,0,0,0
2416,24.786,21499.936727807173,-659.6383232550305,5.0,2.43,3.0,-16349.795480199187,16349.795480199187,3138.0483456800653,15.0,116.83198947648592,14308.219178082192,0,1,0,0,0,0
2417,24.374,21771.707716988247,-659.6383232550305,5.0,2.43,3.0,-16078.024491018114,16078.024491018114,3138.0483456800653,15.0,116.83198947648592,14308.219178082192,0,1,0,0,0,0
2418,24.1417,21924.94169948039,-659.6383232550305,5.0,2.43,3.0,-15924.79050852597,15924.79050852597,3138.0483456800653,15.0,116.83198947648592,14308.219178082192,0,1,0,0,0,0
2419,46.232,7353.333247279792,-659.6383232550305,5.0,2.43,3.0,-30496.39896072657,30496.39896072657,3138.0483456800653,15.0,116.83198947648592,14308.219178082192,0,1,0,0,0,0
2420,22.2749,23156.354521332883,-659.6383232550305,5.0,2.43,3.0,-14693.377686673479,14693.377686673479,3138.0483456800653,15.0,116.83198947648592,14308.219178082192,0,1,0,0,0,0
2421,19.7151,24844.896701201105,-659.6383232550305,5.0,2.43,3.0,-13004.835506805251,13004.835506805251,3138.0483456800653,15.0,116.83198947648592,14308.219178082192,0,1,0,0,0,0
2422,18.5514,25612.517817972985,-659.6383232550305,5.0,2.43,3.0,-12237.214390033374,12237.214390033374,3138.0483456800653,15.0,116.83198947648592,14308.219178082192,0,1,0,0,0,0
2423,19.1951,25187.908629293728,-659.6383232550305,5.0,2.43,3.0,-12661.823578712636,12661.823578712636,3138.0483456800653,15.0,116.83198947648592,14308.219178082192,0,1,0,0,0,0
2424,19.2519,25150.44117253284,-659.6383232550305,5.0,2.43,3.0,-12699.291035473521,12699.291035473521,3138.0483456800653,15.0,116.83198947648592,14308.219178082192,0,1,0,0,0,0
2425,19.0701,25270.363419700603,-659.6383232550305,5.0,2.43,3.0,-12579.368788305757,12579.368788305757,3138.0483456800653,15.0,116.83198947648592,14308.219178082192,0,1,0,0,0,0
2426,18.9316,25361.723327471424,-659.6383232550305,5.0,2.43,3.0,-12488.008880534935,12488.008880534935,3138.0483456800653,15.0,116.83198947648592,14308.219178082192,0,1,0,0,0,0
2427,19.2673,25140.282742354713,-659.6383232550305,5.0,2.43,3.0,-12709.449465651649,12709.449465651649,3138.0483456800653,15.0,116.83198947648592,14308.219178082192,0,1,0,0,0,0
2428,19.7199,24841.730437249484,-659.6383232550305,5.0,2.43,3.0,-13008.001770756875,13008.001770756875,3138.0483456800653,15.0,116.83198947648592,14308.219178082192,0,1,0,0,0,0
2429,28.4687,19070.686674755874,-659.6383232550305,5.0,2.43,3.0,-18779.045533250486,18779.045533250486,3138.0483456800653,15.0,116.83198947648592,14308.219178082192,0,1,0,0,0,0
2430,24.6637,21580.610494741264,-659.6383232550305,5.0,2.43,3.0,-16269.121713265095,16269.121713265095,3138.0483456800653,15.0,116.83198947648592,14308.219178082192,0,1,0,0,0,0
2431,24.2158,21876.062499727195,-659.6383232550305,5.0,2.43,3.0,-15973.669708279169,15973.669708279169,3138.0483456800653,15.0,116.83198947648592,14308.219178082192,0,1,0,0,0,0
2432,21.7742,23486.635429786675,-659.6383232550305,5.0,2.43,3.0,-14363.096778219686,14363.096778219686,3138.0483456800653,15.0,116.83198947648592,14308.219178082192,0,1,0,0,0,0
2433,22.8593,22770.861885222643,-659.6383232550305,5.0,2.43,3.0,-15078.87032278372,15078.87032278372,3138.0483456800653,15.0,116.83198947648592,14308.219178082192,0,1,0,0,0,0
2434,22.3252,23123.174713673157,-659.6383232550305,5.0,2.43,3.0,-14726.557494333207,14726.557494333207,3138.0483456800653,15.0,116.83198947648592,14308.219178082192,0,1,0,0,0,0
2435,23.0939,22616.11073458701,-659.6383232550305,5.0,2.43,3.0,-15233.62147341935,15233.62147341935,3138.0483456800653,15.0,116.83198947648592,14308.219178082192,0,1,0,0,0,0
2436,35.4282,14479.93376406249,-659.6383232550305,5.0,2.43,3.0,-23369.79844394387,23369.79844394387,3138.0483456800653,15.0,116.83198947648592,14308.219178082192,0,1,0,0,0,0
2437,22.5922,22947.05128136406,-659.6383232550305,5.0,2.43,3.0,-14902.680926642299,14902.680926642299,3138.0483456800653,15.0,116.83198947648592,14308.219178082192,0,1,0,0,0,0
2438,22.9764,22693.618237569477,-659.6383232550305,5.0,2.43,3.0,-15156.113970436883,15156.113970436883,3138.0483456800653,15.0,116.83198947648592,14308.219178082192,0,1,0,0,0,0
2439,23.8144,22140.841322681765,-659.6383232550305,5.0,2.43,3.0,-15708.890885324598,15708.890885324598,3138.0483456800653,15.0,116.83198947648592,14308.219178082192,0,1,0,0,0,0
2440,24.7843,21501.058112956707,-659.6383232550305,5.0,2.43,3.0,-16348.674095049653,16348.674095049653,3138.0483456800653,15.0,116.83198947648592,14308.219178082192,0,1,0,0,0,0
2441,23.7825,22161.883785193597,-659.6383232550305,5.0,2.43,3.0,-15687.848422812762,15687.848422812762,3138.0483456800653,15.0,116.83198947648592,14308.219178082192,0,1,0,0,0,0
2442,23.6723,22234.5759284163,-659.6383232550305,5.0,2.43,3.0,-15615.156279590059,15615.156279590059,3138.0483456800653,15.0,116.83198947648592,14308.219178082192,0,1,0,0,0,0
2443,25.0157,21348.417804955494,-659.6383232550305,5.0,2.43,3.0,-16501.314403050867,16501.314403050867,3138.0483456800653,15.0,116.83198947648592,14308.219178082192,0,1,0,0,0,0
2444,24.4554,21718.01315747529,-659.6383232550305,5.0,2.43,3.0,-16131.719050531074,16131.719050531074,3138.0483456800653,15.0,116.83198947648592,14308.219178082192,0,1,0,0,0,0
2445,21.9564,23366.449327289607,-659.6383232550305,5.0,2.43,3.0,-14483.282880716752,14483.282880716752,3138.0483456800653,15.0,116.83198947648592,14308.219178082192,0,1,0,0,0,0
2446,19.5548,24950.636724418888,-659.6383232550305,5.0,2.43,3.0,-12899.09548358747,12899.09548358747,3138.0483456800653,15.0,116.83198947648592,14308.219178082192,0,1,0,0,0,0
2447,19.857,24751.29402313122,-659.6383232550305,5.0,2.43,3.0,-13098.43818487514,13098.43818487514,3138.0483456800653,15.0,116.83198947648592,14308.219178082192,0,1,0,0,0,0
2448,21.2346,23842.576269015088,-659.6383232550305,5.0,2.43,3.0,-14007.15593899127,14007.15593899127,3138.0483456800653,15.0,116.83198947648592,14308.219178082192,0,1,0,0,0,0
2449,19.3792,25066.469213982473,-659.6383232550305,5.0,2.43,3.0,-12783.262994023888,12783.262994023888,3138.0483456800653,15.0,116.83198947648592,14308.219178082192,0,1,0,0,0,0
2450,19.2119,25176.82670546304,-659.6383232550305,5.0,2.43,3.0,-12672.90550254332,12672.90550254332,3138.0483456800653,15.0,116.83198947648592,14308.219178082192,0,1,0,0,0,0
2451,19.3647,25076.033969669672,-659.6383232550305,5.0,2.43,3.0,-12773.698238336689,12773.698238336689,3138.0483456800653,15.0,116.83198947648592,14308.219178082192,0,1,0,0,0,0
2452,19.3246,25102.485466432197,-659.6383232550305,5.0,2.43,3.0,-12747.246741574163,12747.246741574163,3138.0483456800653,15.0,116.83198947648592,14308.219178082192,0,1,0,0,0,0
2453,20.2502,24491.924234427344,-659.6383232550305,5.0,2.43,3.0,-13357.807973579018,13357.807973579018,3138.0483456800653,15.0,116.83198947648592,14308.219178082192,0,1,0,0,0,0
2454,23.0914,22617.75983039515,-659.6383232550305,5.0,2.43,3.0,-15231.972377611211,15231.972377611211,3138.0483456800653,15.0,116.83198947648592,14308.219178082192,0,1,0,0,0,0
2455,33.1208,16001.983231141145,-659.6383232550305,5.0,2.43,3.0,-21847.748976865216,21847.748976865216,3138.0483456800653,15.0,116.83198947648592,14308.219178082192,0,1,0,0,0,0
2456,27.8259,19494.702188944208,-659.6383232550305,5.0,2.43,3.0,-18355.030019062153,18355.030019062153,3138.0483456800653,15.0,116.83198947648592,14308.219178082192,0,1,0,0,0,0
2457,24.9435,21396.043691894505,-659.6383232550305,5.0,2.43,3.0,-16453.688516111855,16453.688516111855,3138.0483456800653,15.0,116.83198947648592,14308.219178082192,0,1,0,0,0,0
2458,23.8781,22098.82236149042,-659.6383232550305,5.0,2.43,3.0,-15750.909846515944,15750.909846515944,3138.0483456800653,15.0,116.83198947648592,14308.219178082192,0,1,0,0,0,0
2459,23.3264,22462.744824430218,-659.6383232550305,5.0,2.43,3.0,-15386.987383576143,15386.987383576143,3138.0483456800653,15.0,116.83198947648592,14308.219178082192,0,1,0,0,0,0
2460,28.3637,19139.94869869765,-659.6383232550305,5.0,2.43,3.0,-18709.78350930871,18709.78350930871,3138.0483456800653,15.0,116.83198947648592,14308.219178082192,0,1,0,0,0,0
2461,22.9081,22738.671535047797,-659.6383232550305,5.0,2.43,3.0,-15111.060672958565,15111.060672958565,3138.0483456800653,15.0,116.83198947648592,14308.219178082192,0,1,0,0,0,0
2462,23.4918,22353.640645763833,-659.6383232550305,5.0,2.43,3.0,-15496.091562242527,15496.091562242527,3138.0483456800653,15.0,116.83198947648592,14308.219178082192,0,1,0,0,0,0
2463,24.8069,21486.150286851145,-659.6383232550305,5.0,2.43,3.0,-16363.581921155215,16363.581921155215,3138.0483456800653,15.0,116.83198947648592,14308.219178082192,0,1,0,0,0,0
2464,24.1166,21941.498621394094,-659.6383232550305,5.0,2.43,3.0,-15908.233586612268,15908.233586612268,3138.0483456800653,15.0,116.83198947648592,14308.219178082192,0,1,0,0,0,0
2465,24.5193,21675.86226861929,-659.6383232550305,5.0,2.43,3.0,-16173.86993938707,16173.86993938707,3138.0483456800653,15.0,116.83198947648592,14308.219178082192,0,1,0,0,0,0
2466,24.2812,21832.922153386316,-659.6383232550305,5.0,2.43,3.0,-16016.810054620046,16016.810054620046,3138.0483456800653,15.0,116.83198947648592,14308.219178082192,0,1,0,0,0,0
2467,28.4425,19087.969198825158,-659.6383232550305,5.0,2.43,3.0,-18761.763009181206,18761.763009181206,3138.0483456800653,15.0,116.83198947648592,14308.219178082192,0,1,0,0,0,0
2468,25.1512,21259.036812154438,-659.6383232550305,5.0,2.43,3.0,-16590.695395851923,16590.695395851923,3138.0483456800653,15.0,116.83198947648592,14308.219178082192,0,1,0,0,0,0
2469,20.838,24104.188828018036,-659.6383232550305,5.0,2.43,3.0,-13745.543379988327,13745.543379988327,3138.0483456800653,15.0,116.83198947648592,14308.219178082192,0,1,0,0,0,0
2470,19.8,24788.893407556756,-659.6383232550305,5.0,2.43,3.0,-13060.838800449605,13060.838800449605,3138.0483456800653,15.0,116.83198947648592,14308.219178082192,0,1,0,0,0,0
2471,18.3476,25746.952108252364,-659.6383232550305,5.0,2.43,3.0,-12102.780099753998,12102.780099753998,3138.0483456800653,15.0,116.83198947648592,14308.219178082192,0,1,0,0,0,0
2472,18.7961,25451.104320272483,-659.6383232550305,5.0,2.43,3.0,-12398.62788773388,12398.62788773388,3138.0483456800653,15.0,116.83198947648592,14308.219178082192,0,1,0,0,0,0
2473,18.6967,25516.67236960403,-659.6383232550305,5.0,2.43,3.0,-12333.059838402329,12333.059838402329,3138.0483456800653,15.0,116.83198947648592,14308.219178082192,0,1,0,0,0,0
2474,17.9748,25992.86527516184,-659.6383232550305,5.0,2.43,3.0,-11856.866932844521,11856.866932844521,3138.0483456800653,15.0,116.83198947648592,14308.219178082192,0,1,0,0,0,0
2475,18.2584,25805.791846686712,-659.6383232550305,5.0,2.43,3.0,-12043.94036131965,12043.94036131965,3138.0483456800653,15.0,116.83198947648592,14308.219178082192,0,1,0,0,0,0
2476,17.4484,26340.098888523287,-659.6383232550305,5.0,2.43,3.0,-11509.633319483075,11509.633319483075,3138.0483456800653,15.0,116.83198947648592,14308.219178082192,0,1,0,0,0,0
2477,16.6866,26842.61136317897,-659.6383232550305,5.0,2.43,3.0,-11007.120844827392,11007.120844827392,3138.0483456800653,15.0,116.83198947648592,14308.219178082192,0,1,0,0,0,0
2478,18.0652,25933.233970739584,-659.6383232550305,5.0,2.43,3.0,-11916.498237266778,11916.498237266778,3138.0483456800653,15.0,116.83198947648592,14308.219178082192,0,1,0,0,0,0
2479,19.6245,24904.659933288014,-659.6383232550305,5.0,2.43,3.0,-12945.072274718346,12945.072274718346,3138.0483456800653,15.0,116.83198947648592,14308.219178082192,0,1,0,0,0,0
2480,19.8801,24736.056377864028,-659.6383232550305,5.0,2.43,3.0,-13113.67583014233,13113.67583014233,3138.0483456800653,15.0,116.83198947648592,14308.219178082192,0,1,0,0,0,0
2481,22.2823,23151.473197740794,-659.6383232550305,5.0,2.43,3.0,-14698.259010265567,14698.259010265567,3138.0483456800653,15.0,116.83198947648592,14308.219178082192,0,1,0,0,0,0
2482,33.1491,15983.315466593034,-659.6383232550305,5.0,2.43,3.0,-21866.41674141333,21866.41674141333,3138.0483456800653,15.0,116.83198947648592,14308.219178082192,0,1,0,0,0,0
2483,24.6785,21570.84784755709,-659.6383232550305,5.0,2.43,3.0,-16278.88436044927,16278.88436044927,3138.0483456800653,15.0,116.83198947648592,14308.219178082192,0,1,0,0,0,0
2484,24.399,21755.21675890687,-659.6383232550305,5.0,2.43,3.0,-16094.51544909949,16094.51544909949,3138.0483456800653,15.0,116.83198947648592,14308.219178082192,0,1,0,0,0,0
2485,23.2429,22517.824624422014,-659.6383232550305,5.0,2.43,3.0,-15331.907583584349,15331.907583584349,3138.0483456800653,15.0,116.83198947648592,14308.219178082192,0,1,0,0,0,0
2486,24.8297,21471.11053308093,-659.6383232550305,5.0,2.43,3.0,-16378.62167492543,16378.62167492543,3138.0483456800653,15.0,116.83198947648592,14308.219178082192,0,1,0,0,0,0
2487,25.1015,21291.820836820214,-659.6383232550305,5.0,2.43,3.0,-16557.91137118615,16557.91137118615,3138.0483456800653,15.0,116.83198947648592,14308.219178082192,0,1,0,0,0,0
2488,24.1437,21923.62242283388,-659.6383232550305,5.0,2.43,3.0,-15926.109785172479,15926.109785172479,3138.0483456800653,15.0,116.83198947648592,14308.219178082192,0,1,0,0,0,0
2489,23.0926,22616.96826440724,-659.6383232550305,5.0,2.43,3.0,-15232.763943599119,15232.763943599119,3138.0483456800653,15.0,116.83198947648592,14308.219178082192,0,1,0,0,0,0
2490,25.0299,21339.05094076527,-659.6383232550305,5.0,2.43,3.0,-16510.68126724109,16510.68126724109,3138.0483456800653,15.0,116.83198947648592,14308.219178082192,0,1,0,0,0,0
2491,26.9588,20066.674579038645,-659.6383232550305,5.0,2.43,3.0,-17783.057628967716,17783.057628967716,3138.0483456800653,15.0,116.83198947648592,14308.219178082192,0,1,0,0,0,0
2492,27.4138,19766.539141957608,-659.6383232550305,5.0,2.43,3.0,-18083.193066048756,18083.193066048756,3138.0483456800653,15.0,116.83198947648592,14308.219178082192,0,1,0,0,0,0
2493,22.6826,22887.419976941805,-659.6383232550305,5.0,2.43,3.0,-14962.312231064556,14962.312231064556,3138.0483456800653,15.0,116.83198947648592,14308.219178082192,0,1,0,0,0,0
2494,20.6572,24223.451436862546,-659.6383232550305,5.0,2.43,3.0,-13626.280771143816,13626.280771143816,3138.0483456800653,15.0,116.83198947648592,14308.219178082192,0,1,0,0,0,0
2495,19.3471,25087.64360415896,-659.6383232550305,5.0,2.43,3.0,-12762.088603847402,12762.088603847402,3138.0483456800653,15.0,116.83198947648592,14308.219178082192,0,1,0,0,0,0
2496,20.1126,24582.690467707234,-659.6383232550305,5.0,2.43,3.0,-13267.041740299128,13267.041740299128,3138.0483456800653,15.0,116.83198947648592,14308.219178082192,0,1,0,0,0,0
2497,19.7054,24851.295192936683,-659.6383232550305,5.0,2.43,3.0,-12998.43701506968,12998.43701506968,3138.0483456800653,15.0,116.83198947648592,14308.219178082192,0,1,0,0,0,0
2498,19.2472,25153.541472652138,-659.6383232550305,5.0,2.43,3.0,-12696.190735354223,12696.190735354223,3138.0483456800653,15.0,116.83198947648592,14308.219178082192,0,1,0,0,0,0
2499,19.2784,25132.960756966582,-659.6383232550305,5.0,2.43,3.0,-12716.771451039782,12716.771451039782,3138.0483456800653,15.0,116.83198947648592,14308.219178082192,0,1,0,0,0,0
2500,19.8536,24753.536793430285,-659.6383232550305,5.0,2.43,3.0,-13096.195414576074,13096.195414576074,3138.0483456800653,15.0,116.83198947648592,14308.219178082192,0,1,0,0,0,0
2501,27.2422,19879.733078228168,-659.6383232550305,5.0,2.43,3.0,-17969.999129778193,17969.999129778193,3138.0483456800653,15.0,116.83198947648592,14308.219178082192,0,1,0,0,0,0
2502,24.3903,21760.95561231919,-659.6383232550305,5.0,2.43,3.0,-16088.77659568717,16088.77659568717,3138.0483456800653,15.0,116.83198947648592,14308.219178082192,0,1,0,0,0,0
2503,49.5282,9042.040744269021,650.0,0,2.43,3.0,32193.329999999998,-32193.329999999998,15071.972825128516,0,556.8949724310688,14308.219178082192,1,0,0,0,0,0
2504,48.2545,8214.135744269022,650.0,0,2.43,3.0,31365.425,-31365.425,15071.972825128516,0,556.8949724310688,14308.219178082192,1,0,0,0,0,0
2505,27.7686,19532.49946486672,-659.6383232550305,5.0,2.43,3.0,-18317.23274313964,18317.23274313964,3138.0483456800653,15.0,116.83198947648592,14308.219178082192,0,1,0,0,0,0
2506,26.113,20624.59667284775,-659.6383232550305,5.0,2.43,3.0,-17225.13553515861,17225.13553515861,3138.0483456800653,15.0,116.83198947648592,14308.219178082192,0,1,0,0,0,0
2507,26.0274,20681.06171331838,-659.6383232550305,5.0,2.43,3.0,-17168.67049468798,17168.67049468798,3138.0483456800653,15.0,116.83198947648592,14308.219178082192,0,1,0,0,0,0
2508,35.0151,14752.430355399145,-659.6383232550305,5.0,2.43,3.0,-23097.301852607216,23097.301852607216,3138.0483456800653,15.0,116.83198947648592,14308.219178082192,0,1,0,0,0,0
2509,25.6393,20937.067346573658,-659.6383232550305,5.0,2.43,3.0,-16912.664861432702,16912.664861432702,3138.0483456800653,15.0,116.83198947648592,14308.219178082192,0,1,0,0,0,0
2510,23.5502,22315.11776768574,-659.6383232550305,5.0,2.43,3.0,-15534.61444032062,15534.61444032062,3138.0483456800653,15.0,116.83198947648592,14308.219178082192,0,1,0,0,0,0
2511,23.7724,22168.546132258474,-659.6383232550305,5.0,2.43,3.0,-15681.186075747888,15681.186075747888,3138.0483456800653,15.0,116.83198947648592,14308.219178082192,0,1,0,0,0,0
2512,24.1009,21951.854943069196,-659.6383232550305,5.0,2.43,3.0,-15897.877264937164,15897.877264937164,3138.0483456800653,15.0,116.83198947648592,14308.219178082192,0,1,0,0,0,0
2513,22.9907,22684.18540954693,-659.6383232550305,5.0,2.43,3.0,-15165.54679845943,15165.54679845943,3138.0483456800653,15.0,116.83198947648592,14308.219178082192,0,1,0,0,0,0
2514,23.3171,22468.879460836488,-659.6383232550305,5.0,2.43,3.0,-15380.852747169873,15380.852747169873,3138.0483456800653,15.0,116.83198947648592,14308.219178082192,0,1,0,0,0,0
2515,25.4914,21034.627854583076,-659.6383232550305,5.0,2.43,3.0,-16815.104353423285,16815.104353423285,3138.0483456800653,15.0,116.83198947648592,14308.219178082192,0,1,0,0,0,0
2516,27.3465,19810.93280111267,-659.6383232550305,5.0,2.43,3.0,-18038.79940689369,18038.79940689369,3138.0483456800653,15.0,116.83198947648592,14308.219178082192,0,1,0,0,0,0
2517,23.6464,22251.660560988606,-659.6383232550305,5.0,2.43,3.0,-15598.071647017754,15598.071647017754,3138.0483456800653,15.0,116.83198947648592,14308.219178082192,0,1,0,0,0,0
2518,20.0577,24618.904611653932,-659.6383232550305,5.0,2.43,3.0,-13230.827596352427,13230.827596352427,3138.0483456800653,15.0,116.83198947648592,14308.219178082192,0,1,0,0,0,0
2519,18.8508,25415.022103990428,-659.6383232550305,5.0,2.43,3.0,-12434.710104015929,12434.710104015929,3138.0483456800653,15.0,116.83198947648592,14308.219178082192,0,1,0,0,0,0
2520,19.0582,25278.213115747338,-659.6383232550305,5.0,2.43,3.0,-12571.519092259023,12571.519092259023,3138.0483456800653,15.0,116.83198947648592,14308.219178082192,0,1,0,0,0,0
2521,18.8613,25408.095901596254,-659.6383232550305,5.0,2.43,3.0,-12441.636306410108,12441.636306410108,3138.0483456800653,15.0,116.83198947648592,14308.219178082192,0,1,0,0,0,0
2522,18.7758,25464.494978234557,-659.6383232550305,5.0,2.43,3.0,-12385.237229771803,12385.237229771803,3138.0483456800653,15.0,116.83198947648592,14308.219178082192,0,1,0,0,0,0
2523,19.1876,25192.855916718137,-659.6383232550305,5.0,2.43,3.0,-12656.876291288223,12656.876291288223,3138.0483456800653,15.0,116.83198947648592,14308.219178082192,0,1,0,0,0,0
2524,20.7908,24135.323756875674,-659.6383232550305,5.0,2.43,3.0,-13714.408451130688,13714.408451130688,3138.0483456800653,15.0,116.83198947648592,14308.219178082192,0,1,0,0,0,0
2525,27.9574,19407.959749436173,-659.6383232550305,5.0,2.43,3.0,-18441.77245857019,18441.77245857019,3138.0483456800653,15.0,116.83198947648592,14308.219178082192,0,1,0,0,0,0
2526,27.7222,19563.106683065755,-659.6383232550305,5.0,2.43,3.0,-18286.625524940606,18286.625524940606,3138.0483456800653,15.0,116.83198947648592,14308.219178082192,0,1,0,0,0,0
2527,26.2209,20553.421697768532,-659.6383232550305,5.0,2.43,3.0,-17296.31051023783,17296.31051023783,3138.0483456800653,15.0,116.83198947648592,14308.219178082192,0,1,0,0,0,0
2528,24.3684,21775.401691598476,-659.6383232550305,5.0,2.43,3.0,-16074.330516407887,16074.330516407887,3138.0483456800653,15.0,116.83198947648592,14308.219178082192,0,1,0,0,0,0
2529,24.0775,21967.290479833362,-659.6383232550305,5.0,2.43,3.0,-15882.441728172998,15882.441728172998,3138.0483456800653,15.0,116.83198947648592,14308.219178082192,0,1,0,0,0,0
2530,23.2391,22520.33125005038,-659.6383232550305,5.0,2.43,3.0,-15329.40095795598,15329.40095795598,3138.0483456800653,15.0,116.83198947648592,14308.219178082192,0,1,0,0,0,0
2531,23.5924,22287.281030444377,-659.6383232550305,5.0,2.43,3.0,-15562.451177561983,15562.451177561983,3138.0483456800653,15.0,116.83198947648592,14308.219178082192,0,1,0,0,0,0
2532,23.0347,22655.161323323708,-659.6383232550305,5.0,2.43,3.0,-15194.570884682653,15194.570884682653,3138.0483456800653,15.0,116.83198947648592,14308.219178082192,0,1,0,0,0,0
2533,22.7532,22840.84951132,-659.6383232550305,5.0,2.43,3.0,-15008.88269668636,15008.88269668636,3138.0483456800653,15.0,116.83198947648592,14308.219178082192,0,1,0,0,0,0
2534,22.4706,23027.263301471874,-659.6383232550305,5.0,2.43,3.0,-14822.46890653449,14822.46890653449,3138.0483456800653,15.0,116.83198947648592,14308.219178082192,0,1,0,0,0,0
2535,23.8564,22113.13651310505,-659.6383232550305,5.0,2.43,3.0,-15736.59569490131,15736.59569490131,3138.0483456800653,15.0,116.83198947648592,14308.219178082192,0,1,0,0,0,0
2536,26.8243,20155.395933516444,-659.6383232550305,5.0,2.43,3.0,-17694.336274489917,17694.336274489917,3138.0483456800653,15.0,116.83198947648592,14308.219178082192,0,1,0,0,0,0
2537,25.7739,20848.28002826353,-659.6383232550305,5.0,2.43,3.0,-17001.45217974283,17001.45217974283,3138.0483456800653,15.0,116.83198947648592,14308.219178082192,0,1,0,0,0,0
2538,27.2424,19879.601150563518,-659.6383232550305,5.0,2.43,3.0,-17970.131057442843,17970.131057442843,3138.0483456800653,15.0,116.83198947648592,14308.219178082192,0,1,0,0,0,0
2539,31.3185,17190.84938114369,-659.6383232550305,5.0,2.43,3.0,-20658.882826862675,20658.882826862675,3138.0483456800653,15.0,116.83198947648592,14308.219178082192,0,1,0,0,0,0
2540,26.6774,20252.29680320261,-659.6383232550305,5.0,2.43,3.0,-17597.43540480375,17597.43540480375,3138.0483456800653,15.0,116.83198947648592,14308.219178082192,0,1,0,0,0,0
2541,20.9541,24027.604818688123,-659.6383232550305,5.0,2.43,3.0,-13822.127389318235,13822.127389318235,3138.0483456800653,15.0,116.83198947648592,14308.219178082192,0,1,0,0,0,0
2542,18.9005,25382.238079324656,-659.6383232550305,5.0,2.43,3.0,-12467.494128681705,12467.494128681705,3138.0483456800653,15.0,116.83198947648592,14308.219178082192,0,1,0,0,0,0
2543,18.0793,25923.93307038169,-659.6383232550305,5.0,2.43,3.0,-11925.799137624674,11925.799137624674,3138.0483456800653,15.0,116.83198947648592,14308.219178082192,0,1,0,0,0,0
2544,18.4053,25708.89097700055,-659.6383232550305,5.0,2.43,3.0,-12140.841231005814,12140.841231005814,3138.0483456800653,15.0,116.83198947648592,14308.219178082192,0,1,0,0,0,0
2545,18.0387,25950.714386305845,-659.6383232550305,5.0,2.43,3.0,-11899.017821700518,11899.017821700518,3138.0483456800653,15.0,116.83198947648592,14308.219178082192,0,1,0,0,0,0
2546,18.2424,25816.34605985879,-659.6383232550305,5.0,2.43,3.0,-12033.386148147569,12033.386148147569,3138.0483456800653,15.0,116.83198947648592,14308.219178082192,0,1,0,0,0,0
2547,19.0268,25298.925759097547,-659.6383232550305,5.0,2.43,3.0,-12550.806448908816,12550.806448908816,3138.0483456800653,15.0,116.83198947648592,14308.219178082192,0,1,0,0,0,0
2548,19.7549,24818.643095935557,-659.6383232550305,5.0,2.43,3.0,-13031.089112070802,13031.089112070802,3138.0483456800653,15.0,116.83198947648592,14308.219178082192,0,1,0,0,0,0
2549,25.5216,21014.706777220774,-659.6383232550305,5.0,2.43,3.0,-16835.025430785587,16835.025430785587,3138.0483456800653,15.0,116.83198947648592,14308.219178082192,0,1,0,0,0,0
2550,42.906,9547.290310426022,-659.6383232550305,5.0,2.43,3.0,-28302.44189758034,28302.44189758034,3138.0483456800653,15.0,116.83198947648592,14308.219178082192,0,1,0,0,0,0
2551,24.7066,21552.312010673624,-659.6383232550305,5.0,2.43,3.0,-16297.420197332738,16297.420197332738,3138.0483456800653,15.0,116.83198947648592,14308.219178082192,0,1,0,0,0,0
2552,25.7222,20882.383329575816,-659.6383232550305,5.0,2.43,3.0,-16967.34887843055,16967.34887843055,3138.0483456800653,15.0,116.83198947648592,14308.219178082192,0,1,0,0,0,0
2553,26.4968,20371.427484382468,-659.6383232550305,5.0,2.43,3.0,-17478.304723623893,17478.304723623893,3138.0483456800653,15.0,116.83198947648592,14308.219178082192,0,1,0,0,0,0
2554,25.3337,21138.652818160394,-659.6383232550305,5.0,2.43,3.0,-16711.079389845967,16711.079389845967,3138.0483456800653,15.0,116.83198947648592,14308.219178082192,0,1,0,0,0,0
2555,24.6704,21576.19091797546,-659.6383232550305,5.0,2.43,3.0,-16273.541290030906,16273.541290030906,3138.0483456800653,15.0,116.83198947648592,14308.219178082192,0,1,0,0,0,0
2556,26.2246,20550.98103597249,-659.6383232550305,5.0,2.43,3.0,-17298.751172033873,17298.751172033873,3138.0483456800653,15.0,116.83198947648592,14308.219178082192,0,1,0,0,0,0
2557,27.7327,19556.180480671574,-659.6383232550305,5.0,2.43,3.0,-18293.551727334787,18293.551727334787,3138.0483456800653,15.0,116.83198947648592,14308.219178082192,0,1,0,0,0,0
2558,25.5103,21022.160690273555,-659.6383232550305,5.0,2.43,3.0,-16827.571517732806,16827.571517732806,3138.0483456800653,15.0,116.83198947648592,14308.219178082192,0,1,0,0,0,0
2559,24.1659,21908.97845205762,-659.6383232550305,5.0,2.43,3.0,-15940.753755948743,15940.753755948743,3138.0483456800653,15.0,116.83198947648592,14308.219178082192,0,1,0,0,0,0
2560,27.5591,19670.693693588648,-659.6383232550305,5.0,2.43,3.0,-18179.038514417713,18179.038514417713,3138.0483456800653,15.0,116.83198947648592,14308.219178082192,0,1,0,0,0,0
2561,23.8711,22103.439829753203,-659.6383232550305,5.0,2.43,3.0,-15746.292378253158,15746.292378253158,3138.0483456800653,15.0,116.83198947648592,14308.219178082192,0,1,0,0,0,0
2562,22.2628,23164.336145044268,-659.6383232550305,5.0,2.43,3.0,-14685.396062962092,14685.396062962092,3138.0483456800653,15.0,116.83198947648592,14308.219178082192,0,1,0,0,0,0
2563,27.2091,19901.56710672791,-659.6383232550305,5.0,2.43,3.0,-17948.16510127845,17948.16510127845,3138.0483456800653,15.0,116.83198947648592,14308.219178082192,0,1,0,0,0,0
2564,22.8567,22772.576944863104,-659.6383232550305,5.0,2.43,3.0,-15077.155263143255,15077.155263143255,3138.0483456800653,15.0,116.83198947648592,14308.219178082192,0,1,0,0,0,0
2565,19.7064,24850.63555461343,-659.6383232550305,5.0,2.43,3.0,-12999.096653392933,12999.096653392933,3138.0483456800653,15.0,116.83198947648592,14308.219178082192,0,1,0,0,0,0
2566,17.5038,26303.55492541496,-659.6383232550305,5.0,2.43,3.0,-11546.177282591401,11546.177282591401,3138.0483456800653,15.0,116.83198947648592,14308.219178082192,0,1,0,0,0,0
2567,17.1338,26547.621105019316,-659.6383232550305,5.0,2.43,3.0,-11302.111102987043,11302.111102987043,3138.0483456800653,15.0,116.83198947648592,14308.219178082192,0,1,0,0,0,0
2568,16.0971,27231.46815473781,-659.6383232550305,5.0,2.43,3.0,-10618.264053268553,10618.264053268553,3138.0483456800653,15.0,116.83198947648592,14308.219178082192,0,1,0,0,0,0
2569,15.4449,27661.68426916474,-659.6383232550305,5.0,2.43,3.0,-10188.04793884162,10188.04793884162,3138.0483456800653,15.0,116.83198947648592,14308.219178082192,0,1,0,0,0,0
2570,15.1792,27836.950171653603,-659.6383232550305,5.0,2.43,3.0,-10012.782036352759,10012.782036352759,3138.0483456800653,15.0,116.83198947648592,14308.219178082192,0,1,0,0,0,0
2571,16.4914,26971.372763878353,-659.6383232550305,5.0,2.43,3.0,-10878.35944412801,10878.35944412801,3138.0483456800653,15.0,116.83198947648592,14308.219178082192,0,1,0,0,0,0
2572,18.3097,25771.95240070373,-659.6383232550305,5.0,2.43,3.0,-12077.779807302632,12077.779807302632,3138.0483456800653,15.0,116.83198947648592,14308.219178082192,0,1,0,0,0,0
2573,22.5667,22963.872058607063,-659.6383232550305,5.0,2.43,3.0,-14885.860149399297,14885.860149399297,3138.0483456800653,15.0,116.83198947648592,14308.219178082192,0,1,0,0,0,0
2574,28.8825,18797.728336592943,-659.6383232550305,5.0,2.43,3.0,-19052.00387141342,19052.00387141342,3138.0483456800653,15.0,116.83198947648592,14308.219178082192,0,1,0,0,0,0
2575,22.2329,23184.059330909593,-659.6383232550305,5.0,2.43,3.0,-14665.67287709677,14665.67287709677,3138.0483456800653,15.0,116.83198947648592,14308.219178082192,0,1,0,0,0,0
2576,22.4642,23031.484986740703,-659.6383232550305,5.0,2.43,3.0,-14818.247221265658,14818.247221265658,3138.0483456800653,15.0,116.83198947648592,14308.219178082192,0,1,0,0,0,0
2577,22.707,22871.32480185438,-659.6383232550305,5.0,2.43,3.0,-14978.407406151979,14978.407406151979,3138.0483456800653,15.0,116.83198947648592,14308.219178082192,0,1,0,0,0,0
2578,23.3248,22463.800245747425,-659.6383232550305,5.0,2.43,3.0,-15385.931962258936,15385.931962258936,3138.0483456800653,15.0,116.83198947648592,14308.219178082192,0,1,0,0,0,0
2579,25.0907,21298.94493071137,-659.6383232550305,5.0,2.43,3.0,-16550.787277294992,16550.787277294992,3138.0483456800653,15.0,116.83198947648592,14308.219178082192,0,1,0,0,0,0
2580,22.6041,22939.201585317325,-659.6383232550305,5.0,2.43,3.0,-14910.530622689035,14910.530622689035,3138.0483456800653,15.0,116.83198947648592,14308.219178082192,0,1,0,0,0,0
2581,23.8081,22144.997044118267,-659.6383232550305,5.0,2.43,3.0,-15704.735163888092,15704.735163888092,3138.0483456800653,15.0,116.83198947648592,14308.219178082192,0,1,0,0,0,0
2582,23.0178,22666.309210986718,-659.6383232550305,5.0,2.43,3.0,-15183.422997019643,15183.422997019643,3138.0483456800653,15.0,116.83198947648592,14308.219178082192,0,1,0,0,0,0
2583,24.7584,21518.14274552901,-659.6383232550305,5.0,2.43,3.0,-16331.589462477348,16331.589462477348,3138.0483456800653,15.0,116.83198947648592,14308.219178082192,0,1,0,0,0,0
2584,24.7785,21504.884015231586,-659.6383232550305,5.0,2.43,3.0,-16344.848192774774,16344.848192774774,3138.0483456800653,15.0,116.83198947648592,14308.219178082192,0,1,0,0,0,0
2585,24.4667,21710.559244422508,-659.6383232550305,5.0,2.43,3.0,-16139.172963583855,16139.172963583855,3138.0483456800653,15.0,116.83198947648592,14308.219178082192,0,1,0,0,0,0
2586,20.9839,24007.947596655125,-659.6383232550305,5.0,2.43,3.0,-13841.784611351233,13841.784611351233,3138.0483456800653,15.0,116.83198947648592,14308.219178082192,0,1,0,0,0,0
2587,22.6645,22899.35943059272,-659.6383232550305,5.0,2.43,3.0,-14950.372777413639,14950.372777413639,3138.0483456800653,15.0,116.83198947648592,14308.219178082192,0,1,0,0,0,0
2588,20.5892,24268.306842843886,-659.6383232550305,5.0,2.43,3.0,-13581.425365162475,13581.425365162475,3138.0483456800653,15.0,116.83198947648592,14308.219178082192,0,1,0,0,0,0
2589,19.6772,24869.896993652474,-659.6383232550305,5.0,2.43,3.0,-12979.835214353885,12979.835214353885,3138.0483456800653,15.0,116.83198947648592,14308.219178082192,0,1,0,0,0,0
2590,17.0833,26580.932840343696,-659.6383232550305,5.0,2.43,3.0,-11268.799367662663,11268.799367662663,3138.0483456800653,15.0,116.83198947648592,14308.219178082192,0,1,0,0,0,0
2591,16.7147,26824.075526295503,-659.6383232550305,5.0,2.43,3.0,-11025.65668171086,11025.65668171086,3138.0483456800653,15.0,116.83198947648592,14308.219178082192,0,1,0,0,0,0
2592,15.9169,27350.334980588366,-659.6383232550305,5.0,2.43,3.0,-10499.397227417996,10499.397227417996,3138.0483456800653,15.0,116.83198947648592,14308.219178082192,0,1,0,0,0,0
2593,15.6698,27513.331610264682,-659.6383232550305,5.0,2.43,3.0,-10336.400597741678,10336.400597741678,3138.0483456800653,15.0,116.83198947648592,14308.219178082192,0,1,0,0,0,0
2594,15.3685,27712.080637061423,-659.6383232550305,5.0,2.43,3.0,-10137.651570944936,10137.651570944936,3138.0483456800653,15.0,116.83198947648592,14308.219178082192,0,1,0,0,0,0
2595,15.1645,27846.64685500545,-659.6383232550305,5.0,2.43,3.0,-10003.08535300091,10003.08535300091,3138.0483456800653,15.0,116.83198947648592,14308.219178082192,0,1,0,0,0,0
2596,15.2502,27790.115850702496,-659.6383232550305,5.0,2.43,3.0,-10059.616357303867,10059.616357303867,3138.0483456800653,15.0,116.83198947648592,14308.219178082192,0,1,0,0,0,0
2597,15.8567,27390.04520764832,-659.6383232550305,5.0,2.43,3.0,-10459.687000358042,10459.687000358042,3138.0483456800653,15.0,116.83198947648592,14308.219178082192,0,1,0,0,0,0
2598,18.2429,25816.016240697165,-659.6383232550305,5.0,2.43,3.0,-12033.715967309196,12033.715967309196,3138.0483456800653,15.0,116.83198947648592,14308.219178082192,0,1,0,0,0,0
2599,20.4325,24371.672168097946,-659.6383232550305,5.0,2.43,3.0,-13478.060039908412,13478.060039908412,3138.0483456800653,15.0,116.83198947648592,14308.219178082192,0,1,0,0,0,0
2600,22.0762,23287.424656163654,-659.6383232550305,5.0,2.43,3.0,-14562.307551842705,14562.307551842705,3138.0483456800653,15.0,116.83198947648592,14308.219178082192,0,1,0,0,0,0
2601,23.2307,22525.872211965725,-659.6383232550305,5.0,2.43,3.0,-15323.859996040637,15323.859996040637,3138.0483456800653,15.0,116.83198947648592,14308.219178082192,0,1,0,0,0,0
2602,22.9494,22711.428472297364,-659.6383232550305,5.0,2.43,3.0,-15138.303735708998,15138.303735708998,3138.0483456800653,15.0,116.83198947648592,14308.219178082192,0,1,0,0,0,0
2603,21.1709,23884.595230206436,-659.6383232550305,5.0,2.43,3.0,-13965.136977799924,13965.136977799924,3138.0483456800653,15.0,116.83198947648592,14308.219178082192,0,1,0,0,0,0
2604,22.4975,23009.519030576314,-659.6383232550305,5.0,2.43,3.0,-14840.213177430049,14840.213177430049,3138.0483456800653,15.0,116.83198947648592,14308.219178082192,0,1,0,0,0,0
2605,23.0849,22622.04747949631,-659.6383232550305,5.0,2.43,3.0,-15227.684728510054,15227.684728510054,3138.0483456800653,15.0,116.83198947648592,14308.219178082192,0,1,0,0,0,0
2606,22.2433,23177.199092347742,-659.6383232550305,5.0,2.43,3.0,-14672.533115658622,14672.533115658622,3138.0483456800653,15.0,116.83198947648592,14308.219178082192,0,1,0,0,0,0
2607,21.367,23755.240155016123,-659.6383232550305,5.0,2.43,3.0,-14094.492052990237,14094.492052990237,3138.0483456800653,15.0,116.83198947648592,14308.219178082192,0,1,0,0,0,0
2608,21.1999,23865.46571883204,-659.6383232550305,5.0,2.43,3.0,-13984.26648917432,13984.26648917432,3138.0483456800653,15.0,116.83198947648592,14308.219178082192,0,1,0,0,0,0
2609,19.9892,24664.089836796906,-659.6383232550305,5.0,2.43,3.0,-13185.642371209457,13185.642371209457,3138.0483456800653,15.0,116.83198947648592,14308.219178082192,0,1,0,0,0,0
2610,20.8929,24067.974684071334,-659.6383232550305,5.0,2.43,3.0,-13781.757523935028,13781.757523935028,3138.0483456800653,15.0,116.83198947648592,14308.219178082192,0,1,0,0,0,0
2611,22.72,22862.74950365207,-659.6383232550305,5.0,2.43,3.0,-14986.982704354292,14986.982704354292,3138.0483456800653,15.0,116.83198947648592,14308.219178082192,0,1,0,0,0,0
2612,20.9529,24028.39638467603,-659.6383232550305,5.0,2.43,3.0,-13821.335823330328,13821.335823330328,3138.0483456800653,15.0,116.83198947648592,14308.219178082192,0,1,0,0,0,0
2613,17.405,26368.727191752554,-659.6383232550305,5.0,2.43,3.0,-11481.005016253806,11481.005016253806,3138.0483456800653,15.0,116.83198947648592,14308.219178082192,0,1,0,0,0,0
2614,16.4519,26997.428477646925,-659.6383232550305,5.0,2.43,3.0,-10852.303730359436,10852.303730359436,3138.0483456800653,15.0,116.83198947648592,14308.219178082192,0,1,0,0,0,0
2615,16.2299,27143.86818540954,-659.6383232550305,5.0,2.43,3.0,-10705.86402259682,10705.86402259682,3138.0483456800653,15.0,116.83198947648592,14308.219178082192,0,1,0,0,0,0
2616,17.2972,26439.836202999446,-659.6383232550305,5.0,2.43,3.0,-11409.896005006914,11409.896005006914,3138.0483456800653,15.0,116.83198947648592,14308.219178082192,0,1,0,0,0,0
2617,17.0591,26596.89608776647,-659.6383232550305,5.0,2.43,3.0,-11252.836120239892,11252.836120239892,3138.0483456800653,15.0,116.83198947648592,14308.219178082192,0,1,0,0,0,0
2618,16.128,27211.085330549227,-659.6383232550305,5.0,2.43,3.0,-10638.646877457133,10638.646877457133,3138.0483456800653,15.0,116.83198947648592,14308.219178082192,0,1,0,0,0,0
2619,16.3249,27081.20254470031,-659.6383232550305,5.0,2.43,3.0,-10768.529663306048,10768.529663306048,3138.0483456800653,15.0,116.83198947648592,14308.219178082192,0,1,0,0,0,0
2620,16.5548,26929.55169418398,-659.6383232550305,5.0,2.43,3.0,-10920.180513822379,10920.180513822379,3138.0483456800653,15.0,116.83198947648592,14308.219178082192,0,1,0,0,0,0
2621,16.7966,26770.051147620914,-659.6383232550305,5.0,2.43,3.0,-11079.681060385446,11079.681060385446,3138.0483456800653,15.0,116.83198947648592,14308.219178082192,0,1,0,0,0,0
2622,20.4176,24381.50077911445,-659.6383232550305,5.0,2.43,3.0,-13468.231428891911,13468.231428891911,3138.0483456800653,15.0,116.83198947648592,14308.219178082192,0,1,0,0,0,0
2623,23.2179,22534.31558250339,-659.6383232550305,5.0,2.43,3.0,-15315.416625502972,15315.416625502972,3138.0483456800653,15.0,116.83198947648592,14308.219178082192,0,1,0,0,0,0
2624,32.3542,16507.661969748457,-659.6383232550305,5.0,2.43,3.0,-21342.070238257907,21342.070238257907,3138.0483456800653,15.0,116.83198947648592,14308.219178082192,0,1,0,0,0,0
2625,23.451,22380.55388935264,-659.6383232550305,5.0,2.43,3.0,-15469.178318653721,15469.178318653721,3138.0483456800653,15.0,116.83198947648592,14308.219178082192,0,1,0,0,0,0
2626,22.9477,22712.549857446895,-659.6383232550305,5.0,2.43,3.0,-15137.182350559464,15137.182350559464,3138.0483456800653,15.0,116.83198947648592,14308.219178082192,0,1,0,0,0,0
2627,21.3589,23760.58322543449,-659.6383232550305,5.0,2.43,3.0,-14089.14898257187,14089.14898257187,3138.0483456800653,15.0,116.83198947648592,14308.219178082192,0,1,0,0,0,0
2628,19.7081,24849.514169463895,-659.6383232550305,5.0,2.43,3.0,-13000.218038542467,13000.218038542467,3138.0483456800653,15.0,116.83198947648592,14308.219178082192,0,1,0,0,0,0
2629,19.102,25249.320957188767,-659.6383232550305,5.0,2.43,3.0,-12600.411250817593,12600.411250817593,3138.0483456800653,15.0,116.83198947648592,14308.219178082192,0,1,0,0,0,0
2630,19.9643,24680.514831045955,-659.6383232550305,5.0,2.43,3.0,-13169.217376960407,13169.217376960407,3138.0483456800653,15.0,116.83198947648592,14308.219178082192,0,1,0,0,0,0
2631,20.4085,24387.50348785607,-659.6383232550305,5.0,2.43,3.0,-13462.22872015029,13462.22872015029,3138.0483456800653,15.0,116.83198947648592,14308.219178082192,0,1,0,0,0,0
2632,21.5852,23611.30707288188,-659.6383232550305,5.0,2.43,3.0,-14238.425135124486,14238.425135124486,3138.0483456800653,15.0,116.83198947648592,14308.219178082192,0,1,0,0,0,0
2633,21.2902,23805.900378242113,-659.6383232550305,5.0,2.43,3.0,-14043.831829764249,14043.831829764249,3138.0483456800653,15.0,116.83198947648592,14308.219178082192,0,1,0,0,0,0
2634,23.8007,22149.878367710357,-659.6383232550305,5.0,2.43,3.0,-15699.853840296004,15699.853840296004,3138.0483456800653,15.0,116.83198947648592,14308.219178082192,0,1,0,0,0,0
2635,42.9971,9487.197259177487,-659.6383232550305,5.0,2.43,3.0,-28362.534948828874,28362.534948828874,3138.0483456800653,15.0,116.83198947648592,14308.219178082192,0,1,0,0,0,0
2636,37.6814,12993.636694104258,-659.6383232550305,5.0,2.43,3.0,-24856.095513902106,24856.095513902106,3138.0483456800653,15.0,116.83198947648592,14308.219178082192,0,1,0,0,0,0
2637,19.9875,24665.21122194644,-659.6383232550305,5.0,2.43,3.0,-13184.520986059923,13184.520986059923,3138.0483456800653,15.0,116.83198947648592,14308.219178082192,0,1,0,0,0,0
2638,19.2296,25165.151107141424,-659.6383232550305,5.0,2.43,3.0,-12684.581100864936,12684.581100864936,3138.0483456800653,15.0,116.83198947648592,14308.219178082192,0,1,0,0,0,0
2639,18.5495,25613.771130787172,-659.6383232550305,5.0,2.43,3.0,-12235.961077219188,12235.961077219188,3138.0483456800653,15.0,116.83198947648592,14308.219178082192,0,1,0,0,0,0
2640,18.8315,25427.753123629256,-659.6383232550305,5.0,2.43,3.0,-12421.979084377106,12421.979084377106,3138.0483456800653,15.0,116.83198947648592,14308.219178082192,0,1,0,0,0,0
2641,17.0787,26583.96717663067,-659.6383232550305,5.0,2.43,3.0,-11265.765031375691,11265.765031375691,3138.0483456800653,15.0,116.83198947648592,14308.219178082192,0,1,0,0,0,0
2642,16.6355,26876.3188814973,-659.6383232550305,5.0,2.43,3.0,-10973.41332650906,10973.41332650906,3138.0483456800653,15.0,116.83198947648592,14308.219178082192,0,1,0,0,0,0
2643,18.4544,25676.502735328726,-659.6383232550305,5.0,2.43,3.0,-12173.229472677634,12173.229472677634,3138.0483456800653,15.0,116.83198947648592,14308.219178082192,0,1,0,0,0,0
2644,18.0825,25921.82222774727,-659.6383232550305,5.0,2.43,3.0,-11927.909980259088,11927.909980259088,3138.0483456800653,15.0,116.83198947648592,14308.219178082192,0,1,0,0,0,0
2645,18.8114,25441.01185392668,-659.6383232550305,5.0,2.43,3.0,-12408.72035407968,12408.72035407968,3138.0483456800653,15.0,116.83198947648592,14308.219178082192,0,1,0,0,0,0
2646,18.5885,25588.045236180224,-659.6383232550305,5.0,2.43,3.0,-12261.686971826135,12261.686971826135,3138.0483456800653,15.0,116.83198947648592,14308.219178082192,0,1,0,0,0,0
2647,19.941,24695.884403977798,-659.6383232550305,5.0,2.43,3.0,-13153.847804028563,13153.847804028563,3138.0483456800653,15.0,116.83198947648592,14308.219178082192,0,1,0,0,0,0
2648,22.1691,23226.144255933265,-659.6383232550305,5.0,2.43,3.0,-14623.587952073098,14623.587952073098,3138.0483456800653,15.0,116.83198947648592,14308.219178082192,0,1,0,0,0,0
2649,21.6465,23570.87124366634,-659.6383232550305,5.0,2.43,3.0,-14278.860964340018,14278.860964340018,3138.0483456800653,15.0,116.83198947648592,14308.219178082192,0,1,0,0,0,0
2650,19.8928,24727.67897115869,-659.6383232550305,5.0,2.43,3.0,-13122.053236847672,13122.053236847672,3138.0483456800653,15.0,116.83198947648592,14308.219178082192,0,1,0,0,0,0
2651,19.4602,25013.03850979882,-659.6383232550305,5.0,2.43,3.0,-12836.693698207546,12836.693698207546,3138.0483456800653,15.0,116.83198947648592,14308.219178082192,0,1,0,0,0,0
2652,17.2406,26477.17173209568,-659.6383232550305,5.0,2.43,3.0,-11372.560475910679,11372.560475910679,3138.0483456800653,15.0,116.83198947648592,14308.219178082192,0,1,0,0,0,0
2653,16.8189,26755.34121301233,-659.6383232550305,5.0,2.43,3.0,-11094.390994994032,11094.390994994032,3138.0483456800653,15.0,116.83198947648592,14308.219178082192,0,1,0,0,0,0
2654,16.6272,26881.79387958032,-659.6383232550305,5.0,2.43,3.0,-10967.938328426042,10967.938328426042,3138.0483456800653,15.0,116.83198947648592,14308.219178082192,0,1,0,0,0,0
2655,17.0646,26593.268076988566,-659.6383232550305,5.0,2.43,3.0,-11256.464131017792,11256.464131017792,3138.0483456800653,15.0,116.83198947648592,14308.219178082192,0,1,0,0,0,0
2656,17.9823,25987.917987737426,-659.6383232550305,5.0,2.43,3.0,-11861.814220268934,11861.814220268934,3138.0483456800653,15.0,116.83198947648592,14308.219178082192,0,1,0,0,0,0
2657,16.9314,26681.131901646135,-659.6383232550305,5.0,2.43,3.0,-11168.600306360224,11168.600306360224,3138.0483456800653,15.0,116.83198947648592,14308.219178082192,0,1,0,0,0,0
2658,18.7226,25499.587737031725,-659.6383232550305,5.0,2.43,3.0,-12350.144470974634,12350.144470974634,3138.0483456800653,15.0,116.83198947648592,14308.219178082192,0,1,0,0,0,0
2659,19.8138,24779.790398695834,-659.6383232550305,5.0,2.43,3.0,-13069.941809310523,13069.941809310523,3138.0483456800653,15.0,116.83198947648592,14308.219178082192,0,1,0,0,0,0
2660,17.956,26005.26647563903,-659.6383232550305,5.0,2.43,3.0,-11844.465732367327,11844.465732367327,3138.0483456800653,15.0,116.83198947648592,14308.219178082192,0,1,0,0,0,0
2661,17.5311,26285.546799190095,-659.6383232550305,5.0,2.43,3.0,-11564.185408816265,11564.185408816265,3138.0483456800653,15.0,116.83198947648592,14308.219178082192,0,1,0,0,0,0
2662,15.6433,27530.812025830943,-659.6383232550305,5.0,2.43,3.0,-10318.92018217542,10318.92018217542,3138.0483456800653,15.0,116.83198947648592,14308.219178082192,0,1,0,0,0,0
2663,14.5202,28271.651826678666,-659.6383232550305,5.0,2.43,3.0,-9578.080381327694,9578.080381327694,3138.0483456800653,15.0,116.83198947648592,14308.219178082192,0,1,0,0,0,0
2664,14.2895,28423.830387853603,-659.6383232550305,5.0,2.43,3.0,-9425.901820152758,9425.901820152758,3138.0483456800653,15.0,116.83198947648592,14308.219178082192,0,1,0,0,0,0
2665,13.2719,29095.07834559792,-659.6383232550305,5.0,2.43,3.0,-8754.65386240844,8754.65386240844,3138.0483456800653,15.0,116.83198947648592,14308.219178082192,0,1,0,0,0,0
2666,13.6252,28862.02812599192,-659.6383232550305,5.0,2.43,3.0,-8987.704082014441,8987.704082014441,3138.0483456800653,15.0,116.83198947648592,14308.219178082192,0,1,0,0,0,0
2667,14.1282,28530.23004939464,-659.6383232550305,5.0,2.43,3.0,-9319.502158611722,9319.502158611722,3138.0483456800653,15.0,116.83198947648592,14308.219178082192,0,1,0,0,0,0
2668,17.7132,26165.426660525354,-659.6383232550305,5.0,2.43,3.0,-11684.305547481006,11684.305547481006,3138.0483456800653,15.0,116.83198947648592,14308.219178082192,0,1,0,0,0,0
2669,22.5556,22971.194043995194,-659.6383232550305,5.0,2.43,3.0,-14878.538164011165,14878.538164011165,3138.0483456800653,15.0,116.83198947648592,14308.219178082192,0,1,0,0,0,0
2670,22.0368,23313.414406099902,-659.6383232550305,5.0,2.43,3.0,-14536.317801906456,14536.317801906456,3138.0483456800653,15.0,116.83198947648592,14308.219178082192,0,1,0,0,0,0
2671,22.6595,22902.657622208993,-659.6383232550305,5.0,2.43,3.0,-14947.074585797365,14947.074585797365,3138.0483456800653,15.0,116.83198947648592,14308.219178082192,0,1,0,0,0,0
2672,26.2962,20503.750932027426,-659.6383232550305,5.0,2.43,3.0,-17345.98127597893,17345.98127597893,3138.0483456800653,15.0,116.83198947648592,14308.219178082192,0,1,0,0,0,0
2673,33.2651,15906.797421095449,-659.6383232550305,5.0,2.43,3.0,-21942.934786910915,21942.934786910915,3138.0483456800653,15.0,116.83198947648592,14308.219178082192,0,1,0,0,0,0
2674,27.2618,19866.80416709237,-659.6383232550305,5.0,2.43,3.0,-17982.92804091399,17982.92804091399,3138.0483456800653,15.0,116.83198947648592,14308.219178082192,0,1,0,0,0,0
2675,31.1528,17300.151451307047,-659.6383232550305,5.0,2.43,3.0,-20549.580756699313,20549.580756699313,3138.0483456800653,15.0,116.83198947648592,14308.219178082192,0,1,0,0,0,0
2676,24.6755,21572.826762526856,-659.6383232550305,5.0,2.43,3.0,-16276.905445479506,16276.905445479506,3138.0483456800653,15.0,116.83198947648592,14308.219178082192,0,1,0,0,0,0
2677,26.8801,20118.588115078815,-659.6383232550305,5.0,2.43,3.0,-17731.144092927545,17731.144092927545,3138.0483456800653,15.0,116.83198947648592,14308.219178082192,0,1,0,0,0,0
2678,30.0032,18058.471667721027,-659.6383232550305,5.0,2.43,3.0,-19791.26054028533,19791.26054028533,3138.0483456800653,15.0,116.83198947648592,14308.219178082192,0,1,0,0,0,0
2679,27.293,19846.223451406815,-659.6383232550305,5.0,2.43,3.0,-18003.50875659955,18003.50875659955,3138.0483456800653,15.0,116.83198947648592,14308.219178082192,0,1,0,0,0,0
2680,36.2031,13968.780027372166,-659.6383232550305,5.0,2.43,3.0,-23880.952180634195,23880.952180634195,3138.0483456800653,15.0,116.83198947648592,14308.219178082192,0,1,0,0,0,0
2681,24.543,21660.228840358148,-659.6383232550305,5.0,2.43,3.0,-16189.503367648213,16189.503367648213,3138.0483456800653,15.0,116.83198947648592,14308.219178082192,0,1,0,0,0,0
2682,23.7475,22184.971126507524,-659.6383232550305,5.0,2.43,3.0,-15664.761081498837,15664.761081498837,3138.0483456800653,15.0,116.83198947648592,14308.219178082192,0,1,0,0,0,0
2683,22.9537,22708.592027507366,-659.6383232550305,5.0,2.43,3.0,-15141.140180498995,15141.140180498995,3138.0483456800653,15.0,116.83198947648592,14308.219178082192,0,1,0,0,0,0
2684,22.5815,22954.10941142289,-659.6383232550305,5.0,2.43,3.0,-14895.62279658347,14895.62279658347,3138.0483456800653,15.0,116.83198947648592,14308.219178082192,0,1,0,0,0,0
2685,18.3768,25727.690669213316,-659.6383232550305,5.0,2.43,3.0,-12122.041538793044,12122.041538793044,3138.0483456800653,15.0,116.83198947648592,14308.219178082192,0,1,0,0,0,0
2686,18.7822,25460.27329296573,-659.6383232550305,5.0,2.43,3.0,-12389.458915040634,12389.458915040634,3138.0483456800653,15.0,116.83198947648592,14308.219178082192,0,1,0,0,0,0
2687,18.3657,25735.012654601447,-659.6383232550305,5.0,2.43,3.0,-12114.719553404913,12114.719553404913,3138.0483456800653,15.0,116.83198947648592,14308.219178082192,0,1,0,0,0,0
2688,16.8048,26764.642113370224,-659.6383232550305,5.0,2.43,3.0,-11085.090094636136,11085.090094636136,3138.0483456800653,15.0,116.83198947648592,14308.219178082192,0,1,0,0,0,0
2689,16.4351,27008.510401477608,-659.6383232550305,5.0,2.43,3.0,-10841.22180652875,10841.22180652875,3138.0483456800653,15.0,116.83198947648592,14308.219178082192,0,1,0,0,0,0
2690,16.7538,26798.28366785623,-659.6383232550305,5.0,2.43,3.0,-11051.44854015013,11051.44854015013,3138.0483456800653,15.0,116.83198947648592,14308.219178082192,0,1,0,0,0,0
2691,18.3783,25726.701211728432,-659.6383232550305,5.0,2.43,3.0,-12123.030996277927,12123.030996277927,3138.0483456800653,15.0,116.83198947648592,14308.219178082192,0,1,0,0,0,0
2692,20.1808,24537.703134061238,-659.6383232550305,5.0,2.43,3.0,-13312.029073945121,13312.029073945121,3138.0483456800653,15.0,116.83198947648592,14308.219178082192,0,1,0,0,0,0
2693,26.8999,20105.527276278368,-659.6383232550305,5.0,2.43,3.0,-17744.204931727996,17744.204931727996,3138.0483456800653,15.0,116.83198947648592,14308.219178082192,0,1,0,0,0,0
2694,29.4382,18431.167320360124,-659.6383232550305,5.0,2.43,3.0,-19418.564887646236,19418.564887646236,3138.0483456800653,15.0,116.83198947648592,14308.219178082192,0,1,0,0,0,0
2695,26.4641,20392.99765755291,-659.6383232550305,5.0,2.43,3.0,-17456.734550453453,17456.734550453453,3138.0483456800653,15.0,116.83198947648592,14308.219178082192,0,1,0,0,0,0
2696,29.2963,18524.76999843001,-659.6383232550305,5.0,2.43,3.0,-19324.962209576348,19324.962209576348,3138.0483456800653,15.0,116.83198947648592,14308.219178082192,0,1,0,0,0,0
2697,33.0786,16029.819968382511,-659.6383232550305,5.0,2.43,3.0,-21819.912239623853,21819.912239623853,3138.0483456800653,15.0,116.83198947648592,14308.219178082192,0,1,0,0,0,0
2698,21.7949,23472.980916495297,-659.6383232550305,5.0,2.43,3.0,-14376.751291511064,14376.751291511064,3138.0483456800653,15.0,116.83198947648592,14308.219178082192,0,1,0,0,0,0
2699,44.3829,8573.070470810668,-659.6383232550305,5.0,2.43,3.0,-29276.661737195693,29276.661737195693,3138.0483456800653,15.0,116.83198947648592,14308.219178082192,0,1,0,0,0,0
2700,29.0639,18678.06994475448,-659.6383232550305,5.0,2.43,3.0,-19171.66226325188,19171.66226325188,3138.0483456800653,15.0,116.83198947648592,14308.219178082192,0,1,0,0,0,0
2701,28.5845,18994.300556922943,-659.6383232550305,5.0,2.43,3.0,-18855.431651083418,18855.431651083418,3138.0483456800653,15.0,116.83198947648592,14308.219178082192,0,1,0,0,0,0
2702,27.7802,19524.847660316962,-659.6383232550305,5.0,2.43,3.0,-18324.8845476894,18324.8845476894,3138.0483456800653,15.0,116.83198947648592,14308.219178082192,0,1,0,0,0,0
2703,32.3213,16529.364070583542,-659.6383232550305,5.0,2.43,3.0,-21320.368137422818,21320.368137422818,3138.0483456800653,15.0,116.83198947648592,14308.219178082192,0,1,0,0,0,0
2704,42.5284,9796.369741287126,-659.6383232550305,5.0,2.43,3.0,-28053.362466719238,28053.362466719238,3138.0483456800653,15.0,116.83198947648592,14308.219178082192,0,1,0,0,0,0
2705,42.9233,9535.878567433712,-659.6383232550305,5.0,2.43,3.0,-28313.853640572648,28313.853640572648,3138.0483456800653,15.0,116.83198947648592,14308.219178082192,0,1,0,0,0,0
2706,27.4779,19724.256325436956,-659.6383232550305,5.0,2.43,3.0,-18125.475882569404,18125.475882569404,3138.0483456800653,15.0,116.83198947648592,14308.219178082192,0,1,0,0,0,0
2707,33.0463,16051.126286223647,-659.6383232550305,5.0,2.43,3.0,-21798.605921782717,21798.605921782717,3138.0483456800653,15.0,116.83198947648592,14308.219178082192,0,1,0,0,0,0
2708,37.2975,13246.87184640186,-659.6383232550305,5.0,2.43,3.0,-24602.8603616045,24602.8603616045,3138.0483456800653,15.0,116.83198947648592,14308.219178082192,0,1,0,0,0,0
2709,24.4738,21705.875812327395,-659.6383232550305,5.0,2.43,3.0,-16143.856395678966,16143.856395678966,3138.0483456800653,15.0,116.83198947648592,14308.219178082192,0,1,0,0,0,0
2710,19.4691,25007.167728721844,-659.6383232550305,5.0,2.43,3.0,-12842.564479284516,12842.564479284516,3138.0483456800653,15.0,116.83198947648592,14308.219178082192,0,1,0,0,0,0
2711,18.3145,25768.786136752104,-659.6383232550305,5.0,2.43,3.0,-12080.946071254255,12080.946071254255,3138.0483456800653,15.0,116.83198947648592,14308.219178082192,0,1,0,0,0,0
2712,18.2071,25839.631292669692,-659.6383232550305,5.0,2.43,3.0,-12010.100915336667,12010.100915336667,3138.0483456800653,15.0,116.83198947648592,14308.219178082192,0,1,0,0,0,0
2713,17.075,26586.407838426716,-659.6383232550305,5.0,2.43,3.0,-11263.324369579646,11263.324369579646,3138.0483456800653,15.0,116.83198947648592,14308.219178082192,0,1,0,0,0,0
2714,17.0529,26600.98584537065,-659.6383232550305,5.0,2.43,3.0,-11248.746362635711,11248.746362635711,3138.0483456800653,15.0,116.83198947648592,14308.219178082192,0,1,0,0,0,0
2715,18.2961,25780.923481899998,-659.6383232550305,5.0,2.43,3.0,-12068.808726106363,12068.808726106363,3138.0483456800653,15.0,116.83198947648592,14308.219178082192,0,1,0,0,0,0
2716,20.5668,24283.082741284798,-659.6383232550305,5.0,2.43,3.0,-13566.649466721561,13566.649466721561,3138.0483456800653,15.0,116.83198947648592,14308.219178082192,0,1,0,0,0,0
2717,22.7227,22860.96848017928,-659.6383232550305,5.0,2.43,3.0,-14988.763727827081,14988.763727827081,3138.0483456800653,15.0,116.83198947648592,14308.219178082192,0,1,0,0,0,0
2718,25.84,20804.677935096373,-659.6383232550305,5.0,2.43,3.0,-17045.054272909987,17045.054272909987,3138.0483456800653,15.0,116.83198947648592,14308.219178082192,0,1,0,0,0,0
2719,22.2947,23143.293682532436,-659.6383232550305,5.0,2.43,3.0,-14706.438525473928,14706.438525473928,3138.0483456800653,15.0,116.83198947648592,14308.219178082192,0,1,0,0,0,0
2720,22.4843,23018.22625644328,-659.6383232550305,5.0,2.43,3.0,-14831.505951563084,14831.505951563084,3138.0483456800653,15.0,116.83198947648592,14308.219178082192,0,1,0,0,0,0
2721,30.3239,17846.925657453143,-659.6383232550305,5.0,2.43,3.0,-20002.806550553218,20002.806550553218,3138.0483456800653,15.0,116.83198947648592,14308.219178082192,0,1,0,0,0,0
2722,21.8927,23408.46828848095,-659.6383232550305,5.0,2.43,3.0,-14441.263919525407,14441.263919525407,3138.0483456800653,15.0,116.83198947648592,14308.219178082192,0,1,0,0,0,0
2723,25.7907,20837.198104432842,-659.6383232550305,5.0,2.43,3.0,-17012.534103573515,17012.534103573515,3138.0483456800653,15.0,116.83198947648592,14308.219178082192,0,1,0,0,0,0
2724,42.0343,10122.297036807431,-659.6383232550305,5.0,2.43,3.0,-27727.43517119893,27727.43517119893,3138.0483456800653,15.0,116.83198947648592,14308.219178082192,0,1,0,0,0,0
2725,26.3344,20478.552748079088,-659.6383232550305,5.0,2.43,3.0,-17371.179459927276,17371.179459927276,3138.0483456800653,15.0,116.83198947648592,14308.219178082192,0,1,0,0,0,0
2726,29.2671,18544.031437469057,-659.6383232550305,5.0,2.43,3.0,-19305.700770537303,19305.700770537303,3138.0483456800653,15.0,116.83198947648592,14308.219178082192,0,1,0,0,0,0
2727,31.175,17285.507480530785,-659.6383232550305,5.0,2.43,3.0,-20564.224727475575,20564.224727475575,3138.0483456800653,15.0,116.83198947648592,14308.219178082192,0,1,0,0,0,0
2728,26.3622,20460.214802692593,-659.6383232550305,5.0,2.43,3.0,-17389.517405313767,17389.517405313767,3138.0483456800653,15.0,116.83198947648592,14308.219178082192,0,1,0,0,0,0
2729,29.6319,18303.39537714562,-659.6383232550305,5.0,2.43,3.0,-19546.33683086074,19546.33683086074,3138.0483456800653,15.0,116.83198947648592,14308.219178082192,0,1,0,0,0,0
2730,23.4313,22393.548764320767,-659.6383232550305,5.0,2.43,3.0,-15456.183443685597,15456.183443685597,3138.0483456800653,15.0,116.83198947648592,14308.219178082192,0,1,0,0,0,0
2731,28.4148,19106.24118037932,-659.6383232550305,5.0,2.43,3.0,-18743.491027627042,18743.491027627042,3138.0483456800653,15.0,116.83198947648592,14308.219178082192,0,1,0,0,0,0
2732,26.0851,20643.000582066565,-659.6383232550305,5.0,2.43,3.0,-17206.731625939796,17206.731625939796,3138.0483456800653,15.0,116.83198947648592,14308.219178082192,0,1,0,0,0,0
2733,22.4096,23067.50123919043,-659.6383232550305,5.0,2.43,3.0,-14782.230968815933,14782.230968815933,3138.0483456800653,15.0,116.83198947648592,14308.219178082192,0,1,0,0,0,0
2734,20.538,24302.080324994546,-659.6383232550305,5.0,2.43,3.0,-13547.651883011817,13547.651883011817,3138.0483456800653,15.0,116.83198947648592,14308.219178082192,0,1,0,0,0,0
2735,18.1289,25891.215009548236,-659.6383232550305,5.0,2.43,3.0,-11958.517198458123,11958.517198458123,3138.0483456800653,15.0,116.83198947648592,14308.219178082192,0,1,0,0,0,0
2736,19.0752,25266.999264252,-659.6383232550305,5.0,2.43,3.0,-12582.732943754358,12582.732943754358,3138.0483456800653,15.0,116.83198947648592,14308.219178082192,0,1,0,0,0,0
2737,17.9759,25992.13967300626,-659.6383232550305,5.0,2.43,3.0,-11857.592535000103,11857.592535000103,3138.0483456800653,15.0,116.83198947648592,14308.219178082192,0,1,0,0,0,0
2738,18.0167,25965.226429417453,-659.6383232550305,5.0,2.43,3.0,-11884.505778588908,11884.505778588908,3138.0483456800653,15.0,116.83198947648592,14308.219178082192,0,1,0,0,0,0
2739,19.857,24751.29402313122,-659.6383232550305,5.0,2.43,3.0,-13098.43818487514,13098.43818487514,3138.0483456800653,15.0,116.83198947648592,14308.219178082192,0,1,0,0,0,0
2740,21.0556,23960.651528877745,-659.6383232550305,5.0,2.43,3.0,-13889.08067912862,13889.08067912862,3138.0483456800653,15.0,116.83198947648592,14308.219178082192,0,1,0,0,0,0
2741,25.4724,21047.160982724923,-659.6383232550305,5.0,2.43,3.0,-16802.57122528144,16802.57122528144,3138.0483456800653,15.0,116.83198947648592,14308.219178082192,0,1,0,0,0,0
2742,28.9229,18771.07894833344,-659.6383232550305,5.0,2.43,3.0,-19078.65325967292,19078.65325967292,3138.0483456800653,15.0,116.83198947648592,14308.219178082192,0,1,0,0,0,0
2743,32.006,16737.348033905855,-659.6383232550305,5.0,2.43,3.0,-21112.384174100505,21112.384174100505,3138.0483456800653,15.0,116.83198947648592,14308.219178082192,0,1,0,0,0,0
2744,28.2374,19223.26101892476,-659.6383232550305,5.0,2.43,3.0,-18626.4711890816,18626.4711890816,3138.0483456800653,15.0,116.83198947648592,14308.219178082192,0,1,0,0,0,0
2745,28.723,18902.940649152122,-659.6383232550305,5.0,2.43,3.0,-18946.791558854242,18946.791558854242,3138.0483456800653,15.0,116.83198947648592,14308.219178082192,0,1,0,0,0,0
2746,32.878,16162.143416027466,-659.6383232550305,5.0,2.43,3.0,-21687.588791978895,21687.588791978895,3138.0483456800653,15.0,116.83198947648592,14308.219178082192,0,1,0,0,0,0
2747,26.0019,20697.882490561384,-659.6383232550305,5.0,2.43,3.0,-17151.849717444977,17151.849717444977,3138.0483456800653,15.0,116.83198947648592,14308.219178082192,0,1,0,0,0,0
2748,35.7595,14261.395587568095,-659.6383232550305,5.0,2.43,3.0,-23588.336620438266,23588.336620438266,3138.0483456800653,15.0,116.83198947648592,14308.219178082192,0,1,0,0,0,0
2749,25.1994,21227.242244973542,-659.6383232550305,5.0,2.43,3.0,-16622.48996303282,16622.48996303282,3138.0483456800653,15.0,116.83198947648592,14308.219178082192,0,1,0,0,0,0
2750,28.3592,19142.917071152297,-659.6383232550305,5.0,2.43,3.0,-18706.815136854064,18706.815136854064,3138.0483456800653,15.0,116.83198947648592,14308.219178082192,0,1,0,0,0,0
2751,27.9799,19393.117887162934,-659.6383232550305,5.0,2.43,3.0,-18456.61432084343,18456.61432084343,3138.0483456800653,15.0,116.83198947648592,14308.219178082192,0,1,0,0,0,0
2752,29.7011,18257.748405176375,-659.6383232550305,5.0,2.43,3.0,-19591.983802829986,19591.983802829986,3138.0483456800653,15.0,116.83198947648592,14308.219178082192,0,1,0,0,0,0
2753,25.3599,21121.370294091113,-659.6383232550305,5.0,2.43,3.0,-16728.361913915247,16728.361913915247,3138.0483456800653,15.0,116.83198947648592,14308.219178082192,0,1,0,0,0,0
2754,25.0051,21355.409971181998,-659.6383232550305,5.0,2.43,3.0,-16494.322236824362,16494.322236824362,3138.0483456800653,15.0,116.83198947648592,14308.219178082192,0,1,0,0,0,0
2755,26.1053,20629.675887936814,-659.6383232550305,5.0,2.43,3.0,-17220.056320069547,17220.056320069547,3138.0483456800653,15.0,116.83198947648592,14308.219178082192,0,1,0,0,0,0
2756,27.1444,19944.24570624251,-659.6383232550305,5.0,2.43,3.0,-17905.48650176385,17905.48650176385,3138.0483456800653,15.0,116.83198947648592,14308.219178082192,0,1,0,0,0,0
2757,18.6946,25518.05761008287,-659.6383232550305,5.0,2.43,3.0,-12331.674597923495,12331.674597923495,3138.0483456800653,15.0,116.83198947648592,14308.219178082192,0,1,0,0,0,0
2758,18.8777,25397.27783309487,-659.6383232550305,5.0,2.43,3.0,-12452.454374911491,12452.454374911491,3138.0483456800653,15.0,116.83198947648592,14308.219178082192,0,1,0,0,0,0
2759,17.3501,26404.941335699255,-659.6383232550305,5.0,2.43,3.0,-11444.790872307105,11444.790872307105,3138.0483456800653,15.0,116.83198947648592,14308.219178082192,0,1,0,0,0,0
2760,16.353,27062.666707816847,-659.6383232550305,5.0,2.43,3.0,-10787.065500189516,10787.065500189516,3138.0483456800653,15.0,116.83198947648592,14308.219178082192,0,1,0,0,0,0
2761,16.3512,27063.854056798707,-659.6383232550305,5.0,2.43,3.0,-10785.878151207655,10785.878151207655,3138.0483456800653,15.0,116.83198947648592,14308.219178082192,0,1,0,0,0,0
2762,16.0653,27252.44465341732,-659.6383232550305,5.0,2.43,3.0,-10597.287554589042,10597.287554589042,3138.0483456800653,15.0,116.83198947648592,14308.219178082192,0,1,0,0,0,0
2763,17.9199,26029.07941910854,-659.6383232550305,5.0,2.43,3.0,-11820.65278889782,11820.65278889782,3138.0483456800653,15.0,116.83198947648592,14308.219178082192,0,1,0,0,0,0
2764,18.0043,25973.405944625814,-659.6383232550305,5.0,2.43,3.0,-11876.326263380546,11876.326263380546,3138.0483456800653,15.0,116.83198947648592,14308.219178082192,0,1,0,0,0,0
2765,21.056,23960.387673548437,-659.6383232550305,5.0,2.43,3.0,-13889.344534457923,13889.344534457923,3138.0483456800653,15.0,116.83198947648592,14308.219178082192,0,1,0,0,0,0
2766,21.3662,23755.76786567473,-659.6383232550305,5.0,2.43,3.0,-14093.964342331632,14093.964342331632,3138.0483456800653,15.0,116.83198947648592,14308.219178082192,0,1,0,0,0,0
2767,21.4811,23679.975422332725,-659.6383232550305,5.0,2.43,3.0,-14169.756785673637,14169.756785673637,3138.0483456800653,15.0,116.83198947648592,14308.219178082192,0,1,0,0,0,0
2768,21.3859,23742.772990706602,-659.6383232550305,5.0,2.43,3.0,-14106.959217299756,14106.959217299756,3138.0483456800653,15.0,116.83198947648592,14308.219178082192,0,1,0,0,0,0
2769,22.0186,23325.419823583146,-659.6383232550305,5.0,2.43,3.0,-14524.312384423214,14524.312384423214,3138.0483456800653,15.0,116.83198947648592,14308.219178082192,0,1,0,0,0,0
2770,22.9653,22700.940222957608,-659.6383232550305,5.0,2.43,3.0,-15148.791985048752,15148.791985048752,3138.0483456800653,15.0,116.83198947648592,14308.219178082192,0,1,0,0,0,0
2771,22.4833,23018.885894766532,-659.6383232550305,5.0,2.43,3.0,-14830.846313239828,14830.846313239828,3138.0483456800653,15.0,116.83198947648592,14308.219178082192,0,1,0,0,0,0
2772,22.9768,22693.354382240177,-659.6383232550305,5.0,2.43,3.0,-15156.377825766185,15156.377825766185,3138.0483456800653,15.0,116.83198947648592,14308.219178082192,0,1,0,0,0,0
2773,21.7964,23471.991459010416,-659.6383232550305,5.0,2.43,3.0,-14377.740748995946,14377.740748995946,3138.0483456800653,15.0,116.83198947648592,14308.219178082192,0,1,0,0,0,0
2774,21.6342,23578.98479504238,-659.6383232550305,5.0,2.43,3.0,-14270.747412963981,14270.747412963981,3138.0483456800653,15.0,116.83198947648592,14308.219178082192,0,1,0,0,0,0
2775,21.461,23693.234152630153,-659.6383232550305,5.0,2.43,3.0,-14156.498055376209,14156.498055376209,3138.0483456800653,15.0,116.83198947648592,14308.219178082192,0,1,0,0,0,0
2776,21.426,23716.32149394408,-659.6383232550305,5.0,2.43,3.0,-14133.410714062282,14133.410714062282,3138.0483456800653,15.0,116.83198947648592,14308.219178082192,0,1,0,0,0,0
2777,19.9679,24678.140133082237,-659.6383232550305,5.0,2.43,3.0,-13171.592074924123,13171.592074924123,3138.0483456800653,15.0,116.83198947648592,14308.219178082192,0,1,0,0,0,0
2778,20.9785,24011.5096436007,-659.6383232550305,5.0,2.43,3.0,-13838.222564405658,13838.222564405658,3138.0483456800653,15.0,116.83198947648592,14308.219178082192,0,1,0,0,0,0
2779,25.5655,20985.74865482988,-659.6383232550305,5.0,2.43,3.0,-16863.983553176484,16863.983553176484,3138.0483456800653,15.0,116.83198947648592,14308.219178082192,0,1,0,0,0,0
2780,21.9603,23363.876737828912,-659.6383232550305,5.0,2.43,3.0,-14485.855470177446,14485.855470177446,3138.0483456800653,15.0,116.83198947648592,14308.219178082192,0,1,0,0,0,0
2781,22.0292,23318.427657356642,-659.6383232550305,5.0,2.43,3.0,-14531.304550649718,14531.304550649718,3138.0483456800653,15.0,116.83198947648592,14308.219178082192,0,1,0,0,0,0
2782,18.4651,25669.4446052699,-659.6383232550305,5.0,2.43,3.0,-12180.287602736464,12180.287602736464,3138.0483456800653,15.0,116.83198947648592,14308.219178082192,0,1,0,0,0,0
2783,20.9857,24006.760247673265,-659.6383232550305,5.0,2.43,3.0,-13842.971960333094,13842.971960333094,3138.0483456800653,15.0,116.83198947648592,14308.219178082192,0,1,0,0,0,0
2784,22.7697,22829.96547898629,-659.6383232550305,5.0,2.43,3.0,-15019.766729020068,15019.766729020068,3138.0483456800653,15.0,116.83198947648592,14308.219178082192,0,1,0,0,0,0
2785,20.4322,24371.870059594927,-659.6383232550305,5.0,2.43,3.0,-13477.862148411436,13477.862148411436,3138.0483456800653,15.0,116.83198947648592,14308.219178082192,0,1,0,0,0,0
2786,18.9994,25316.99984915473,-659.6383232550305,5.0,2.43,3.0,-12532.732358851628,12532.732358851628,3138.0483456800653,15.0,116.83198947648592,14308.219178082192,0,1,0,0,0,0
2787,20.3494,24426.488112760442,-659.6383232550305,5.0,2.43,3.0,-13423.244095245918,13423.244095245918,3138.0483456800653,15.0,116.83198947648592,14308.219178082192,0,1,0,0,0,0
2788,20.1129,24582.492576210258,-659.6383232550305,5.0,2.43,3.0,-13267.239631796103,13267.239631796103,3138.0483456800653,15.0,116.83198947648592,14308.219178082192,0,1,0,0,0,0
2789,19.0627,25275.244743292693,-659.6383232550305,5.0,2.43,3.0,-12574.48746471367,12574.48746471367,3138.0483456800653,15.0,116.83198947648592,14308.219178082192,0,1,0,0,0,0
2790,18.738,25489.4293068536,-659.6383232550305,5.0,2.43,3.0,-12360.302901152761,12360.302901152761,3138.0483456800653,15.0,116.83198947648592,14308.219178082192,0,1,0,0,0,0
2791,19.33,25098.923419486622,-659.6383232550305,5.0,2.43,3.0,-12750.808788519738,12750.808788519738,3138.0483456800653,15.0,116.83198947648592,14308.219178082192,0,1,0,0,0,0
2792,20.2342,24502.478447599424,-659.6383232550305,5.0,2.43,3.0,-13347.253760406938,13347.253760406938,3138.0483456800653,15.0,116.83198947648592,14308.219178082192,0,1,0,0,0,0
2793,20.5618,24286.380932901073,-659.6383232550305,5.0,2.43,3.0,-13563.351275105288,13563.351275105288,3138.0483456800653,15.0,116.83198947648592,14308.219178082192,0,1,0,0,0,0
2794,18.6245,25564.298256543043,-659.6383232550305,5.0,2.43,3.0,-12285.433951463316,12285.433951463316,3138.0483456800653,15.0,116.83198947648592,14308.219178082192,0,1,0,0,0,0
2795,18.1328,25888.64242008754,-659.6383232550305,5.0,2.43,3.0,-11961.089787918818,11961.089787918818,3138.0483456800653,15.0,116.83198947648592,14308.219178082192,0,1,0,0,0,0
2796,17.6802,26187.19472519277,-659.6383232550305,5.0,2.43,3.0,-11662.53748281359,11662.53748281359,3138.0483456800653,15.0,116.83198947648592,14308.219178082192,0,1,0,0,0,0
2797,16.6988,26834.56377563526,-659.6383232550305,5.0,2.43,3.0,-11015.168432371103,11015.168432371103,3138.0483456800653,15.0,116.83198947648592,14308.219178082192,0,1,0,0,0,0
2798,18.6782,25528.87567858425,-659.6383232550305,5.0,2.43,3.0,-12320.856529422112,12320.856529422112,3138.0483456800653,15.0,116.83198947648592,14308.219178082192,0,1,0,0,0,0
2799,19.126,25233.489637430648,-659.6383232550305,5.0,2.43,3.0,-12616.242570575714,12616.242570575714,3138.0483456800653,15.0,116.83198947648592,14308.219178082192,0,1,0,0,0,0
2800,21.3702,23753.12931238171,-659.6383232550305,5.0,2.43,3.0,-14096.602895624654,14096.602895624654,3138.0483456800653,15.0,116.83198947648592,14308.219178082192,0,1,0,0,0,0
2801,21.1963,23867.840416795756,-659.6383232550305,5.0,2.43,3.0,-13981.891791210604,13981.891791210604,3138.0483456800653,15.0,116.83198947648592,14308.219178082192,0,1,0,0,0,0
2802,25.2357,21203.29737383939,-659.6383232550305,5.0,2.43,3.0,-16646.434834166976,16646.434834166976,3138.0483456800653,15.0,116.83198947648592,14308.219178082192,0,1,0,0,0,0
2803,27.6827,19589.162396834327,-659.6383232550305,5.0,2.43,3.0,-18260.569811172034,18260.569811172034,3138.0483456800653,15.0,116.83198947648592,14308.219178082192,0,1,0,0,0,0
2804,20.4869,24335.78784331288,-659.6383232550305,5.0,2.43,3.0,-13513.944364693483,13513.944364693483,3138.0483456800653,15.0,116.83198947648592,14308.219178082192,0,1,0,0,0,0
2805,19.0981,25251.893546649462,-659.6383232550305,5.0,2.43,3.0,-12597.838661356898,12597.838661356898,3138.0483456800653,15.0,116.83198947648592,14308.219178082192,0,1,0,0,0,0
2806,17.4286,26353.159727323735,-659.6383232550305,5.0,2.43,3.0,-11496.572480682624,11496.572480682624,3138.0483456800653,15.0,116.83198947648592,14308.219178082192,0,1,0,0,0,0
2807,18.9173,25371.15615549397,-659.6383232550305,5.0,2.43,3.0,-12478.57605251239,12478.57605251239,3138.0483456800653,15.0,116.83198947648592,14308.219178082192,0,1,0,0,0,0
2808,18.8965,25384.876632617677,-659.6383232550305,5.0,2.43,3.0,-12464.855575388683,12464.855575388683,3138.0483456800653,15.0,116.83198947648592,14308.219178082192,0,1,0,0,0,0
2809,18.5729,25598.335594023003,-659.6383232550305,5.0,2.43,3.0,-12251.396613983357,12251.396613983357,3138.0483456800653,15.0,116.83198947648592,14308.219178082192,0,1,0,0,0,0
2810,17.7698,26128.09113142912,-659.6383232550305,5.0,2.43,3.0,-11721.641076577242,11721.641076577242,3138.0483456800653,15.0,116.83198947648592,14308.219178082192,0,1,0,0,0,0
2811,17.3068,26433.503675096203,-659.6383232550305,5.0,2.43,3.0,-11416.228532910161,11416.228532910161,3138.0483456800653,15.0,116.83198947648592,14308.219178082192,0,1,0,0,0,0
2812,16.9812,26648.281913148036,-659.6383232550305,5.0,2.43,3.0,-11201.450294858325,11201.450294858325,3138.0483456800653,15.0,116.83198947648592,14308.219178082192,0,1,0,0,0,0
2813,16.9003,26701.646653499367,-659.6383232550305,5.0,2.43,3.0,-11148.085554506994,11148.085554506994,3138.0483456800653,15.0,116.83198947648592,14308.219178082192,0,1,0,0,0,0
2814,17.6819,26186.073340043236,-659.6383232550305,5.0,2.43,3.0,-11663.658867963124,11663.658867963124,3138.0483456800653,15.0,116.83198947648592,14308.219178082192,0,1,0,0,0,0
2815,20.6989,24195.94451878281,-659.6383232550305,5.0,2.43,3.0,-13653.78768922355,13653.78768922355,3138.0483456800653,15.0,116.83198947648592,14308.219178082192,0,1,0,0,0,0
2816,22.158,23233.466241321396,-659.6383232550305,5.0,2.43,3.0,-14616.265966684967,14616.265966684967,3138.0483456800653,15.0,116.83198947648592,14308.219178082192,0,1,0,0,0,0
2817,24.316,21809.96673973704,-659.6383232550305,5.0,2.43,3.0,-16039.765468269321,16039.765468269321,3138.0483456800653,15.0,116.83198947648592,14308.219178082192,0,1,0,0,0,0
2818,19.4173,25041.336993866455,-659.6383232550305,5.0,2.43,3.0,-12808.395214139904,12808.395214139904,3138.0483456800653,15.0,116.83198947648592,14308.219178082192,0,1,0,0,0,0
2819,18.9784,25330.85225394309,-659.6383232550305,5.0,2.43,3.0,-12518.879954063272,12518.879954063272,3138.0483456800653,15.0,116.83198947648592,14308.219178082192,0,1,0,0,0,0
2820,19.0304,25296.55106113383,-659.6383232550305,5.0,2.43,3.0,-12553.181146872534,12553.181146872534,3138.0483456800653,15.0,116.83198947648592,14308.219178082192,0,1,0,0,0,0
2821,23.7133,22207.530757162844,-659.6383232550305,5.0,2.43,3.0,-15642.201450843515,15642.201450843515,3138.0483456800653,15.0,116.83198947648592,14308.219178082192,0,1,0,0,0,0
2822,23.3287,22461.22765628673,-659.6383232550305,5.0,2.43,3.0,-15388.50455171963,15388.50455171963,3138.0483456800653,15.0,116.83198947648592,14308.219178082192,0,1,0,0,0,0
2823,27.5352,19686.459049514444,-659.6383232550305,5.0,2.43,3.0,-18163.273158491917,18163.273158491917,3138.0483456800653,15.0,116.83198947648592,14308.219178082192,0,1,0,0,0,0
2824,23.5576,22310.23644409365,-659.6383232550305,5.0,2.43,3.0,-15539.495763912708,15539.495763912708,3138.0483456800653,15.0,116.83198947648592,14308.219178082192,0,1,0,0,0,0
2825,24.5382,21663.39510430977,-659.6383232550305,5.0,2.43,3.0,-16186.33710369659,16186.33710369659,3138.0483456800653,15.0,116.83198947648592,14308.219178082192,0,1,0,0,0,0
2826,23.4579,22376.002384922183,-659.6383232550305,5.0,2.43,3.0,-15473.729823084179,15473.729823084179,3138.0483456800653,15.0,116.83198947648592,14308.219178082192,0,1,0,0,0,0
2827,35.5702,14386.265122160275,-659.6383232550305,5.0,2.43,3.0,-23463.467085846085,23463.467085846085,3138.0483456800653,15.0,116.83198947648592,14308.219178082192,0,1,0,0,0,0
2828,21.2689,23819.95067452744,-659.6383232550305,5.0,2.43,3.0,-14029.781533478917,14029.781533478917,3138.0483456800653,15.0,116.83198947648592,14308.219178082192,0,1,0,0,0,0
2829,22.2133,23196.98824204539,-659.6383232550305,5.0,2.43,3.0,-14652.74396596097,14652.74396596097,3138.0483456800653,15.0,116.83198947648592,14308.219178082192,0,1,0,0,0,0
2830,19.4789,25000.703273153948,-659.6383232550305,5.0,2.43,3.0,-12849.028934852413,12849.028934852413,3138.0483456800653,15.0,116.83198947648592,14308.219178082192,0,1,0,0,0,0
2831,17.7495,26141.481789391197,-659.6383232550305,5.0,2.43,3.0,-11708.250418615165,11708.250418615165,3138.0483456800653,15.0,116.83198947648592,14308.219178082192,0,1,0,0,0,0
2832,18.6982,25515.682912119148,-659.6383232550305,5.0,2.43,3.0,-12334.049295887211,12334.049295887211,3138.0483456800653,15.0,116.83198947648592,14308.219178082192,0,1,0,0,0,0
2833,17.665,26197.221227706246,-659.6383232550305,5.0,2.43,3.0,-11652.510980300114,11652.510980300114,3138.0483456800653,15.0,116.83198947648592,14308.219178082192,0,1,0,0,0,0
2834,18.0617,25935.542704870975,-659.6383232550305,5.0,2.43,3.0,-11914.189503135383,11914.189503135383,3138.0483456800653,15.0,116.83198947648592,14308.219178082192,0,1,0,0,0,0
2835,17.5158,26295.639265535898,-659.6383232550305,5.0,2.43,3.0,-11554.092942470463,11554.092942470463,3138.0483456800653,15.0,116.83198947648592,14308.219178082192,0,1,0,0,0,0
2836,31.1062,17330.89059717073,-659.6383232550305,5.0,2.43,3.0,-20518.841610835632,20518.841610835632,3138.0483456800653,15.0,116.83198947648592,14308.219178082192,0,1,0,0,0,0
2837,22.0022,23336.23789208453,-659.6383232550305,5.0,2.43,3.0,-14513.494315921831,14513.494315921831,3138.0483456800653,15.0,116.83198947648592,14308.219178082192,0,1,0,0,0,0
2838,22.1685,23226.540038927218,-659.6383232550305,5.0,2.43,3.0,-14623.192169079144,14623.192169079144,3138.0483456800653,15.0,116.83198947648592,14308.219178082192,0,1,0,0,0,0
2839,25.7819,20843.00292167749,-659.6383232550305,5.0,2.43,3.0,-17006.72928632887,17006.72928632887,3138.0483456800653,15.0,116.83198947648592,14308.219178082192,0,1,0,0,0,0
2840,24.2919,21825.864023327485,-659.6383232550305,5.0,2.43,3.0,-16023.868184678875,16023.868184678875,3138.0483456800653,15.0,116.83198947648592,14308.219178082192,0,1,0,0,0,0
2841,60.9637,16475.11574426902,650.0,0,2.43,3.0,39626.405,-39626.405,15071.972825128516,0,556.8949724310688,14308.219178082192,1,0,0,0,0,0
2842,27.8741,19462.907621763316,-659.6383232550305,5.0,2.43,3.0,-18386.824586243045,18386.824586243045,3138.0483456800653,15.0,116.83198947648592,14308.219178082192,0,1,0,0,0,0
2843,34.2432,15261.605177119698,-659.6383232550305,5.0,2.43,3.0,-22588.127030886662,22588.127030886662,3138.0483456800653,15.0,116.83198947648592,14308.219178082192,0,1,0,0,0,0
2844,63.5725,18170.83574426902,650.0,0,2.43,3.0,41322.125,-41322.125,15071.972825128516,0,556.8949724310688,14308.219178082192,1,0,0,0,0,0
2845,20.828,24110.785211250586,-659.6383232550305,5.0,2.43,3.0,-13738.946996755774,13738.946996755774,3138.0483456800653,15.0,116.83198947648592,14308.219178082192,0,1,0,0,0,0
2846,49.0549,8734.395744269024,650.0,0,2.43,3.0,31885.685,-31885.685,15071.972825128516,0,556.8949724310688,14308.219178082192,1,0,0,0,0,0
2847,21.5441,23638.418207967658,-659.6383232550305,5.0,2.43,3.0,-14211.314000038703,14211.314000038703,3138.0483456800653,15.0,116.83198947648592,14308.219178082192,0,1,0,0,0,0
2848,24.109,21946.51187265083,-659.6383232550305,5.0,2.43,3.0,-15903.220335355532,15903.220335355532,3138.0483456800653,15.0,116.83198947648592,14308.219178082192,0,1,0,0,0,0
2849,24.1181,21940.50916390921,-659.6383232550305,5.0,2.43,3.0,-15909.22304409715,15909.22304409715,3138.0483456800653,15.0,116.83198947648592,14308.219178082192,0,1,0,0,0,0
2850,24.2307,21866.233888710696,-659.6383232550305,5.0,2.43,3.0,-15983.498319295668,15983.498319295668,3138.0483456800653,15.0,116.83198947648592,14308.219178082192,0,1,0,0,0,0
2851,20.9237,24047.65782371508,-659.6383232550305,5.0,2.43,3.0,-13802.074384291282,13802.074384291282,3138.0483456800653,15.0,116.83198947648592,14308.219178082192,0,1,0,0,0,0
2852,22.0787,23285.77556035552,-659.6383232550305,5.0,2.43,3.0,-14563.956647650843,14563.956647650843,3138.0483456800653,15.0,116.83198947648592,14308.219178082192,0,1,0,0,0,0
2853,32.9102,16140.903062018657,-659.6383232550305,5.0,2.43,3.0,-21708.829145987707,21708.829145987707,3138.0483456800653,15.0,116.83198947648592,14308.219178082192,0,1,0,0,0,0
2854,19.0551,25280.25799454943,-659.6383232550305,5.0,2.43,3.0,-12569.474213456931,12569.474213456931,3138.0483456800653,15.0,116.83198947648592,14308.219178082192,0,1,0,0,0,0
2855,17.502,26304.74227439682,-659.6383232550305,5.0,2.43,3.0,-11544.989933609544,11544.989933609544,3138.0483456800653,15.0,116.83198947648592,14308.219178082192,0,1,0,0,0,0
2856,18.0699,25930.133670620286,-659.6383232550305,5.0,2.43,3.0,-11919.598537386077,11919.598537386077,3138.0483456800653,15.0,116.83198947648592,14308.219178082192,0,1,0,0,0,0
2857,19.0372,25292.065520535696,-659.6383232550305,5.0,2.43,3.0,-12557.666687470666,12557.666687470666,3138.0483456800653,15.0,116.83198947648592,14308.219178082192,0,1,0,0,0,0
2858,17.8881,26050.05591778805,-659.6383232550305,5.0,2.43,3.0,-11799.676290218313,11799.676290218313,3138.0483456800653,15.0,116.83198947648592,14308.219178082192,0,1,0,0,0,0
2859,16.7685,26788.58698450438,-659.6383232550305,5.0,2.43,3.0,-11061.145223501979,11061.145223501979,3138.0483456800653,15.0,116.83198947648592,14308.219178082192,0,1,0,0,0,0
2860,21.4537,23698.049512389913,-659.6383232550305,5.0,2.43,3.0,-14151.68269561645,14151.68269561645,3138.0483456800653,15.0,116.83198947648592,14308.219178082192,0,1,0,0,0,0
2861,22.2199,23192.634629111908,-659.6383232550305,5.0,2.43,3.0,-14657.097578894452,14657.097578894452,3138.0483456800653,15.0,116.83198947648592,14308.219178082192,0,1,0,0,0,0
2862,23.3246,22463.932173412075,-659.6383232550305,5.0,2.43,3.0,-15385.800034594286,15385.800034594286,3138.0483456800653,15.0,116.83198947648592,14308.219178082192,0,1,0,0,0,0
2863,22.0741,23288.80989664249,-659.6383232550305,5.0,2.43,3.0,-14560.922311363869,14560.922311363869,3138.0483456800653,15.0,116.83198947648592,14308.219178082192,0,1,0,0,0,0
2864,23.5743,22299.220484095295,-659.6383232550305,5.0,2.43,3.0,-15550.511723911066,15550.511723911066,3138.0483456800653,15.0,116.83198947648592,14308.219178082192,0,1,0,0,0,0
2865,23.784,22160.894327708716,-659.6383232550305,5.0,2.43,3.0,-15688.837880297646,15688.837880297646,3138.0483456800653,15.0,116.83198947648592,14308.219178082192,0,1,0,0,0,0
2866,22.825,22793.48747971029,-659.6383232550305,5.0,2.43,3.0,-15056.244728296071,15056.244728296071,3138.0483456800653,15.0,116.83198947648592,14308.219178082192,0,1,0,0,0,0
2867,26.2246,20550.98103597249,-659.6383232550305,5.0,2.43,3.0,-17298.751172033873,17298.751172033873,3138.0483456800653,15.0,116.83198947648592,14308.219178082192,0,1,0,0,0,0
2868,34.9748,14779.013779826317,-659.6383232550305,5.0,2.43,3.0,-23070.718428180044,23070.718428180044,3138.0483456800653,15.0,116.83198947648592,14308.219178082192,0,1,0,0,0,0
2869,24.7436,21527.90539271319,-659.6383232550305,5.0,2.43,3.0,-16321.826815293174,16321.826815293174,3138.0483456800653,15.0,116.83198947648592,14308.219178082192,0,1,0,0,0,0
2870,35.0995,14696.756880916415,-659.6383232550305,5.0,2.43,3.0,-23152.975327089942,23152.975327089942,3138.0483456800653,15.0,116.83198947648592,14308.219178082192,0,1,0,0,0,0
2871,27.564,19667.4614658047,-659.6383232550305,5.0,2.43,3.0,-18182.27074220166,18182.27074220166,3138.0483456800653,15.0,116.83198947648592,14308.219178082192,0,1,0,0,0,0
2872,32.9149,16137.802761899355,-659.6383232550305,5.0,2.43,3.0,-21711.929446107006,21711.929446107006,3138.0483456800653,15.0,116.83198947648592,14308.219178082192,0,1,0,0,0,0
2873,40.1978,11333.722817465296,-659.6383232550305,5.0,2.43,3.0,-26516.009390541065,26516.009390541065,3138.0483456800653,15.0,116.83198947648592,14308.219178082192,0,1,0,0,0,0
2874,25.9913,20704.874656787888,-659.6383232550305,5.0,2.43,3.0,-17144.857551218473,17144.857551218473,3138.0483456800653,15.0,116.83198947648592,14308.219178082192,0,1,0,0,0,0
2875,27.8182,19499.78140403327,-659.6383232550305,5.0,2.43,3.0,-18349.95080397309,18349.95080397309,3138.0483456800653,15.0,116.83198947648592,14308.219178082192,0,1,0,0,0,0
2876,27.3389,19815.946052369407,-659.6383232550305,5.0,2.43,3.0,-18033.786155636953,18033.786155636953,3138.0483456800653,15.0,116.83198947648592,14308.219178082192,0,1,0,0,0,0
2877,23.3838,22424.88158467538,-659.6383232550305,5.0,2.43,3.0,-15424.850623330984,15424.850623330984,3138.0483456800653,15.0,116.83198947648592,14308.219178082192,0,1,0,0,0,0
2878,20.5291,24307.951106071516,-659.6383232550305,5.0,2.43,3.0,-13541.781101934846,13541.781101934846,3138.0483456800653,15.0,116.83198947648592,14308.219178082192,0,1,0,0,0,0
2879,18.2465,25813.641542733443,-659.6383232550305,5.0,2.43,3.0,-12036.090665272915,12036.090665272915,3138.0483456800653,15.0,116.83198947648592,14308.219178082192,0,1,0,0,0,0
2880,18.4527,25677.624120478256,-659.6383232550305,5.0,2.43,3.0,-12172.108087528102,12172.108087528102,3138.0483456800653,15.0,116.83198947648592,14308.219178082192,0,1,0,0,0,0
2881,17.8946,26045.76826868689,-659.6383232550305,5.0,2.43,3.0,-11803.96393931947,11803.96393931947,3138.0483456800653,15.0,116.83198947648592,14308.219178082192,0,1,0,0,0,0
2882,18.0448,25946.69059253399,-659.6383232550305,5.0,2.43,3.0,-11903.041615472373,11903.041615472373,3138.0483456800653,15.0,116.83198947648592,14308.219178082192,0,1,0,0,0,0
2883,19.9356,24699.446450923373,-659.6383232550305,5.0,2.43,3.0,-13150.285757082987,13150.285757082987,3138.0483456800653,15.0,116.83198947648592,14308.219178082192,0,1,0,0,0,0
2884,19.6769,24870.09488514945,-659.6383232550305,5.0,2.43,3.0,-12979.63732285691,12979.63732285691,3138.0483456800653,15.0,116.83198947648592,14308.219178082192,0,1,0,0,0,0
2885,21.3041,23796.731405548868,-659.6383232550305,5.0,2.43,3.0,-14053.000802457495,14053.000802457495,3138.0483456800653,15.0,116.83198947648592,14308.219178082192,0,1,0,0,0,0
2886,23.0629,22636.559522607917,-659.6383232550305,5.0,2.43,3.0,-15213.172685398442,15213.172685398442,3138.0483456800653,15.0,116.83198947648592,14308.219178082192,0,1,0,0,0,0
2887,23.6696,22236.35695188909,-659.6383232550305,5.0,2.43,3.0,-15613.37525611727,15613.37525611727,3138.0483456800653,15.0,116.83198947648592,14308.219178082192,0,1,0,0,0,0
2888,24.551,21654.951733772108,-659.6383232550305,5.0,2.43,3.0,-16194.780474234252,16194.780474234252,3138.0483456800653,15.0,116.83198947648592,14308.219178082192,0,1,0,0,0,0
2889,54.6932,12399.290744269025,650.0,0,2.43,3.0,35550.58,-35550.58,15071.972825128516,0,556.8949724310688,14308.219178082192,1,0,0,0,0,0
2890,22.7555,22839.332343176513,-659.6383232550305,5.0,2.43,3.0,-15010.399864829848,15010.399864829848,3138.0483456800653,15.0,116.83198947648592,14308.219178082192,0,1,0,0,0,0
2891,37.5789,13061.249622237898,-659.6383232550305,5.0,2.43,3.0,-24788.482585768463,24788.482585768463,3138.0483456800653,15.0,116.83198947648592,14308.219178082192,0,1,0,0,0,0
2892,23.4252,22397.572558092623,-659.6383232550305,5.0,2.43,3.0,-15452.159649913741,15452.159649913741,3138.0483456800653,15.0,116.83198947648592,14308.219178082192,0,1,0,0,0,0
2893,23.0469,22647.113735779996,-659.6383232550305,5.0,2.43,3.0,-15202.618472226362,15202.618472226362,3138.0483456800653,15.0,116.83198947648592,14308.219178082192,0,1,0,0,0,0
2894,24.5397,21662.40564682489,-659.6383232550305,5.0,2.43,3.0,-16187.326561181471,16187.326561181471,3138.0483456800653,15.0,116.83198947648592,14308.219178082192,0,1,0,0,0,0
2895,25.2606,21186.87237959034,-659.6383232550305,5.0,2.43,3.0,-16662.859828416025,16662.859828416025,3138.0483456800653,15.0,116.83198947648592,14308.219178082192,0,1,0,0,0,0
2896,34.914,14819.119789880227,-659.6383232550305,5.0,2.43,3.0,-23030.612418126137,23030.612418126137,3138.0483456800653,15.0,116.83198947648592,14308.219178082192,0,1,0,0,0,0
2897,26.8635,20129.53811124485,-659.6383232550305,5.0,2.43,3.0,-17720.194096761512,17720.194096761512,3138.0483456800653,15.0,116.83198947648592,14308.219178082192,0,1,0,0,0,0
2898,23.3459,22449.881877126743,-659.6383232550305,5.0,2.43,3.0,-15399.850330879617,15399.850330879617,3138.0483456800653,15.0,116.83198947648592,14308.219178082192,0,1,0,0,0,0
2899,30.6983,17599.957069226457,-659.6383232550305,5.0,2.43,3.0,-20249.775138779904,20249.775138779904,3138.0483456800653,15.0,116.83198947648592,14308.219178082192,0,1,0,0,0,0
2900,24.9645,21382.19128710615,-659.6383232550305,5.0,2.43,3.0,-16467.54092090021,16467.54092090021,3138.0483456800653,15.0,116.83198947648592,14308.219178082192,0,1,0,0,0,0
2901,25.154,21257.189824849323,-659.6383232550305,5.0,2.43,3.0,-16592.542383157037,16592.542383157037,3138.0483456800653,15.0,116.83198947648592,14308.219178082192,0,1,0,0,0,0
2902,21.1334,23909.3316673285,-659.6383232550305,5.0,2.43,3.0,-13940.400540677863,13940.400540677863,3138.0483456800653,15.0,116.83198947648592,14308.219178082192,0,1,0,0,0,0
2903,19.4452,25022.933084647644,-659.6383232550305,5.0,2.43,3.0,-12826.79912335872,12826.79912335872,3138.0483456800653,15.0,116.83198947648592,14308.219178082192,0,1,0,0,0,0
2904,19.8502,24755.779563729353,-659.6383232550305,5.0,2.43,3.0,-13093.952644277007,13093.952644277007,3138.0483456800653,15.0,116.83198947648592,14308.219178082192,0,1,0,0,0,0
2905,18.2407,25817.467445008326,-659.6383232550305,5.0,2.43,3.0,-12032.264762998035,12032.264762998035,3138.0483456800653,15.0,116.83198947648592,14308.219178082192,0,1,0,0,0,0
2906,18.6546,25544.44314301307,-659.6383232550305,5.0,2.43,3.0,-12305.28906499329,12305.28906499329,3138.0483456800653,15.0,116.83198947648592,14308.219178082192,0,1,0,0,0,0
2907,19.5847,24930.913538553563,-659.6383232550305,5.0,2.43,3.0,-12918.818669452798,12918.818669452798,3138.0483456800653,15.0,116.83198947648592,14308.219178082192,0,1,0,0,0,0
2908,20.4335,24371.012529774696,-659.6383232550305,5.0,2.43,3.0,-13478.719678231666,13478.719678231666,3138.0483456800653,15.0,116.83198947648592,14308.219178082192,0,1,0,0,0,0
2909,22.2905,23146.064163490104,-659.6383232550305,5.0,2.43,3.0,-14703.668044516258,14703.668044516258,3138.0483456800653,15.0,116.83198947648592,14308.219178082192,0,1,0,0,0,0
2910,21.3728,23751.41425274124,-659.6383232550305,5.0,2.43,3.0,-14098.317955265116,14098.317955265116,3138.0483456800653,15.0,116.83198947648592,14308.219178082192,0,1,0,0,0,0
2911,24.2295,21867.025454698596,-659.6383232550305,5.0,2.43,3.0,-15982.706753307762,15982.706753307762,3138.0483456800653,15.0,116.83198947648592,14308.219178082192,0,1,0,0,0,0
2912,23.1751,22562.548102738703,-659.6383232550305,5.0,2.43,3.0,-15287.184105267657,15287.184105267657,3138.0483456800653,15.0,116.83198947648592,14308.219178082192,0,1,0,0,0,0
2913,25.6527,20928.22819304204,-659.6383232550305,5.0,2.43,3.0,-16921.50401496432,16921.50401496432,3138.0483456800653,15.0,116.83198947648592,14308.219178082192,0,1,0,0,0,0
2914,25.7923,20836.14268311564,-659.6383232550305,5.0,2.43,3.0,-17013.589524890725,17013.589524890725,3138.0483456800653,15.0,116.83198947648592,14308.219178082192,0,1,0,0,0,0
2915,24.7437,21527.839428880863,-659.6383232550305,5.0,2.43,3.0,-16321.8927791255,16321.8927791255,3138.0483456800653,15.0,116.83198947648592,14308.219178082192,0,1,0,0,0,0
2916,29.6255,18307.617062414454,-659.6383232550305,5.0,2.43,3.0,-19542.115145591906,19542.115145591906,3138.0483456800653,15.0,116.83198947648592,14308.219178082192,0,1,0,0,0,0
2917,32.5236,16395.91923778905,-659.6383232550305,5.0,2.43,3.0,-21453.81297021731,21453.81297021731,3138.0483456800653,15.0,116.83198947648592,14308.219178082192,0,1,0,0,0,0
2918,32.455,16441.170426764347,-659.6383232550305,5.0,2.43,3.0,-21408.561781242013,21408.561781242013,3138.0483456800653,15.0,116.83198947648592,14308.219178082192,0,1,0,0,0,0
2919,26.1897,20574.00241345409,-659.6383232550305,5.0,2.43,3.0,-17275.729794552273,17275.729794552273,3138.0483456800653,15.0,116.83198947648592,14308.219178082192,0,1,0,0,0,0
2920,26.5095,20363.05007767713,-659.6383232550305,5.0,2.43,3.0,-17486.68213032923,17486.68213032923,3138.0483456800653,15.0,116.83198947648592,14308.219178082192,0,1,0,0,0,0
2921,27.2004,19907.30596014023,-659.6383232550305,5.0,2.43,3.0,-17942.42624786613,17942.42624786613,3138.0483456800653,15.0,116.83198947648592,14308.219178082192,0,1,0,0,0,0
2922,24.0922,21957.593796481517,-659.6383232550305,5.0,2.43,3.0,-15892.138411524846,15892.138411524846,3138.0483456800653,15.0,116.83198947648592,14308.219178082192,0,1,0,0,0,0
2923,26.3987,20436.138003893786,-659.6383232550305,5.0,2.43,3.0,-17413.594204112575,17413.594204112575,3138.0483456800653,15.0,116.83198947648592,14308.219178082192,0,1,0,0,0,0
2924,31.7411,16912.08622573611,-659.6383232550305,5.0,2.43,3.0,-20937.64598227025,20937.64598227025,3138.0483456800653,15.0,116.83198947648592,14308.219178082192,0,1,0,0,0,0
2925,23.1985,22547.112565974538,-659.6383232550305,5.0,2.43,3.0,-15302.619642031825,15302.619642031825,3138.0483456800653,15.0,116.83198947648592,14308.219178082192,0,1,0,0,0,0
2926,21.9558,23366.84511028356,-659.6383232550305,5.0,2.43,3.0,-14482.8870977228,14482.8870977228,3138.0483456800653,15.0,116.83198947648592,14308.219178082192,0,1,0,0,0,0
2927,19.7657,24811.519002044406,-659.6383232550305,5.0,2.43,3.0,-13038.213205961956,13038.213205961956,3138.0483456800653,15.0,116.83198947648592,14308.219178082192,0,1,0,0,0,0
2928,19.8302,24768.972330194454,-659.6383232550305,5.0,2.43,3.0,-13080.759877811906,13080.759877811906,3138.0483456800653,15.0,116.83198947648592,14308.219178082192,0,1,0,0,0,0
2929,20.2556,24488.36218748176,-659.6383232550305,5.0,2.43,3.0,-13361.370020524597,13361.370020524597,3138.0483456800653,15.0,116.83198947648592,14308.219178082192,0,1,0,0,0,0
2930,19.6229,24905.71535460522,-659.6383232550305,5.0,2.43,3.0,-12944.016853401139,12944.016853401139,3138.0483456800653,15.0,116.83198947648592,14308.219178082192,0,1,0,0,0,0
2931,21.008,23992.050313064683,-659.6383232550305,5.0,2.43,3.0,-13857.681894941681,13857.681894941681,3138.0483456800653,15.0,116.83198947648592,14308.219178082192,0,1,0,0,0,0
2932,22.2151,23195.800893063533,-659.6383232550305,5.0,2.43,3.0,-14653.931314942829,14653.931314942829,3138.0483456800653,15.0,116.83198947648592,14308.219178082192,0,1,0,0,0,0
2933,28.0265,19362.37874129925,-659.6383232550305,5.0,2.43,3.0,-18487.35346670711,18487.35346670711,3138.0483456800653,15.0,116.83198947648592,14308.219178082192,0,1,0,0,0,0
2934,28.6644,18941.595454894865,-659.6383232550305,5.0,2.43,3.0,-18908.136753111496,18908.136753111496,3138.0483456800653,15.0,116.83198947648592,14308.219178082192,0,1,0,0,0,0
2935,26.7419,20209.75013135266,-659.6383232550305,5.0,2.43,3.0,-17639.9820766537,17639.9820766537,3138.0483456800653,15.0,116.83198947648592,14308.219178082192,0,1,0,0,0,0
2936,33.0635,16039.78050706366,-659.6383232550305,5.0,2.43,3.0,-21809.9517009427,21809.9517009427,3138.0483456800653,15.0,116.83198947648592,14308.219178082192,0,1,0,0,0,0
2937,26.1879,20575.189762435948,-659.6383232550305,5.0,2.43,3.0,-17274.542445570412,17274.542445570412,3138.0483456800653,15.0,116.83198947648592,14308.219178082192,0,1,0,0,0,0
2938,28.9739,18737.43739384743,-659.6383232550305,5.0,2.43,3.0,-19112.29481415893,19112.29481415893,3138.0483456800653,15.0,116.83198947648592,14308.219178082192,0,1,0,0,0,0
2939,27.7446,19548.330784624843,-659.6383232550305,5.0,2.43,3.0,-18301.401423381518,18301.401423381518,3138.0483456800653,15.0,116.83198947648592,14308.219178082192,0,1,0,0,0,0
2940,31.7664,16895.397376157758,-659.6383232550305,5.0,2.43,3.0,-20954.334831848602,20954.334831848602,3138.0483456800653,15.0,116.83198947648592,14308.219178082192,0,1,0,0,0,0
2941,24.8988,21425.529524944006,-659.6383232550305,5.0,2.43,3.0,-16424.202683062354,16424.202683062354,3138.0483456800653,15.0,116.83198947648592,14308.219178082192,0,1,0,0,0,0
2942,28.3118,19174.18392767459,-659.6383232550305,5.0,2.43,3.0,-18675.548280331775,18675.548280331775,3138.0483456800653,15.0,116.83198947648592,14308.219178082192,0,1,0,0,0,0
2943,32.2899,16550.07671393375,-659.6383232550305,5.0,2.43,3.0,-21299.655494072613,21299.655494072613,3138.0483456800653,15.0,116.83198947648592,14308.219178082192,0,1,0,0,0,0
2944,24.6549,21586.415311985907,-659.6383232550305,5.0,2.43,3.0,-16263.316896020453,16263.316896020453,3138.0483456800653,15.0,116.83198947648592,14308.219178082192,0,1,0,0,0,0
2945,27.3347,19818.71653332708,-659.6383232550305,5.0,2.43,3.0,-18031.01567467928,18031.01567467928,3138.0483456800653,15.0,116.83198947648592,14308.219178082192,0,1,0,0,0,0
2946,31.8676,16828.641977844352,-659.6383232550305,5.0,2.43,3.0,-21021.09023016201,21021.09023016201,3138.0483456800653,15.0,116.83198947648592,14308.219178082192,0,1,0,0,0,0
2947,26.8098,20164.960689203643,-659.6383232550305,5.0,2.43,3.0,-17684.771518802718,17684.771518802718,3138.0483456800653,15.0,116.83198947648592,14308.219178082192,0,1,0,0,0,0
2948,28.9421,18758.41389252694,-659.6383232550305,5.0,2.43,3.0,-19091.318315479417,19091.318315479417,3138.0483456800653,15.0,116.83198947648592,14308.219178082192,0,1,0,0,0,0
2949,20.5982,24262.370097934592,-659.6383232550305,5.0,2.43,3.0,-13587.362110071768,13587.362110071768,3138.0483456800653,15.0,116.83198947648592,14308.219178082192,0,1,0,0,0,0
2950,20.2757,24475.10345718434,-659.6383232550305,5.0,2.43,3.0,-13374.628750822023,13374.628750822023,3138.0483456800653,15.0,116.83198947648592,14308.219178082192,0,1,0,0,0,0
2951,20.4636,24351.15741624472,-659.6383232550305,5.0,2.43,3.0,-13498.574791761643,13498.574791761643,3138.0483456800653,15.0,116.83198947648592,14308.219178082192,0,1,0,0,0,0
2952,20.4415,24365.735423188657,-659.6383232550305,5.0,2.43,3.0,-13483.996784817708,13483.996784817708,3138.0483456800653,15.0,116.83198947648592,14308.219178082192,0,1,0,0,0,0
2953,20.7228,24180.179162857014,-659.6383232550305,5.0,2.43,3.0,-13669.553045149347,13669.553045149347,3138.0483456800653,15.0,116.83198947648592,14308.219178082192,0,1,0,0,0,0
2954,19.9254,24706.174761820577,-659.6383232550305,5.0,2.43,3.0,-13143.557446185785,13143.557446185785,3138.0483456800653,15.0,116.83198947648592,14308.219178082192,0,1,0,0,0,0
2955,19.4117,25045.030968476683,-659.6383232550305,5.0,2.43,3.0,-12804.701239529675,12804.701239529675,3138.0483456800653,15.0,116.83198947648592,14308.219178082192,0,1,0,0,0,0
2956,20.0012,24656.174176917844,-659.6383232550305,5.0,2.43,3.0,-13193.558031088516,13193.558031088516,3138.0483456800653,15.0,116.83198947648592,14308.219178082192,0,1,0,0,0,0
2957,20.7255,24178.398139384226,-659.6383232550305,5.0,2.43,3.0,-13671.334068622135,13671.334068622135,3138.0483456800653,15.0,116.83198947648592,14308.219178082192,0,1,0,0,0,0
2958,21.3607,23759.395876452632,-659.6383232550305,5.0,2.43,3.0,-14090.336331553732,14090.336331553732,3138.0483456800653,15.0,116.83198947648592,14308.219178082192,0,1,0,0,0,0
2959,23.9397,22058.18864077791,-659.6383232550305,5.0,2.43,3.0,-15791.543567228453,15791.543567228453,3138.0483456800653,15.0,116.83198947648592,14308.219178082192,0,1,0,0,0,0
2960,24.1484,21920.52212271458,-659.6383232550305,5.0,2.43,3.0,-15929.210085291777,15929.210085291777,3138.0483456800653,15.0,116.83198947648592,14308.219178082192,0,1,0,0,0,0
2961,27.7902,19518.25127708441,-659.6383232550305,5.0,2.43,3.0,-18331.48093092195,18331.48093092195,3138.0483456800653,15.0,116.83198947648592,14308.219178082192,0,1,0,0,0,0
2962,24.658,21584.370433183816,-659.6383232550305,5.0,2.43,3.0,-16265.361774822542,16265.361774822542,3138.0483456800653,15.0,116.83198947648592,14308.219178082192,0,1,0,0,0,0
2963,26.3078,20496.099127477668,-659.6383232550305,5.0,2.43,3.0,-17353.633080528693,17353.633080528693,3138.0483456800653,15.0,116.83198947648592,14308.219178082192,0,1,0,0,0,0
2964,26.079,20647.02437583842,-659.6383232550305,5.0,2.43,3.0,-17202.70783216794,17202.70783216794,3138.0483456800653,15.0,116.83198947648592,14308.219178082192,0,1,0,0,0,0
2965,24.953,21389.777127823585,-659.6383232550305,5.0,2.43,3.0,-16459.955080182775,16459.955080182775,3138.0483456800653,15.0,116.83198947648592,14308.219178082192,0,1,0,0,0,0
2966,25.8876,20773.279150909435,-659.6383232550305,5.0,2.43,3.0,-17076.45305709693,17076.45305709693,3138.0483456800653,15.0,116.83198947648592,14308.219178082192,0,1,0,0,0,0
2967,25.2107,21219.788331920765,-659.6383232550305,5.0,2.43,3.0,-16629.943876085596,16629.943876085596,3138.0483456800653,15.0,116.83198947648592,14308.219178082192,0,1,0,0,0,0
2968,23.1533,22576.92821818566,-659.6383232550305,5.0,2.43,3.0,-15272.803989820699,15272.803989820699,3138.0483456800653,15.0,116.83198947648592,14308.219178082192,0,1,0,0,0,0
2969,22.4881,23015.71963081491,-659.6383232550305,5.0,2.43,3.0,-14834.012577191452,14834.012577191452,3138.0483456800653,15.0,116.83198947648592,14308.219178082192,0,1,0,0,0,0
2970,23.2218,22531.74299304269,-659.6383232550305,5.0,2.43,3.0,-15317.989214963669,15317.989214963669,3138.0483456800653,15.0,116.83198947648592,14308.219178082192,0,1,0,0,0,0
2971,25.5621,20987.991425128945,-659.6383232550305,5.0,2.43,3.0,-16861.740782877416,16861.740782877416,3138.0483456800653,15.0,116.83198947648592,14308.219178082192,0,1,0,0,0,0
2972,28.2305,19227.812523355224,-659.6383232550305,5.0,2.43,3.0,-18621.919684651137,18621.919684651137,3138.0483456800653,15.0,116.83198947648592,14308.219178082192,0,1,0,0,0,0
2973,21.8895,23410.57913111537,-659.6383232550305,5.0,2.43,3.0,-14439.153076890992,14439.153076890992,3138.0483456800653,15.0,116.83198947648592,14308.219178082192,0,1,0,0,0,0
2974,19.4908,24992.853577107213,-659.6383232550305,5.0,2.43,3.0,-12856.87863089915,12856.87863089915,3138.0483456800653,15.0,116.83198947648592,14308.219178082192,0,1,0,0,0,0
2975,18.2953,25781.451192558598,-659.6383232550305,5.0,2.43,3.0,-12068.281015447761,12068.281015447761,3138.0483456800653,15.0,116.83198947648592,14308.219178082192,0,1,0,0,0,0
2976,17.9241,26026.30893815087,-659.6383232550305,5.0,2.43,3.0,-11823.423269855492,11823.423269855492,3138.0483456800653,15.0,116.83198947648592,14308.219178082192,0,1,0,0,0,0
2977,18.0691,25930.66138127889,-659.6383232550305,5.0,2.43,3.0,-11919.070826727471,11919.070826727471,3138.0483456800653,15.0,116.83198947648592,14308.219178082192,0,1,0,0,0,0
2978,16.9571,26664.17919673848,-659.6383232550305,5.0,2.43,3.0,-11185.553011267879,11185.553011267879,3138.0483456800653,15.0,116.83198947648592,14308.219178082192,0,1,0,0,0,0
2979,17.4152,26361.998880855353,-659.6383232550305,5.0,2.43,3.0,-11487.733327151007,11487.733327151007,3138.0483456800653,15.0,116.83198947648592,14308.219178082192,0,1,0,0,0,0
2980,17.5161,26295.44137403892,-659.6383232550305,5.0,2.43,3.0,-11554.290833967441,11554.290833967441,3138.0483456800653,15.0,116.83198947648592,14308.219178082192,0,1,0,0,0,0
2981,18.3454,25748.403312563525,-659.6383232550305,5.0,2.43,3.0,-12101.328895442837,12101.328895442837,3138.0483456800653,15.0,116.83198947648592,14308.219178082192,0,1,0,0,0,0
2982,19.3955,25055.717109313417,-659.6383232550305,5.0,2.43,3.0,-12794.015098692944,12794.015098692944,3138.0483456800653,15.0,116.83198947648592,14308.219178082192,0,1,0,0,0,0
2983,20.1844,24535.328436097523,-659.6383232550305,5.0,2.43,3.0,-13314.403771908837,13314.403771908837,3138.0483456800653,15.0,116.83198947648592,14308.219178082192,0,1,0,0,0,0
2984,21.1099,23924.833167924993,-659.6383232550305,5.0,2.43,3.0,-13924.89904008137,13924.89904008137,3138.0483456800653,15.0,116.83198947648592,14308.219178082192,0,1,0,0,0,0
2985,21.1533,23896.204864695723,-659.6383232550305,5.0,2.43,3.0,-13953.527343310638,13953.527343310638,3138.0483456800653,15.0,116.83198947648592,14308.219178082192,0,1,0,0,0,0
2986,21.772,23488.08663409784,-659.6383232550305,5.0,2.43,3.0,-14361.645573908523,14361.645573908523,3138.0483456800653,15.0,116.83198947648592,14308.219178082192,0,1,0,0,0,0
2987,22.568,22963.01452878683,-659.6383232550305,5.0,2.43,3.0,-14886.71767921953,14886.71767921953,3138.0483456800653,15.0,116.83198947648592,14308.219178082192,0,1,0,0,0,0
2988,21.1362,23907.484680023386,-659.6383232550305,5.0,2.43,3.0,-13942.247527982976,13942.247527982976,3138.0483456800653,15.0,116.83198947648592,14308.219178082192,0,1,0,0,0,0
2989,20.6624,24220.021317581617,-659.6383232550305,5.0,2.43,3.0,-13629.710890424743,13629.710890424743,3138.0483456800653,15.0,116.83198947648592,14308.219178082192,0,1,0,0,0,0
2990,21.1293,23912.036184453842,-659.6383232550305,5.0,2.43,3.0,-13937.696023552517,13937.696023552517,3138.0483456800653,15.0,116.83198947648592,14308.219178082192,0,1,0,0,0,0
2991,22.8472,22778.843508934027,-659.6383232550305,5.0,2.43,3.0,-15070.888699072333,15070.888699072333,3138.0483456800653,15.0,116.83198947648592,14308.219178082192,0,1,0,0,0,0
2992,23.1752,22562.48213890638,-659.6383232550305,5.0,2.43,3.0,-15287.250069099984,15287.250069099984,3138.0483456800653,15.0,116.83198947648592,14308.219178082192,0,1,0,0,0,0
2993,21.6933,23540.000170138006,-659.6383232550305,5.0,2.43,3.0,-14309.732037868354,14309.732037868354,3138.0483456800653,15.0,116.83198947648592,14308.219178082192,0,1,0,0,0,0
2994,22.5507,22974.426271779143,-659.6383232550305,5.0,2.43,3.0,-14875.305936227216,14875.305936227216,3138.0483456800653,15.0,116.83198947648592,14308.219178082192,0,1,0,0,0,0
2995,22.2083,23200.286433661666,-659.6383232550305,5.0,2.43,3.0,-14649.445774344695,14649.445774344695,3138.0483456800653,15.0,116.83198947648592,14308.219178082192,0,1,0,0,0,0
2996,22.2754,23156.024702171253,-659.6383232550305,5.0,2.43,3.0,-14693.707505835107,14693.707505835107,3138.0483456800653,15.0,116.83198947648592,14308.219178082192,0,1,0,0,0,0
2997,19.2044,25181.77399288745,-659.6383232550305,5.0,2.43,3.0,-12667.958215118908,12667.958215118908,3138.0483456800653,15.0,116.83198947648592,14308.219178082192,0,1,0,0,0,0
2998,16.6842,26844.19449515478,-659.6383232550305,5.0,2.43,3.0,-11005.537712851581,11005.537712851581,3138.0483456800653,15.0,116.83198947648592,14308.219178082192,0,1,0,0,0,0
2999,15.6124,27551.19485001952,-659.6383232550305,5.0,2.43,3.0,-10298.537357986837,10298.537357986837,3138.0483456800653,15.0,116.83198947648592,14308.219178082192,0,1,0,0,0,0
3000,14.5472,28253.841591950782,-659.6383232550305,5.0,2.43,3.0,-9595.89061605558,9595.89061605558,3138.0483456800653,15.0,116.83198947648592,14308.219178082192,0,1,0,0,0,0
3001,15.0802,27902.25436565585,-659.6383232550305,5.0,2.43,3.0,-9947.47784235051,9947.47784235051,3138.0483456800653,15.0,116.83198947648592,14308.219178082192,0,1,0,0,0,0
3002,14.3917,28356.415351216936,-659.6383232550305,5.0,2.43,3.0,-9493.316856789423,9493.316856789423,3138.0483456800653,15.0,116.83198947648592,14308.219178082192,0,1,0,0,0,0
3003,13.8673,28702.329687931873,-659.6383232550305,5.0,2.43,3.0,-9147.402520074485,9147.402520074485,3138.0483456800653,15.0,116.83198947648592,14308.219178082192,0,1,0,0,0,0
3004,16.4134,27022.824553092243,-659.6383232550305,5.0,2.43,3.0,-10826.907654914117,10826.907654914117,3138.0483456800653,15.0,116.83198947648592,14308.219178082192,0,1,0,0,0,0
3005,21.5711,23620.60797323977,-659.6383232550305,5.0,2.43,3.0,-14229.12423476659,14229.12423476659,3138.0483456800653,15.0,116.83198947648592,14308.219178082192,0,1,0,0,0,0
3006,23.358,22441.90025341536,-659.6383232550305,5.0,2.43,3.0,-15407.831954591004,15407.831954591004,3138.0483456800653,15.0,116.83198947648592,14308.219178082192,0,1,0,0,0,0
3007,23.4791,22362.018052469175,-659.6383232550305,5.0,2.43,3.0,-15487.714155537185,15487.714155537185,3138.0483456800653,15.0,116.83198947648592,14308.219178082192,0,1,0,0,0,0
3008,23.4166,22403.245447672612,-659.6383232550305,5.0,2.43,3.0,-15446.486760333746,15446.486760333746,3138.0483456800653,15.0,116.83198947648592,14308.219178082192,0,1,0,0,0,0
3009,23.803,22148.36119956687,-659.6383232550305,5.0,2.43,3.0,-15701.371008439492,15701.371008439492,3138.0483456800653,15.0,116.83198947648592,14308.219178082192,0,1,0,0,0,0
3010,23.5022,22346.780407201986,-659.6383232550305,5.0,2.43,3.0,-15502.951800804378,15502.951800804378,3138.0483456800653,15.0,116.83198947648592,14308.219178082192,0,1,0,0,0,0
3011,23.3546,22444.143023714423,-659.6383232550305,5.0,2.43,3.0,-15405.589184291937,15405.589184291937,3138.0483456800653,15.0,116.83198947648592,14308.219178082192,0,1,0,0,0,0
3012,23.9978,22019.86365419679,-659.6383232550305,5.0,2.43,3.0,-15829.868553809572,15829.868553809572,3138.0483456800653,15.0,116.83198947648592,14308.219178082192,0,1,0,0,0,0
3013,23.4896,22355.091850074998,-659.6383232550305,5.0,2.43,3.0,-15494.640357931365,15494.640357931365,3138.0483456800653,15.0,116.83198947648592,14308.219178082192,0,1,0,0,0,0
3014,25.0381,21333.641906514582,-659.6383232550305,5.0,2.43,3.0,-16516.09030149178,16516.09030149178,3138.0483456800653,15.0,116.83198947648592,14308.219178082192,0,1,0,0,0,0
3015,25.4675,21050.39321050887,-659.6383232550305,5.0,2.43,3.0,-16799.33899749749,16799.33899749749,3138.0483456800653,15.0,116.83198947648592,14308.219178082192,0,1,0,0,0,0
3016,26.2911,20507.115087476028,-659.6383232550305,5.0,2.43,3.0,-17342.617120530333,17342.617120530333,3138.0483456800653,15.0,116.83198947648592,14308.219178082192,0,1,0,0,0,0
3017,42.1644,10036.47809095195,-659.6383232550305,5.0,2.43,3.0,-27813.25411705441,27813.25411705441,3138.0483456800653,15.0,116.83198947648592,14308.219178082192,0,1,0,0,0,0
3018,21.5964,23603.91912366142,-659.6383232550305,5.0,2.43,3.0,-14245.81308434494,14245.81308434494,3138.0483456800653,15.0,116.83198947648592,14308.219178082192,0,1,0,0,0,0
3019,24.5331,21666.75925975837,-659.6383232550305,5.0,2.43,3.0,-16182.97294824799,16182.97294824799,3138.0483456800653,15.0,116.83198947648592,14308.219178082192,0,1,0,0,0,0
3020,24.0649,21975.601922706377,-659.6383232550305,5.0,2.43,3.0,-15874.130285299985,15874.130285299985,3138.0483456800653,15.0,116.83198947648592,14308.219178082192,0,1,0,0,0,0
3021,19.8086,24783.220517976762,-659.6383232550305,5.0,2.43,3.0,-13066.511690029596,13066.511690029596,3138.0483456800653,15.0,116.83198947648592,14308.219178082192,0,1,0,0,0,0
3022,16.0839,27240.175380604775,-659.6383232550305,5.0,2.43,3.0,-10609.556827401586,10609.556827401586,3138.0483456800653,15.0,116.83198947648592,14308.219178082192,0,1,0,0,0,0
3023,16.2406,27136.81005535071,-659.6383232550305,5.0,2.43,3.0,-10712.922152655648,10712.922152655648,3138.0483456800653,15.0,116.83198947648592,14308.219178082192,0,1,0,0,0,0
3024,16.3394,27071.63778901311,-659.6383232550305,5.0,2.43,3.0,-10778.094418993247,10778.094418993247,3138.0483456800653,15.0,116.83198947648592,14308.219178082192,0,1,0,0,0,0
3025,16.6807,26846.503229286172,-659.6383232550305,5.0,2.43,3.0,-11003.228978720188,11003.228978720188,3138.0483456800653,15.0,116.83198947648592,14308.219178082192,0,1,0,0,0,0
3026,15.3951,27694.53425766284,-659.6383232550305,5.0,2.43,3.0,-10155.19795034352,10155.19795034352,3138.0483456800653,15.0,116.83198947648592,14308.219178082192,0,1,0,0,0,0
3027,15.574,27576.524961632516,-659.6383232550305,5.0,2.43,3.0,-10273.207246373846,10273.207246373846,3138.0483456800653,15.0,116.83198947648592,14308.219178082192,0,1,0,0,0,0
3028,17.2892,26445.113309585486,-659.6383232550305,5.0,2.43,3.0,-11404.618898420875,11404.618898420875,3138.0483456800653,15.0,116.83198947648592,14308.219178082192,0,1,0,0,0,0
3029,21.7932,23474.10230164483,-659.6383232550305,5.0,2.43,3.0,-14375.62990636153,14375.62990636153,3138.0483456800653,15.0,116.83198947648592,14308.219178082192,0,1,0,0,0,0
3030,21.9345,23380.895406568896,-659.6383232550305,5.0,2.43,3.0,-14468.836801437466,14468.836801437466,3138.0483456800653,15.0,116.83198947648592,14308.219178082192,0,1,0,0,0,0
3031,23.362,22439.26170012234,-659.6383232550305,5.0,2.43,3.0,-15410.470507884022,15410.470507884022,3138.0483456800653,15.0,116.83198947648592,14308.219178082192,0,1,0,0,0,0
3032,26.3288,20482.246722689313,-659.6383232550305,5.0,2.43,3.0,-17367.485485317047,17367.485485317047,3138.0483456800653,15.0,116.83198947648592,14308.219178082192,0,1,0,0,0,0
3033,24.5631,21646.970110060724,-659.6383232550305,5.0,2.43,3.0,-16202.762097945639,16202.762097945639,3138.0483456800653,15.0,116.83198947648592,14308.219178082192,0,1,0,0,0,0
3034,24.0317,21997.501915038447,-659.6383232550305,5.0,2.43,3.0,-15852.230292967917,15852.230292967917,3138.0483456800653,15.0,116.83198947648592,14308.219178082192,0,1,0,0,0,0
3035,23.9064,22080.1545969423,-659.6383232550305,5.0,2.43,3.0,-15769.577611064062,15769.577611064062,3138.0483456800653,15.0,116.83198947648592,14308.219178082192,0,1,0,0,0,0
3036,25.8127,20822.686061321234,-659.6383232550305,5.0,2.43,3.0,-17027.046146685127,17027.046146685127,3138.0483456800653,15.0,116.83198947648592,14308.219178082192,0,1,0,0,0,0
3037,23.2698,22500.08035352645,-659.6383232550305,5.0,2.43,3.0,-15349.65185447991,15349.65185447991,3138.0483456800653,15.0,116.83198947648592,14308.219178082192,0,1,0,0,0,0
3038,26.1625,20591.944575846625,-659.6383232550305,5.0,2.43,3.0,-17257.787632159736,17257.787632159736,3138.0483456800653,15.0,116.83198947648592,14308.219178082192,0,1,0,0,0,0
3039,26.751,20203.74742261104,-659.6383232550305,5.0,2.43,3.0,-17645.98478539532,17645.98478539532,3138.0483456800653,15.0,116.83198947648592,14308.219178082192,0,1,0,0,0,0
3040,24.0938,21956.538375164306,-659.6383232550305,5.0,2.43,3.0,-15893.193832842055,15893.193832842055,3138.0483456800653,15.0,116.83198947648592,14308.219178082192,0,1,0,0,0,0
3041,30.1516,17960.581340549983,-659.6383232550305,5.0,2.43,3.0,-19889.150867456377,19889.150867456377,3138.0483456800653,15.0,116.83198947648592,14308.219178082192,0,1,0,0,0,0
3042,24.2629,21844.993534701884,-659.6383232550305,5.0,2.43,3.0,-16004.738673304479,16004.738673304479,3138.0483456800653,15.0,116.83198947648592,14308.219178082192,0,1,0,0,0,0
3043,24.5745,21639.450233175612,-659.6383232550305,5.0,2.43,3.0,-16210.281974830748,16210.281974830748,3138.0483456800653,15.0,116.83198947648592,14308.219178082192,0,1,0,0,0,0
3044,24.9129,21416.22862458611,-659.6383232550305,5.0,2.43,3.0,-16433.50358342025,16433.50358342025,3138.0483456800653,15.0,116.83198947648592,14308.219178082192,0,1,0,0,0,0
3045,20.0268,24639.287435842514,-659.6383232550305,5.0,2.43,3.0,-13210.444772163846,13210.444772163846,3138.0483456800653,15.0,116.83198947648592,14308.219178082192,0,1,0,0,0,0
3046,18.0639,25934.091500559814,-659.6383232550305,5.0,2.43,3.0,-11915.640707446546,11915.640707446546,3138.0483456800653,15.0,116.83198947648592,14308.219178082192,0,1,0,0,0,0
3047,16.872,26720.314418047485,-659.6383232550305,5.0,2.43,3.0,-11129.417789958874,11129.417789958874,3138.0483456800653,15.0,116.83198947648592,14308.219178082192,0,1,0,0,0,0
3048,15.9096,27355.150340348126,-659.6383232550305,5.0,2.43,3.0,-10494.581867658233,10494.581867658233,3138.0483456800653,15.0,116.83198947648592,14308.219178082192,0,1,0,0,0,0
3049,15.6631,27517.75118703049,-659.6383232550305,5.0,2.43,3.0,-10331.981020975869,10331.981020975869,3138.0483456800653,15.0,116.83198947648592,14308.219178082192,0,1,0,0,0,0
3050,15.1804,27836.158605665696,-659.6383232550305,5.0,2.43,3.0,-10013.573602340666,10013.573602340666,3138.0483456800653,15.0,116.83198947648592,14308.219178082192,0,1,0,0,0,0
3051,14.5544,28249.092196023346,-659.6383232550305,5.0,2.43,3.0,-9600.640011983016,9600.640011983016,3138.0483456800653,15.0,116.83198947648592,14308.219178082192,0,1,0,0,0,0
3052,16.4389,27006.00377584924,-659.6383232550305,5.0,2.43,3.0,-10843.72843215712,10843.72843215712,3138.0483456800653,15.0,116.83198947648592,14308.219178082192,0,1,0,0,0,0
3053,19.6385,24895.424996762446,-659.6383232550305,5.0,2.43,3.0,-12954.307211243917,12954.307211243917,3138.0483456800653,15.0,116.83198947648592,14308.219178082192,0,1,0,0,0,0
3054,19.9059,24719.03770912405,-659.6383232550305,5.0,2.43,3.0,-13130.69449888231,13130.69449888231,3138.0483456800653,15.0,116.83198947648592,14308.219178082192,0,1,0,0,0,0
3055,20.1506,24557.624211423543,-659.6383232550305,5.0,2.43,3.0,-13292.107996582818,13292.107996582818,3138.0483456800653,15.0,116.83198947648592,14308.219178082192,0,1,0,0,0,0
3056,23.9605,22044.4681636542,-659.6383232550305,5.0,2.43,3.0,-15805.264044352158,15805.264044352158,3138.0483456800653,15.0,116.83198947648592,14308.219178082192,0,1,0,0,0,0
3057,21.633,23579.776361030286,-659.6383232550305,5.0,2.43,3.0,-14269.955846976074,14269.955846976074,3138.0483456800653,15.0,116.83198947648592,14308.219178082192,0,1,0,0,0,0
3058,22.7899,22816.64078485654,-659.6383232550305,5.0,2.43,3.0,-15033.09142314982,15033.09142314982,3138.0483456800653,15.0,116.83198947648592,14308.219178082192,0,1,0,0,0,0
3059,23.6585,22243.678937277222,-659.6383232550305,5.0,2.43,3.0,-15606.053270729139,15606.053270729139,3138.0483456800653,15.0,116.83198947648592,14308.219178082192,0,1,0,0,0,0
3060,23.0633,22636.295667278617,-659.6383232550305,5.0,2.43,3.0,-15213.436540727746,15213.436540727746,3138.0483456800653,15.0,116.83198947648592,14308.219178082192,0,1,0,0,0,0
3061,22.2884,23147.449403968938,-659.6383232550305,5.0,2.43,3.0,-14702.282804037422,14702.282804037422,3138.0483456800653,15.0,116.83198947648592,14308.219178082192,0,1,0,0,0,0
3062,23.4649,22371.384916659394,-659.6383232550305,5.0,2.43,3.0,-15478.347291346965,15478.347291346965,3138.0483456800653,15.0,116.83198947648592,14308.219178082192,0,1,0,0,0,0
3063,23.3405,22453.443924072322,-659.6383232550305,5.0,2.43,3.0,-15396.288283934038,15396.288283934038,3138.0483456800653,15.0,116.83198947648592,14308.219178082192,0,1,0,0,0,0
3064,25.0216,21344.52593884829,-659.6383232550305,5.0,2.43,3.0,-16505.206269158072,16505.206269158072,3138.0483456800653,15.0,116.83198947648592,14308.219178082192,0,1,0,0,0,0
3065,22.4698,23027.791012130478,-659.6383232550305,5.0,2.43,3.0,-14821.941195875885,14821.941195875885,3138.0483456800653,15.0,116.83198947648592,14308.219178082192,0,1,0,0,0,0
3066,28.8376,18827.346097307094,-659.6383232550305,5.0,2.43,3.0,-19022.386110699266,19022.386110699266,3138.0483456800653,15.0,116.83198947648592,14308.219178082192,0,1,0,0,0,0
3067,23.4305,22394.07647497937,-659.6383232550305,5.0,2.43,3.0,-15455.655733026992,15455.655733026992,3138.0483456800653,15.0,116.83198947648592,14308.219178082192,0,1,0,0,0,0
3068,23.0062,22673.96101553648,-659.6383232550305,5.0,2.43,3.0,-15175.771192469883,15175.771192469883,3138.0483456800653,15.0,116.83198947648592,14308.219178082192,0,1,0,0,0,0
3069,19.2543,25148.858040557025,-659.6383232550305,5.0,2.43,3.0,-12700.874167449334,12700.874167449334,3138.0483456800653,15.0,116.83198947648592,14308.219178082192,0,1,0,0,0,0
3070,19.5605,24946.876785976336,-659.6383232550305,5.0,2.43,3.0,-12902.855422030025,12902.855422030025,3138.0483456800653,15.0,116.83198947648592,14308.219178082192,0,1,0,0,0,0
3071,17.8246,26091.942951314744,-659.6383232550305,5.0,2.43,3.0,-11757.789256691616,11757.789256691616,3138.0483456800653,15.0,116.83198947648592,14308.219178082192,0,1,0,0,0,0
3072,18.6318,25559.482896783284,-659.6383232550305,5.0,2.43,3.0,-12290.249311223077,12290.249311223077,3138.0483456800653,15.0,116.83198947648592,14308.219178082192,0,1,0,0,0,0
3073,17.3184,26425.851870546438,-659.6383232550305,5.0,2.43,3.0,-11423.880337459921,11423.880337459921,3138.0483456800653,15.0,116.83198947648592,14308.219178082192,0,1,0,0,0,0
3074,17.6649,26197.287191538573,-659.6383232550305,5.0,2.43,3.0,-11652.445016467787,11652.445016467787,3138.0483456800653,15.0,116.83198947648592,14308.219178082192,0,1,0,0,0,0
3075,17.5824,26251.707353207115,-659.6383232550305,5.0,2.43,3.0,-11598.024854799249,11598.024854799249,3138.0483456800653,15.0,116.83198947648592,14308.219178082192,0,1,0,0,0,0
3076,20.5534,24291.921894816416,-659.6383232550305,5.0,2.43,3.0,-13557.810313189944,13557.810313189944,3138.0483456800653,15.0,116.83198947648592,14308.219178082192,0,1,0,0,0,0
3077,23.4875,22356.47709055383,-659.6383232550305,5.0,2.43,3.0,-15493.255117452529,15493.255117452529,3138.0483456800653,15.0,116.83198947648592,14308.219178082192,0,1,0,0,0,0
3078,27.0955,19976.50202024968,-659.6383232550305,5.0,2.43,3.0,-17873.23018775668,17873.23018775668,3138.0483456800653,15.0,116.83198947648592,14308.219178082192,0,1,0,0,0,0
3079,25.2099,21220.316042579365,-659.6383232550305,5.0,2.43,3.0,-16629.416165426996,16629.416165426996,3138.0483456800653,15.0,116.83198947648592,14308.219178082192,0,1,0,0,0,0
3080,28.2743,19198.920364796653,-659.6383232550305,5.0,2.43,3.0,-18650.81184320971,18650.81184320971,3138.0483456800653,15.0,116.83198947648592,14308.219178082192,0,1,0,0,0,0
3081,28.0315,19359.080549682974,-659.6383232550305,5.0,2.43,3.0,-18490.65165832339,18490.65165832339,3138.0483456800653,15.0,116.83198947648592,14308.219178082192,0,1,0,0,0,0
3082,33.9825,15433.572887992283,-659.6383232550305,5.0,2.43,3.0,-22416.159320014074,22416.159320014074,3138.0483456800653,15.0,116.83198947648592,14308.219178082192,0,1,0,0,0,0
3083,29.5995,18324.767658819088,-659.6383232550305,5.0,2.43,3.0,-19524.964549187276,19524.964549187276,3138.0483456800653,15.0,116.83198947648592,14308.219178082192,0,1,0,0,0,0
3084,34.6579,14988.05316446584,-659.6383232550305,5.0,2.43,3.0,-22861.67904354052,22861.67904354052,3138.0483456800653,15.0,116.83198947648592,14308.219178082192,0,1,0,0,0,0
3085,24.7402,21530.148163012254,-659.6383232550305,5.0,2.43,3.0,-16319.584044994106,16319.584044994106,3138.0483456800653,15.0,116.83198947648592,14308.219178082192,0,1,0,0,0,0
3086,39.2056,11988.215961798938,-659.6383232550305,5.0,2.43,3.0,-25861.516246207422,25861.516246207422,3138.0483456800653,15.0,116.83198947648592,14308.219178082192,0,1,0,0,0,0
3087,31.2298,17249.359300416407,-659.6383232550305,5.0,2.43,3.0,-20600.372907589954,20600.372907589954,3138.0483456800653,15.0,116.83198947648592,14308.219178082192,0,1,0,0,0,0
3088,27.3193,19828.874963505208,-659.6383232550305,5.0,2.43,3.0,-18020.857244501152,18020.857244501152,3138.0483456800653,15.0,116.83198947648592,14308.219178082192,0,1,0,0,0,0
3089,32.8845,16157.855766926306,-659.6383232550305,5.0,2.43,3.0,-21691.876441080054,21691.876441080054,3138.0483456800653,15.0,116.83198947648592,14308.219178082192,0,1,0,0,0,0
3090,39.5718,11746.656407822942,-659.6383232550305,5.0,2.43,3.0,-26103.07580018342,26103.07580018342,3138.0483456800653,15.0,116.83198947648592,14308.219178082192,0,1,0,0,0,0
3091,38.5216,12439.408574905377,-659.6383232550305,5.0,2.43,3.0,-25410.323633100983,25410.323633100983,3138.0483456800653,15.0,116.83198947648592,14308.219178082192,0,1,0,0,0,0
3092,38.8541,12220.078832423078,-659.6383232550305,5.0,2.43,3.0,-25629.653375583282,25629.653375583282,3138.0483456800653,15.0,116.83198947648592,14308.219178082192,0,1,0,0,0,0
3093,22.0513,23303.849650412703,-659.6383232550305,5.0,2.43,3.0,-14545.882557593655,14545.882557593655,3138.0483456800653,15.0,116.83198947648592,14308.219178082192,0,1,0,0,0,0
3094,19.5561,24949.779194598657,-659.6383232550305,5.0,2.43,3.0,-12899.953013407703,12899.953013407703,3138.0483456800653,15.0,116.83198947648592,14308.219178082192,0,1,0,0,0,0
3095,18.66,25540.88109606749,-659.6383232550305,5.0,2.43,3.0,-12308.85111193887,12308.85111193887,3138.0483456800653,15.0,116.83198947648592,14308.219178082192,0,1,0,0,0,0
3096,19.5494,24954.19877136447,-659.6383232550305,5.0,2.43,3.0,-12895.533436641892,12895.533436641892,3138.0483456800653,15.0,116.83198947648592,14308.219178082192,0,1,0,0,0,0
3097,17.9618,26001.440573364154,-659.6383232550305,5.0,2.43,3.0,-11848.291634642208,11848.291634642208,3138.0483456800653,15.0,116.83198947648592,14308.219178082192,0,1,0,0,0,0
3098,19.3225,25103.87070691103,-659.6383232550305,5.0,2.43,3.0,-12745.861501095329,12745.861501095329,3138.0483456800653,15.0,116.83198947648592,14308.219178082192,0,1,0,0,0,0
3099,18.7253,25497.806713558937,-659.6383232550305,5.0,2.43,3.0,-12351.925494447423,12351.925494447423,3138.0483456800653,15.0,116.83198947648592,14308.219178082192,0,1,0,0,0,0
3100,21.918,23391.779438902602,-659.6383232550305,5.0,2.43,3.0,-14457.952769103758,14457.952769103758,3138.0483456800653,15.0,116.83198947648592,14308.219178082192,0,1,0,0,0,0
3101,23.7121,22208.32232315075,-659.6383232550305,5.0,2.43,3.0,-15641.40988485561,15641.40988485561,3138.0483456800653,15.0,116.83198947648592,14308.219178082192,0,1,0,0,0,0
3102,24.8204,21477.2451694872,-659.6383232550305,5.0,2.43,3.0,-16372.487038519159,16372.487038519159,3138.0483456800653,15.0,116.83198947648592,14308.219178082192,0,1,0,0,0,0
3103,24.7386,21531.20358432946,-659.6383232550305,5.0,2.43,3.0,-16318.528623676899,16318.528623676899,3138.0483456800653,15.0,116.83198947648592,14308.219178082192,0,1,0,0,0,0
3104,24.4268,21736.87881352038,-659.6383232550305,5.0,2.43,3.0,-16112.85339448598,16112.85339448598,3138.0483456800653,15.0,116.83198947648592,14308.219178082192,0,1,0,0,0,0
3105,28.2714,19200.83331593409,-659.6383232550305,5.0,2.43,3.0,-18648.89889207227,18648.89889207227,3138.0483456800653,15.0,116.83198947648592,14308.219178082192,0,1,0,0,0,0
3106,24.0857,21961.881445582672,-659.6383232550305,5.0,2.43,3.0,-15887.850762423688,15887.850762423688,3138.0483456800653,15.0,116.83198947648592,14308.219178082192,0,1,0,0,0,0
3107,24.8166,21479.751795115568,-659.6383232550305,5.0,2.43,3.0,-16369.98041289079,16369.98041289079,3138.0483456800653,15.0,116.83198947648592,14308.219178082192,0,1,0,0,0,0
3108,38.7226,12306.821271931116,-659.6383232550305,5.0,2.43,3.0,-25542.910936075245,25542.910936075245,3138.0483456800653,15.0,116.83198947648592,14308.219178082192,0,1,0,0,0,0
3109,28.6969,18920.157209389075,-659.6383232550305,5.0,2.43,3.0,-18929.574998617285,18929.574998617285,3138.0483456800653,15.0,116.83198947648592,14308.219178082192,0,1,0,0,0,0
3110,30.6143,17655.36668837988,-659.6383232550305,5.0,2.43,3.0,-20194.36551962648,20194.36551962648,3138.0483456800653,15.0,116.83198947648592,14308.219178082192,0,1,0,0,0,0
3111,25.6663,20919.25711184577,-659.6383232550305,5.0,2.43,3.0,-16930.47509616059,16930.47509616059,3138.0483456800653,15.0,116.83198947648592,14308.219178082192,0,1,0,0,0,0
3112,24.8755,21440.899097875852,-659.6383232550305,5.0,2.43,3.0,-16408.833110130512,16408.833110130512,3138.0483456800653,15.0,116.83198947648592,14308.219178082192,0,1,0,0,0,0
3113,23.6562,22245.19610542071,-659.6383232550305,5.0,2.43,3.0,-15604.536102585651,15604.536102585651,3138.0483456800653,15.0,116.83198947648592,14308.219178082192,0,1,0,0,0,0
3114,47.0155,7408.785744269025,650.0,0,2.43,3.0,30560.075,-30560.075,15071.972825128516,0,556.8949724310688,14308.219178082192,1,0,0,0,0,0
3115,47.4199,7671.645744269022,650.0,0,2.43,3.0,30822.934999999998,-30822.934999999998,15071.972825128516,0,556.8949724310688,14308.219178082192,1,0,0,0,0,0
3116,26.1266,20615.62559165148,-659.6383232550305,5.0,2.43,3.0,-17234.10661635488,17234.10661635488,3138.0483456800653,15.0,116.83198947648592,14308.219178082192,0,1,0,0,0,0
3117,22.4862,23016.972943629095,-659.6383232550305,5.0,2.43,3.0,-14832.759264377268,14832.759264377268,3138.0483456800653,15.0,116.83198947648592,14308.219178082192,0,1,0,0,0,0
3118,20.0368,24632.691052609967,-659.6383232550305,5.0,2.43,3.0,-13217.041155396395,13217.041155396395,3138.0483456800653,15.0,116.83198947648592,14308.219178082192,0,1,0,0,0,0
3119,19.6481,24889.0924688592,-659.6383232550305,5.0,2.43,3.0,-12960.639739147166,12960.639739147166,3138.0483456800653,15.0,116.83198947648592,14308.219178082192,0,1,0,0,0,0
3120,20.2864,24468.04532712551,-659.6383232550305,5.0,2.43,3.0,-13381.686880880852,13381.686880880852,3138.0483456800653,15.0,116.83198947648592,14308.219178082192,0,1,0,0,0,0
3121,19.3109,25111.52251146079,-659.6383232550305,5.0,2.43,3.0,-12738.20969654557,12738.20969654557,3138.0483456800653,15.0,116.83198947648592,14308.219178082192,0,1,0,0,0,0
3122,19.0472,25285.469137303146,-659.6383232550305,5.0,2.43,3.0,-12564.263070703217,12564.263070703217,3138.0483456800653,15.0,116.83198947648592,14308.219178082192,0,1,0,0,0,0
3123,19.349,25086.390291344775,-659.6383232550305,5.0,2.43,3.0,-12763.341916661586,12763.341916661586,3138.0483456800653,15.0,116.83198947648592,14308.219178082192,0,1,0,0,0,0
3124,18.9444,25353.27995693376,-659.6383232550305,5.0,2.43,3.0,-12496.452251072602,12496.452251072602,3138.0483456800653,15.0,116.83198947648592,14308.219178082192,0,1,0,0,0,0
3125,17.4821,26317.86907702959,-659.6383232550305,5.0,2.43,3.0,-11531.863130976768,11531.863130976768,3138.0483456800653,15.0,116.83198947648592,14308.219178082192,0,1,0,0,0,0
3126,21.6065,23597.256776596543,-659.6383232550305,5.0,2.43,3.0,-14252.475431409817,14252.475431409817,3138.0483456800653,15.0,116.83198947648592,14308.219178082192,0,1,0,0,0,0
3127,21.7732,23487.295068109932,-659.6383232550305,5.0,2.43,3.0,-14362.43713989643,14362.43713989643,3138.0483456800653,15.0,116.83198947648592,14308.219178082192,0,1,0,0,0,0
3128,21.8148,23459.854113862522,-659.6383232550305,5.0,2.43,3.0,-14389.87809414384,14389.87809414384,3138.0483456800653,15.0,116.83198947648592,14308.219178082192,0,1,0,0,0,0
3129,22.6448,22912.354305560846,-659.6383232550305,5.0,2.43,3.0,-14937.377902445514,14937.377902445514,3138.0483456800653,15.0,116.83198947648592,14308.219178082192,0,1,0,0,0,0
3130,23.0702,22631.744162848157,-659.6383232550305,5.0,2.43,3.0,-15217.988045158205,15217.988045158205,3138.0483456800653,15.0,116.83198947648592,14308.219178082192,0,1,0,0,0,0
3131,23.1464,22581.479722616124,-659.6383232550305,5.0,2.43,3.0,-15268.252485390238,15268.252485390238,3138.0483456800653,15.0,116.83198947648592,14308.219178082192,0,1,0,0,0,0
3132,22.8454,22780.03085791589,-659.6383232550305,5.0,2.43,3.0,-15069.701350090476,15069.701350090476,3138.0483456800653,15.0,116.83198947648592,14308.219178082192,0,1,0,0,0,0
3133,22.1147,23262.02858071834,-659.6383232550305,5.0,2.43,3.0,-14587.703627288023,14587.703627288023,3138.0483456800653,15.0,116.83198947648592,14308.219178082192,0,1,0,0,0,0
3134,21.4132,23724.76486448174,-659.6383232550305,5.0,2.43,3.0,-14124.967343524619,14124.967343524619,3138.0483456800653,15.0,116.83198947648592,14308.219178082192,0,1,0,0,0,0
3135,22.576,22957.737422200793,-659.6383232550305,5.0,2.43,3.0,-14891.99478580557,14891.99478580557,3138.0483456800653,15.0,116.83198947648592,14308.219178082192,0,1,0,0,0,0
3136,22.851,22776.33688330566,-659.6383232550305,5.0,2.43,3.0,-15073.395324700701,15073.395324700701,3138.0483456800653,15.0,116.83198947648592,14308.219178082192,0,1,0,0,0,0
3137,21.0581,23959.002433069603,-659.6383232550305,5.0,2.43,3.0,-13890.729774936757,13890.729774936757,3138.0483456800653,15.0,116.83198947648592,14308.219178082192,0,1,0,0,0,0
3138,20.6777,24209.928851235814,-659.6383232550305,5.0,2.43,3.0,-13639.803356770546,13639.803356770546,3138.0483456800653,15.0,116.83198947648592,14308.219178082192,0,1,0,0,0,0
3139,24.7561,21519.659913672498,-659.6383232550305,5.0,2.43,3.0,-16330.07229433386,16330.07229433386,3138.0483456800653,15.0,116.83198947648592,14308.219178082192,0,1,0,0,0,0
3140,24.1545,21916.498328942725,-659.6383232550305,5.0,2.43,3.0,-15933.233879063633,15933.233879063633,3138.0483456800653,15.0,116.83198947648592,14308.219178082192,0,1,0,0,0,0
3141,19.2003,25184.4785100128,-659.6383232550305,5.0,2.43,3.0,-12665.253697993561,12665.253697993561,3138.0483456800653,15.0,116.83198947648592,14308.219178082192,0,1,0,0,0,0
3142,17.6278,26221.759773331334,-659.6383232550305,5.0,2.43,3.0,-11627.972434675028,11627.972434675028,3138.0483456800653,15.0,116.83198947648592,14308.219178082192,0,1,0,0,0,0
3143,17.128,26551.4470072942,-659.6383232550305,5.0,2.43,3.0,-11298.285200712162,11298.285200712162,3138.0483456800653,15.0,116.83198947648592,14308.219178082192,0,1,0,0,0,0
3144,17.3984,26373.08080468604,-659.6383232550305,5.0,2.43,3.0,-11476.651403320322,11476.651403320322,3138.0483456800653,15.0,116.83198947648592,14308.219178082192,0,1,0,0,0,0
3145,16.669,26854.220997668257,-659.6383232550305,5.0,2.43,3.0,-10995.511210338103,10995.511210338103,3138.0483456800653,15.0,116.83198947648592,14308.219178082192,0,1,0,0,0,0
3146,17.4132,26363.318157501864,-659.6383232550305,5.0,2.43,3.0,-11486.414050504498,11486.414050504498,3138.0483456800653,15.0,116.83198947648592,14308.219178082192,0,1,0,0,0,0
3147,18.4079,25707.175917360084,-659.6383232550305,5.0,2.43,3.0,-12142.556290646276,12142.556290646276,3138.0483456800653,15.0,116.83198947648592,14308.219178082192,0,1,0,0,0,0
3148,18.5729,25598.335594023003,-659.6383232550305,5.0,2.43,3.0,-12251.396613983357,12251.396613983357,3138.0483456800653,15.0,116.83198947648592,14308.219178082192,0,1,0,0,0,0
3149,18.4584,25673.864182035704,-659.6383232550305,5.0,2.43,3.0,-12175.868025970656,12175.868025970656,3138.0483456800653,15.0,116.83198947648592,14308.219178082192,0,1,0,0,0,0
3150,18.9586,25343.91309274354,-659.6383232550305,5.0,2.43,3.0,-12505.819115262822,12505.819115262822,3138.0483456800653,15.0,116.83198947648592,14308.219178082192,0,1,0,0,0,0
3151,21.3124,23791.256407465848,-659.6383232550305,5.0,2.43,3.0,-14058.475800540513,14058.475800540513,3138.0483456800653,15.0,116.83198947648592,14308.219178082192,0,1,0,0,0,0
3152,22.0201,23324.430366098262,-659.6383232550305,5.0,2.43,3.0,-14525.301841908096,14525.301841908096,3138.0483456800653,15.0,116.83198947648592,14308.219178082192,0,1,0,0,0,0
3153,22.1609,23231.553290183954,-659.6383232550305,5.0,2.43,3.0,-14618.178917822406,14618.178917822406,3138.0483456800653,15.0,116.83198947648592,14308.219178082192,0,1,0,0,0,0
3154,22.4423,23045.93106601999,-659.6383232550305,5.0,2.43,3.0,-14803.80114198637,14803.80114198637,3138.0483456800653,15.0,116.83198947648592,14308.219178082192,0,1,0,0,0,0
3155,22.6868,22884.649495984133,-659.6383232550305,5.0,2.43,3.0,-14965.082712022227,14965.082712022227,3138.0483456800653,15.0,116.83198947648592,14308.219178082192,0,1,0,0,0,0
3156,22.0781,23286.171343349473,-659.6383232550305,5.0,2.43,3.0,-14563.560864656889,14563.560864656889,3138.0483456800653,15.0,116.83198947648592,14308.219178082192,0,1,0,0,0,0
3157,21.7014,23534.65709971964,-659.6383232550305,5.0,2.43,3.0,-14315.07510828672,14315.07510828672,3138.0483456800653,15.0,116.83198947648592,14308.219178082192,0,1,0,0,0,0
3158,21.9693,23357.93999291962,-659.6383232550305,5.0,2.43,3.0,-14491.792215086742,14491.792215086742,3138.0483456800653,15.0,116.83198947648592,14308.219178082192,0,1,0,0,0,0
3159,29.3781,18470.81158358775,-659.6383232550305,5.0,2.43,3.0,-19378.920624418613,19378.920624418613,3138.0483456800653,15.0,116.83198947648592,14308.219178082192,0,1,0,0,0,0
3160,24.6498,21589.779467434513,-659.6383232550305,5.0,2.43,3.0,-16259.95274057185,16259.95274057185,3138.0483456800653,15.0,116.83198947648592,14308.219178082192,0,1,0,0,0,0
3161,24.4435,21725.862853522023,-659.6383232550305,5.0,2.43,3.0,-16123.869354484339,16123.869354484339,3138.0483456800653,15.0,116.83198947648592,14308.219178082192,0,1,0,0,0,0
3162,22.2269,23188.017160849122,-659.6383232550305,5.0,2.43,3.0,-14661.715047157239,14661.715047157239,3138.0483456800653,15.0,116.83198947648592,14308.219178082192,0,1,0,0,0,0
3163,43.49,9162.061529645085,-659.6383232550305,5.0,2.43,3.0,-28687.67067836128,28687.67067836128,3138.0483456800653,15.0,116.83198947648592,14308.219178082192,0,1,0,0,0,0
3164,23.1128,22603.64357027749,-659.6383232550305,5.0,2.43,3.0,-15246.08863772887,15246.08863772887,3138.0483456800653,15.0,116.83198947648592,14308.219178082192,0,1,0,0,0,0
3165,21.5363,23643.563386889044,-659.6383232550305,5.0,2.43,3.0,-14206.168821117313,14206.168821117313,3138.0483456800653,15.0,116.83198947648592,14308.219178082192,0,1,0,0,0,0
3166,18.8495,25415.879633810662,-659.6383232550305,5.0,2.43,3.0,-12433.852574195696,12433.852574195696,3138.0483456800653,15.0,116.83198947648592,14308.219178082192,0,1,0,0,0,0
3167,17.9546,26006.18996929159,-659.6383232550305,5.0,2.43,3.0,-11843.54223871477,11843.54223871477,3138.0483456800653,15.0,116.83198947648592,14308.219178082192,0,1,0,0,0,0
3168,18.3988,25713.178626101704,-659.6383232550305,5.0,2.43,3.0,-12136.553581904656,12136.553581904656,3138.0483456800653,15.0,116.83198947648592,14308.219178082192,0,1,0,0,0,0
3169,18.5815,25592.662704443013,-659.6383232550305,5.0,2.43,3.0,-12257.069503563349,12257.069503563349,3138.0483456800653,15.0,116.83198947648592,14308.219178082192,0,1,0,0,0,0
3170,17.1981,26505.20636083402,-659.6383232550305,5.0,2.43,3.0,-11344.525847172341,11344.525847172341,3138.0483456800653,15.0,116.83198947648592,14308.219178082192,0,1,0,0,0,0
3171,18.6686,25535.2082064875,-659.6383232550305,5.0,2.43,3.0,-12314.524001518863,12314.524001518863,3138.0483456800653,15.0,116.83198947648592,14308.219178082192,0,1,0,0,0,0
3172,20.4486,24361.051991093544,-659.6383232550305,5.0,2.43,3.0,-13488.680216912817,13488.680216912817,3138.0483456800653,15.0,116.83198947648592,14308.219178082192,0,1,0,0,0,0
3173,32.0716,16694.075759900326,-659.6383232550305,5.0,2.43,3.0,-21155.656448106034,21155.656448106034,3138.0483456800653,15.0,116.83198947648592,14308.219178082192,0,1,0,0,0,0
3174,36.6658,13663.565375202066,-659.6383232550305,5.0,2.43,3.0,-24186.166832804294,24186.166832804294,3138.0483456800653,15.0,116.83198947648592,14308.219178082192,0,1,0,0,0,0
3175,28.6655,18940.869852739284,-659.6383232550305,5.0,2.43,3.0,-18908.86235526708,18908.86235526708,3138.0483456800653,15.0,116.83198947648592,14308.219178082192,0,1,0,0,0,0
3176,28.9218,18771.804550489018,-659.6383232550305,5.0,2.43,3.0,-19077.927657517343,19077.927657517343,3138.0483456800653,15.0,116.83198947648592,14308.219178082192,0,1,0,0,0,0
3177,31.1748,17285.639408195435,-659.6383232550305,5.0,2.43,3.0,-20564.092799810925,20564.092799810925,3138.0483456800653,15.0,116.83198947648592,14308.219178082192,0,1,0,0,0,0
3178,27.5019,19708.425005678837,-659.6383232550305,5.0,2.43,3.0,-18141.307202327524,18141.307202327524,3138.0483456800653,15.0,116.83198947648592,14308.219178082192,0,1,0,0,0,0
3179,27.2057,19903.80987702698,-659.6383232550305,5.0,2.43,3.0,-17945.922330979385,17945.922330979385,3138.0483456800653,15.0,116.83198947648592,14308.219178082192,0,1,0,0,0,0
3180,24.7114,21549.145746722,-659.6383232550305,5.0,2.43,3.0,-16300.586461284362,16300.586461284362,3138.0483456800653,15.0,116.83198947648592,14308.219178082192,0,1,0,0,0,0
3181,27.6935,19582.038302943172,-659.6383232550305,5.0,2.43,3.0,-18267.693905063188,18267.693905063188,3138.0483456800653,15.0,116.83198947648592,14308.219178082192,0,1,0,0,0,0
3182,25.3691,21115.301621517166,-659.6383232550305,5.0,2.43,3.0,-16734.430586489194,16734.430586489194,3138.0483456800653,15.0,116.83198947648592,14308.219178082192,0,1,0,0,0,0
3183,24.0859,21961.749517918022,-659.6383232550305,5.0,2.43,3.0,-15887.982690088338,15887.982690088338,3138.0483456800653,15.0,116.83198947648592,14308.219178082192,0,1,0,0,0,0
3184,26.2302,20547.287061362258,-659.6383232550305,5.0,2.43,3.0,-17302.445146644102,17302.445146644102,3138.0483456800653,15.0,116.83198947648592,14308.219178082192,0,1,0,0,0,0
3185,24.133,21930.680552892707,-659.6383232550305,5.0,2.43,3.0,-15919.051655113652,15919.051655113652,3138.0483456800653,15.0,116.83198947648592,14308.219178082192,0,1,0,0,0,0
3186,24.3453,21790.639336865665,-659.6383232550305,5.0,2.43,3.0,-16059.092871140696,16059.092871140696,3138.0483456800653,15.0,116.83198947648592,14308.219178082192,0,1,0,0,0,0
3187,29.3549,18486.115192687266,-659.6383232550305,5.0,2.43,3.0,-19363.617015319094,19363.617015319094,3138.0483456800653,15.0,116.83198947648592,14308.219178082192,0,1,0,0,0,0
3188,49.4033,8960.855744269023,650.0,0,2.43,3.0,32112.145,-32112.145,15071.972825128516,0,556.8949724310688,14308.219178082192,1,0,0,0,0,0
3189,20.9075,24058.34396455181,-659.6383232550305,5.0,2.43,3.0,-13791.38824345455,13791.38824345455,3138.0483456800653,15.0,116.83198947648592,14308.219178082192,0,1,0,0,0,0
3190,19.2591,25145.691776605403,-659.6383232550305,5.0,2.43,3.0,-12704.040431400957,12704.040431400957,3138.0483456800653,15.0,116.83198947648592,14308.219178082192,0,1,0,0,0,0
3191,18.4291,25693.19158490708,-659.6383232550305,5.0,2.43,3.0,-12156.540623099281,12156.540623099281,3138.0483456800653,15.0,116.83198947648592,14308.219178082192,0,1,0,0,0,0
3192,18.0341,25953.748722592813,-659.6383232550305,5.0,2.43,3.0,-11895.983485413544,11895.983485413544,3138.0483456800653,15.0,116.83198947648592,14308.219178082192,0,1,0,0,0,0
3193,17.6507,26206.654055728795,-659.6383232550305,5.0,2.43,3.0,-11643.078152277567,11643.078152277567,3138.0483456800653,15.0,116.83198947648592,14308.219178082192,0,1,0,0,0,0
3194,18.8,25448.53173081179,-659.6383232550305,5.0,2.43,3.0,-12401.200477194574,12401.200477194574,3138.0483456800653,15.0,116.83198947648592,14308.219178082192,0,1,0,0,0,0
3195,19.9058,24719.103672956375,-659.6383232550305,5.0,2.43,3.0,-13130.628535049986,13130.628535049986,3138.0483456800653,15.0,116.83198947648592,14308.219178082192,0,1,0,0,0,0
3196,21.2347,23842.51030518276,-659.6383232550305,5.0,2.43,3.0,-14007.221902823596,14007.221902823596,3138.0483456800653,15.0,116.83198947648592,14308.219178082192,0,1,0,0,0,0
3197,24.5372,21664.05474263303,-659.6383232550305,5.0,2.43,3.0,-16185.677465373334,16185.677465373334,3138.0483456800653,15.0,116.83198947648592,14308.219178082192,0,1,0,0,0,0
3198,23.8392,22124.482292265035,-659.6383232550305,5.0,2.43,3.0,-15725.249915741324,15725.249915741324,3138.0483456800653,15.0,116.83198947648592,14308.219178082192,0,1,0,0,0,0
3199,24.7367,21532.45689714365,-659.6383232550305,5.0,2.43,3.0,-16317.275310862713,16317.275310862713,3138.0483456800653,15.0,116.83198947648592,14308.219178082192,0,1,0,0,0,0
3200,27.8939,19449.846782962868,-659.6383232550305,5.0,2.43,3.0,-18399.885425043496,18399.885425043496,3138.0483456800653,15.0,116.83198947648592,14308.219178082192,0,1,0,0,0,0
3201,26.3654,20458.10396005818,-659.6383232550305,5.0,2.43,3.0,-17391.62824794818,17391.62824794818,3138.0483456800653,15.0,116.83198947648592,14308.219178082192,0,1,0,0,0,0
3202,25.6146,20953.360413158058,-659.6383232550305,5.0,2.43,3.0,-16896.371794848303,16896.371794848303,3138.0483456800653,15.0,116.83198947648592,14308.219178082192,0,1,0,0,0,0
3203,25.7416,20869.58634610467,-659.6383232550305,5.0,2.43,3.0,-16980.145861901692,16980.145861901692,3138.0483456800653,15.0,116.83198947648592,14308.219178082192,0,1,0,0,0,0
3204,25.4826,21040.43267182772,-659.6383232550305,5.0,2.43,3.0,-16809.29953617864,16809.29953617864,3138.0483456800653,15.0,116.83198947648592,14308.219178082192,0,1,0,0,0,0
3205,23.7257,22199.351241954486,-659.6383232550305,5.0,2.43,3.0,-15650.380966051878,15650.380966051878,3138.0483456800653,15.0,116.83198947648592,14308.219178082192,0,1,0,0,0,0
3206,23.632,22261.15935284348,-659.6383232550305,5.0,2.43,3.0,-15588.572855162882,15588.572855162882,3138.0483456800653,15.0,116.83198947648592,14308.219178082192,0,1,0,0,0,0
3207,26.3714,20454.14613011865,-659.6383232550305,5.0,2.43,3.0,-17395.586077887714,17395.586077887714,3138.0483456800653,15.0,116.83198947648592,14308.219178082192,0,1,0,0,0,0
3208,27.7495,19545.09855684089,-659.6383232550305,5.0,2.43,3.0,-18304.63365116547,18304.63365116547,3138.0483456800653,15.0,116.83198947648592,14308.219178082192,0,1,0,0,0,0
3209,24.1165,21941.56458522642,-659.6383232550305,5.0,2.43,3.0,-15908.167622779942,15908.167622779942,3138.0483456800653,15.0,116.83198947648592,14308.219178082192,0,1,0,0,0,0
3210,22.95,22711.03268930341,-659.6383232550305,5.0,2.43,3.0,-15138.69951870295,15138.69951870295,3138.0483456800653,15.0,116.83198947648592,14308.219178082192,0,1,0,0,0,0
3211,23.3575,22442.230072576982,-659.6383232550305,5.0,2.43,3.0,-15407.502135429377,15407.502135429377,3138.0483456800653,15.0,116.83198947648592,14308.219178082192,0,1,0,0,0,0
3212,27.9097,19439.424497455435,-659.6383232550305,5.0,2.43,3.0,-18410.307710550926,18410.307710550926,3138.0483456800653,15.0,116.83198947648592,14308.219178082192,0,1,0,0,0,0
3213,21.285,23809.330497523035,-659.6383232550305,5.0,2.43,3.0,-14040.401710483324,14040.401710483324,3138.0483456800653,15.0,116.83198947648592,14308.219178082192,0,1,0,0,0,0
3214,19.9155,24712.7051812208,-659.6383232550305,5.0,2.43,3.0,-13137.027026785561,13137.027026785561,3138.0483456800653,15.0,116.83198947648592,14308.219178082192,0,1,0,0,0,0
3215,19.5746,24937.57588561844,-659.6383232550305,5.0,2.43,3.0,-12912.15632238792,12912.15632238792,3138.0483456800653,15.0,116.83198947648592,14308.219178082192,0,1,0,0,0,0
3216,19.5878,24928.868659751475,-659.6383232550305,5.0,2.43,3.0,-12920.863548254887,12920.863548254887,3138.0483456800653,15.0,116.83198947648592,14308.219178082192,0,1,0,0,0,0
3217,19.7558,24818.04942144463,-659.6383232550305,5.0,2.43,3.0,-13031.682786561732,13031.682786561732,3138.0483456800653,15.0,116.83198947648592,14308.219178082192,0,1,0,0,0,0
3218,19.5822,24932.562634361704,-659.6383232550305,5.0,2.43,3.0,-12917.169573644658,12917.169573644658,3138.0483456800653,15.0,116.83198947648592,14308.219178082192,0,1,0,0,0,0
3219,19.6022,24919.369867896603,-659.6383232550305,5.0,2.43,3.0,-12930.36234010976,12930.36234010976,3138.0483456800653,15.0,116.83198947648592,14308.219178082192,0,1,0,0,0,0
3220,20.7345,24172.46139447493,-659.6383232550305,5.0,2.43,3.0,-13677.270813531431,13677.270813531431,3138.0483456800653,15.0,116.83198947648592,14308.219178082192,0,1,0,0,0,0
3221,33.4185,15805.608902308122,-659.6383232550305,5.0,2.43,3.0,-22044.12330569824,22044.12330569824,3138.0483456800653,15.0,116.83198947648592,14308.219178082192,0,1,0,0,0,0
3222,24.6522,21588.1963354587,-659.6383232550305,5.0,2.43,3.0,-16261.535872547664,16261.535872547664,3138.0483456800653,15.0,116.83198947648592,14308.219178082192,0,1,0,0,0,0
3223,23.848,22118.677475020395,-659.6383232550305,5.0,2.43,3.0,-15731.054732985967,15731.054732985967,3138.0483456800653,15.0,116.83198947648592,14308.219178082192,0,1,0,0,0,0
3224,23.977,22033.584131320495,-659.6383232550305,5.0,2.43,3.0,-15816.148076685868,15816.148076685868,3138.0483456800653,15.0,116.83198947648592,14308.219178082192,0,1,0,0,0,0
3225,26.3695,20455.399442932834,-659.6383232550305,5.0,2.43,3.0,-17394.332765073526,17394.332765073526,3138.0483456800653,15.0,116.83198947648592,14308.219178082192,0,1,0,0,0,0
3226,24.2738,21837.8034769784,-659.6383232550305,5.0,2.43,3.0,-16011.928731027961,16011.928731027961,3138.0483456800653,15.0,116.83198947648592,14308.219178082192,0,1,0,0,0,0
3227,48.0957,8110.915744269026,650.0,0,2.43,3.0,31262.205,-31262.205,15071.972825128516,0,556.8949724310688,14308.219178082192,1,0,0,0,0,0
3228,43.8834,8902.559813276555,-659.6383232550305,5.0,2.43,3.0,-28947.17239472981,28947.17239472981,3138.0483456800653,15.0,116.83198947648592,14308.219178082192,0,1,0,0,0,0
3229,25.4964,21031.3296629668,-659.6383232550305,5.0,2.43,3.0,-16818.40254503956,16818.40254503956,3138.0483456800653,15.0,116.83198947648592,14308.219178082192,0,1,0,0,0,0
3230,25.523,21013.783283568217,-659.6383232550305,5.0,2.43,3.0,-16835.948924438144,16835.948924438144,3138.0483456800653,15.0,116.83198947648592,14308.219178082192,0,1,0,0,0,0
3231,25.7775,20845.90533029981,-659.6383232550305,5.0,2.43,3.0,-17003.82687770655,17003.82687770655,3138.0483456800653,15.0,116.83198947648592,14308.219178082192,0,1,0,0,0,0
3232,24.294,21824.47878284865,-659.6383232550305,5.0,2.43,3.0,-16025.25342515771,16025.25342515771,3138.0483456800653,15.0,116.83198947648592,14308.219178082192,0,1,0,0,0,0
3233,25.5365,21004.878166204275,-659.6383232550305,5.0,2.43,3.0,-16844.854041802086,16844.854041802086,3138.0483456800653,15.0,116.83198947648592,14308.219178082192,0,1,0,0,0,0
3234,24.2073,21881.669425474858,-659.6383232550305,5.0,2.43,3.0,-15968.0627825315,15968.0627825315,3138.0483456800653,15.0,116.83198947648592,14308.219178082192,0,1,0,0,0,0
3235,24.8651,21447.759336437703,-659.6383232550305,5.0,2.43,3.0,-16401.97287156866,16401.97287156866,3138.0483456800653,15.0,116.83198947648592,14308.219178082192,0,1,0,0,0,0
3236,24.8146,21481.071071762082,-659.6383232550305,5.0,2.43,3.0,-16368.66113624428,16368.66113624428,3138.0483456800653,15.0,116.83198947648592,14308.219178082192,0,1,0,0,0,0
3237,21.3107,23792.37779261538,-659.6383232550305,5.0,2.43,3.0,-14057.354415390979,14057.354415390979,3138.0483456800653,15.0,116.83198947648592,14308.219178082192,0,1,0,0,0,0
3238,18.6487,25548.335009120274,-659.6383232550305,5.0,2.43,3.0,-12301.397198886089,12301.397198886089,3138.0483456800653,15.0,116.83198947648592,14308.219178082192,0,1,0,0,0,0
3239,19.0984,25251.695655152485,-659.6383232550305,5.0,2.43,3.0,-12598.036552853875,12598.036552853875,3138.0483456800653,15.0,116.83198947648592,14308.219178082192,0,1,0,0,0,0
3240,18.7338,25492.199787811274,-659.6383232550305,5.0,2.43,3.0,-12357.53242019509,12357.53242019509,3138.0483456800653,15.0,116.83198947648592,14308.219178082192,0,1,0,0,0,0
3241,17.2727,26455.997341919196,-659.6383232550305,5.0,2.43,3.0,-11393.734866087167,11393.734866087167,3138.0483456800653,15.0,116.83198947648592,14308.219178082192,0,1,0,0,0,0
3242,16.4024,27030.080574648047,-659.6383232550305,5.0,2.43,3.0,-10819.651633358313,10819.651633358313,3138.0483456800653,15.0,116.83198947648592,14308.219178082192,0,1,0,0,0,0
3243,17.3671,26393.72748420392,-659.6383232550305,5.0,2.43,3.0,-11456.004723802442,11456.004723802442,3138.0483456800653,15.0,116.83198947648592,14308.219178082192,0,1,0,0,0,0
3244,19.7199,24841.730437249484,-659.6383232550305,5.0,2.43,3.0,-13008.001770756875,13008.001770756875,3138.0483456800653,15.0,116.83198947648592,14308.219178082192,0,1,0,0,0,0
3245,20.4257,24376.157708696082,-659.6383232550305,5.0,2.43,3.0,-13473.574499310276,13473.574499310276,3138.0483456800653,15.0,116.83198947648592,14308.219178082192,0,1,0,0,0,0
3246,22.3646,23097.184963736905,-659.6383232550305,5.0,2.43,3.0,-14752.547244269455,14752.547244269455,3138.0483456800653,15.0,116.83198947648592,14308.219178082192,0,1,0,0,0,0
3247,23.1772,22561.162862259866,-659.6383232550305,5.0,2.43,3.0,-15288.569345746493,15288.569345746493,3138.0483456800653,15.0,116.83198947648592,14308.219178082192,0,1,0,0,0,0
3248,23.1296,22592.561646446804,-659.6383232550305,5.0,2.43,3.0,-15257.170561559553,15257.170561559553,3138.0483456800653,15.0,116.83198947648592,14308.219178082192,0,1,0,0,0,0
3249,24.1676,21907.857066908087,-659.6383232550305,5.0,2.43,3.0,-15941.875141098275,15941.875141098275,3138.0483456800653,15.0,116.83198947648592,14308.219178082192,0,1,0,0,0,0
3250,24.3815,21766.760429563834,-659.6383232550305,5.0,2.43,3.0,-16082.971778442527,16082.971778442527,3138.0483456800653,15.0,116.83198947648592,14308.219178082192,0,1,0,0,0,0
3251,28.7965,18854.457232392873,-659.6383232550305,5.0,2.43,3.0,-18995.274975613487,18995.274975613487,3138.0483456800653,15.0,116.83198947648592,14308.219178082192,0,1,0,0,0,0
3252,25.1561,21255.80458437049,-659.6383232550305,5.0,2.43,3.0,-16593.92762363587,16593.92762363587,3138.0483456800653,15.0,116.83198947648592,14308.219178082192,0,1,0,0,0,0
3253,30.1332,17972.718685697877,-659.6383232550305,5.0,2.43,3.0,-19877.013522308484,19877.013522308484,3138.0483456800653,15.0,116.83198947648592,14308.219178082192,0,1,0,0,0,0
3254,30.9211,17452.989650805237,-659.6383232550305,5.0,2.43,3.0,-20396.742557201123,20396.742557201123,3138.0483456800653,15.0,116.83198947648592,14308.219178082192,0,1,0,0,0,0
3255,28.4291,19096.808352356773,-659.6383232550305,5.0,2.43,3.0,-18752.923855649587,18752.923855649587,3138.0483456800653,15.0,116.83198947648592,14308.219178082192,0,1,0,0,0,0
3256,32.1494,16642.755898351083,-659.6383232550305,5.0,2.43,3.0,-21206.976309655278,21206.976309655278,3138.0483456800653,15.0,116.83198947648592,14308.219178082192,0,1,0,0,0,0
3257,25.4829,21040.234780330742,-659.6383232550305,5.0,2.43,3.0,-16809.49742767562,16809.49742767562,3138.0483456800653,15.0,116.83198947648592,14308.219178082192,0,1,0,0,0,0
3258,24.8429,21462.40330721396,-659.6383232550305,5.0,2.43,3.0,-16387.328900792396,16387.328900792396,3138.0483456800653,15.0,116.83198947648592,14308.219178082192,0,1,0,0,0,0
3259,29.8482,18160.71560782556,-659.6383232550305,5.0,2.43,3.0,-19689.0166001808,19689.0166001808,3138.0483456800653,15.0,116.83198947648592,14308.219178082192,0,1,0,0,0,0
3260,29.3031,18520.284457831876,-659.6383232550305,5.0,2.43,3.0,-19329.447750174484,19329.447750174484,3138.0483456800653,15.0,116.83198947648592,14308.219178082192,0,1,0,0,0,0
3261,20.0942,24594.827812855125,-659.6383232550305,5.0,2.43,3.0,-13254.904395151234,13254.904395151234,3138.0483456800653,15.0,116.83198947648592,14308.219178082192,0,1,0,0,0,0
3262,17.7276,26155.927868670482,-659.6383232550305,5.0,2.43,3.0,-11693.804339335878,11693.804339335878,3138.0483456800653,15.0,116.83198947648592,14308.219178082192,0,1,0,0,0,0
3263,17.1359,26546.235864540482,-659.6383232550305,5.0,2.43,3.0,-11303.496343465877,11303.496343465877,3138.0483456800653,15.0,116.83198947648592,14308.219178082192,0,1,0,0,0,0
3264,15.9992,27296.046746584478,-659.6383232550305,5.0,2.43,3.0,-10553.685461421885,10553.685461421885,3138.0483456800653,15.0,116.83198947648592,14308.219178082192,0,1,0,0,0,0
3265,15.548,27593.675558037146,-659.6383232550305,5.0,2.43,3.0,-10256.056649969214,10256.056649969214,3138.0483456800653,15.0,116.83198947648592,14308.219178082192,0,1,0,0,0,0
3266,14.8673,28042.691364676844,-659.6383232550305,5.0,2.43,3.0,-9807.040843329516,9807.040843329516,3138.0483456800653,15.0,116.83198947648592,14308.219178082192,0,1,0,0,0,0
3267,15.4655,27648.095719705685,-659.6383232550305,5.0,2.43,3.0,-10201.636488300675,10201.636488300675,3138.0483456800653,15.0,116.83198947648592,14308.219178082192,0,1,0,0,0,0
3268,17.0456,26605.801205130414,-659.6383232550305,5.0,2.43,3.0,-11243.931002875948,11243.931002875948,3138.0483456800653,15.0,116.83198947648592,14308.219178082192,0,1,0,0,0,0
3269,22.0548,23301.540916281312,-659.6383232550305,5.0,2.43,3.0,-14548.191291725047,14548.191291725047,3138.0483456800653,15.0,116.83198947648592,14308.219178082192,0,1,0,0,0,0
3270,23.4883,22355.949379895228,-659.6383232550305,5.0,2.43,3.0,-15493.782828111132,15493.782828111132,3138.0483456800653,15.0,116.83198947648592,14308.219178082192,0,1,0,0,0,0
3271,24.4024,21752.973988607802,-659.6383232550305,5.0,2.43,3.0,-16096.758219398556,16096.758219398556,3138.0483456800653,15.0,116.83198947648592,14308.219178082192,0,1,0,0,0,0
3272,22.6833,22886.958230115528,-659.6383232550305,5.0,2.43,3.0,-14962.773977890833,14962.773977890833,3138.0483456800653,15.0,116.83198947648592,14308.219178082192,0,1,0,0,0,0
3273,24.8089,21484.83101020463,-659.6383232550305,5.0,2.43,3.0,-16364.901197801728,16364.901197801728,3138.0483456800653,15.0,116.83198947648592,14308.219178082192,0,1,0,0,0,0
3274,24.2364,21862.47395026814,-659.6383232550305,5.0,2.43,3.0,-15987.258257738222,15987.258257738222,3138.0483456800653,15.0,116.83198947648592,14308.219178082192,0,1,0,0,0,0
3275,23.7169,22205.15605919913,-659.6383232550305,5.0,2.43,3.0,-15644.576148807233,15644.576148807233,3138.0483456800653,15.0,116.83198947648592,14308.219178082192,0,1,0,0,0,0
3276,27.5009,19709.08464400209,-659.6383232550305,5.0,2.43,3.0,-18140.64756400427,18140.64756400427,3138.0483456800653,15.0,116.83198947648592,14308.219178082192,0,1,0,0,0,0
3277,24.4593,21715.440568014594,-659.6383232550305,5.0,2.43,3.0,-16134.291639991767,16134.291639991767,3138.0483456800653,15.0,116.83198947648592,14308.219178082192,0,1,0,0,0,0
3278,23.9652,22041.367863534906,-659.6383232550305,5.0,2.43,3.0,-15808.364344471456,15808.364344471456,3138.0483456800653,15.0,116.83198947648592,14308.219178082192,0,1,0,0,0,0
3279,26.0169,20687.987915712558,-659.6383232550305,5.0,2.43,3.0,-17161.744292293803,17161.744292293803,3138.0483456800653,15.0,116.83198947648592,14308.219178082192,0,1,0,0,0,0
3280,27.2964,19843.980681107747,-659.6383232550305,5.0,2.43,3.0,-18005.751526898614,18005.751526898614,3138.0483456800653,15.0,116.83198947648592,14308.219178082192,0,1,0,0,0,0
3281,25.7668,20852.963460358642,-659.6383232550305,5.0,2.43,3.0,-16996.76874764772,16996.76874764772,3138.0483456800653,15.0,116.83198947648592,14308.219178082192,0,1,0,0,0,0
3282,23.6114,22274.747902302533,-659.6383232550305,5.0,2.43,3.0,-15574.984305703827,15574.984305703827,3138.0483456800653,15.0,116.83198947648592,14308.219178082192,0,1,0,0,0,0
3283,26.091,20639.10871595936,-659.6383232550305,5.0,2.43,3.0,-17210.623492047,17210.623492047,3138.0483456800653,15.0,116.83198947648592,14308.219178082192,0,1,0,0,0,0
3284,42.0747,10095.647648547929,-659.6383232550305,5.0,2.43,3.0,-27754.08455945843,27754.08455945843,3138.0483456800653,15.0,116.83198947648592,14308.219178082192,0,1,0,0,0,0
3285,20.4923,24332.225796367296,-659.6383232550305,5.0,2.43,3.0,-13517.506411639062,13517.506411639062,3138.0483456800653,15.0,116.83198947648592,14308.219178082192,0,1,0,0,0,0
3286,19.5768,24936.12468130728,-659.6383232550305,5.0,2.43,3.0,-12913.607526699081,12913.607526699081,3138.0483456800653,15.0,116.83198947648592,14308.219178082192,0,1,0,0,0,0
3287,22.595,22945.204294058945,-659.6383232550305,5.0,2.43,3.0,-14904.527913947413,14904.527913947413,3138.0483456800653,15.0,116.83198947648592,14308.219178082192,0,1,0,0,0,0
3288,19.4412,25025.571637940662,-659.6383232550305,5.0,2.43,3.0,-12824.160570065698,12824.160570065698,3138.0483456800653,15.0,116.83198947648592,14308.219178082192,0,1,0,0,0,0
3289,17.955,26005.92611396229,-659.6383232550305,5.0,2.43,3.0,-11843.806094044072,11843.806094044072,3138.0483456800653,15.0,116.83198947648592,14308.219178082192,0,1,0,0,0,0
3290,16.5286,26946.83421825326,-659.6383232550305,5.0,2.43,3.0,-10902.897989753097,10902.897989753097,3138.0483456800653,15.0,116.83198947648592,14308.219178082192,0,1,0,0,0,0
3291,16.8331,26745.974348822107,-659.6383232550305,5.0,2.43,3.0,-11103.757859184256,11103.757859184256,3138.0483456800653,15.0,116.83198947648592,14308.219178082192,0,1,0,0,0,0
3292,17.0281,26617.344875787378,-659.6383232550305,5.0,2.43,3.0,-11232.387332218985,11232.387332218985,3138.0483456800653,15.0,116.83198947648592,14308.219178082192,0,1,0,0,0,0
3293,16.2508,27130.08174445351,-659.6383232550305,5.0,2.43,3.0,-10719.65046355285,10719.65046355285,3138.0483456800653,15.0,116.83198947648592,14308.219178082192,0,1,0,0,0,0
3294,20.9355,24039.874091500667,-659.6383232550305,5.0,2.43,3.0,-13809.858116505691,13809.858116505691,3138.0483456800653,15.0,116.83198947648592,14308.219178082192,0,1,0,0,0,0
3295,22.2771,23154.90331702172,-659.6383232550305,5.0,2.43,3.0,-14694.828890984641,14694.828890984641,3138.0483456800653,15.0,116.83198947648592,14308.219178082192,0,1,0,0,0,0
3296,22.5561,22970.864224833567,-659.6383232550305,5.0,2.43,3.0,-14878.867983172795,14878.867983172795,3138.0483456800653,15.0,116.83198947648592,14308.219178082192,0,1,0,0,0,0
3297,23.7572,22178.57263477195,-659.6383232550305,5.0,2.43,3.0,-15671.159573234412,15671.159573234412,3138.0483456800653,15.0,116.83198947648592,14308.219178082192,0,1,0,0,0,0
3298,38.0401,12757.024427552675,-659.6383232550305,5.0,2.43,3.0,-25092.70778045369,25092.70778045369,3138.0483456800653,15.0,116.83198947648592,14308.219178082192,0,1,0,0,0,0
3299,27.2834,19852.555979310062,-659.6383232550305,5.0,2.43,3.0,-17997.1762286963,17997.1762286963,3138.0483456800653,15.0,116.83198947648592,14308.219178082192,0,1,0,0,0,0
3300,26.4105,20428.354271679378,-659.6383232550305,5.0,2.43,3.0,-17421.377936326982,17421.377936326982,3138.0483456800653,15.0,116.83198947648592,14308.219178082192,0,1,0,0,0,0
3301,30.6512,17631.026034251772,-659.6383232550305,5.0,2.43,3.0,-20218.706173754592,20218.706173754592,3138.0483456800653,15.0,116.83198947648592,14308.219178082192,0,1,0,0,0,0
3302,29.2521,18553.926012317883,-659.6383232550305,5.0,2.43,3.0,-19295.806195688478,19295.806195688478,3138.0483456800653,15.0,116.83198947648592,14308.219178082192,0,1,0,0,0,0
3303,38.8447,12226.279432661675,-659.6383232550305,5.0,2.43,3.0,-25623.452775344686,25623.452775344686,3138.0483456800653,15.0,116.83198947648592,14308.219178082192,0,1,0,0,0,0
3304,72.0094,23654.82074426902,650.0,0,2.43,3.0,46806.11,-46806.11,15071.972825128516,0,556.8949724310688,14308.219178082192,1,0,0,0,0,0
3305,64.9842,19088.440744269024,650.0,0,2.43,3.0,42239.73,-42239.73,15071.972825128516,0,556.8949724310688,14308.219178082192,1,0,0,0,0,0
3306,51.2683,10173.105744269027,650.0,0,2.43,3.0,33324.395000000004,-33324.395000000004,15071.972825128516,0,556.8949724310688,14308.219178082192,1,0,0,0,0,0
3307,24.8191,21478.102699307434,-659.6383232550305,5.0,2.43,3.0,-16371.629508698927,16371.629508698927,3138.0483456800653,15.0,116.83198947648592,14308.219178082192,0,1,0,0,0,0
3308,26.5917,20308.827807505564,-659.6383232550305,5.0,2.43,3.0,-17540.904400500796,17540.904400500796,3138.0483456800653,15.0,116.83198947648592,14308.219178082192,0,1,0,0,0,0
3309,22.0196,23324.76018525989,-659.6383232550305,5.0,2.43,3.0,-14524.97202274647,14524.97202274647,3138.0483456800653,15.0,116.83198947648592,14308.219178082192,0,1,0,0,0,0
3310,20.9681,24018.369882162555,-659.6383232550305,5.0,2.43,3.0,-13831.362325843806,13831.362325843806,3138.0483456800653,15.0,116.83198947648592,14308.219178082192,0,1,0,0,0,0
3311,16.4722,26984.037819684847,-659.6383232550305,5.0,2.43,3.0,-10865.694388321514,10865.694388321514,3138.0483456800653,15.0,116.83198947648592,14308.219178082192,0,1,0,0,0,0
3312,15.1242,27873.230279432628,-659.6383232550305,5.0,2.43,3.0,-9976.501928573733,9976.501928573733,3138.0483456800653,15.0,116.83198947648592,14308.219178082192,0,1,0,0,0,0
3313,15.0765,27904.695027451897,-659.6383232550305,5.0,2.43,3.0,-9945.037180554467,9945.037180554467,3138.0483456800653,15.0,116.83198947648592,14308.219178082192,0,1,0,0,0,0
3314,14.3103,28410.109910729898,-659.6383232550305,5.0,2.43,3.0,-9439.622297276463,9439.622297276463,3138.0483456800653,15.0,116.83198947648592,14308.219178082192,0,1,0,0,0,0
3315,6.6265,33478.6388589569,-659.6383232550305,5.0,2.43,3.0,-4371.09334904946,4371.09334904946,3138.0483456800653,15.0,116.83198947648592,14308.219178082192,0,1,0,0,0,0
3316,-3.5042,40161.23682035664,-659.6383232550305,5.0,2.43,3.0,2311.504612350278,-2311.504612350278,3138.0483456800653,15.0,116.83198947648592,14308.219178082192,0,1,0,0,0,0
3317,-52.9956,72807.66093190067,-659.6383232550305,5.0,2.43,3.0,34957.9287238943,-34957.9287238943,3138.0483456800653,15.0,116.83198947648592,14308.219178082192,0,1,0,0,0,0
3318,-7.8332,43016.81112172767,-659.6383232550305,5.0,2.43,3.0,5167.078913721305,-5167.078913721305,3138.0483456800653,15.0,116.83198947648592,14308.219178082192,0,1,0,0,0,0
3319,18.0759,25926.175840680757,-659.6383232550305,5.0,2.43,3.0,-11923.556367325607,11923.556367325607,3138.0483456800653,15.0,116.83198947648592,14308.219178082192,0,1,0,0,0,0
3320,52.3871,10900.325744269021,650.0,0,2.43,3.0,34051.615,-34051.615,15071.972825128516,0,556.8949724310688,14308.219178082192,1,0,0,0,0,0
3321,22.5645,22965.323262918224,-659.6383232550305,5.0,2.43,3.0,-14884.408945088135,14884.408945088135,3138.0483456800653,15.0,116.83198947648592,14308.219178082192,0,1,0,0,0,0
3322,32.3446,16513.9944976517,-659.6383232550305,5.0,2.43,3.0,-21335.73771035466,21335.73771035466,3138.0483456800653,15.0,116.83198947648592,14308.219178082192,0,1,0,0,0,0
3323,44.5178,8484.085261003565,-659.6383232550305,5.0,2.43,3.0,-29365.6469470028,29365.6469470028,3138.0483456800653,15.0,116.83198947648592,14308.219178082192,0,1,0,0,0,0
3324,31.7306,16919.01242813029,-659.6383232550305,5.0,2.43,3.0,-20930.71977987607,20930.71977987607,3138.0483456800653,15.0,116.83198947648592,14308.219178082192,0,1,0,0,0,0
3325,29.0284,18701.487105230033,-659.6383232550305,5.0,2.43,3.0,-19148.245102776327,19148.245102776327,3138.0483456800653,15.0,116.83198947648592,14308.219178082192,0,1,0,0,0,0
3326,62.8024,17670.27074426902,650.0,0,2.43,3.0,40821.56,-40821.56,15071.972825128516,0,556.8949724310688,14308.219178082192,1,0,0,0,0,0
3327,39.0321,12102.663210883686,-659.6383232550305,5.0,2.43,3.0,-25747.068997122675,25747.068997122675,3138.0483456800653,15.0,116.83198947648592,14308.219178082192,0,1,0,0,0,0
3328,53.9107,11890.665744269025,650.0,0,2.43,3.0,35041.955,-35041.955,15071.972825128516,0,556.8949724310688,14308.219178082192,1,0,0,0,0,0
3329,41.7543,10306.99576731884,-659.6383232550305,5.0,2.43,3.0,-27542.73644068752,27542.73644068752,3138.0483456800653,15.0,116.83198947648592,14308.219178082192,0,1,0,0,0,0
3330,50.1579,9451.345744269021,650.0,0,2.43,3.0,32602.635,-32602.635,15071.972825128516,0,556.8949724310688,14308.219178082192,1,0,0,0,0,0
3331,86.4242,33024.44074426903,650.0,0,2.43,3.0,56175.729999999996,-56175.729999999996,15071.972825128516,0,556.8949724310688,14308.219178082192,1,0,0,0,0,0
3332,78.439,27834.06074426902,650.0,0,2.43,3.0,50985.35,-50985.35,15071.972825128516,0,556.8949724310688,14308.219178082192,1,0,0,0,0,0
3333,23.5335,22326.1337276841,-659.6383232550305,5.0,2.43,3.0,-15523.59848032226,15523.59848032226,3138.0483456800653,15.0,116.83198947648592,14308.219178082192,0,1,0,0,0,0
3334,22.4014,23072.91027344112,-659.6383232550305,5.0,2.43,3.0,-14776.82193456524,14776.82193456524,3138.0483456800653,15.0,116.83198947648592,14308.219178082192,0,1,0,0,0,0
3335,18.7711,25467.595278353856,-659.6383232550305,5.0,2.43,3.0,-12382.136929652504,12382.136929652504,3138.0483456800653,15.0,116.83198947648592,14308.219178082192,0,1,0,0,0,0
3336,17.7883,26115.8878224489,-659.6383232550305,5.0,2.43,3.0,-11733.844385557459,11733.844385557459,3138.0483456800653,15.0,116.83198947648592,14308.219178082192,0,1,0,0,0,0
3337,17.5253,26289.372701464974,-659.6383232550305,5.0,2.43,3.0,-11560.359506541387,11560.359506541387,3138.0483456800653,15.0,116.83198947648592,14308.219178082192,0,1,0,0,0,0
3338,16.9214,26687.72828487869,-659.6383232550305,5.0,2.43,3.0,-11162.003923127671,11162.003923127671,3138.0483456800653,15.0,116.83198947648592,14308.219178082192,0,1,0,0,0,0
3339,17.3435,26409.29494863274,-659.6383232550305,5.0,2.43,3.0,-11440.43725937362,11440.43725937362,3138.0483456800653,15.0,116.83198947648592,14308.219178082192,0,1,0,0,0,0
3340,17.5844,26250.3880765606,-659.6383232550305,5.0,2.43,3.0,-11599.344131445758,11599.344131445758,3138.0483456800653,15.0,116.83198947648592,14308.219178082192,0,1,0,0,0,0
3341,21.1398,23905.109982059665,-659.6383232550305,5.0,2.43,3.0,-13944.622225946694,13944.622225946694,3138.0483456800653,15.0,116.83198947648592,14308.219178082192,0,1,0,0,0,0
3342,22.9999,22678.11673697298,-659.6383232550305,5.0,2.43,3.0,-15171.615471033376,15171.615471033376,3138.0483456800653,15.0,116.83198947648592,14308.219178082192,0,1,0,0,0,0
3343,25.1041,21290.10577717975,-659.6383232550305,5.0,2.43,3.0,-16559.62643082661,16559.62643082661,3138.0483456800653,15.0,116.83198947648592,14308.219178082192,0,1,0,0,0,0
3344,24.0297,21998.821191684954,-659.6383232550305,5.0,2.43,3.0,-15850.911016321406,15850.911016321406,3138.0483456800653,15.0,116.83198947648592,14308.219178082192,0,1,0,0,0,0
3345,33.4312,15797.231495602788,-659.6383232550305,5.0,2.43,3.0,-22052.500712403573,22052.500712403573,3138.0483456800653,15.0,116.83198947648592,14308.219178082192,0,1,0,0,0,0
3346,67.0142,20407.940744269024,650.0,0,2.43,3.0,43559.23,-43559.23,15071.972825128516,0,556.8949724310688,14308.219178082192,1,0,0,0,0,0
3347,26.1658,20589.767769379883,-659.6383232550305,5.0,2.43,3.0,-17259.964438626477,17259.964438626477,3138.0483456800653,15.0,116.83198947648592,14308.219178082192,0,1,0,0,0,0
3348,29.0878,18662.304588828683,-659.6383232550305,5.0,2.43,3.0,-19187.427619177677,19187.427619177677,3138.0483456800653,15.0,116.83198947648592,14308.219178082192,0,1,0,0,0,0
3349,29.7646,18215.86137164968,-659.6383232550305,5.0,2.43,3.0,-19633.870836356684,19633.870836356684,3138.0483456800653,15.0,116.83198947648592,14308.219178082192,0,1,0,0,0,0
3350,36.2409,13943.84569875312,-659.6383232550305,5.0,2.43,3.0,-23905.886509253236,23905.886509253236,3138.0483456800653,15.0,116.83198947648592,14308.219178082192,0,1,0,0,0,0
3351,30.1266,17977.07229863136,-659.6383232550305,5.0,2.43,3.0,-19872.659909375,19872.659909375,3138.0483456800653,15.0,116.83198947648592,14308.219178082192,0,1,0,0,0,0
3352,32.1954,16612.41253548135,-659.6383232550305,5.0,2.43,3.0,-21237.31967252501,21237.31967252501,3138.0483456800653,15.0,116.83198947648592,14308.219178082192,0,1,0,0,0,0
3353,29.5228,18375.361918212744,-659.6383232550305,5.0,2.43,3.0,-19474.370289793616,19474.370289793616,3138.0483456800653,15.0,116.83198947648592,14308.219178082192,0,1,0,0,0,0
3354,28.5076,19045.026743981252,-659.6383232550305,5.0,2.43,3.0,-18804.705464025108,18804.705464025108,3138.0483456800653,15.0,116.83198947648592,14308.219178082192,0,1,0,0,0,0
3355,37.7219,12966.921342012429,-659.6383232550305,5.0,2.43,3.0,-24882.810865993935,24882.810865993935,3138.0483456800653,15.0,116.83198947648592,14308.219178082192,0,1,0,0,0,0
3356,28.6384,18958.746051299495,-659.6383232550305,5.0,2.43,3.0,-18890.986156706866,18890.986156706866,3138.0483456800653,15.0,116.83198947648592,14308.219178082192,0,1,0,0,0,0
3357,20.7902,24135.719539869628,-659.6383232550305,5.0,2.43,3.0,-13714.012668136735,13714.012668136735,3138.0483456800653,15.0,116.83198947648592,14308.219178082192,0,1,0,0,0,0
3358,19.5811,24933.288236517285,-659.6383232550305,5.0,2.43,3.0,-12916.443971489078,12916.443971489078,3138.0483456800653,15.0,116.83198947648592,14308.219178082192,0,1,0,0,0,0
3359,19.0602,25276.89383910083,-659.6383232550305,5.0,2.43,3.0,-12572.838368905532,12572.838368905532,3138.0483456800653,15.0,116.83198947648592,14308.219178082192,0,1,0,0,0,0
3360,19.025,25300.113108079408,-659.6383232550305,5.0,2.43,3.0,-12549.619099926955,12549.619099926955,3138.0483456800653,15.0,116.83198947648592,14308.219178082192,0,1,0,0,0,0
3361,18.1466,25879.539411226622,-659.6383232550305,5.0,2.43,3.0,-11970.192796779736,11970.192796779736,3138.0483456800653,15.0,116.83198947648592,14308.219178082192,0,1,0,0,0,0
3362,15.8005,27427.11688141525,-659.6383232550305,5.0,2.43,3.0,-10422.615326591109,10422.615326591109,3138.0483456800653,15.0,116.83198947648592,14308.219178082192,0,1,0,0,0,0
3363,15.9036,27359.108170287655,-659.6383232550305,5.0,2.43,3.0,-10490.624037718704,10490.624037718704,3138.0483456800653,15.0,116.83198947648592,14308.219178082192,0,1,0,0,0,0
3364,15.3338,27734.970086878377,-659.6383232550305,5.0,2.43,3.0,-10114.762121127987,10114.762121127987,3138.0483456800653,15.0,116.83198947648592,14308.219178082192,0,1,0,0,0,0
3365,19.8076,24783.880156300016,-659.6383232550305,5.0,2.43,3.0,-13065.852051706343,13065.852051706343,3138.0483456800653,15.0,116.83198947648592,14308.219178082192,0,1,0,0,0,0
3366,20.2452,24495.22242604362,-659.6383232550305,5.0,2.43,3.0,-13354.509781962744,13354.509781962744,3138.0483456800653,15.0,116.83198947648592,14308.219178082192,0,1,0,0,0,0
3367,18.4815,25658.626536768512,-659.6383232550305,5.0,2.43,3.0,-12191.105671237847,12191.105671237847,3138.0483456800653,15.0,116.83198947648592,14308.219178082192,0,1,0,0,0,0
3368,19.2566,25147.34087241354,-659.6383232550305,5.0,2.43,3.0,-12702.39133559282,12702.39133559282,3138.0483456800653,15.0,116.83198947648592,14308.219178082192,0,1,0,0,0,0
3369,20.5796,24274.639370747136,-659.6383232550305,5.0,2.43,3.0,-13575.092837259226,13575.092837259226,3138.0483456800653,15.0,116.83198947648592,14308.219178082192,0,1,0,0,0,0
3370,21.5846,23611.702855875832,-659.6383232550305,5.0,2.43,3.0,-14238.02935213053,14238.02935213053,3138.0483456800653,15.0,116.83198947648592,14308.219178082192,0,1,0,0,0,0
3371,22.7996,22810.242293120966,-659.6383232550305,5.0,2.43,3.0,-15039.489914885395,15039.489914885395,3138.0483456800653,15.0,116.83198947648592,14308.219178082192,0,1,0,0,0,0
3372,22.4616,23033.200046381164,-659.6383232550305,5.0,2.43,3.0,-14816.532161625193,14816.532161625193,3138.0483456800653,15.0,116.83198947648592,14308.219178082192,0,1,0,0,0,0
3373,21.5938,23605.63418330188,-659.6383232550305,5.0,2.43,3.0,-14244.098024704479,14244.098024704479,3138.0483456800653,15.0,116.83198947648592,14308.219178082192,0,1,0,0,0,0
3374,21.6103,23594.750150968175,-659.6383232550305,5.0,2.43,3.0,-14254.982057038185,14254.982057038185,3138.0483456800653,15.0,116.83198947648592,14308.219178082192,0,1,0,0,0,0
3375,21.9749,23354.24601830939,-659.6383232550305,5.0,2.43,3.0,-14495.48618969697,14495.48618969697,3138.0483456800653,15.0,116.83198947648592,14308.219178082192,0,1,0,0,0,0
3376,22.2498,23172.911443246583,-659.6383232550305,5.0,2.43,3.0,-14676.820764759777,14676.820764759777,3138.0483456800653,15.0,116.83198947648592,14308.219178082192,0,1,0,0,0,0
3377,21.3674,23754.976299686823,-659.6383232550305,5.0,2.43,3.0,-14094.75590831954,14094.75590831954,3138.0483456800653,15.0,116.83198947648592,14308.219178082192,0,1,0,0,0,0
3378,19.9956,24659.868151528073,-659.6383232550305,5.0,2.43,3.0,-13189.864056478287,13189.864056478287,3138.0483456800653,15.0,116.83198947648592,14308.219178082192,0,1,0,0,0,0
3379,20.0138,24647.86273404483,-659.6383232550305,5.0,2.43,3.0,-13201.86947396153,13201.86947396153,3138.0483456800653,15.0,116.83198947648592,14308.219178082192,0,1,0,0,0,0
3380,20.1675,24546.476323760533,-659.6383232550305,5.0,2.43,3.0,-13303.255884245827,13303.255884245827,3138.0483456800653,15.0,116.83198947648592,14308.219178082192,0,1,0,0,0,0
3381,17.237,26479.546430059403,-659.6383232550305,5.0,2.43,3.0,-11370.18577794696,11370.18577794696,3138.0483456800653,15.0,116.83198947648592,14308.219178082192,0,1,0,0,0,0
3382,16.0628,27254.09374922546,-659.6383232550305,5.0,2.43,3.0,-10595.638458780904,10595.638458780904,3138.0483456800653,15.0,116.83198947648592,14308.219178082192,0,1,0,0,0,0
3383,16.3326,27076.123329611248,-659.6383232550305,5.0,2.43,3.0,-10773.60887839511,10773.60887839511,3138.0483456800653,15.0,116.83198947648592,14308.219178082192,0,1,0,0,0,0
3384,14.8728,28039.063353898942,-659.6383232550305,5.0,2.43,3.0,-9810.668854107418,9810.668854107418,3138.0483456800653,15.0,116.83198947648592,14308.219178082192,0,1,0,0,0,0
3385,9.3359,31691.414785929723,-659.6383232550305,5.0,2.43,3.0,-6158.31742207664,6158.31742207664,3138.0483456800653,15.0,116.83198947648592,14308.219178082192,0,1,0,0,0,0
3386,12.9863,29283.471050719556,-659.6383232550305,5.0,2.43,3.0,-8566.261157286803,8566.261157286803,3138.0483456800653,15.0,116.83198947648592,14308.219178082192,0,1,0,0,0,0
3387,8.1411,32479.55065455483,-659.6383232550305,5.0,2.43,3.0,-5370.181553451529,5370.181553451529,3138.0483456800653,15.0,116.83198947648592,14308.219178082192,0,1,0,0,0,0
3388,12.405,29666.91880802771,-659.6383232550305,5.0,2.43,3.0,-8182.813399978653,8182.813399978653,3138.0483456800653,15.0,116.83198947648592,14308.219178082192,0,1,0,0,0,0
3389,20.259,24486.119417182697,-659.6383232550305,5.0,2.43,3.0,-13363.612790823663,13363.612790823663,3138.0483456800653,15.0,116.83198947648592,14308.219178082192,0,1,0,0,0,0
3390,19.0631,25274.98088796339,-659.6383232550305,5.0,2.43,3.0,-12574.751320042971,12574.751320042971,3138.0483456800653,15.0,116.83198947648592,14308.219178082192,0,1,0,0,0,0
3391,19.7806,24801.690391027903,-659.6383232550305,5.0,2.43,3.0,-13048.041816978457,13048.041816978457,3138.0483456800653,15.0,116.83198947648592,14308.219178082192,0,1,0,0,0,0
3392,20.0675,24612.440156086035,-659.6383232550305,5.0,2.43,3.0,-13237.292051920324,13237.292051920324,3138.0483456800653,15.0,116.83198947648592,14308.219178082192,0,1,0,0,0,0
3393,21.4921,23672.719400776918,-659.6383232550305,5.0,2.43,3.0,-14177.012807229441,14177.012807229441,3138.0483456800653,15.0,116.83198947648592,14308.219178082192,0,1,0,0,0,0
3394,22.8861,22753.183578159405,-659.6383232550305,5.0,2.43,3.0,-15096.548629846953,15096.548629846953,3138.0483456800653,15.0,116.83198947648592,14308.219178082192,0,1,0,0,0,0
3395,23.7347,22193.41449704519,-659.6383232550305,5.0,2.43,3.0,-15656.317710961173,15656.317710961173,3138.0483456800653,15.0,116.83198947648592,14308.219178082192,0,1,0,0,0,0
3396,25.6942,20900.853202626957,-659.6383232550305,5.0,2.43,3.0,-16948.879005379404,16948.879005379404,3138.0483456800653,15.0,116.83198947648592,14308.219178082192,0,1,0,0,0,0
3397,21.7213,23521.530297086865,-659.6383232550305,5.0,2.43,3.0,-14328.201910919493,14328.201910919493,3138.0483456800653,15.0,116.83198947648592,14308.219178082192,0,1,0,0,0,0
3398,24.0383,21993.14830210496,-659.6383232550305,5.0,2.43,3.0,-15856.5839059014,15856.5839059014,3138.0483456800653,15.0,116.83198947648592,14308.219178082192,0,1,0,0,0,0
3399,27.4958,19712.448799450693,-659.6383232550305,5.0,2.43,3.0,-18137.283408555668,18137.283408555668,3138.0483456800653,15.0,116.83198947648592,14308.219178082192,0,1,0,0,0,0
3400,29.5142,18381.03480779274,-659.6383232550305,5.0,2.43,3.0,-19468.69740021362,19468.69740021362,3138.0483456800653,15.0,116.83198947648592,14308.219178082192,0,1,0,0,0,0
3401,24.686,21565.90056013268,-659.6383232550305,5.0,2.43,3.0,-16283.831647873683,16283.831647873683,3138.0483456800653,15.0,116.83198947648592,14308.219178082192,0,1,0,0,0,0
3402,23.0372,22653.512227515574,-659.6383232550305,5.0,2.43,3.0,-15196.219980490789,15196.219980490789,3138.0483456800653,15.0,116.83198947648592,14308.219178082192,0,1,0,0,0,0
3403,24.0655,21975.206139712423,-659.6383232550305,5.0,2.43,3.0,-15874.526068293937,15874.526068293937,3138.0483456800653,15.0,116.83198947648592,14308.219178082192,0,1,0,0,0,0
3404,22.6587,22903.1853328676,-659.6383232550305,5.0,2.43,3.0,-14946.54687513876,14946.54687513876,3138.0483456800653,15.0,116.83198947648592,14308.219178082192,0,1,0,0,0,0
3405,18.2727,25796.359018664167,-659.6383232550305,5.0,2.43,3.0,-12053.373189342195,12053.373189342195,3138.0483456800653,15.0,116.83198947648592,14308.219178082192,0,1,0,0,0,0
3406,17.7262,26156.85136232304,-659.6383232550305,5.0,2.43,3.0,-11692.880845683321,11692.880845683321,3138.0483456800653,15.0,116.83198947648592,14308.219178082192,0,1,0,0,0,0
3407,16.7259,26816.68757707505,-659.6383232550305,5.0,2.43,3.0,-11033.044630931314,11033.044630931314,3138.0483456800653,15.0,116.83198947648592,14308.219178082192,0,1,0,0,0,0
3408,15.2132,27814.52246866293,-659.6383232550305,5.0,2.43,3.0,-10035.20973934343,10035.20973934343,3138.0483456800653,15.0,116.83198947648592,14308.219178082192,0,1,0,0,0,0
3409,14.9733,27972.76970241181,-659.6383232550305,5.0,2.43,3.0,-9876.962505594549,9876.962505594549,3138.0483456800653,15.0,116.83198947648592,14308.219178082192,0,1,0,0,0,0
3410,14.1678,28504.10837179374,-659.6383232550305,5.0,2.43,3.0,-9345.62383621262,9345.62383621262,3138.0483456800653,15.0,116.83198947648592,14308.219178082192,0,1,0,0,0,0
3411,14.1359,28525.150834305576,-659.6383232550305,5.0,2.43,3.0,-9324.581373700785,9324.581373700785,3138.0483456800653,15.0,116.83198947648592,14308.219178082192,0,1,0,0,0,0
3412,15.782,27439.32019039547,-659.6383232550305,5.0,2.43,3.0,-10410.412017610892,10410.412017610892,3138.0483456800653,15.0,116.83198947648592,14308.219178082192,0,1,0,0,0,0
3413,20.3148,24449.311598745066,-659.6383232550305,5.0,2.43,3.0,-13400.420609261295,13400.420609261295,3138.0483456800653,15.0,116.83198947648592,14308.219178082192,0,1,0,0,0,0
3414,21.2182,23853.394337516474,-659.6383232550305,5.0,2.43,3.0,-13996.337870489888,13996.337870489888,3138.0483456800653,15.0,116.83198947648592,14308.219178082192,0,1,0,0,0,0
3415,20.7776,24144.03098274264,-659.6383232550305,5.0,2.43,3.0,-13705.701225263721,13705.701225263721,3138.0483456800653,15.0,116.83198947648592,14308.219178082192,0,1,0,0,0,0
3416,21.8703,23423.244186921867,-659.6383232550305,5.0,2.43,3.0,-14426.488021084495,14426.488021084495,3138.0483456800653,15.0,116.83198947648592,14308.219178082192,0,1,0,0,0,0
3417,23.3387,22454.631273054183,-659.6383232550305,5.0,2.43,3.0,-15395.100934952181,15395.100934952181,3138.0483456800653,15.0,116.83198947648592,14308.219178082192,0,1,0,0,0,0
3418,23.3811,22426.662608148166,-659.6383232550305,5.0,2.43,3.0,-15423.069599858194,15423.069599858194,3138.0483456800653,15.0,116.83198947648592,14308.219178082192,0,1,0,0,0,0
3419,26.3579,20463.051247482592,-659.6383232550305,5.0,2.43,3.0,-17386.68096052377,17386.68096052377,3138.0483456800653,15.0,116.83198947648592,14308.219178082192,0,1,0,0,0,0
3420,27.4974,19711.393378133485,-659.6383232550305,5.0,2.43,3.0,-18138.338829872875,18138.338829872875,3138.0483456800653,15.0,116.83198947648592,14308.219178082192,0,1,0,0,0,0
3421,46.1387,7414.877502839485,-659.6383232550305,5.0,2.43,3.0,-30434.854705166876,30434.854705166876,3138.0483456800653,15.0,116.83198947648592,14308.219178082192,0,1,0,0,0,0
3422,24.9911,21364.644907707567,-659.6383232550305,5.0,2.43,3.0,-16485.087300298794,16485.087300298794,3138.0483456800653,15.0,116.83198947648592,14308.219178082192,0,1,0,0,0,0
3423,213.1988,115427.93074426903,650.0,0,2.43,3.0,138579.22,-138579.22,15071.972825128516,0,556.8949724310688,14308.219178082192,1,0,0,0,0,0
3424,29.3212,18508.34500418096,-659.6383232550305,5.0,2.43,3.0,-19341.3872038254,19341.3872038254,3138.0483456800653,15.0,116.83198947648592,14308.219178082192,0,1,0,0,0,0
3425,27.9171,19434.54317386335,-659.6383232550305,5.0,2.43,3.0,-18415.18903414301,18415.18903414301,3138.0483456800653,15.0,116.83198947648592,14308.219178082192,0,1,0,0,0,0
3426,26.756,20200.449230994764,-659.6383232550305,5.0,2.43,3.0,-17649.282977011597,17649.282977011597,3138.0483456800653,15.0,116.83198947648592,14308.219178082192,0,1,0,0,0,0
3427,25.6753,20913.320366936478,-659.6383232550305,5.0,2.43,3.0,-16936.411841069887,16936.411841069887,3138.0483456800653,15.0,116.83198947648592,14308.219178082192,0,1,0,0,0,0
3428,85.1108,32170.730744269018,650.0,0,2.43,3.0,55322.02,-55322.02,15071.972825128516,0,556.8949724310688,14308.219178082192,1,0,0,0,0,0
3429,23.2215,22531.940884539672,-659.6383232550305,5.0,2.43,3.0,-15317.79132346669,15317.79132346669,3138.0483456800653,15.0,116.83198947648592,14308.219178082192,0,1,0,0,0,0
3430,19.4182,25040.743319375528,-659.6383232550305,5.0,2.43,3.0,-12808.988888630833,12808.988888630833,3138.0483456800653,15.0,116.83198947648592,14308.219178082192,0,1,0,0,0,0
3431,19.3981,25054.002049672956,-659.6383232550305,5.0,2.43,3.0,-12795.730158333407,12795.730158333407,3138.0483456800653,15.0,116.83198947648592,14308.219178082192,0,1,0,0,0,0
3432,18.4562,25675.31538634687,-659.6383232550305,5.0,2.43,3.0,-12174.416821659494,12174.416821659494,3138.0483456800653,15.0,116.83198947648592,14308.219178082192,0,1,0,0,0,0
3433,16.8613,26727.372548106316,-659.6383232550305,5.0,2.43,3.0,-11122.359659900047,11122.359659900047,3138.0483456800653,15.0,116.83198947648592,14308.219178082192,0,1,0,0,0,0
3434,16.6704,26853.297504015696,-659.6383232550305,5.0,2.43,3.0,-10996.43470399066,10996.43470399066,3138.0483456800653,15.0,116.83198947648592,14308.219178082192,0,1,0,0,0,0
3435,17.2273,26485.944921794973,-659.6383232550305,5.0,2.43,3.0,-11363.787286211387,11363.787286211387,3138.0483456800653,15.0,116.83198947648592,14308.219178082192,0,1,0,0,0,0
3436,22.4055,23070.205756315772,-659.6383232550305,5.0,2.43,3.0,-14779.526451690586,14779.526451690586,3138.0483456800653,15.0,116.83198947648592,14308.219178082192,0,1,0,0,0,0
3437,18.9035,25380.25916435489,-659.6383232550305,5.0,2.43,3.0,-12469.47304365147,12469.47304365147,3138.0483456800653,15.0,116.83198947648592,14308.219178082192,0,1,0,0,0,0
3438,22.2827,23151.209342411494,-659.6383232550305,5.0,2.43,3.0,-14698.522865594867,14698.522865594867,3138.0483456800653,15.0,116.83198947648592,14308.219178082192,0,1,0,0,0,0
3439,22.7707,22829.305840663037,-659.6383232550305,5.0,2.43,3.0,-15020.426367343325,15020.426367343325,3138.0483456800653,15.0,116.83198947648592,14308.219178082192,0,1,0,0,0,0
3440,27.9334,19423.791069194293,-659.6383232550305,5.0,2.43,3.0,-18425.941138812068,18425.941138812068,3138.0483456800653,15.0,116.83198947648592,14308.219178082192,0,1,0,0,0,0
3441,31.6269,16987.416922251836,-659.6383232550305,5.0,2.43,3.0,-20862.315285754525,20862.315285754525,3138.0483456800653,15.0,116.83198947648592,14308.219178082192,0,1,0,0,0,0
3442,34.464,15115.957035344989,-659.6383232550305,5.0,2.43,3.0,-22733.77517266137,22733.77517266137,3138.0483456800653,15.0,116.83198947648592,14308.219178082192,0,1,0,0,0,0
3443,32.4001,16477.384570711045,-659.6383232550305,5.0,2.43,3.0,-21372.347637295316,21372.347637295316,3138.0483456800653,15.0,116.83198947648592,14308.219178082192,0,1,0,0,0,0
3444,32.6208,16331.802392768659,-659.6383232550305,5.0,2.43,3.0,-21517.9298152377,21517.9298152377,3138.0483456800653,15.0,116.83198947648592,14308.219178082192,0,1,0,0,0,0
3445,26.7866,20180.264298303162,-659.6383232550305,5.0,2.43,3.0,-17669.4679097032,17669.4679097032,3138.0483456800653,15.0,116.83198947648592,14308.219178082192,0,1,0,0,0,0
3446,34.5216,15077.9618679255,-659.6383232550305,5.0,2.43,3.0,-22771.77034008086,22771.77034008086,3138.0483456800653,15.0,116.83198947648592,14308.219178082192,0,1,0,0,0,0
3447,44.4809,8508.425915131676,-659.6383232550305,5.0,2.43,3.0,-29341.306292874684,29341.306292874684,3138.0483456800653,15.0,116.83198947648592,14308.219178082192,0,1,0,0,0,0
3448,29.378,18470.877547420074,-659.6383232550305,5.0,2.43,3.0,-19378.854660586287,19378.854660586287,3138.0483456800653,15.0,116.83198947648592,14308.219178082192,0,1,0,0,0,0
3449,29.1331,18632.422972785233,-659.6383232550305,5.0,2.43,3.0,-19217.309235221128,19217.309235221128,3138.0483456800653,15.0,116.83198947648592,14308.219178082192,0,1,0,0,0,0
3450,26.0403,20672.552378948392,-659.6383232550305,5.0,2.43,3.0,-17177.17982905797,17177.17982905797,3138.0483456800653,15.0,116.83198947648592,14308.219178082192,0,1,0,0,0,0
3451,24.5085,21682.986362510444,-659.6383232550305,5.0,2.43,3.0,-16166.745845495916,16166.745845495916,3138.0483456800653,15.0,116.83198947648592,14308.219178082192,0,1,0,0,0,0
3452,25.0867,21301.583484004386,-659.6383232550305,5.0,2.43,3.0,-16548.148724001974,16548.148724001974,3138.0483456800653,15.0,116.83198947648592,14308.219178082192,0,1,0,0,0,0
3453,20.6516,24227.145411472775,-659.6383232550305,5.0,2.43,3.0,-13622.586796533587,13622.586796533587,3138.0483456800653,15.0,116.83198947648592,14308.219178082192,0,1,0,0,0,0
3454,18.8392,25422.67390854019,-659.6383232550305,5.0,2.43,3.0,-12427.058299466173,12427.058299466173,3138.0483456800653,15.0,116.83198947648592,14308.219178082192,0,1,0,0,0,0
3455,18.3314,25757.638249089097,-659.6383232550305,5.0,2.43,3.0,-12092.093958917265,12092.093958917265,3138.0483456800653,15.0,116.83198947648592,14308.219178082192,0,1,0,0,0,0
3456,17.593,26244.715186980608,-659.6383232550305,5.0,2.43,3.0,-11605.017021025751,11605.017021025751,3138.0483456800653,15.0,116.83198947648592,14308.219178082192,0,1,0,0,0,0
3457,16.2216,27149.343183492558,-659.6383232550305,5.0,2.43,3.0,-10700.389024513803,10700.389024513803,3138.0483456800653,15.0,116.83198947648592,14308.219178082192,0,1,0,0,0,0
3458,15.3614,27716.764069156536,-659.6383232550305,5.0,2.43,3.0,-10132.968138849825,10132.968138849825,3138.0483456800653,15.0,116.83198947648592,14308.219178082192,0,1,0,0,0,0
3459,15.3312,27736.685146518837,-659.6383232550305,5.0,2.43,3.0,-10113.047061487525,10113.047061487525,3138.0483456800653,15.0,116.83198947648592,14308.219178082192,0,1,0,0,0,0
3460,12.5731,29556.033605888537,-659.6383232550305,5.0,2.43,3.0,-8293.698602117824,8293.698602117824,3138.0483456800653,15.0,116.83198947648592,14308.219178082192,0,1,0,0,0,0
3461,2.1241,36448.59444558035,-659.6383232550305,5.0,2.43,3.0,-1401.1377624260103,1401.1377624260103,3138.0483456800653,15.0,116.83198947648592,14308.219178082192,0,1,0,0,0,0
3462,13.5576,28906.61967664396,-659.6383232550305,5.0,2.43,3.0,-8943.112531362402,8943.112531362402,3138.0483456800653,15.0,116.83198947648592,14308.219178082192,0,1,0,0,0,0
3463,15.7416,27465.96957865497,-659.6383232550305,5.0,2.43,3.0,-10383.762629351388,10383.762629351388,3138.0483456800653,15.0,116.83198947648592,14308.219178082192,0,1,0,0,0,0
3464,23.4741,22365.31624408545,-659.6383232550305,5.0,2.43,3.0,-15484.415963920912,15484.415963920912,3138.0483456800653,15.0,116.83198947648592,14308.219178082192,0,1,0,0,0,0
3465,24.2847,21830.61341925492,-659.6383232550305,5.0,2.43,3.0,-16019.11878875144,16019.11878875144,3138.0483456800653,15.0,116.83198947648592,14308.219178082192,0,1,0,0,0,0
3466,74.3011,25144.425744269025,650.0,0,2.43,3.0,48295.715000000004,-48295.715000000004,15071.972825128516,0,556.8949724310688,14308.219178082192,1,0,0,0,0,0
3467,24.8538,21455.213249490484,-659.6383232550305,5.0,2.43,3.0,-16394.518958515877,16394.518958515877,3138.0483456800653,15.0,116.83198947648592,14308.219178082192,0,1,0,0,0,0
3468,26.1844,20577.49849656734,-659.6383232550305,5.0,2.43,3.0,-17272.23371143902,17272.23371143902,3138.0483456800653,15.0,116.83198947648592,14308.219178082192,0,1,0,0,0,0
3469,25.9141,20755.798735343174,-659.6383232550305,5.0,2.43,3.0,-17093.933472663186,17093.933472663186,3138.0483456800653,15.0,116.83198947648592,14308.219178082192,0,1,0,0,0,0
3470,30.5329,17709.061247892838,-659.6383232550305,5.0,2.43,3.0,-20140.670960113523,20140.670960113523,3138.0483456800653,15.0,116.83198947648592,14308.219178082192,0,1,0,0,0,0
3471,28.2031,19245.88661341241,-659.6383232550305,5.0,2.43,3.0,-18603.84559459395,18603.84559459395,3138.0483456800653,15.0,116.83198947648592,14308.219178082192,0,1,0,0,0,0
3472,31.1664,17291.18037011078,-659.6383232550305,5.0,2.43,3.0,-20558.551837895582,20558.551837895582,3138.0483456800653,15.0,116.83198947648592,14308.219178082192,0,1,0,0,0,0
3473,25.5333,21006.98900883869,-659.6383232550305,5.0,2.43,3.0,-16842.74319916767,16842.74319916767,3138.0483456800653,15.0,116.83198947648592,14308.219178082192,0,1,0,0,0,0
3474,24.4836,21699.411356759498,-659.6383232550305,5.0,2.43,3.0,-16150.320851246865,16150.320851246865,3138.0483456800653,15.0,116.83198947648592,14308.219178082192,0,1,0,0,0,0
3475,44.6067,8425.443414066194,-659.6383232550305,5.0,2.43,3.0,-29424.288793940166,29424.288793940166,3138.0483456800653,15.0,116.83198947648592,14308.219178082192,0,1,0,0,0,0
3476,25.2195,21213.983514676118,-659.6383232550305,5.0,2.43,3.0,-16635.748693330243,16635.748693330243,3138.0483456800653,15.0,116.83198947648592,14308.219178082192,0,1,0,0,0,0
3477,24.2225,21871.642922961386,-659.6383232550305,5.0,2.43,3.0,-15978.089285044976,15978.089285044976,3138.0483456800653,15.0,116.83198947648592,14308.219178082192,0,1,0,0,0,0
3478,21.1762,23881.099147093184,-659.6383232550305,5.0,2.43,3.0,-13968.633060913178,13968.633060913178,3138.0483456800653,15.0,116.83198947648592,14308.219178082192,0,1,0,0,0,0
3479,15.9525,27326.851856280486,-659.6383232550305,5.0,2.43,3.0,-10522.880351725875,10522.880351725875,3138.0483456800653,15.0,116.83198947648592,14308.219178082192,0,1,0,0,0,0
3480,14.7479,28121.452180473498,-659.6383232550305,5.0,2.43,3.0,-9728.280027532865,9728.280027532865,3138.0483456800653,15.0,116.83198947648592,14308.219178082192,0,1,0,0,0,0
3481,15.0466,27924.41821331722,-659.6383232550305,5.0,2.43,3.0,-9925.313994689142,9925.313994689142,3138.0483456800653,15.0,116.83198947648592,14308.219178082192,0,1,0,0,0,0
3482,15.2126,27814.918251656884,-659.6383232550305,5.0,2.43,3.0,-10034.813956349477,10034.813956349477,3138.0483456800653,15.0,116.83198947648592,14308.219178082192,0,1,0,0,0,0
3483,14.7816,28099.2223689798,-659.6383232550305,5.0,2.43,3.0,-9750.50983902656,9750.50983902656,3138.0483456800653,15.0,116.83198947648592,14308.219178082192,0,1,0,0,0,0
3484,13.4241,28994.681392798506,-659.6383232550305,5.0,2.43,3.0,-8855.050815207855,8855.050815207855,3138.0483456800653,15.0,116.83198947648592,14308.219178082192,0,1,0,0,0,0
3485,10.3141,31046.15657812165,-659.6383232550305,5.0,2.43,3.0,-6803.57562988471,6803.57562988471,3138.0483456800653,15.0,116.83198947648592,14308.219178082192,0,1,0,0,0,0
3486,14.3885,28358.526193851354,-659.6383232550305,5.0,2.43,3.0,-9491.206014155006,9491.206014155006,3138.0483456800653,15.0,116.83198947648592,14308.219178082192,0,1,0,0,0,0
3487,15.6608,27519.26835517398,-659.6383232550305,5.0,2.43,3.0,-10330.463852832381,10330.463852832381,3138.0483456800653,15.0,116.83198947648592,14308.219178082192,0,1,0,0,0,0
3488,21.021,23983.475014862364,-659.6383232550305,5.0,2.43,3.0,-13866.257193143996,13866.257193143996,3138.0483456800653,15.0,116.83198947648592,14308.219178082192,0,1,0,0,0,0
3489,22.5128,22999.42656423051,-659.6383232550305,5.0,2.43,3.0,-14850.30564377585,14850.30564377585,3138.0483456800653,15.0,116.83198947648592,14308.219178082192,0,1,0,0,0,0
3490,25.5788,20976.975465130585,-659.6383232550305,5.0,2.43,3.0,-16872.756742875776,16872.756742875776,3138.0483456800653,15.0,116.83198947648592,14308.219178082192,0,1,0,0,0,0
3491,26.4911,20375.187422825024,-659.6383232550305,5.0,2.43,3.0,-17474.544785181337,17474.544785181337,3138.0483456800653,15.0,116.83198947648592,14308.219178082192,0,1,0,0,0,0
3492,25.1494,21260.224161136295,-659.6383232550305,5.0,2.43,3.0,-16589.508046870065,16589.508046870065,3138.0483456800653,15.0,116.83198947648592,14308.219178082192,0,1,0,0,0,0
3493,24.7853,21500.398474633454,-659.6383232550305,5.0,2.43,3.0,-16349.333733372907,16349.333733372907,3138.0483456800653,15.0,116.83198947648592,14308.219178082192,0,1,0,0,0,0
3494,25.3517,21126.779328341803,-659.6383232550305,5.0,2.43,3.0,-16722.952879664557,16722.952879664557,3138.0483456800653,15.0,116.83198947648592,14308.219178082192,0,1,0,0,0,0
3495,26.059,20660.21714230352,-659.6383232550305,5.0,2.43,3.0,-17189.515065702843,17189.515065702843,3138.0483456800653,15.0,116.83198947648592,14308.219178082192,0,1,0,0,0,0
3496,25.1258,21275.791625565114,-659.6383232550305,5.0,2.43,3.0,-16573.940582441246,16573.940582441246,3138.0483456800653,15.0,116.83198947648592,14308.219178082192,0,1,0,0,0,0
3497,23.527,22330.421376785256,-659.6383232550305,5.0,2.43,3.0,-15519.310831221104,15519.310831221104,3138.0483456800653,15.0,116.83198947648592,14308.219178082192,0,1,0,0,0,0
3498,23.5893,22289.32590924647,-659.6383232550305,5.0,2.43,3.0,-15560.406298759892,15560.406298759892,3138.0483456800653,15.0,116.83198947648592,14308.219178082192,0,1,0,0,0,0
3499,21.0005,23996.997600489092,-659.6383232550305,5.0,2.43,3.0,-13852.734607517268,13852.734607517268,3138.0483456800653,15.0,116.83198947648592,14308.219178082192,0,1,0,0,0,0
3500,21.7874,23477.928203919706,-659.6383232550305,5.0,2.43,3.0,-14371.804004086653,14371.804004086653,3138.0483456800653,15.0,116.83198947648592,14308.219178082192,0,1,0,0,0,0
3501,20.2042,24522.267597297072,-659.6383232550305,5.0,2.43,3.0,-13327.464610709287,13327.464610709287,3138.0483456800653,15.0,116.83198947648592,14308.219178082192,0,1,0,0,0,0
3502,19.7415,24827.482249467175,-659.6383232550305,5.0,2.43,3.0,-13022.249958539183,13022.249958539183,3138.0483456800653,15.0,116.83198947648592,14308.219178082192,0,1,0,0,0,0
3503,18.2586,25805.65991902206,-659.6383232550305,5.0,2.43,3.0,-12044.072288984302,12044.072288984302,3138.0483456800653,15.0,116.83198947648592,14308.219178082192,0,1,0,0,0,0
3504,17.13,26550.12773064769,-659.6383232550305,5.0,2.43,3.0,-11299.604477358673,11299.604477358673,3138.0483456800653,15.0,116.83198947648592,14308.219178082192,0,1,0,0,0,0
3505,16.4814,26977.969147110904,-659.6383232550305,5.0,2.43,3.0,-10871.76306089546,10871.76306089546,3138.0483456800653,15.0,116.83198947648592,14308.219178082192,0,1,0,0,0,0
3506,15.7905,27433.713264647802,-659.6383232550305,5.0,2.43,3.0,-10416.018943358558,10416.018943358558,3138.0483456800653,15.0,116.83198947648592,14308.219178082192,0,1,0,0,0,0
3507,15.5351,27602.18489240714,-659.6383232550305,5.0,2.43,3.0,-10247.547315599224,10247.547315599224,3138.0483456800653,15.0,116.83198947648592,14308.219178082192,0,1,0,0,0,0
3508,15.1736,27840.64414626383,-659.6383232550305,5.0,2.43,3.0,-10009.088061742532,10009.088061742532,3138.0483456800653,15.0,116.83198947648592,14308.219178082192,0,1,0,0,0,0
3509,13.7783,28761.037498701575,-659.6383232550305,5.0,2.43,3.0,-9088.694709304787,9088.694709304787,3138.0483456800653,15.0,116.83198947648592,14308.219178082192,0,1,0,0,0,0
3510,8.4158,32298.348007156674,-659.6383232550305,5.0,2.43,3.0,-5551.384200849687,5551.384200849687,3138.0483456800653,15.0,116.83198947648592,14308.219178082192,0,1,0,0,0,0
3511,15.7988,27428.238266564782,-659.6383232550305,5.0,2.43,3.0,-10421.493941441577,10421.493941441577,3138.0483456800653,15.0,116.83198947648592,14308.219178082192,0,1,0,0,0,0
3512,20.1071,24586.31847848514,-659.6383232550305,5.0,2.43,3.0,-13263.413729521224,13263.413729521224,3138.0483456800653,15.0,116.83198947648592,14308.219178082192,0,1,0,0,0,0
3513,21.6923,23540.659808461263,-659.6383232550305,5.0,2.43,3.0,-14309.072399545099,14309.072399545099,3138.0483456800653,15.0,116.83198947648592,14308.219178082192,0,1,0,0,0,0
3514,22.5126,22999.55849189516,-659.6383232550305,5.0,2.43,3.0,-14850.1737161112,14850.1737161112,3138.0483456800653,15.0,116.83198947648592,14308.219178082192,0,1,0,0,0,0
3515,22.0775,23286.567126343427,-659.6383232550305,5.0,2.43,3.0,-14563.165081662937,14563.165081662937,3138.0483456800653,15.0,116.83198947648592,14308.219178082192,0,1,0,0,0,0
3516,23.1203,22598.696282853078,-659.6383232550305,5.0,2.43,3.0,-15251.035925153283,15251.035925153283,3138.0483456800653,15.0,116.83198947648592,14308.219178082192,0,1,0,0,0,0
3517,21.8132,23460.90953517973,-659.6383232550305,5.0,2.43,3.0,-14388.82267282663,14388.82267282663,3138.0483456800653,15.0,116.83198947648592,14308.219178082192,0,1,0,0,0,0
3518,22.5923,22946.985317531733,-659.6383232550305,5.0,2.43,3.0,-14902.746890474627,14902.746890474627,3138.0483456800653,15.0,116.83198947648592,14308.219178082192,0,1,0,0,0,0
3519,24.1069,21947.897113129664,-659.6383232550305,5.0,2.43,3.0,-15901.835094876695,15901.835094876695,3138.0483456800653,15.0,116.83198947648592,14308.219178082192,0,1,0,0,0,0
3520,28.3743,19132.956532471148,-659.6383232550305,5.0,2.43,3.0,-18716.775675535213,18716.775675535213,3138.0483456800653,15.0,116.83198947648592,14308.219178082192,0,1,0,0,0,0
3521,31.7097,16932.798869086317,-659.6383232550305,5.0,2.43,3.0,-20916.933338920044,20916.933338920044,3138.0483456800653,15.0,116.83198947648592,14308.219178082192,0,1,0,0,0,0
3522,23.8703,22103.967540411802,-659.6383232550305,5.0,2.43,3.0,-15745.764667594554,15745.764667594554,3138.0483456800653,15.0,116.83198947648592,14308.219178082192,0,1,0,0,0,0
3523,23.8866,22093.21543574275,-659.6383232550305,5.0,2.43,3.0,-15756.516772263612,15756.516772263612,3138.0483456800653,15.0,116.83198947648592,14308.219178082192,0,1,0,0,0,0
3524,24.6323,21601.323138091473,-659.6383232550305,5.0,2.43,3.0,-16248.40906991489,16248.40906991489,3138.0483456800653,15.0,116.83198947648592,14308.219178082192,0,1,0,0,0,0
3525,20.2884,24466.726050479,-659.6383232550305,5.0,2.43,3.0,-13383.006157527361,13383.006157527361,3138.0483456800653,15.0,116.83198947648592,14308.219178082192,0,1,0,0,0,0
3526,18.0202,25962.91769528606,-659.6383232550305,5.0,2.43,3.0,-11886.8145127203,11886.8145127203,3138.0483456800653,15.0,116.83198947648592,14308.219178082192,0,1,0,0,0,0
3527,16.5043,26962.86342950836,-659.6383232550305,5.0,2.43,3.0,-10886.868778498001,10886.868778498001,3138.0483456800653,15.0,116.83198947648592,14308.219178082192,0,1,0,0,0,0
3528,16.2991,27098.221213440294,-659.6383232550305,5.0,2.43,3.0,-10751.510994566068,10751.510994566068,3138.0483456800653,15.0,116.83198947648592,14308.219178082192,0,1,0,0,0,0
3529,10.9474,30628.40762800424,-659.6383232550305,5.0,2.43,3.0,-7221.324580002121,7221.324580002121,3138.0483456800653,15.0,116.83198947648592,14308.219178082192,0,1,0,0,0,0
3530,12.1404,29841.45910836099,-659.6383232550305,5.0,2.43,3.0,-8008.273099645372,8008.273099645372,3138.0483456800653,15.0,116.83198947648592,14308.219178082192,0,1,0,0,0,0
3531,12.1117,29860.390728238406,-659.6383232550305,5.0,2.43,3.0,-7989.341479767953,7989.341479767953,3138.0483456800653,15.0,116.83198947648592,14308.219178082192,0,1,0,0,0,0
3532,11.5187,30251.55625392864,-659.6383232550305,5.0,2.43,3.0,-7598.17595407772,7598.17595407772,3138.0483456800653,15.0,116.83198947648592,14308.219178082192,0,1,0,0,0,0
3533,16.8798,26715.1692391261,-659.6383232550305,5.0,2.43,3.0,-11134.562968880264,11134.562968880264,3138.0483456800653,15.0,116.83198947648592,14308.219178082192,0,1,0,0,0,0
3534,20.6478,24229.652037101143,-659.6383232550305,5.0,2.43,3.0,-13620.08017090522,13620.08017090522,3138.0483456800653,15.0,116.83198947648592,14308.219178082192,0,1,0,0,0,0
3535,21.6879,23543.562217083585,-659.6383232550305,5.0,2.43,3.0,-14306.169990922775,14306.169990922775,3138.0483456800653,15.0,116.83198947648592,14308.219178082192,0,1,0,0,0,0
3536,25.2497,21194.062437313816,-659.6383232550305,5.0,2.43,3.0,-16655.669770692544,16655.669770692544,3138.0483456800653,15.0,116.83198947648592,14308.219178082192,0,1,0,0,0,0
3537,30.9646,17424.295383743643,-659.6383232550305,5.0,2.43,3.0,-20425.436824262717,20425.436824262717,3138.0483456800653,15.0,116.83198947648592,14308.219178082192,0,1,0,0,0,0
3538,26.2482,20535.413571543668,-659.6383232550305,5.0,2.43,3.0,-17314.318636462693,17314.318636462693,3138.0483456800653,15.0,116.83198947648592,14308.219178082192,0,1,0,0,0,0
3539,36.363,13863.303859483687,-659.6383232550305,5.0,2.43,3.0,-23986.428348522673,23986.428348522673,3138.0483456800653,15.0,116.83198947648592,14308.219178082192,0,1,0,0,0,0
3540,39.3033,11923.769297616924,-659.6383232550305,5.0,2.43,3.0,-25925.96291038944,25925.96291038944,3138.0483456800653,15.0,116.83198947648592,14308.219178082192,0,1,0,0,0,0
3541,34.7699,14914.173672261277,-659.6383232550305,5.0,2.43,3.0,-22935.558535745084,22935.558535745084,3138.0483456800653,15.0,116.83198947648592,14308.219178082192,0,1,0,0,0,0
3542,41.6319,10387.735498085254,-659.6383232550305,5.0,2.43,3.0,-27461.996709921106,27461.996709921106,3138.0483456800653,15.0,116.83198947648592,14308.219178082192,0,1,0,0,0,0
3543,65.1385,19188.735744269015,650.0,0,2.43,3.0,42340.024999999994,-42340.024999999994,15071.972825128516,0,556.8949724310688,14308.219178082192,1,0,0,0,0,0
3544,84.1846,31568.700744269034,650.0,0,2.43,3.0,54719.990000000005,-54719.990000000005,15071.972825128516,0,556.8949724310688,14308.219178082192,1,0,0,0,0,0
3545,26.7999,20171.491108603866,-659.6383232550305,5.0,2.43,3.0,-17678.241099402494,17678.241099402494,3138.0483456800653,15.0,116.83198947648592,14308.219178082192,0,1,0,0,0,0
3546,43.3163,9276.640706394483,-659.6383232550305,5.0,2.43,3.0,-28573.091501611878,28573.091501611878,3138.0483456800653,15.0,116.83198947648592,14308.219178082192,0,1,0,0,0,0
3547,35.0816,14708.564406902678,-659.6383232550305,5.0,2.43,3.0,-23141.16780110368,23141.16780110368,3138.0483456800653,15.0,116.83198947648592,14308.219178082192,0,1,0,0,0,0
3548,33.0503,16048.487732930625,-659.6383232550305,5.0,2.43,3.0,-21801.244475075735,21801.244475075735,3138.0483456800653,15.0,116.83198947648592,14308.219178082192,0,1,0,0,0,0
3549,23.419,22401.6623156968,-659.6383232550305,5.0,2.43,3.0,-15448.06989230956,15448.06989230956,3138.0483456800653,15.0,116.83198947648592,14308.219178082192,0,1,0,0,0,0
3550,21.5748,23618.16731144373,-659.6383232550305,5.0,2.43,3.0,-14231.564896562631,14231.564896562631,3138.0483456800653,15.0,116.83198947648592,14308.219178082192,0,1,0,0,0,0
3551,20.8722,24081.629197362712,-659.6383232550305,5.0,2.43,3.0,-13768.103010643648,13768.103010643648,3138.0483456800653,15.0,116.83198947648592,14308.219178082192,0,1,0,0,0,0
3552,19.2924,25123.72582044101,-659.6383232550305,5.0,2.43,3.0,-12726.00638756535,12726.00638756535,3138.0483456800653,15.0,116.83198947648592,14308.219178082192,0,1,0,0,0,0
3553,19.0743,25267.59293874293,-659.6383232550305,5.0,2.43,3.0,-12582.139269263429,12582.139269263429,3138.0483456800653,15.0,116.83198947648592,14308.219178082192,0,1,0,0,0,0
3554,18.6509,25546.883804809113,-659.6383232550305,5.0,2.43,3.0,-12302.84840319725,12302.84840319725,3138.0483456800653,15.0,116.83198947648592,14308.219178082192,0,1,0,0,0,0
3555,19.0641,25274.321249640132,-659.6383232550305,5.0,2.43,3.0,-12575.410958366227,12575.410958366227,3138.0483456800653,15.0,116.83198947648592,14308.219178082192,0,1,0,0,0,0
3556,21.0749,23947.920509238917,-659.6383232550305,5.0,2.43,3.0,-13901.811698767442,13901.811698767442,3138.0483456800653,15.0,116.83198947648592,14308.219178082192,0,1,0,0,0,0
3557,21.6263,23584.195937796096,-659.6383232550305,5.0,2.43,3.0,-14265.536270210267,14265.536270210267,3138.0483456800653,15.0,116.83198947648592,14308.219178082192,0,1,0,0,0,0
3558,21.4432,23704.97571478409,-659.6383232550305,5.0,2.43,3.0,-14144.75649322227,14144.75649322227,3138.0483456800653,15.0,116.83198947648592,14308.219178082192,0,1,0,0,0,0
3559,25.1115,21285.224453587663,-659.6383232550305,5.0,2.43,3.0,-16564.507754418697,16564.507754418697,3138.0483456800653,15.0,116.83198947648592,14308.219178082192,0,1,0,0,0,0
3560,31.6239,16989.3958372216,-659.6383232550305,5.0,2.43,3.0,-20860.33637078476,20860.33637078476,3138.0483456800653,15.0,116.83198947648592,14308.219178082192,0,1,0,0,0,0
3561,37.3351,13222.069445447472,-659.6383232550305,5.0,2.43,3.0,-24627.662762558888,24627.662762558888,3138.0483456800653,15.0,116.83198947648592,14308.219178082192,0,1,0,0,0,0
3562,26.4487,20403.156087731037,-659.6383232550305,5.0,2.43,3.0,-17446.576120275324,17446.576120275324,3138.0483456800653,15.0,116.83198947648592,14308.219178082192,0,1,0,0,0,0
3563,26.9356,20081.97818813816,-659.6383232550305,5.0,2.43,3.0,-17767.7540198682,17767.7540198682,3138.0483456800653,15.0,116.83198947648592,14308.219178082192,0,1,0,0,0,0
3564,55.1726,12710.900744269025,650.0,0,2.43,3.0,35862.19,-35862.19,15071.972825128516,0,556.8949724310688,14308.219178082192,1,0,0,0,0,0
3565,50.9945,9995.135744269026,650.0,0,2.43,3.0,33146.425,-33146.425,15071.972825128516,0,556.8949724310688,14308.219178082192,1,0,0,0,0,0
3566,46.8872,7325.390744269024,650.0,0,2.43,3.0,30476.68,-30476.68,15071.972825128516,0,556.8949724310688,14308.219178082192,1,0,0,0,0,0
3567,29.7976,18194.093306982264,-659.6383232550305,5.0,2.43,3.0,-19655.638901024096,19655.638901024096,3138.0483456800653,15.0,116.83198947648592,14308.219178082192,0,1,0,0,0,0
3568,31.3319,17182.01022761207,-659.6383232550305,5.0,2.43,3.0,-20667.72198039429,20667.72198039429,3138.0483456800653,15.0,116.83198947648592,14308.219178082192,0,1,0,0,0,0
3569,29.3066,18517.97572370048,-659.6383232550305,5.0,2.43,3.0,-19331.756484305875,19331.756484305875,3138.0483456800653,15.0,116.83198947648592,14308.219178082192,0,1,0,0,0,0
3570,25.6593,20923.874580108557,-659.6383232550305,5.0,2.43,3.0,-16925.857627897807,16925.857627897807,3138.0483456800653,15.0,116.83198947648592,14308.219178082192,0,1,0,0,0,0
3571,27.1195,19960.670700491562,-659.6383232550305,5.0,2.43,3.0,-17889.061507514798,17889.061507514798,3138.0483456800653,15.0,116.83198947648592,14308.219178082192,0,1,0,0,0,0
3572,32.3828,16488.79631370336,-659.6383232550305,5.0,2.43,3.0,-21360.935894303006,21360.935894303006,3138.0483456800653,15.0,116.83198947648592,14308.219178082192,0,1,0,0,0,0
3573,23.4877,22356.34516288918,-659.6383232550305,5.0,2.43,3.0,-15493.38704511718,15493.38704511718,3138.0483456800653,15.0,116.83198947648592,14308.219178082192,0,1,0,0,0,0
3574,21.9055,23400.02491794329,-659.6383232550305,5.0,2.43,3.0,-14449.70729006307,14449.70729006307,3138.0483456800653,15.0,116.83198947648592,14308.219178082192,0,1,0,0,0,0
3575,18.4097,25705.988568378223,-659.6383232550305,5.0,2.43,3.0,-12143.743639628135,12143.743639628135,3138.0483456800653,15.0,116.83198947648592,14308.219178082192,0,1,0,0,0,0
3576,19.1295,25231.180903299253,-659.6383232550305,5.0,2.43,3.0,-12618.551304707107,12618.551304707107,3138.0483456800653,15.0,116.83198947648592,14308.219178082192,0,1,0,0,0,0
3577,19.0322,25295.36371215197,-659.6383232550305,5.0,2.43,3.0,-12554.36849585439,12554.36849585439,3138.0483456800653,15.0,116.83198947648592,14308.219178082192,0,1,0,0,0,0
3578,18.1323,25888.97223924917,-659.6383232550305,5.0,2.43,3.0,-11960.759968757191,11960.759968757191,3138.0483456800653,15.0,116.83198947648592,14308.219178082192,0,1,0,0,0,0
3579,18.9066,25378.2142855528,-659.6383232550305,5.0,2.43,3.0,-12471.51792245356,12471.51792245356,3138.0483456800653,15.0,116.83198947648592,14308.219178082192,0,1,0,0,0,0
3580,21.6737,23552.929081273807,-659.6383232550305,5.0,2.43,3.0,-14296.803126732555,14296.803126732555,3138.0483456800653,15.0,116.83198947648592,14308.219178082192,0,1,0,0,0,0
3581,21.9149,23393.82431770469,-659.6383232550305,5.0,2.43,3.0,-14455.907890301667,14455.907890301667,3138.0483456800653,15.0,116.83198947648592,14308.219178082192,0,1,0,0,0,0
3582,22.5213,22993.81963848284,-659.6383232550305,5.0,2.43,3.0,-14855.912569523518,14855.912569523518,3138.0483456800653,15.0,116.83198947648592,14308.219178082192,0,1,0,0,0,0
3583,25.0923,21297.889509394157,-659.6383232550305,5.0,2.43,3.0,-16551.842698612203,16551.842698612203,3138.0483456800653,15.0,116.83198947648592,14308.219178082192,0,1,0,0,0,0
3584,25.9205,20751.577050074342,-659.6383232550305,5.0,2.43,3.0,-17098.15515793202,17098.15515793202,3138.0483456800653,15.0,116.83198947648592,14308.219178082192,0,1,0,0,0,0
3585,29.3336,18500.165488972598,-659.6383232550305,5.0,2.43,3.0,-19349.566719033763,19349.566719033763,3138.0483456800653,15.0,116.83198947648592,14308.219178082192,0,1,0,0,0,0
3586,24.9503,21391.558151296373,-659.6383232550305,5.0,2.43,3.0,-16458.174056709988,16458.174056709988,3138.0483456800653,15.0,116.83198947648592,14308.219178082192,0,1,0,0,0,0
3587,25.0617,21318.074442085763,-659.6383232550305,5.0,2.43,3.0,-16531.657765920598,16531.657765920598,3138.0483456800653,15.0,116.83198947648592,14308.219178082192,0,1,0,0,0,0
3588,33.3763,15833.445639549485,-659.6383232550305,5.0,2.43,3.0,-22016.286568456875,22016.286568456875,3138.0483456800653,15.0,116.83198947648592,14308.219178082192,0,1,0,0,0,0
3589,29.5248,18374.042641566237,-659.6383232550305,5.0,2.43,3.0,-19475.689566440124,19475.689566440124,3138.0483456800653,15.0,116.83198947648592,14308.219178082192,0,1,0,0,0,0
3590,26.1269,20615.427700154505,-659.6383232550305,5.0,2.43,3.0,-17234.304507851855,17234.304507851855,3138.0483456800653,15.0,116.83198947648592,14308.219178082192,0,1,0,0,0,0
3591,24.5989,21623.35505808819,-659.6383232550305,5.0,2.43,3.0,-16226.377149918171,16226.377149918171,3138.0483456800653,15.0,116.83198947648592,14308.219178082192,0,1,0,0,0,0
3592,43.9499,8858.693864780093,-659.6383232550305,5.0,2.43,3.0,-28991.038343226264,28991.038343226264,3138.0483456800653,15.0,116.83198947648592,14308.219178082192,0,1,0,0,0,0
3593,25.7271,20879.151101791867,-659.6383232550305,5.0,2.43,3.0,-16970.581106214497,16970.581106214497,3138.0483456800653,15.0,116.83198947648592,14308.219178082192,0,1,0,0,0,0
3594,36.9991,13443.707922061163,-659.6383232550305,5.0,2.43,3.0,-24406.024285945197,24406.024285945197,3138.0483456800653,15.0,116.83198947648592,14308.219178082192,0,1,0,0,0,0
3595,20.3156,24448.783888086466,-659.6383232550305,5.0,2.43,3.0,-13400.948319919898,13400.948319919898,3138.0483456800653,15.0,116.83198947648592,14308.219178082192,0,1,0,0,0,0
3596,23.017,22666.83692164532,-659.6383232550305,5.0,2.43,3.0,-15182.895286361038,15182.895286361038,3138.0483456800653,15.0,116.83198947648592,14308.219178082192,0,1,0,0,0,0
3597,21.4978,23668.959462334366,-659.6383232550305,5.0,2.43,3.0,-14180.772745671997,14180.772745671997,3138.0483456800653,15.0,116.83198947648592,14308.219178082192,0,1,0,0,0,0
3598,20.7843,24139.61140597683,-659.6383232550305,5.0,2.43,3.0,-13710.120802029533,13710.120802029533,3138.0483456800653,15.0,116.83198947648592,14308.219178082192,0,1,0,0,0,0
3599,19.1445,25221.286328450427,-659.6383232550305,5.0,2.43,3.0,-12628.445879555933,12628.445879555933,3138.0483456800653,15.0,116.83198947648592,14308.219178082192,0,1,0,0,0,0
3600,18.8539,25412.97722518834,-659.6383232550305,5.0,2.43,3.0,-12436.75498281802,12436.75498281802,3138.0483456800653,15.0,116.83198947648592,14308.219178082192,0,1,0,0,0,0
3601,18.7896,25455.39196937364,-659.6383232550305,5.0,2.43,3.0,-12394.340238632722,12394.340238632722,3138.0483456800653,15.0,116.83198947648592,14308.219178082192,0,1,0,0,0,0
3602,18.3009,25777.757217948376,-659.6383232550305,5.0,2.43,3.0,-12071.974990057986,12071.974990057986,3138.0483456800653,15.0,116.83198947648592,14308.219178082192,0,1,0,0,0,0
3603,19.6527,24886.058132572223,-659.6383232550305,5.0,2.43,3.0,-12963.674075434137,12963.674075434137,3138.0483456800653,15.0,116.83198947648592,14308.219178082192,0,1,0,0,0,0
3604,20.7544,24159.334591842155,-659.6383232550305,5.0,2.43,3.0,-13690.397616164206,13690.397616164206,3138.0483456800653,15.0,116.83198947648592,14308.219178082192,0,1,0,0,0,0
3605,21.6147,23591.847742345853,-659.6383232550305,5.0,2.43,3.0,-14257.884465660507,14257.884465660507,3138.0483456800653,15.0,116.83198947648592,14308.219178082192,0,1,0,0,0,0
3606,26.1818,20579.213556207804,-659.6383232550305,5.0,2.43,3.0,-17270.518651798557,17270.518651798557,3138.0483456800653,15.0,116.83198947648592,14308.219178082192,0,1,0,0,0,0
3607,25.276,21176.71394941221,-659.6383232550305,5.0,2.43,3.0,-16673.01825859415,16673.01825859415,3138.0483456800653,15.0,116.83198947648592,14308.219178082192,0,1,0,0,0,0
3608,26.0438,20670.243644816997,-659.6383232550305,5.0,2.43,3.0,-17179.488563189363,17179.488563189363,3138.0483456800653,15.0,116.83198947648592,14308.219178082192,0,1,0,0,0,0
3609,25.8307,20810.812571502644,-659.6383232550305,5.0,2.43,3.0,-17038.919636503717,17038.919636503717,3138.0483456800653,15.0,116.83198947648592,14308.219178082192,0,1,0,0,0,0
3610,30.8871,17475.417353795907,-659.6383232550305,5.0,2.43,3.0,-20374.314854210454,20374.314854210454,3138.0483456800653,15.0,116.83198947648592,14308.219178082192,0,1,0,0,0,0
3611,43.1889,9360.678628777176,-659.6383232550305,5.0,2.43,3.0,-28489.053579229185,28489.053579229185,3138.0483456800653,15.0,116.83198947648592,14308.219178082192,0,1,0,0,0,0
3612,34.1284,15337.331656629376,-659.6383232550305,5.0,2.43,3.0,-22512.400551376984,22512.400551376984,3138.0483456800653,15.0,116.83198947648592,14308.219178082192,0,1,0,0,0,0
3613,30.6103,17658.005241672898,-659.6383232550305,5.0,2.43,3.0,-20191.72696633346,20191.72696633346,3138.0483456800653,15.0,116.83198947648592,14308.219178082192,0,1,0,0,0,0
3614,47.1325,7484.835744269024,650.0,0,2.43,3.0,30636.125,-30636.125,15071.972825128516,0,556.8949724310688,14308.219178082192,1,0,0,0,0,0
3615,79.1468,28294.130744269027,650.0,0,2.43,3.0,51445.42,-51445.42,15071.972825128516,0,556.8949724310688,14308.219178082192,1,0,0,0,0,0
3616,46.2253,7357.752824045601,-659.6383232550305,5.0,2.43,3.0,-30491.97938396076,30491.97938396076,3138.0483456800653,15.0,116.83198947648592,14308.219178082192,0,1,0,0,0,0
3617,40.2103,11325.477338424611,-659.6383232550305,5.0,2.43,3.0,-26524.25486958175,26524.25486958175,3138.0483456800653,15.0,116.83198947648592,14308.219178082192,0,1,0,0,0,0
3618,57.0538,13933.680744269024,650.0,0,2.43,3.0,37084.97,-37084.97,15071.972825128516,0,556.8949724310688,14308.219178082192,1,0,0,0,0,0
3619,36.2944,13908.55504845898,-659.6383232550305,5.0,2.43,3.0,-23941.17715954738,23941.17715954738,3138.0483456800653,15.0,116.83198947648592,14308.219178082192,0,1,0,0,0,0
3620,44.6056,8426.169016221771,-659.6383232550305,5.0,2.43,3.0,-29423.56319178459,29423.56319178459,3138.0483456800653,15.0,116.83198947648592,14308.219178082192,0,1,0,0,0,0
3621,22.5041,23005.165417642827,-659.6383232550305,5.0,2.43,3.0,-14844.566790363533,14844.566790363533,3138.0483456800653,15.0,116.83198947648592,14308.219178082192,0,1,0,0,0,0
3622,19.6697,24874.844281076887,-659.6383232550305,5.0,2.43,3.0,-12974.887926929472,12974.887926929472,3138.0483456800653,15.0,116.83198947648592,14308.219178082192,0,1,0,0,0,0
3623,19.9279,24704.525666012436,-659.6383232550305,5.0,2.43,3.0,-13145.206541993923,13145.206541993923,3138.0483456800653,15.0,116.83198947648592,14308.219178082192,0,1,0,0,0,0
3624,19.9159,24712.441325891497,-659.6383232550305,5.0,2.43,3.0,-13137.290882114863,13137.290882114863,3138.0483456800653,15.0,116.83198947648592,14308.219178082192,0,1,0,0,0,0
3625,18.1726,25862.388814821992,-659.6383232550305,5.0,2.43,3.0,-11987.343393184367,11987.343393184367,3138.0483456800653,15.0,116.83198947648592,14308.219178082192,0,1,0,0,0,0
3626,17.8626,26066.876695031053,-659.6383232550305,5.0,2.43,3.0,-11782.855512975308,11782.855512975308,3138.0483456800653,15.0,116.83198947648592,14308.219178082192,0,1,0,0,0,0
3627,17.6581,26201.772732136706,-659.6383232550305,5.0,2.43,3.0,-11647.959475869655,11647.959475869655,3138.0483456800653,15.0,116.83198947648592,14308.219178082192,0,1,0,0,0,0
3628,19.1794,25198.264950968827,-659.6383232550305,5.0,2.43,3.0,-12651.467257037533,12651.467257037533,3138.0483456800653,15.0,116.83198947648592,14308.219178082192,0,1,0,0,0,0
3629,18.6343,25557.833800975146,-659.6383232550305,5.0,2.43,3.0,-12291.898407031214,12291.898407031214,3138.0483456800653,15.0,116.83198947648592,14308.219178082192,0,1,0,0,0,0
3630,19.1277,25232.368252281114,-659.6383232550305,5.0,2.43,3.0,-12617.363955725248,12617.363955725248,3138.0483456800653,15.0,116.83198947648592,14308.219178082192,0,1,0,0,0,0
3631,20.8018,24128.06773531987,-659.6383232550305,5.0,2.43,3.0,-13721.664472686494,13721.664472686494,3138.0483456800653,15.0,116.83198947648592,14308.219178082192,0,1,0,0,0,0
3632,21.7539,23500.026087748753,-659.6383232550305,5.0,2.43,3.0,-14349.70612025761,14349.70612025761,3138.0483456800653,15.0,116.83198947648592,14308.219178082192,0,1,0,0,0,0
3633,22.6179,22930.098576456407,-659.6383232550305,5.0,2.43,3.0,-14919.633631549954,14919.633631549954,3138.0483456800653,15.0,116.83198947648592,14308.219178082192,0,1,0,0,0,0
3634,34.0986,15356.988878662378,-659.6383232550305,5.0,2.43,3.0,-22492.743329343983,22492.743329343983,3138.0483456800653,15.0,116.83198947648592,14308.219178082192,0,1,0,0,0,0
3635,40.147,11367.232444286656,-659.6383232550305,5.0,2.43,3.0,-26482.49976371971,26482.49976371971,3138.0483456800653,15.0,116.83198947648592,14308.219178082192,0,1,0,0,0,0
3636,48.5972,8436.890744269023,650.0,0,2.43,3.0,31588.18,-31588.18,15071.972825128516,0,556.8949724310688,14308.219178082192,1,0,0,0,0,0
3637,37.7301,12961.512307761732,-659.6383232550305,5.0,2.43,3.0,-24888.21990024463,24888.21990024463,3138.0483456800653,15.0,116.83198947648592,14308.219178082192,0,1,0,0,0,0
3638,81.0777,29549.21574426902,650.0,0,2.43,3.0,52700.505,-52700.505,15071.972825128516,0,556.8949724310688,14308.219178082192,1,0,0,0,0,0
3639,39.1904,11998.242464312414,-659.6383232550305,5.0,2.43,3.0,-25851.489743693946,25851.489743693946,3138.0483456800653,15.0,116.83198947648592,14308.219178082192,0,1,0,0,0,0
3640,49.5312,9043.990744269022,650.0,0,2.43,3.0,32195.28,-32195.28,15071.972825128516,0,556.8949724310688,14308.219178082192,1,0,0,0,0,0
3641,31.7676,16894.60581016985,-659.6383232550305,5.0,2.43,3.0,-20955.12639783651,20955.12639783651,3138.0483456800653,15.0,116.83198947648592,14308.219178082192,0,1,0,0,0,0
3642,31.8065,16868.945879395233,-659.6383232550305,5.0,2.43,3.0,-20980.786328611128,20980.786328611128,3138.0483456800653,15.0,116.83198947648592,14308.219178082192,0,1,0,0,0,0
3643,26.4637,20393.26151288221,-659.6383232550305,5.0,2.43,3.0,-17456.47069512415,17456.47069512415,3138.0483456800653,15.0,116.83198947648592,14308.219178082192,0,1,0,0,0,0
3644,24.4867,21697.366477957406,-659.6383232550305,5.0,2.43,3.0,-16152.365730048956,16152.365730048956,3138.0483456800653,15.0,116.83198947648592,14308.219178082192,0,1,0,0,0,0
3645,28.1033,19311.71851807326,-659.6383232550305,5.0,2.43,3.0,-18538.0136899331,18538.0136899331,3138.0483456800653,15.0,116.83198947648592,14308.219178082192,0,1,0,0,0,0
3646,22.2701,23159.520785284505,-659.6383232550305,5.0,2.43,3.0,-14690.211422721855,14690.211422721855,3138.0483456800653,15.0,116.83198947648592,14308.219178082192,0,1,0,0,0,0
3647,20.9597,24023.910844077895,-659.6383232550305,5.0,2.43,3.0,-13825.821363928464,13825.821363928464,3138.0483456800653,15.0,116.83198947648592,14308.219178082192,0,1,0,0,0,0
3648,20.3444,24429.786304376717,-659.6383232550305,5.0,2.43,3.0,-13419.945903629643,13419.945903629643,3138.0483456800653,15.0,116.83198947648592,14308.219178082192,0,1,0,0,0,0
3649,18.5504,25613.177456296246,-659.6383232550305,5.0,2.43,3.0,-12236.554751710119,12236.554751710119,3138.0483456800653,15.0,116.83198947648592,14308.219178082192,0,1,0,0,0,0
3650,19.393,25057.366205121554,-659.6383232550305,5.0,2.43,3.0,-12792.366002884808,12792.366002884808,3138.0483456800653,15.0,116.83198947648592,14308.219178082192,0,1,0,0,0,0
3651,19.0073,25311.78870640102,-659.6383232550305,5.0,2.43,3.0,-12537.943501605341,12537.943501605341,3138.0483456800653,15.0,116.83198947648592,14308.219178082192,0,1,0,0,0,0
3652,18.601,25579.79975713954,-659.6383232550305,5.0,2.43,3.0,-12269.932450866821,12269.932450866821,3138.0483456800653,15.0,116.83198947648592,14308.219178082192,0,1,0,0,0,0
3653,16.3505,27064.315803624984,-659.6383232550305,5.0,2.43,3.0,-10785.416404381376,10785.416404381376,3138.0483456800653,15.0,116.83198947648592,14308.219178082192,0,1,0,0,0,0
3654,17.5085,26300.454625295657,-659.6383232550305,5.0,2.43,3.0,-11549.277582710703,11549.277582710703,3138.0483456800653,15.0,116.83198947648592,14308.219178082192,0,1,0,0,0,0
3655,20.3173,24447.66250293693,-659.6383232550305,5.0,2.43,3.0,-13402.06970506943,13402.06970506943,3138.0483456800653,15.0,116.83198947648592,14308.219178082192,0,1,0,0,0,0
3656,20.9837,24008.07952431978,-659.6383232550305,5.0,2.43,3.0,-13841.652683686583,13841.652683686583,3138.0483456800653,15.0,116.83198947648592,14308.219178082192,0,1,0,0,0,0
3657,29.502,18389.082395336452,-659.6383232550305,5.0,2.43,3.0,-19460.649812669908,19460.649812669908,3138.0483456800653,15.0,116.83198947648592,14308.219178082192,0,1,0,0,0,0
3658,24.1235,21936.94711696363,-659.6383232550305,5.0,2.43,3.0,-15912.785091042728,15912.785091042728,3138.0483456800653,15.0,116.83198947648592,14308.219178082192,0,1,0,0,0,0
3659,26.8615,20130.85738789136,-659.6383232550305,5.0,2.43,3.0,-17718.874820115,17718.874820115,3138.0483456800653,15.0,116.83198947648592,14308.219178082192,0,1,0,0,0,0
3660,23.9015,22083.38682472625,-659.6383232550305,5.0,2.43,3.0,-15766.345383280111,15766.345383280111,3138.0483456800653,15.0,116.83198947648592,14308.219178082192,0,1,0,0,0,0
3661,25.9535,20729.808985406926,-659.6383232550305,5.0,2.43,3.0,-17119.923222599435,17119.923222599435,3138.0483456800653,15.0,116.83198947648592,14308.219178082192,0,1,0,0,0,0
3662,47.146,7493.610744269025,650.0,0,2.43,3.0,30644.9,-30644.9,15071.972825128516,0,556.8949724310688,14308.219178082192,1,0,0,0,0,0
3663,30.9033,17464.731212959174,-659.6383232550305,5.0,2.43,3.0,-20385.000995047187,20385.000995047187,3138.0483456800653,15.0,116.83198947648592,14308.219178082192,0,1,0,0,0,0
3664,31.8285,16854.433836283624,-659.6383232550305,5.0,2.43,3.0,-20995.298371722736,20995.298371722736,3138.0483456800653,15.0,116.83198947648592,14308.219178082192,0,1,0,0,0,0
3665,23.5797,22295.658437149716,-659.6383232550305,5.0,2.43,3.0,-15554.073770856643,15554.073770856643,3138.0483456800653,15.0,116.83198947648592,14308.219178082192,0,1,0,0,0,0
3666,24.5378,21663.658959639073,-659.6383232550305,5.0,2.43,3.0,-16186.07324836729,16186.07324836729,3138.0483456800653,15.0,116.83198947648592,14308.219178082192,0,1,0,0,0,0
3667,23.1893,22553.18123854848,-659.6383232550305,5.0,2.43,3.0,-15296.55096945788,15296.55096945788,3138.0483456800653,15.0,116.83198947648592,14308.219178082192,0,1,0,0,0,0
3668,22.5595,22968.6214545345,-659.6383232550305,5.0,2.43,3.0,-14881.110753471861,14881.110753471861,3138.0483456800653,15.0,116.83198947648592,14308.219178082192,0,1,0,0,0,0
3669,20.8266,24111.708704903143,-659.6383232550305,5.0,2.43,3.0,-13738.023503103217,13738.023503103217,3138.0483456800653,15.0,116.83198947648592,14308.219178082192,0,1,0,0,0,0
3670,20.4746,24343.901394688917,-659.6383232550305,5.0,2.43,3.0,-13505.830813317447,13505.830813317447,3138.0483456800653,15.0,116.83198947648592,14308.219178082192,0,1,0,0,0,0
3671,18.118,25898.40506727172,-659.6383232550305,5.0,2.43,3.0,-11951.327140734642,11951.327140734642,3138.0483456800653,15.0,116.83198947648592,14308.219178082192,0,1,0,0,0,0
3672,17.246,26473.609685150106,-659.6383232550305,5.0,2.43,3.0,-11376.122522856256,11376.122522856256,3138.0483456800653,15.0,116.83198947648592,14308.219178082192,0,1,0,0,0,0
3673,16.1422,27201.71846635901,-659.6383232550305,5.0,2.43,3.0,-10648.013741647354,10648.013741647354,3138.0483456800653,15.0,116.83198947648592,14308.219178082192,0,1,0,0,0,0
3674,15.4715,27644.137889766156,-659.6383232550305,5.0,2.43,3.0,-10205.594318240204,10205.594318240204,3138.0483456800653,15.0,116.83198947648592,14308.219178082192,0,1,0,0,0,0
3675,15.0383,27929.89321140024,-659.6383232550305,5.0,2.43,3.0,-9919.838996606126,9919.838996606126,3138.0483456800653,15.0,116.83198947648592,14308.219178082192,0,1,0,0,0,0
3676,15.4467,27660.49692018288,-659.6383232550305,5.0,2.43,3.0,-10189.23528782348,10189.23528782348,3138.0483456800653,15.0,116.83198947648592,14308.219178082192,0,1,0,0,0,0
3677,19.8522,24754.460287082846,-659.6383232550305,5.0,2.43,3.0,-13095.271920923517,13095.271920923517,3138.0483456800653,15.0,116.83198947648592,14308.219178082192,0,1,0,0,0,0
3678,19.9439,24693.971452840357,-659.6383232550305,5.0,2.43,3.0,-13155.760755166002,13155.760755166002,3138.0483456800653,15.0,116.83198947648592,14308.219178082192,0,1,0,0,0,0
3679,19.8011,24788.167805401175,-659.6383232550305,5.0,2.43,3.0,-13061.564402605185,13061.564402605185,3138.0483456800653,15.0,116.83198947648592,14308.219178082192,0,1,0,0,0,0
3680,20.3228,24444.034492159026,-659.6383232550305,5.0,2.43,3.0,-13405.697715847335,13405.697715847335,3138.0483456800653,15.0,116.83198947648592,14308.219178082192,0,1,0,0,0,0
3681,21.0107,23990.26928959189,-659.6383232550305,5.0,2.43,3.0,-13859.462918414469,13859.462918414469,3138.0483456800653,15.0,116.83198947648592,14308.219178082192,0,1,0,0,0,0
3682,21.2856,23808.934714529085,-659.6383232550305,5.0,2.43,3.0,-14040.797493477277,14040.797493477277,3138.0483456800653,15.0,116.83198947648592,14308.219178082192,0,1,0,0,0,0
3683,22.2703,23159.38885761986,-659.6383232550305,5.0,2.43,3.0,-14690.343350386505,14690.343350386505,3138.0483456800653,15.0,116.83198947648592,14308.219178082192,0,1,0,0,0,0
3684,39.3839,11870.602448762565,-659.6383232550305,5.0,2.43,3.0,-25979.129759243795,25979.129759243795,3138.0483456800653,15.0,116.83198947648592,14308.219178082192,0,1,0,0,0,0
3685,23.7976,22151.923246512448,-659.6383232550305,5.0,2.43,3.0,-15697.808961493914,15697.808961493914,3138.0483456800653,15.0,116.83198947648592,14308.219178082192,0,1,0,0,0,0
3686,23.4008,22413.667733180046,-659.6383232550305,5.0,2.43,3.0,-15436.064474826318,15436.064474826318,3138.0483456800653,15.0,116.83198947648592,14308.219178082192,0,1,0,0,0,0
3687,23.2171,22534.843293161994,-659.6383232550305,5.0,2.43,3.0,-15314.888914844369,15314.888914844369,3138.0483456800653,15.0,116.83198947648592,14308.219178082192,0,1,0,0,0,0
3688,23.2045,22543.154736035005,-659.6383232550305,5.0,2.43,3.0,-15306.577471971355,15306.577471971355,3138.0483456800653,15.0,116.83198947648592,14308.219178082192,0,1,0,0,0,0
3689,28.689,18925.36835214279,-659.6383232550305,5.0,2.43,3.0,-18924.363855863572,18924.363855863572,3138.0483456800653,15.0,116.83198947648592,14308.219178082192,0,1,0,0,0,0
3690,20.8033,24127.078277834986,-659.6383232550305,5.0,2.43,3.0,-13722.653930171376,13722.653930171376,3138.0483456800653,15.0,116.83198947648592,14308.219178082192,0,1,0,0,0,0
3691,19.5947,24924.317155321016,-659.6383232550305,5.0,2.43,3.0,-12925.415052685346,12925.415052685346,3138.0483456800653,15.0,116.83198947648592,14308.219178082192,0,1,0,0,0,0
3692,19.7878,24796.940995100467,-659.6383232550305,5.0,2.43,3.0,-13052.791212905893,13052.791212905893,3138.0483456800653,15.0,116.83198947648592,14308.219178082192,0,1,0,0,0,0
3693,18.0015,25975.25293193093,-659.6383232550305,5.0,2.43,3.0,-11874.479276075432,11874.479276075432,3138.0483456800653,15.0,116.83198947648592,14308.219178082192,0,1,0,0,0,0
3694,16.2494,27131.005238106067,-659.6383232550305,5.0,2.43,3.0,-10718.726969900294,10718.726969900294,3138.0483456800653,15.0,116.83198947648592,14308.219178082192,0,1,0,0,0,0
3695,15.6843,27503.766854577487,-659.6383232550305,5.0,2.43,3.0,-10345.965353428875,10345.965353428875,3138.0483456800653,15.0,116.83198947648592,14308.219178082192,0,1,0,0,0,0
3696,15.6881,27501.260228949115,-659.6383232550305,5.0,2.43,3.0,-10348.471979057245,10348.471979057245,3138.0483456800653,15.0,116.83198947648592,14308.219178082192,0,1,0,0,0,0
3697,16.4048,27028.497442672237,-659.6383232550305,5.0,2.43,3.0,-10821.234765334126,10821.234765334126,3138.0483456800653,15.0,116.83198947648592,14308.219178082192,0,1,0,0,0,0
3698,15.515,27615.443622704563,-659.6383232550305,5.0,2.43,3.0,-10234.2885853018,10234.2885853018,3138.0483456800653,15.0,116.83198947648592,14308.219178082192,0,1,0,0,0,0
3699,15.4368,27667.027339583103,-659.6383232550305,5.0,2.43,3.0,-10182.704868423254,10182.704868423254,3138.0483456800653,15.0,116.83198947648592,14308.219178082192,0,1,0,0,0,0
3700,16.7262,26816.489685578068,-659.6383232550305,5.0,2.43,3.0,-11033.24252242829,11033.24252242829,3138.0483456800653,15.0,116.83198947648592,14308.219178082192,0,1,0,0,0,0
3701,19.0577,25278.542934908965,-659.6383232550305,5.0,2.43,3.0,-12571.189273097396,12571.189273097396,3138.0483456800653,15.0,116.83198947648592,14308.219178082192,0,1,0,0,0,0
3702,18.3079,25773.139749685586,-659.6383232550305,5.0,2.43,3.0,-12076.592458320772,12076.592458320772,3138.0483456800653,15.0,116.83198947648592,14308.219178082192,0,1,0,0,0,0
3703,18.5703,25600.05065366347,-659.6383232550305,5.0,2.43,3.0,-12249.681554342893,12249.681554342893,3138.0483456800653,15.0,116.83198947648592,14308.219178082192,0,1,0,0,0,0
3704,19.3469,25087.77553182361,-659.6383232550305,5.0,2.43,3.0,-12761.95667618275,12761.95667618275,3138.0483456800653,15.0,116.83198947648592,14308.219178082192,0,1,0,0,0,0
3705,19.3841,25063.23698619852,-659.6383232550305,5.0,2.43,3.0,-12786.495221807838,12786.495221807838,3138.0483456800653,15.0,116.83198947648592,14308.219178082192,0,1,0,0,0,0
3706,19.222,25170.164358398164,-659.6383232550305,5.0,2.43,3.0,-12679.567849608198,12679.567849608198,3138.0483456800653,15.0,116.83198947648592,14308.219178082192,0,1,0,0,0,0
3707,20.5928,24265.93214488017,-659.6383232550305,5.0,2.43,3.0,-13583.800063126193,13583.800063126193,3138.0483456800653,15.0,116.83198947648592,14308.219178082192,0,1,0,0,0,0
3708,21.6769,23550.81823863939,-659.6383232550305,5.0,2.43,3.0,-14298.913969366971,14298.913969366971,3138.0483456800653,15.0,116.83198947648592,14308.219178082192,0,1,0,0,0,0
3709,22.3316,23118.95302840432,-659.6383232550305,5.0,2.43,3.0,-14730.779179602041,14730.779179602041,3138.0483456800653,15.0,116.83198947648592,14308.219178082192,0,1,0,0,0,0
3710,22.4123,23065.720215717643,-659.6383232550305,5.0,2.43,3.0,-14784.011992288719,14784.011992288719,3138.0483456800653,15.0,116.83198947648592,14308.219178082192,0,1,0,0,0,0
3711,23.0594,22638.86825673931,-659.6383232550305,5.0,2.43,3.0,-15210.86395126705,15210.86395126705,3138.0483456800653,15.0,116.83198947648592,14308.219178082192,0,1,0,0,0,0
3712,26.12,20619.979204584964,-659.6383232550305,5.0,2.43,3.0,-17229.753003421396,17229.753003421396,3138.0483456800653,15.0,116.83198947648592,14308.219178082192,0,1,0,0,0,0
3713,25.6823,20908.70289867369,-659.6383232550305,5.0,2.43,3.0,-16941.029309332673,16941.029309332673,3138.0483456800653,15.0,116.83198947648592,14308.219178082192,0,1,0,0,0,0
3714,23.37,22433.984593536297,-659.6383232550305,5.0,2.43,3.0,-15415.747614470063,15415.747614470063,3138.0483456800653,15.0,116.83198947648592,14308.219178082192,0,1,0,0,0,0
3715,25.5978,20964.44233698874,-659.6383232550305,5.0,2.43,3.0,-16885.28987101762,16885.28987101762,3138.0483456800653,15.0,116.83198947648592,14308.219178082192,0,1,0,0,0,0
3716,22.1511,23238.017745751855,-659.6383232550305,5.0,2.43,3.0,-14611.714462254506,14611.714462254506,3138.0483456800653,15.0,116.83198947648592,14308.219178082192,0,1,0,0,0,0
3717,20.1219,24576.55583130096,-659.6383232550305,5.0,2.43,3.0,-13273.176376705398,13273.176376705398,3138.0483456800653,15.0,116.83198947648592,14308.219178082192,0,1,0,0,0,0
3718,17.6906,26180.33448663092,-659.6383232550305,5.0,2.43,3.0,-11669.397721375442,11669.397721375442,3138.0483456800653,15.0,116.83198947648592,14308.219178082192,0,1,0,0,0,0
3719,15.2103,27816.43541980037,-659.6383232550305,5.0,2.43,3.0,-10033.296788205991,10033.296788205991,3138.0483456800653,15.0,116.83198947648592,14308.219178082192,0,1,0,0,0,0
3720,14.9318,28000.144692826896,-659.6383232550305,5.0,2.43,3.0,-9849.587515179464,9849.587515179464,3138.0483456800653,15.0,116.83198947648592,14308.219178082192,0,1,0,0,0,0
3721,14.9159,28010.632942166652,-659.6383232550305,5.0,2.43,3.0,-9839.09926583971,9839.09926583971,3138.0483456800653,15.0,116.83198947648592,14308.219178082192,0,1,0,0,0,0
3722,14.918,28009.24770168782,-659.6383232550305,5.0,2.43,3.0,-9840.484506318544,9840.484506318544,3138.0483456800653,15.0,116.83198947648592,14308.219178082192,0,1,0,0,0,0
3723,14.7334,28131.016936160697,-659.6383232550305,5.0,2.43,3.0,-9718.715271845665,9718.715271845665,3138.0483456800653,15.0,116.83198947648592,14308.219178082192,0,1,0,0,0,0
3724,14.744,28124.024769934193,-659.6383232550305,5.0,2.43,3.0,-9725.70743807217,9725.70743807217,3138.0483456800653,15.0,116.83198947648592,14308.219178082192,0,1,0,0,0,0
3725,15.8439,27398.488578185985,-659.6383232550305,5.0,2.43,3.0,-10451.243629820377,10451.243629820377,3138.0483456800653,15.0,116.83198947648592,14308.219178082192,0,1,0,0,0,0
3726,19.2357,25161.12731336957,-659.6383232550305,5.0,2.43,3.0,-12688.604894636792,12688.604894636792,3138.0483456800653,15.0,116.83198947648592,14308.219178082192,0,1,0,0,0,0
3727,20.541,24300.101410024778,-659.6383232550305,5.0,2.43,3.0,-13549.630797981583,13549.630797981583,3138.0483456800653,15.0,116.83198947648592,14308.219178082192,0,1,0,0,0,0
3728,21.2704,23818.96121704256,-659.6383232550305,5.0,2.43,3.0,-14030.7709909638,14030.7709909638,3138.0483456800653,15.0,116.83198947648592,14308.219178082192,0,1,0,0,0,0
3729,22.2245,23189.600292824936,-659.6383232550305,5.0,2.43,3.0,-14660.131915181424,14660.131915181424,3138.0483456800653,15.0,116.83198947648592,14308.219178082192,0,1,0,0,0,0
3730,24.0237,22002.779021624483,-659.6383232550305,5.0,2.43,3.0,-15846.953186381877,15846.953186381877,3138.0483456800653,15.0,116.83198947648592,14308.219178082192,0,1,0,0,0,0
3731,32.0904,16681.67455942313,-659.6383232550305,5.0,2.43,3.0,-21168.05764858323,21168.05764858323,3138.0483456800653,15.0,116.83198947648592,14308.219178082192,0,1,0,0,0,0
3732,46.651,7171.860744269025,650.0,0,2.43,3.0,30323.15,-30323.15,15071.972825128516,0,556.8949724310688,14308.219178082192,1,0,0,0,0,0
3733,31.2884,17210.704494673664,-659.6383232550305,5.0,2.43,3.0,-20639.027713332696,20639.027713332696,3138.0483456800653,15.0,116.83198947648592,14308.219178082192,0,1,0,0,0,0
3734,37.3287,13226.291130716305,-659.6383232550305,5.0,2.43,3.0,-24623.441077290056,24623.441077290056,3138.0483456800653,15.0,116.83198947648592,14308.219178082192,0,1,0,0,0,0
3735,34.4393,15132.250101929389,-659.6383232550305,5.0,2.43,3.0,-22717.482106076975,22717.482106076975,3138.0483456800653,15.0,116.83198947648592,14308.219178082192,0,1,0,0,0,0
3736,27.3993,19776.103897644804,-659.6383232550305,5.0,2.43,3.0,-18073.628310361557,18073.628310361557,3138.0483456800653,15.0,116.83198947648592,14308.219178082192,0,1,0,0,0,0
3737,24.0399,21992.092880787754,-659.6383232550305,5.0,2.43,3.0,-15857.639327218607,15857.639327218607,3138.0483456800653,15.0,116.83198947648592,14308.219178082192,0,1,0,0,0,0
3738,21.6753,23551.873659956596,-659.6383232550305,5.0,2.43,3.0,-14297.858548049762,14297.858548049762,3138.0483456800653,15.0,116.83198947648592,14308.219178082192,0,1,0,0,0,0
3739,23.1489,22579.830626807983,-659.6383232550305,5.0,2.43,3.0,-15269.901581198377,15269.901581198377,3138.0483456800653,15.0,116.83198947648592,14308.219178082192,0,1,0,0,0,0
3740,25.351,21127.241075168084,-659.6383232550305,5.0,2.43,3.0,-16722.491132838277,16722.491132838277,3138.0483456800653,15.0,116.83198947648592,14308.219178082192,0,1,0,0,0,0
3741,21.8778,23418.296899497454,-659.6383232550305,5.0,2.43,3.0,-14431.435308508908,14431.435308508908,3138.0483456800653,15.0,116.83198947648592,14308.219178082192,0,1,0,0,0,0
3742,18.5626,25605.129868752534,-659.6383232550305,5.0,2.43,3.0,-12244.60233925383,12244.60233925383,3138.0483456800653,15.0,116.83198947648592,14308.219178082192,0,1,0,0,0,0
3743,20.0073,24652.15038314599,-659.6383232550305,5.0,2.43,3.0,-13197.581824860372,13197.581824860372,3138.0483456800653,15.0,116.83198947648592,14308.219178082192,0,1,0,0,0,0
3744,18.636,25556.712415825612,-659.6383232550305,5.0,2.43,3.0,-12293.019792180748,12293.019792180748,3138.0483456800653,15.0,116.83198947648592,14308.219178082192,0,1,0,0,0,0
3745,16.7472,26802.637280789713,-659.6383232550305,5.0,2.43,3.0,-11047.094927216647,11047.094927216647,3138.0483456800653,15.0,116.83198947648592,14308.219178082192,0,1,0,0,0,0
3746,16.1179,27217.747677614105,-659.6383232550305,5.0,2.43,3.0,-10631.984530392256,10631.984530392256,3138.0483456800653,15.0,116.83198947648592,14308.219178082192,0,1,0,0,0,0
3747,17.2226,26489.045221914275,-659.6383232550305,5.0,2.43,3.0,-11360.686986092089,11360.686986092089,3138.0483456800653,15.0,116.83198947648592,14308.219178082192,0,1,0,0,0,0
3748,20.4579,24354.917354687273,-659.6383232550305,5.0,2.43,3.0,-13494.814853319087,13494.814853319087,3138.0483456800653,15.0,116.83198947648592,14308.219178082192,0,1,0,0,0,0
3749,19.753,24819.896408749744,-659.6383232550305,5.0,2.43,3.0,-13029.835799256618,13029.835799256618,3138.0483456800653,15.0,116.83198947648592,14308.219178082192,0,1,0,0,0,0
3750,20.5284,24308.412852897793,-659.6383232550305,5.0,2.43,3.0,-13541.31935510857,13541.31935510857,3138.0483456800653,15.0,116.83198947648592,14308.219178082192,0,1,0,0,0,0
3751,24.0241,22002.515166295183,-659.6383232550305,5.0,2.43,3.0,-15847.21704171118,15847.21704171118,3138.0483456800653,15.0,116.83198947648592,14308.219178082192,0,1,0,0,0,0
3752,26.0331,20677.301774875825,-659.6383232550305,5.0,2.43,3.0,-17172.430433130536,17172.430433130536,3138.0483456800653,15.0,116.83198947648592,14308.219178082192,0,1,0,0,0,0
3753,26.4449,20405.662713359405,-659.6383232550305,5.0,2.43,3.0,-17444.069494646956,17444.069494646956,3138.0483456800653,15.0,116.83198947648592,14308.219178082192,0,1,0,0,0,0
3754,31.5517,17037.021724160615,-659.6383232550305,5.0,2.43,3.0,-20812.710483845745,20812.710483845745,3138.0483456800653,15.0,116.83198947648592,14308.219178082192,0,1,0,0,0,0
3755,28.6869,18926.753592621626,-659.6383232550305,5.0,2.43,3.0,-18922.978615384734,18922.978615384734,3138.0483456800653,15.0,116.83198947648592,14308.219178082192,0,1,0,0,0,0
3756,39.061,12083.599663341614,-659.6383232550305,5.0,2.43,3.0,-25766.132544664746,25766.132544664746,3138.0483456800653,15.0,116.83198947648592,14308.219178082192,0,1,0,0,0,0
3757,36.374,13856.04783792788,-659.6383232550305,5.0,2.43,3.0,-23993.68437007848,23993.68437007848,3138.0483456800653,15.0,116.83198947648592,14308.219178082192,0,1,0,0,0,0
3758,30.8691,17487.2908436145,-659.6383232550305,5.0,2.43,3.0,-20362.441364391863,20362.441364391863,3138.0483456800653,15.0,116.83198947648592,14308.219178082192,0,1,0,0,0,0
3759,52.2392,10804.190744269019,650.0,0,2.43,3.0,33955.479999999996,-33955.479999999996,15071.972825128516,0,556.8949724310688,14308.219178082192,1,0,0,0,0,0
3760,35.7218,14286.26395235481,-659.6383232550305,5.0,2.43,3.0,-23563.46825565155,23563.46825565155,3138.0483456800653,15.0,116.83198947648592,14308.219178082192,0,1,0,0,0,0
3761,35.7812,14247.081435953463,-659.6383232550305,5.0,2.43,3.0,-23602.650772052897,23602.650772052897,3138.0483456800653,15.0,116.83198947648592,14308.219178082192,0,1,0,0,0,0
3762,23.3309,22459.77645197557,-659.6383232550305,5.0,2.43,3.0,-15389.955756030791,15389.955756030791,3138.0483456800653,15.0,116.83198947648592,14308.219178082192,0,1,0,0,0,0
3763,23.6116,22274.615974637883,-659.6383232550305,5.0,2.43,3.0,-15575.116233368479,15575.116233368479,3138.0483456800653,15.0,116.83198947648592,14308.219178082192,0,1,0,0,0,0
3764,23.6899,22222.966293927013,-659.6383232550305,5.0,2.43,3.0,-15626.765914079348,15626.765914079348,3138.0483456800653,15.0,116.83198947648592,14308.219178082192,0,1,0,0,0,0
3765,21.7636,23493.62759601318,-659.6383232550305,5.0,2.43,3.0,-14356.104611993182,14356.104611993182,3138.0483456800653,15.0,116.83198947648592,14308.219178082192,0,1,0,0,0,0
3766,19.2406,25157.89508558562,-659.6383232550305,5.0,2.43,3.0,-12691.83712242074,12691.83712242074,3138.0483456800653,15.0,116.83198947648592,14308.219178082192,0,1,0,0,0,0
3767,17.9564,26005.002620309733,-659.6383232550305,5.0,2.43,3.0,-11844.72958769663,11844.72958769663,3138.0483456800653,15.0,116.83198947648592,14308.219178082192,0,1,0,0,0,0
3768,18.9662,25338.8998414868,-659.6383232550305,5.0,2.43,3.0,-12510.83236651956,12510.83236651956,3138.0483456800653,15.0,116.83198947648592,14308.219178082192,0,1,0,0,0,0
3769,17.1966,26506.195818318905,-659.6383232550305,5.0,2.43,3.0,-11343.536389687457,11343.536389687457,3138.0483456800653,15.0,116.83198947648592,14308.219178082192,0,1,0,0,0,0
3770,16.3868,27040.370932490827,-659.6383232550305,5.0,2.43,3.0,-10809.361275515535,10809.361275515535,3138.0483456800653,15.0,116.83198947648592,14308.219178082192,0,1,0,0,0,0
3771,16.7313,26813.125530129466,-659.6383232550305,5.0,2.43,3.0,-11036.606677876893,11036.606677876893,3138.0483456800653,15.0,116.83198947648592,14308.219178082192,0,1,0,0,0,0
3772,19.8869,24731.570837265892,-659.6383232550305,5.0,2.43,3.0,-13118.161370740467,13118.161370740467,3138.0483456800653,15.0,116.83198947648592,14308.219178082192,0,1,0,0,0,0
3773,19.1588,25211.853500427882,-659.6383232550305,5.0,2.43,3.0,-12637.878707578478,12637.878707578478,3138.0483456800653,15.0,116.83198947648592,14308.219178082192,0,1,0,0,0,0
3774,20.2432,24496.541702690127,-659.6383232550305,5.0,2.43,3.0,-13353.190505316235,13353.190505316235,3138.0483456800653,15.0,116.83198947648592,14308.219178082192,0,1,0,0,0,0
3775,22.3896,23080.694005655525,-659.6383232550305,5.0,2.43,3.0,-14769.038202350832,14769.038202350832,3138.0483456800653,15.0,116.83198947648592,14308.219178082192,0,1,0,0,0,0
3776,23.8214,22136.223854418975,-659.6383232550305,5.0,2.43,3.0,-15713.508353587384,15713.508353587384,3138.0483456800653,15.0,116.83198947648592,14308.219178082192,0,1,0,0,0,0
3777,22.1901,23212.29185114491,-659.6383232550305,5.0,2.43,3.0,-14637.440356861453,14637.440356861453,3138.0483456800653,15.0,116.83198947648592,14308.219178082192,0,1,0,0,0,0
3778,22.1616,23231.091543357674,-659.6383232550305,5.0,2.43,3.0,-14618.640664648685,14618.640664648685,3138.0483456800653,15.0,116.83198947648592,14308.219178082192,0,1,0,0,0,0
3779,23.4835,22359.115643846853,-659.6383232550305,5.0,2.43,3.0,-15490.616564159509,15490.616564159509,3138.0483456800653,15.0,116.83198947648592,14308.219178082192,0,1,0,0,0,0
3780,25.601,20962.331494354326,-659.6383232550305,5.0,2.43,3.0,-16887.400713652034,16887.400713652034,3138.0483456800653,15.0,116.83198947648592,14308.219178082192,0,1,0,0,0,0
3781,24.9657,21381.399721118247,-659.6383232550305,5.0,2.43,3.0,-16468.332486888114,16468.332486888114,3138.0483456800653,15.0,116.83198947648592,14308.219178082192,0,1,0,0,0,0
3782,25.6512,20929.217650526924,-659.6383232550305,5.0,2.43,3.0,-16920.514557479437,16920.514557479437,3138.0483456800653,15.0,116.83198947648592,14308.219178082192,0,1,0,0,0,0
3783,31.6878,16947.244948365606,-659.6383232550305,5.0,2.43,3.0,-20902.487259640755,20902.487259640755,3138.0483456800653,15.0,116.83198947648592,14308.219178082192,0,1,0,0,0,0
3784,24.2742,21837.5396216491,-659.6383232550305,5.0,2.43,3.0,-16012.192586357261,16012.192586357261,3138.0483456800653,15.0,116.83198947648592,14308.219178082192,0,1,0,0,0,0
3785,23.5599,22308.71927595017,-659.6383232550305,5.0,2.43,3.0,-15541.012932056192,15541.012932056192,3138.0483456800653,15.0,116.83198947648592,14308.219178082192,0,1,0,0,0,0
3786,22.7829,22821.258253119326,-659.6383232550305,5.0,2.43,3.0,-15028.473954887035,15028.473954887035,3138.0483456800653,15.0,116.83198947648592,14308.219178082192,0,1,0,0,0,0
3787,20.7616,24154.58519591472,-659.6383232550305,5.0,2.43,3.0,-13695.147012091642,13695.147012091642,3138.0483456800653,15.0,116.83198947648592,14308.219178082192,0,1,0,0,0,0
3788,21.6963,23538.02125516824,-659.6383232550305,5.0,2.43,3.0,-14311.710952838119,14311.710952838119,3138.0483456800653,15.0,116.83198947648592,14308.219178082192,0,1,0,0,0,0
3789,18.8107,25441.473600752957,-659.6383232550305,5.0,2.43,3.0,-12408.258607253403,12408.258607253403,3138.0483456800653,15.0,116.83198947648592,14308.219178082192,0,1,0,0,0,0
3790,18.0559,25939.368607145854,-659.6383232550305,5.0,2.43,3.0,-11910.363600860506,11910.363600860506,3138.0483456800653,15.0,116.83198947648592,14308.219178082192,0,1,0,0,0,0
3791,17.657,26202.498334292286,-659.6383232550305,5.0,2.43,3.0,-11647.233873714074,11647.233873714074,3138.0483456800653,15.0,116.83198947648592,14308.219178082192,0,1,0,0,0,0
3792,15.8499,27394.530748246452,-659.6383232550305,5.0,2.43,3.0,-10455.201459759908,10455.201459759908,3138.0483456800653,15.0,116.83198947648592,14308.219178082192,0,1,0,0,0,0
3793,15.4814,27637.607470365932,-659.6383232550305,5.0,2.43,3.0,-10212.12473764043,10212.12473764043,3138.0483456800653,15.0,116.83198947648592,14308.219178082192,0,1,0,0,0,0
3794,15.1804,27836.158605665696,-659.6383232550305,5.0,2.43,3.0,-10013.573602340666,10013.573602340666,3138.0483456800653,15.0,116.83198947648592,14308.219178082192,0,1,0,0,0,0
3795,14.8154,28076.92659365378,-659.6383232550305,5.0,2.43,3.0,-9772.80561435258,9772.80561435258,3138.0483456800653,15.0,116.83198947648592,14308.219178082192,0,1,0,0,0,0
3796,14.8315,28066.306416649375,-659.6383232550305,5.0,2.43,3.0,-9783.425791356985,9783.425791356985,3138.0483456800653,15.0,116.83198947648592,14308.219178082192,0,1,0,0,0,0
3797,14.7804,28100.013934967705,-659.6383232550305,5.0,2.43,3.0,-9749.718273038654,9749.718273038654,3138.0483456800653,15.0,116.83198947648592,14308.219178082192,0,1,0,0,0,0
3798,14.9383,27995.857043725737,-659.6383232550305,5.0,2.43,3.0,-9853.875164280622,9853.875164280622,3138.0483456800653,15.0,116.83198947648592,14308.219178082192,0,1,0,0,0,0
3799,15.4543,27655.483668926143,-659.6383232550305,5.0,2.43,3.0,-10194.248539080218,10194.248539080218,3138.0483456800653,15.0,116.83198947648592,14308.219178082192,0,1,0,0,0,0
3800,16.4535,26996.373056329718,-659.6383232550305,5.0,2.43,3.0,-10853.359151676643,10853.359151676643,3138.0483456800653,15.0,116.83198947648592,14308.219178082192,0,1,0,0,0,0
3801,20.1638,24548.916985556578,-659.6383232550305,5.0,2.43,3.0,-13300.815222449783,13300.815222449783,3138.0483456800653,15.0,116.83198947648592,14308.219178082192,0,1,0,0,0,0
3802,20.1751,24541.463072503793,-659.6383232550305,5.0,2.43,3.0,-13308.269135502567,13308.269135502567,3138.0483456800653,15.0,116.83198947648592,14308.219178082192,0,1,0,0,0,0
3803,20.1767,24540.407651186586,-659.6383232550305,5.0,2.43,3.0,-13309.324556819774,13309.324556819774,3138.0483456800653,15.0,116.83198947648592,14308.219178082192,0,1,0,0,0,0
3804,20.1804,24537.966989390545,-659.6383232550305,5.0,2.43,3.0,-13311.765218615818,13311.765218615818,3138.0483456800653,15.0,116.83198947648592,14308.219178082192,0,1,0,0,0,0
3805,20.4659,24349.640248101234,-659.6383232550305,5.0,2.43,3.0,-13500.09195990513,13500.09195990513,3138.0483456800653,15.0,116.83198947648592,14308.219178082192,0,1,0,0,0,0
3806,20.1629,24549.510660047505,-659.6383232550305,5.0,2.43,3.0,-13300.221547958856,13300.221547958856,3138.0483456800653,15.0,116.83198947648592,14308.219178082192,0,1,0,0,0,0
3807,21.2262,23848.11723093043,-659.6383232550305,5.0,2.43,3.0,-14001.614977075928,14001.614977075928,3138.0483456800653,15.0,116.83198947648592,14308.219178082192,0,1,0,0,0,0
3808,21.9297,23384.061670520518,-659.6383232550305,5.0,2.43,3.0,-14465.670537485843,14465.670537485843,3138.0483456800653,15.0,116.83198947648592,14308.219178082192,0,1,0,0,0,0
3809,20.8185,24117.05177532151,-659.6383232550305,5.0,2.43,3.0,-13732.680432684852,13732.680432684852,3138.0483456800653,15.0,116.83198947648592,14308.219178082192,0,1,0,0,0,0
3810,20.1897,24531.83235298427,-659.6383232550305,5.0,2.43,3.0,-13317.899855022088,13317.899855022088,3138.0483456800653,15.0,116.83198947648592,14308.219178082192,0,1,0,0,0,0
3811,19.3394,25092.722819248025,-659.6383232550305,5.0,2.43,3.0,-12757.009388758337,12757.009388758337,3138.0483456800653,15.0,116.83198947648592,14308.219178082192,0,1,0,0,0,0
3812,19.4846,24996.943334711395,-659.6383232550305,5.0,2.43,3.0,-12852.788873294969,12852.788873294969,3138.0483456800653,15.0,116.83198947648592,14308.219178082192,0,1,0,0,0,0
3813,18.1654,25867.13821074943,-659.6383232550305,5.0,2.43,3.0,-11982.593997256932,11982.593997256932,3138.0483456800653,15.0,116.83198947648592,14308.219178082192,0,1,0,0,0,0
3814,16.0603,27255.742845033594,-659.6383232550305,5.0,2.43,3.0,-10593.989362972769,10593.989362972769,3138.0483456800653,15.0,116.83198947648592,14308.219178082192,0,1,0,0,0,0
3815,14.815,28077.190448983085,-659.6383232550305,5.0,2.43,3.0,-9772.541759023277,9772.541759023277,3138.0483456800653,15.0,116.83198947648592,14308.219178082192,0,1,0,0,0,0
3816,14.8607,28047.044977610327,-659.6383232550305,5.0,2.43,3.0,-9802.687230396032,9802.687230396032,3138.0483456800653,15.0,116.83198947648592,14308.219178082192,0,1,0,0,0,0
3817,15.3025,27755.616766396255,-659.6383232550305,5.0,2.43,3.0,-10094.115441610105,10094.115441610105,3138.0483456800653,15.0,116.83198947648592,14308.219178082192,0,1,0,0,0,0
3818,15.1604,27849.351372130797,-659.6383232550305,5.0,2.43,3.0,-10000.380835875563,10000.380835875563,3138.0483456800653,15.0,116.83198947648592,14308.219178082192,0,1,0,0,0,0
3819,14.8362,28063.206116530077,-659.6383232550305,5.0,2.43,3.0,-9786.526091476284,9786.526091476284,3138.0483456800653,15.0,116.83198947648592,14308.219178082192,0,1,0,0,0,0
3820,14.6268,28201.334381419678,-659.6383232550305,5.0,2.43,3.0,-9648.397826586679,9648.397826586679,3138.0483456800653,15.0,116.83198947648592,14308.219178082192,0,1,0,0,0,0
3821,14.3678,28372.180707142732,-659.6383232550305,5.0,2.43,3.0,-9477.551500863628,9477.551500863628,3138.0483456800653,15.0,116.83198947648592,14308.219178082192,0,1,0,0,0,0
3822,14.6437,28190.18649375667,-659.6383232550305,5.0,2.43,3.0,-9659.54571424969,9659.54571424969,3138.0483456800653,15.0,116.83198947648592,14308.219178082192,0,1,0,0,0,0
3823,14.9189,28008.654027196884,-659.6383232550305,5.0,2.43,3.0,-9841.078180809474,9841.078180809474,3138.0483456800653,15.0,116.83198947648592,14308.219178082192,0,1,0,0,0,0
3824,15.5721,27577.778274446697,-659.6383232550305,5.0,2.43,3.0,-10271.953933559662,10271.953933559662,3138.0483456800653,15.0,116.83198947648592,14308.219178082192,0,1,0,0,0,0
3825,17.7859,26117.470954424713,-659.6383232550305,5.0,2.43,3.0,-11732.261253581648,11732.261253581648,3138.0483456800653,15.0,116.83198947648592,14308.219178082192,0,1,0,0,0,0
3826,24.9996,21359.0379819599,-659.6383232550305,5.0,2.43,3.0,-16490.69422604646,16490.69422604646,3138.0483456800653,15.0,116.83198947648592,14308.219178082192,0,1,0,0,0,0
3827,19.8654,24745.753061215877,-659.6383232550305,5.0,2.43,3.0,-13103.979146790483,13103.979146790483,3138.0483456800653,15.0,116.83198947648592,14308.219178082192,0,1,0,0,0,0
3828,20.4842,24337.568866785667,-659.6383232550305,5.0,2.43,3.0,-13512.163341220697,13512.163341220697,3138.0483456800653,15.0,116.83198947648592,14308.219178082192,0,1,0,0,0,0
3829,20.9426,24035.19065940556,-659.6383232550305,5.0,2.43,3.0,-13814.5415486008,13814.5415486008,3138.0483456800653,15.0,116.83198947648592,14308.219178082192,0,1,0,0,0,0
3830,22.6936,22880.163955386,-659.6383232550305,5.0,2.43,3.0,-14969.56825262036,14969.56825262036,3138.0483456800653,15.0,116.83198947648592,14308.219178082192,0,1,0,0,0,0
3831,25.0566,21321.438597534365,-659.6383232550305,5.0,2.43,3.0,-16528.293610471996,16528.293610471996,3138.0483456800653,15.0,116.83198947648592,14308.219178082192,0,1,0,0,0,0
3832,27.6715,19596.550346054784,-659.6383232550305,5.0,2.43,3.0,-18253.18186195158,18253.18186195158,3138.0483456800653,15.0,116.83198947648592,14308.219178082192,0,1,0,0,0,0
3833,27.0447,20010.011647071038,-659.6383232550305,5.0,2.43,3.0,-17839.720560935322,17839.720560935322,3138.0483456800653,15.0,116.83198947648592,14308.219178082192,0,1,0,0,0,0
3834,25.5241,21013.057681412636,-659.6383232550305,5.0,2.43,3.0,-16836.674526593724,16836.674526593724,3138.0483456800653,15.0,116.83198947648592,14308.219178082192,0,1,0,0,0,0
3835,22.5782,22956.286217889632,-659.6383232550305,5.0,2.43,3.0,-14893.445990116728,14893.445990116728,3138.0483456800653,15.0,116.83198947648592,14308.219178082192,0,1,0,0,0,0
3836,24.6256,21605.742714857282,-659.6383232550305,5.0,2.43,3.0,-16243.989493149078,16243.989493149078,3138.0483456800653,15.0,116.83198947648592,14308.219178082192,0,1,0,0,0,0
3837,21.8151,23459.656222365546,-659.6383232550305,5.0,2.43,3.0,-14390.075985640817,14390.075985640817,3138.0483456800653,15.0,116.83198947648592,14308.219178082192,0,1,0,0,0,0
3838,17.1704,26523.478342388185,-659.6383232550305,5.0,2.43,3.0,-11326.253865618177,11326.253865618177,3138.0483456800653,15.0,116.83198947648592,14308.219178082192,0,1,0,0,0,0
3839,16.3568,27060.16008218848,-659.6383232550305,5.0,2.43,3.0,-10789.572125817884,10789.572125817884,3138.0483456800653,15.0,116.83198947648592,14308.219178082192,0,1,0,0,0,0
3840,14.9203,28007.73053354433,-659.6383232550305,5.0,2.43,3.0,-9842.001674462032,9842.001674462032,3138.0483456800653,15.0,116.83198947648592,14308.219178082192,0,1,0,0,0,0
3841,14.8678,28042.361545515218,-659.6383232550305,5.0,2.43,3.0,-9807.370662491143,9807.370662491143,3138.0483456800653,15.0,116.83198947648592,14308.219178082192,0,1,0,0,0,0
3842,14.503,28282.997605838653,-659.6383232550305,5.0,2.43,3.0,-9566.734602167708,9566.734602167708,3138.0483456800653,15.0,116.83198947648592,14308.219178082192,0,1,0,0,0,0
3843,14.5671,28240.714789318008,-659.6383232550305,5.0,2.43,3.0,-9609.017418688354,9609.017418688354,3138.0483456800653,15.0,116.83198947648592,14308.219178082192,0,1,0,0,0,0
3844,14.1555,28512.221923169775,-659.6383232550305,5.0,2.43,3.0,-9337.510284836584,9337.510284836584,3138.0483456800653,15.0,116.83198947648592,14308.219178082192,0,1,0,0,0,0
3845,15.9711,27314.58258346794,-659.6383232550305,5.0,2.43,3.0,-10535.149624538417,10535.149624538417,3138.0483456800653,15.0,116.83198947648592,14308.219178082192,0,1,0,0,0,0
3846,18.4427,25684.22050371081,-659.6383232550305,5.0,2.43,3.0,-12165.51170429555,12165.51170429555,3138.0483456800653,15.0,116.83198947648592,14308.219178082192,0,1,0,0,0,0
3847,19.2594,25145.493885108426,-659.6383232550305,5.0,2.43,3.0,-12704.238322897934,12704.238322897934,3138.0483456800653,15.0,116.83198947648592,14308.219178082192,0,1,0,0,0,0
3848,19.9826,24668.44344973039,-659.6383232550305,5.0,2.43,3.0,-13181.288758275974,13181.288758275974,3138.0483456800653,15.0,116.83198947648592,14308.219178082192,0,1,0,0,0,0
3849,21.4396,23707.350412747808,-659.6383232550305,5.0,2.43,3.0,-14142.38179525855,14142.38179525855,3138.0483456800653,15.0,116.83198947648592,14308.219178082192,0,1,0,0,0,0
3850,22.6028,22940.05911513756,-659.6383232550305,5.0,2.43,3.0,-14909.673092868803,14909.673092868803,3138.0483456800653,15.0,116.83198947648592,14308.219178082192,0,1,0,0,0,0
3851,21.9493,23371.13275938472,-659.6383232550305,5.0,2.43,3.0,-14478.599448621642,14478.599448621642,3138.0483456800653,15.0,116.83198947648592,14308.219178082192,0,1,0,0,0,0
3852,21.0765,23946.86508792171,-659.6383232550305,5.0,2.43,3.0,-13902.86712008465,13902.86712008465,3138.0483456800653,15.0,116.83198947648592,14308.219178082192,0,1,0,0,0,0
3853,24.9285,21405.938266743335,-659.6383232550305,5.0,2.43,3.0,-16443.79394126303,16443.79394126303,3138.0483456800653,15.0,116.83198947648592,14308.219178082192,0,1,0,0,0,0
3854,21.4194,23720.675106877563,-659.6383232550305,5.0,2.43,3.0,-14129.057101128801,14129.057101128801,3138.0483456800653,15.0,116.83198947648592,14308.219178082192,0,1,0,0,0,0
3855,23.952,22050.07508940187,-659.6383232550305,5.0,2.43,3.0,-15799.657118604491,15799.657118604491,3138.0483456800653,15.0,116.83198947648592,14308.219178082192,0,1,0,0,0,0
3856,24.9799,21372.032856928025,-659.6383232550305,5.0,2.43,3.0,-16477.699351078336,16477.699351078336,3138.0483456800653,15.0,116.83198947648592,14308.219178082192,0,1,0,0,0,0
3857,22.7217,22861.628118502536,-659.6383232550305,5.0,2.43,3.0,-14988.104089503826,14988.104089503826,3138.0483456800653,15.0,116.83198947648592,14308.219178082192,0,1,0,0,0,0
3858,21.5986,23602.46791935026,-659.6383232550305,5.0,2.43,3.0,-14247.264288656103,14247.264288656103,3138.0483456800653,15.0,116.83198947648592,14308.219178082192,0,1,0,0,0,0
3859,22.8721,22762.418514684978,-659.6383232550305,5.0,2.43,3.0,-15087.313693321383,15087.313693321383,3138.0483456800653,15.0,116.83198947648592,14308.219178082192,0,1,0,0,0,0
3860,20.9899,24003.989766715596,-659.6383232550305,5.0,2.43,3.0,-13845.742441290764,13845.742441290764,3138.0483456800653,15.0,116.83198947648592,14308.219178082192,0,1,0,0,0,0
3861,18.3481,25746.622289090737,-659.6383232550305,5.0,2.43,3.0,-12103.109918915625,12103.109918915625,3138.0483456800653,15.0,116.83198947648592,14308.219178082192,0,1,0,0,0,0
3862,17.438,26346.959127085138,-659.6383232550305,5.0,2.43,3.0,-11502.77308092122,11502.77308092122,3138.0483456800653,15.0,116.83198947648592,14308.219178082192,0,1,0,0,0,0
3863,19.6033,24918.644265741023,-659.6383232550305,5.0,2.43,3.0,-12931.08794226534,12931.08794226534,3138.0483456800653,15.0,116.83198947648592,14308.219178082192,0,1,0,0,0,0
3864,16.1026,27227.840143959907,-659.6383232550305,5.0,2.43,3.0,-10621.892064046453,10621.892064046453,3138.0483456800653,15.0,116.83198947648592,14308.219178082192,0,1,0,0,0,0
3865,16.046,27265.175673056143,-659.6383232550305,5.0,2.43,3.0,-10584.55653495022,10584.55653495022,3138.0483456800653,15.0,116.83198947648592,14308.219178082192,0,1,0,0,0,0
3866,14.9517,27987.01789019412,-659.6383232550305,5.0,2.43,3.0,-9862.71431781224,9862.71431781224,3138.0483456800653,15.0,116.83198947648592,14308.219178082192,0,1,0,0,0,0
3867,14.8069,28082.533519401448,-659.6383232550305,5.0,2.43,3.0,-9767.198688604913,9767.198688604913,3138.0483456800653,15.0,116.83198947648592,14308.219178082192,0,1,0,0,0,0
3868,14.68,28166.24162262251,-659.6383232550305,5.0,2.43,3.0,-9683.490585383848,9683.490585383848,3138.0483456800653,15.0,116.83198947648592,14308.219178082192,0,1,0,0,0,0
3869,15.2715,27776.06555441716,-659.6383232550305,5.0,2.43,3.0,-10073.666653589198,10073.666653589198,3138.0483456800653,15.0,116.83198947648592,14308.219178082192,0,1,0,0,0,0
3870,17.5286,26287.19589499823,-659.6383232550305,5.0,2.43,3.0,-11562.536313008128,11562.536313008128,3138.0483456800653,15.0,116.83198947648592,14308.219178082192,0,1,0,0,0,0
3871,18.7312,25493.914847451735,-659.6383232550305,5.0,2.43,3.0,-12355.817360554629,12355.817360554629,3138.0483456800653,15.0,116.83198947648592,14308.219178082192,0,1,0,0,0,0
3872,19.0738,25267.922757904562,-659.6383232550305,5.0,2.43,3.0,-12581.8094501018,12581.8094501018,3138.0483456800653,15.0,116.83198947648592,14308.219178082192,0,1,0,0,0,0
3873,19.5399,24960.46533543539,-659.6383232550305,5.0,2.43,3.0,-12889.26687257097,12889.26687257097,3138.0483456800653,15.0,116.83198947648592,14308.219178082192,0,1,0,0,0,0
3874,20.366,24415.538116594413,-659.6383232550305,5.0,2.43,3.0,-13434.194091411951,13434.194091411951,3138.0483456800653,15.0,116.83198947648592,14308.219178082192,0,1,0,0,0,0
3875,20.7227,24180.24512668934,-659.6383232550305,5.0,2.43,3.0,-13669.48708131702,13669.48708131702,3138.0483456800653,15.0,116.83198947648592,14308.219178082192,0,1,0,0,0,0
3876,27.8035,19509.47808738512,-659.6383232550305,5.0,2.43,3.0,-18340.25412062124,18340.25412062124,3138.0483456800653,15.0,116.83198947648592,14308.219178082192,0,1,0,0,0,0
3877,22.0854,23281.35598358971,-659.6383232550305,5.0,2.43,3.0,-14568.37622441665,14568.37622441665,3138.0483456800653,15.0,116.83198947648592,14308.219178082192,0,1,0,0,0,0
3878,23.2312,22525.542392804095,-659.6383232550305,5.0,2.43,3.0,-15324.189815202266,15324.189815202266,3138.0483456800653,15.0,116.83198947648592,14308.219178082192,0,1,0,0,0,0
3879,26.2526,20532.511162921346,-659.6383232550305,5.0,2.43,3.0,-17317.221045085014,17317.221045085014,3138.0483456800653,15.0,116.83198947648592,14308.219178082192,0,1,0,0,0,0
3880,30.8285,17514.072159538653,-659.6383232550305,5.0,2.43,3.0,-20335.660048467707,20335.660048467707,3138.0483456800653,15.0,116.83198947648592,14308.219178082192,0,1,0,0,0,0
3881,23.9523,22049.87719790489,-659.6383232550305,5.0,2.43,3.0,-15799.855010101468,15799.855010101468,3138.0483456800653,15.0,116.83198947648592,14308.219178082192,0,1,0,0,0,0
3882,23.9654,22041.235935870252,-659.6383232550305,5.0,2.43,3.0,-15808.496272136108,15808.496272136108,3138.0483456800653,15.0,116.83198947648592,14308.219178082192,0,1,0,0,0,0
3883,21.298,23800.755199320723,-659.6383232550305,5.0,2.43,3.0,-14048.977008685639,14048.977008685639,3138.0483456800653,15.0,116.83198947648592,14308.219178082192,0,1,0,0,0,0
3884,20.4047,24390.01011348444,-659.6383232550305,5.0,2.43,3.0,-13459.72209452192,13459.72209452192,3138.0483456800653,15.0,116.83198947648592,14308.219178082192,0,1,0,0,0,0
3885,18.4034,25710.14428981473,-659.6383232550305,5.0,2.43,3.0,-12139.58791819163,12139.58791819163,3138.0483456800653,15.0,116.83198947648592,14308.219178082192,0,1,0,0,0,0
3886,16.4596,26992.349262557862,-659.6383232550305,5.0,2.43,3.0,-10857.382945448499,10857.382945448499,3138.0483456800653,15.0,116.83198947648592,14308.219178082192,0,1,0,0,0,0
3887,15.8034,27425.20393027781,-659.6383232550305,5.0,2.43,3.0,-10424.528277728548,10424.528277728548,3138.0483456800653,15.0,116.83198947648592,14308.219178082192,0,1,0,0,0,0
3888,15.3677,27712.60834772003,-659.6383232550305,5.0,2.43,3.0,-10137.123860286332,10137.123860286332,3138.0483456800653,15.0,116.83198947648592,14308.219178082192,0,1,0,0,0,0
3889,14.6575,28181.08348489575,-659.6383232550305,5.0,2.43,3.0,-9668.64872311061,9668.64872311061,3138.0483456800653,15.0,116.83198947648592,14308.219178082192,0,1,0,0,0,0
3890,14.7093,28146.91421975114,-659.6383232550305,5.0,2.43,3.0,-9702.817988255221,9702.817988255221,3138.0483456800653,15.0,116.83198947648592,14308.219178082192,0,1,0,0,0,0
3891,14.5991,28219.606362973846,-659.6383232550305,5.0,2.43,3.0,-9630.125845032517,9630.125845032517,3138.0483456800653,15.0,116.83198947648592,14308.219178082192,0,1,0,0,0,0
3892,14.6975,28154.69795196555,-659.6383232550305,5.0,2.43,3.0,-9695.034256040812,9695.034256040812,3138.0483456800653,15.0,116.83198947648592,14308.219178082192,0,1,0,0,0,0
3893,14.834,28064.657320841237,-659.6383232550305,5.0,2.43,3.0,-9785.074887165123,9785.074887165123,3138.0483456800653,15.0,116.83198947648592,14308.219178082192,0,1,0,0,0,0
3894,15.5299,27605.61501168806,-659.6383232550305,5.0,2.43,3.0,-10244.117196318299,10244.117196318299,3138.0483456800653,15.0,116.83198947648592,14308.219178082192,0,1,0,0,0,0
3895,16.0631,27253.89585772848,-659.6383232550305,5.0,2.43,3.0,-10595.83635027788,10595.83635027788,3138.0483456800653,15.0,116.83198947648592,14308.219178082192,0,1,0,0,0,0
3896,17.1408,26543.003636756534,-659.6383232550305,5.0,2.43,3.0,-11306.728571249827,11306.728571249827,3138.0483456800653,15.0,116.83198947648592,14308.219178082192,0,1,0,0,0,0
3897,18.0048,25973.076125464187,-659.6383232550305,5.0,2.43,3.0,-11876.656082542173,11876.656082542173,3138.0483456800653,15.0,116.83198947648592,14308.219178082192,0,1,0,0,0,0
3898,20.5826,24272.660455777368,-659.6383232550305,5.0,2.43,3.0,-13577.07175222899,13577.07175222899,3138.0483456800653,15.0,116.83198947648592,14308.219178082192,0,1,0,0,0,0
3899,20.4759,24343.043864868683,-659.6383232550305,5.0,2.43,3.0,-13506.68834313768,13506.68834313768,3138.0483456800653,15.0,116.83198947648592,14308.219178082192,0,1,0,0,0,0
3900,21.0919,23936.706657743583,-659.6383232550305,5.0,2.43,3.0,-13913.025550262777,13913.025550262777,3138.0483456800653,15.0,116.83198947648592,14308.219178082192,0,1,0,0,0,0
3901,24.9873,21367.151533335935,-659.6383232550305,5.0,2.43,3.0,-16482.580674670426,16482.580674670426,3138.0483456800653,15.0,116.83198947648592,14308.219178082192,0,1,0,0,0,0
3902,24.1998,21886.616712899275,-659.6383232550305,5.0,2.43,3.0,-15963.115495107088,15963.115495107088,3138.0483456800653,15.0,116.83198947648592,14308.219178082192,0,1,0,0,0,0
3903,20.5848,24271.209251466207,-659.6383232550305,5.0,2.43,3.0,-13578.522956540153,13578.522956540153,3138.0483456800653,15.0,116.83198947648592,14308.219178082192,0,1,0,0,0,0
3904,19.9839,24667.585919910158,-659.6383232550305,5.0,2.43,3.0,-13182.146288096203,13182.146288096203,3138.0483456800653,15.0,116.83198947648592,14308.219178082192,0,1,0,0,0,0
3905,21.4053,23729.976007235455,-659.6383232550305,5.0,2.43,3.0,-14119.756200770906,14119.756200770906,3138.0483456800653,15.0,116.83198947648592,14308.219178082192,0,1,0,0,0,0
3906,20.3872,24401.553784141404,-659.6383232550305,5.0,2.43,3.0,-13448.178423864958,13448.178423864958,3138.0483456800653,15.0,116.83198947648592,14308.219178082192,0,1,0,0,0,0
3907,20.5306,24306.961648586628,-659.6383232550305,5.0,2.43,3.0,-13542.770559419729,13542.770559419729,3138.0483456800653,15.0,116.83198947648592,14308.219178082192,0,1,0,0,0,0
3908,20.4385,24367.714338158417,-659.6383232550305,5.0,2.43,3.0,-13482.017869847941,13482.017869847941,3138.0483456800653,15.0,116.83198947648592,14308.219178082192,0,1,0,0,0,0
3909,16.8971,26703.757496133785,-659.6383232550305,5.0,2.43,3.0,-11145.974711872575,11145.974711872575,3138.0483456800653,15.0,116.83198947648592,14308.219178082192,0,1,0,0,0,0
3910,16.7418,26806.19932773529,-659.6383232550305,5.0,2.43,3.0,-11043.53288027107,11043.53288027107,3138.0483456800653,15.0,116.83198947648592,14308.219178082192,0,1,0,0,0,0
3911,15.5844,27569.664723070662,-659.6383232550305,5.0,2.43,3.0,-10280.067484935698,10280.067484935698,3138.0483456800653,15.0,116.83198947648592,14308.219178082192,0,1,0,0,0,0
3912,15.5497,27592.554172887612,-659.6383232550305,5.0,2.43,3.0,-10257.178035118748,10257.178035118748,3138.0483456800653,15.0,116.83198947648592,14308.219178082192,0,1,0,0,0,0
3913,15.1703,27842.820952730573,-659.6383232550305,5.0,2.43,3.0,-10006.911255275789,10006.911255275789,3138.0483456800653,15.0,116.83198947648592,14308.219178082192,0,1,0,0,0,0
3914,14.9003,28020.923300009432,-659.6383232550305,5.0,2.43,3.0,-9828.80890799693,9828.80890799693,3138.0483456800653,15.0,116.83198947648592,14308.219178082192,0,1,0,0,0,0
3915,15.1257,27872.240821947744,-659.6383232550305,5.0,2.43,3.0,-9977.491386058615,9977.491386058615,3138.0483456800653,15.0,116.83198947648592,14308.219178082192,0,1,0,0,0,0
3916,16.1192,27216.890147793874,-659.6383232550305,5.0,2.43,3.0,-10632.842060212488,10632.842060212488,3138.0483456800653,15.0,116.83198947648592,14308.219178082192,0,1,0,0,0,0
3917,16.2576,27125.596203855377,-659.6383232550305,5.0,2.43,3.0,-10724.136004150983,10724.136004150983,3138.0483456800653,15.0,116.83198947648592,14308.219178082192,0,1,0,0,0,0
3918,19.0236,25301.036601731965,-659.6383232550305,5.0,2.43,3.0,-12548.695606274398,12548.695606274398,3138.0483456800653,15.0,116.83198947648592,14308.219178082192,0,1,0,0,0,0
3919,18.894,25386.525728425815,-659.6383232550305,5.0,2.43,3.0,-12463.206479580545,12463.206479580545,3138.0483456800653,15.0,116.83198947648592,14308.219178082192,0,1,0,0,0,0
3920,17.4254,26355.270569958153,-659.6383232550305,5.0,2.43,3.0,-11494.46163804821,11494.46163804821,3138.0483456800653,15.0,116.83198947648592,14308.219178082192,0,1,0,0,0,0
3921,19.2306,25164.491468818174,-659.6383232550305,5.0,2.43,3.0,-12685.24073918819,12685.24073918819,3138.0483456800653,15.0,116.83198947648592,14308.219178082192,0,1,0,0,0,0
3922,20.8465,24098.581902270365,-659.6383232550305,5.0,2.43,3.0,-13751.150305735993,13751.150305735993,3138.0483456800653,15.0,116.83198947648592,14308.219178082192,0,1,0,0,0,0
3923,26.2139,20558.039166031318,-659.6383232550305,5.0,2.43,3.0,-17291.693041975042,17291.693041975042,3138.0483456800653,15.0,116.83198947648592,14308.219178082192,0,1,0,0,0,0
3924,24.5315,21667.81468107558,-659.6383232550305,5.0,2.43,3.0,-16181.917526930782,16181.917526930782,3138.0483456800653,15.0,116.83198947648592,14308.219178082192,0,1,0,0,0,0
3925,22.0687,23292.37194358807,-659.6383232550305,5.0,2.43,3.0,-14557.360264418292,14557.360264418292,3138.0483456800653,15.0,116.83198947648592,14308.219178082192,0,1,0,0,0,0
3926,23.7611,22176.00004531126,-659.6383232550305,5.0,2.43,3.0,-15673.732162695105,15673.732162695105,3138.0483456800653,15.0,116.83198947648592,14308.219178082192,0,1,0,0,0,0
3927,24.2849,21830.481491590268,-659.6383232550305,5.0,2.43,3.0,-16019.25071641609,16019.25071641609,3138.0483456800653,15.0,116.83198947648592,14308.219178082192,0,1,0,0,0,0
3928,21.5381,23642.37603790719,-659.6383232550305,5.0,2.43,3.0,-14207.356170099172,14207.356170099172,3138.0483456800653,15.0,116.83198947648592,14308.219178082192,0,1,0,0,0,0
3929,21.0657,23953.989181812867,-659.6383232550305,5.0,2.43,3.0,-13895.743026193497,13895.743026193497,3138.0483456800653,15.0,116.83198947648592,14308.219178082192,0,1,0,0,0,0
3930,21.5329,23645.80615718811,-659.6383232550305,5.0,2.43,3.0,-14203.926050818247,14203.926050818247,3138.0483456800653,15.0,116.83198947648592,14308.219178082192,0,1,0,0,0,0
3931,21.1295,23911.904256789192,-659.6383232550305,5.0,2.43,3.0,-13937.827951217167,13937.827951217167,3138.0483456800653,15.0,116.83198947648592,14308.219178082192,0,1,0,0,0,0
3932,22.5782,22956.286217889632,-659.6383232550305,5.0,2.43,3.0,-14893.445990116728,14893.445990116728,3138.0483456800653,15.0,116.83198947648592,14308.219178082192,0,1,0,0,0,0
3933,19.0607,25276.5640199392,-659.6383232550305,5.0,2.43,3.0,-12573.16818806716,12573.16818806716,3138.0483456800653,15.0,116.83198947648592,14308.219178082192,0,1,0,0,0,0
3934,16.6182,26887.73062448961,-659.6383232550305,5.0,2.43,3.0,-10962.001583516749,10962.001583516749,3138.0483456800653,15.0,116.83198947648592,14308.219178082192,0,1,0,0,0,0
3935,15.8746,27378.237681662053,-659.6383232550305,5.0,2.43,3.0,-10471.494526344306,10471.494526344306,3138.0483456800653,15.0,116.83198947648592,14308.219178082192,0,1,0,0,0,0
3936,14.9479,27989.52451582249,-659.6383232550305,5.0,2.43,3.0,-9860.20769218387,9860.20769218387,3138.0483456800653,15.0,116.83198947648592,14308.219178082192,0,1,0,0,0,0
3937,14.5502,28251.862676981014,-659.6383232550305,5.0,2.43,3.0,-9597.869531025344,9597.869531025344,3138.0483456800653,15.0,116.83198947648592,14308.219178082192,0,1,0,0,0,0
3938,13.7674,28768.227556425052,-659.6383232550305,5.0,2.43,3.0,-9081.504651581306,9081.504651581306,3138.0483456800653,15.0,116.83198947648592,14308.219178082192,0,1,0,0,0,0
3939,13.4668,28966.514836395516,-659.6383232550305,5.0,2.43,3.0,-8883.217371610845,8883.217371610845,3138.0483456800653,15.0,116.83198947648592,14308.219178082192,0,1,0,0,0,0
3940,14.0301,28594.940568905957,-659.6383232550305,5.0,2.43,3.0,-9254.791639100404,9254.791639100404,3138.0483456800653,15.0,116.83198947648592,14308.219178082192,0,1,0,0,0,0
3941,14.5634,28243.15545111405,-659.6383232550305,5.0,2.43,3.0,-9606.576756892311,9606.576756892311,3138.0483456800653,15.0,116.83198947648592,14308.219178082192,0,1,0,0,0,0
3942,16.8847,26711.937011342146,-659.6383232550305,5.0,2.43,3.0,-11137.795196664212,11137.795196664212,3138.0483456800653,15.0,116.83198947648592,14308.219178082192,0,1,0,0,0,0
3943,18.9574,25344.704658731447,-659.6383232550305,5.0,2.43,3.0,-12505.027549274915,12505.027549274915,3138.0483456800653,15.0,116.83198947648592,14308.219178082192,0,1,0,0,0,0
3944,19.8193,24776.162387917935,-659.6383232550305,5.0,2.43,3.0,-13073.569820088425,13073.569820088425,3138.0483456800653,15.0,116.83198947648592,14308.219178082192,0,1,0,0,0,0
3945,18.9031,25380.523019684195,-659.6383232550305,5.0,2.43,3.0,-12469.209188322166,12469.209188322166,3138.0483456800653,15.0,116.83198947648592,14308.219178082192,0,1,0,0,0,0
3946,19.3602,25079.00234212432,-659.6383232550305,5.0,2.43,3.0,-12770.729865882042,12770.729865882042,3138.0483456800653,15.0,116.83198947648592,14308.219178082192,0,1,0,0,0,0
3947,18.968,25337.712492504943,-659.6383232550305,5.0,2.43,3.0,-12512.01971550142,12512.01971550142,3138.0483456800653,15.0,116.83198947648592,14308.219178082192,0,1,0,0,0,0
3948,18.7276,25496.28954541545,-659.6383232550305,5.0,2.43,3.0,-12353.44266259091,12353.44266259091,3138.0483456800653,15.0,116.83198947648592,14308.219178082192,0,1,0,0,0,0
3949,18.8648,25405.787167464863,-659.6383232550305,5.0,2.43,3.0,-12443.9450405415,12443.9450405415,3138.0483456800653,15.0,116.83198947648592,14308.219178082192,0,1,0,0,0,0
3950,19.3262,25101.43004511499,-659.6383232550305,5.0,2.43,3.0,-12748.30216289137,12748.30216289137,3138.0483456800653,15.0,116.83198947648592,14308.219178082192,0,1,0,0,0,0
3951,19.4299,25033.025550993443,-659.6383232550305,5.0,2.43,3.0,-12816.706657012917,12816.706657012917,3138.0483456800653,15.0,116.83198947648592,14308.219178082192,0,1,0,0,0,0
3952,19.7881,24796.74310360349,-659.6383232550305,5.0,2.43,3.0,-13052.98910440287,13052.98910440287,3138.0483456800653,15.0,116.83198947648592,14308.219178082192,0,1,0,0,0,0
3953,19.6151,24910.86053352661,-659.6383232550305,5.0,2.43,3.0,-12938.87167447975,12938.87167447975,3138.0483456800653,15.0,116.83198947648592,14308.219178082192,0,1,0,0,0,0
3954,19.4083,25047.27373877575,-659.6383232550305,5.0,2.43,3.0,-12802.458469230609,12802.458469230609,3138.0483456800653,15.0,116.83198947648592,14308.219178082192,0,1,0,0,0,0
3955,19.1245,25234.47909491553,-659.6383232550305,5.0,2.43,3.0,-12615.253113090832,12615.253113090832,3138.0483456800653,15.0,116.83198947648592,14308.219178082192,0,1,0,0,0,0
3956,18.6649,25537.64886828354,-659.6383232550305,5.0,2.43,3.0,-12312.083339722818,12312.083339722818,3138.0483456800653,15.0,116.83198947648592,14308.219178082192,0,1,0,0,0,0
3957,16.7935,26772.096026423,-659.6383232550305,5.0,2.43,3.0,-11077.636181583355,11077.636181583355,3138.0483456800653,15.0,116.83198947648592,14308.219178082192,0,1,0,0,0,0
3958,15.6808,27506.075588708878,-659.6383232550305,5.0,2.43,3.0,-10343.656619297482,10343.656619297482,3138.0483456800653,15.0,116.83198947648592,14308.219178082192,0,1,0,0,0,0
3959,14.0594,28575.613166034585,-659.6383232550305,5.0,2.43,3.0,-9274.119041971777,9274.119041971777,3138.0483456800653,15.0,116.83198947648592,14308.219178082192,0,1,0,0,0,0
3960,12.7268,29454.647195604237,-659.6383232550305,5.0,2.43,3.0,-8395.085012402124,8395.085012402124,3138.0483456800653,15.0,116.83198947648592,14308.219178082192,0,1,0,0,0,0
3961,13.1561,29171.464463430853,-659.6383232550305,5.0,2.43,3.0,-8678.267744575507,8678.267744575507,3138.0483456800653,15.0,116.83198947648592,14308.219178082192,0,1,0,0,0,0
3962,12.8027,29404.58064686918,-659.6383232550305,5.0,2.43,3.0,-8445.15156113718,8445.15156113718,3138.0483456800653,15.0,116.83198947648592,14308.219178082192,0,1,0,0,0,0
3963,13.3695,29030.69764524823,-659.6383232550305,5.0,2.43,3.0,-8819.03456275813,8819.03456275813,3138.0483456800653,15.0,116.83198947648592,14308.219178082192,0,1,0,0,0,0
3964,13.6998,28812.81910707709,-659.6383232550305,5.0,2.43,3.0,-9036.913100929267,9036.913100929267,3138.0483456800653,15.0,116.83198947648592,14308.219178082192,0,1,0,0,0,0
3965,12.4549,29634.002855697283,-659.6383232550305,5.0,2.43,3.0,-8215.72935230908,8215.72935230908,3138.0483456800653,15.0,116.83198947648592,14308.219178082192,0,1,0,0,0,0
3966,10.4578,30951.366551069903,-659.6383232550305,5.0,2.43,3.0,-6898.365656936458,6898.365656936458,3138.0483456800653,15.0,116.83198947648592,14308.219178082192,0,1,0,0,0,0
3967,13.0328,29252.797868688198,-659.6383232550305,5.0,2.43,3.0,-8596.934339318163,8596.934339318163,3138.0483456800653,15.0,116.83198947648592,14308.219178082192,0,1,0,0,0,0
3968,13.7533,28777.52845678295,-659.6383232550305,5.0,2.43,3.0,-9072.203751223411,9072.203751223411,3138.0483456800653,15.0,116.83198947648592,14308.219178082192,0,1,0,0,0,0
3969,15.316,27746.71164903231,-659.6383232550305,5.0,2.43,3.0,-10103.020558974047,10103.020558974047,3138.0483456800653,15.0,116.83198947648592,14308.219178082192,0,1,0,0,0,0
3970,18.9222,25367.92392771002,-659.6383232550305,5.0,2.43,3.0,-12481.808280296338,12481.808280296338,3138.0483456800653,15.0,116.83198947648592,14308.219178082192,0,1,0,0,0,0
3971,18.2776,25793.126790880215,-659.6383232550305,5.0,2.43,3.0,-12056.605417126146,12056.605417126146,3138.0483456800653,15.0,116.83198947648592,14308.219178082192,0,1,0,0,0,0
3972,19.8485,24756.900948878887,-659.6383232550305,5.0,2.43,3.0,-13092.831259127473,13092.831259127473,3138.0483456800653,15.0,116.83198947648592,14308.219178082192,0,1,0,0,0,0
3973,18.579,25594.311800251147,-659.6383232550305,5.0,2.43,3.0,-12255.420407755213,12255.420407755213,3138.0483456800653,15.0,116.83198947648592,14308.219178082192,0,1,0,0,0,0
3974,19.914,24713.69463870568,-659.6383232550305,5.0,2.43,3.0,-13136.037569300679,13136.037569300679,3138.0483456800653,15.0,116.83198947648592,14308.219178082192,0,1,0,0,0,0
3975,20.397,24395.089328573504,-659.6383232550305,5.0,2.43,3.0,-13454.642879432857,13454.642879432857,3138.0483456800653,15.0,116.83198947648592,14308.219178082192,0,1,0,0,0,0
3976,20.9215,24049.10902802624,-659.6383232550305,5.0,2.43,3.0,-13800.623179980123,13800.623179980123,3138.0483456800653,15.0,116.83198947648592,14308.219178082192,0,1,0,0,0,0
3977,22.9269,22726.270334570603,-659.6383232550305,5.0,2.43,3.0,-15123.46187343576,15123.46187343576,3138.0483456800653,15.0,116.83198947648592,14308.219178082192,0,1,0,0,0,0
3978,21.7426,23507.480000801534,-659.6383232550305,5.0,2.43,3.0,-14342.252207204827,14342.252207204827,3138.0483456800653,15.0,116.83198947648592,14308.219178082192,0,1,0,0,0,0
3979,20.0801,24604.128713213024,-659.6383232550305,5.0,2.43,3.0,-13245.603494793339,13245.603494793339,3138.0483456800653,15.0,116.83198947648592,14308.219178082192,0,1,0,0,0,0
3980,19.4107,25045.69060679994,-659.6383232550305,5.0,2.43,3.0,-12804.04160120642,12804.04160120642,3138.0483456800653,15.0,116.83198947648592,14308.219178082192,0,1,0,0,0,0
3981,18.2635,25802.42769123811,-659.6383232550305,5.0,2.43,3.0,-12047.30451676825,12047.30451676825,3138.0483456800653,15.0,116.83198947648592,14308.219178082192,0,1,0,0,0,0
3982,16.8234,26752.372840557684,-659.6383232550305,5.0,2.43,3.0,-11097.35936744868,11097.35936744868,3138.0483456800653,15.0,116.83198947648592,14308.219178082192,0,1,0,0,0,0
3983,15.2982,27758.453211186254,-659.6383232550305,5.0,2.43,3.0,-10091.278996820107,10091.278996820107,3138.0483456800653,15.0,116.83198947648592,14308.219178082192,0,1,0,0,0,0
3984,15.1122,27881.14593931169,-659.6383232550305,5.0,2.43,3.0,-9968.586268694671,9968.586268694671,3138.0483456800653,15.0,116.83198947648592,14308.219178082192,0,1,0,0,0,0
3985,14.0159,28604.30743309618,-659.6383232550305,5.0,2.43,3.0,-9245.424774910181,9245.424774910181,3138.0483456800653,15.0,116.83198947648592,14308.219178082192,0,1,0,0,0,0
3986,11.7129,30123.454491552515,-659.6383232550305,5.0,2.43,3.0,-7726.277716453847,7726.277716453847,3138.0483456800653,15.0,116.83198947648592,14308.219178082192,0,1,0,0,0,0
3987,14.0647,28572.117082921333,-659.6383232550305,5.0,2.43,3.0,-9277.615125085027,9277.615125085027,3138.0483456800653,15.0,116.83198947648592,14308.219178082192,0,1,0,0,0,0
3988,14.029,28595.666171061537,-659.6383232550305,5.0,2.43,3.0,-9254.066036944823,9254.066036944823,3138.0483456800653,15.0,116.83198947648592,14308.219178082192,0,1,0,0,0,0
3989,13.5925,28883.59829916236,-659.6383232550305,5.0,2.43,3.0,-8966.133908844002,8966.133908844002,3138.0483456800653,15.0,116.83198947648592,14308.219178082192,0,1,0,0,0,0
3990,3.8769,35292.38039257893,-659.6383232550305,5.0,2.43,3.0,-2557.351815427428,2557.351815427428,3138.0483456800653,15.0,116.83198947648592,14308.219178082192,0,1,0,0,0,0
3991,14.0846,28558.990280288555,-659.6383232550305,5.0,2.43,3.0,-9290.741927717803,9290.741927717803,3138.0483456800653,15.0,116.83198947648592,14308.219178082192,0,1,0,0,0,0
3992,15.3156,27746.975504361617,-659.6383232550305,5.0,2.43,3.0,-10102.756703644745,10102.756703644745,3138.0483456800653,15.0,116.83198947648592,14308.219178082192,0,1,0,0,0,0
3993,19.1228,25235.600480065063,-659.6383232550305,5.0,2.43,3.0,-12614.131727941298,12614.131727941298,3138.0483456800653,15.0,116.83198947648592,14308.219178082192,0,1,0,0,0,0
3994,21.5464,23636.901039824173,-659.6383232550305,5.0,2.43,3.0,-14212.831168182189,14212.831168182189,3138.0483456800653,15.0,116.83198947648592,14308.219178082192,0,1,0,0,0,0
3995,21.6963,23538.02125516824,-659.6383232550305,5.0,2.43,3.0,-14311.710952838119,14311.710952838119,3138.0483456800653,15.0,116.83198947648592,14308.219178082192,0,1,0,0,0,0
3996,22.9599,22704.502269903183,-659.6383232550305,5.0,2.43,3.0,-15145.229938103175,15145.229938103175,3138.0483456800653,15.0,116.83198947648592,14308.219178082192,0,1,0,0,0,0
3997,25.1174,21281.332587480458,-659.6383232550305,5.0,2.43,3.0,-16568.399620525903,16568.399620525903,3138.0483456800653,15.0,116.83198947648592,14308.219178082192,0,1,0,0,0,0
3998,23.1232,22596.78333171564,-659.6383232550305,5.0,2.43,3.0,-15252.948876290722,15252.948876290722,3138.0483456800653,15.0,116.83198947648592,14308.219178082192,0,1,0,0,0,0
3999,26.6799,20250.647707394473,-659.6383232550305,5.0,2.43,3.0,-17599.084500611887,17599.084500611887,3138.0483456800653,15.0,116.83198947648592,14308.219178082192,0,1,0,0,0,0
4000,40.2381,11307.139393038113,-659.6383232550305,5.0,2.43,3.0,-26542.592814968244,26542.592814968244,3138.0483456800653,15.0,116.83198947648592,14308.219178082192,0,1,0,0,0,0
4001,25.171,21245.975973353987,-659.6383232550305,5.0,2.43,3.0,-16603.756234652374,16603.756234652374,3138.0483456800653,15.0,116.83198947648592,14308.219178082192,0,1,0,0,0,0
4002,22.081,23284.258392212032,-659.6383232550305,5.0,2.43,3.0,-14565.473815794328,14565.473815794328,3138.0483456800653,15.0,116.83198947648592,14308.219178082192,0,1,0,0,0,0
4003,77.7186,27365.800744269025,650.0,0,2.43,3.0,50517.09,-50517.09,15071.972825128516,0,556.8949724310688,14308.219178082192,1,0,0,0,0,0
4004,61.0267,16516.065744269017,650.0,0,2.43,3.0,39667.354999999996,-39667.354999999996,15071.972825128516,0,556.8949724310688,14308.219178082192,1,0,0,0,0,0
4005,20.5046,24324.112244991262,-659.6383232550305,5.0,2.43,3.0,-13525.619963015099,13525.619963015099,3138.0483456800653,15.0,116.83198947648592,14308.219178082192,0,1,0,0,0,0
4006,19.3477,25087.24782116501,-659.6383232550305,5.0,2.43,3.0,-12762.484386841354,12762.484386841354,3138.0483456800653,15.0,116.83198947648592,14308.219178082192,0,1,0,0,0,0
4007,17.8075,26103.222766642404,-659.6383232550305,5.0,2.43,3.0,-11746.509441363956,11746.509441363956,3138.0483456800653,15.0,116.83198947648592,14308.219178082192,0,1,0,0,0,0
4008,16.0481,27263.790432577305,-659.6383232550305,5.0,2.43,3.0,-10585.941775429057,10585.941775429057,3138.0483456800653,15.0,116.83198947648592,14308.219178082192,0,1,0,0,0,0
4009,15.6105,27552.44816283371,-659.6383232550305,5.0,2.43,3.0,-10297.284045172653,10297.284045172653,3138.0483456800653,15.0,116.83198947648592,14308.219178082192,0,1,0,0,0,0
4010,14.9293,28001.793788635034,-659.6383232550305,5.0,2.43,3.0,-9847.938419371327,9847.938419371327,3138.0483456800653,15.0,116.83198947648592,14308.219178082192,0,1,0,0,0,0
4011,14.5942,28222.838590757794,-659.6383232550305,5.0,2.43,3.0,-9626.893617248566,9626.893617248566,3138.0483456800653,15.0,116.83198947648592,14308.219178082192,0,1,0,0,0,0
4012,14.3879,28358.921976845308,-659.6383232550305,5.0,2.43,3.0,-9490.810231161053,9490.810231161053,3138.0483456800653,15.0,116.83198947648592,14308.219178082192,0,1,0,0,0,0
4013,16.5536,26930.34326017189,-659.6383232550305,5.0,2.43,3.0,-10919.388947834474,10919.388947834474,3138.0483456800653,15.0,116.83198947648592,14308.219178082192,0,1,0,0,0,0
4014,19.0189,25304.136901851263,-659.6383232550305,5.0,2.43,3.0,-12545.595306155099,12545.595306155099,3138.0483456800653,15.0,116.83198947648592,14308.219178082192,0,1,0,0,0,0
4015,20.6731,24212.963187522786,-659.6383232550305,5.0,2.43,3.0,-13636.769020483573,13636.769020483573,3138.0483456800653,15.0,116.83198947648592,14308.219178082192,0,1,0,0,0,0
4016,22.0483,23305.82856538247,-659.6383232550305,5.0,2.43,3.0,-14543.90364262389,14543.90364262389,3138.0483456800653,15.0,116.83198947648592,14308.219178082192,0,1,0,0,0,0
4017,24.9682,21379.75062531011,-659.6383232550305,5.0,2.43,3.0,-16469.98158269625,16469.98158269625,3138.0483456800653,15.0,116.83198947648592,14308.219178082192,0,1,0,0,0,0
4018,26.2422,20539.3714014832,-659.6383232550305,5.0,2.43,3.0,-17310.360806523164,17310.360806523164,3138.0483456800653,15.0,116.83198947648592,14308.219178082192,0,1,0,0,0,0
4019,37.0531,13408.087452605389,-659.6383232550305,5.0,2.43,3.0,-24441.644755400972,24441.644755400972,3138.0483456800653,15.0,116.83198947648592,14308.219178082192,0,1,0,0,0,0
4020,33.925,15471.502091579456,-659.6383232550305,5.0,2.43,3.0,-22378.23011642691,22378.23011642691,3138.0483456800653,15.0,116.83198947648592,14308.219178082192,0,1,0,0,0,0
4021,30.4275,17778.587127163923,-659.6383232550305,5.0,2.43,3.0,-20071.14508084244,20071.14508084244,3138.0483456800653,15.0,116.83198947648592,14308.219178082192,0,1,0,0,0,0
4022,25.7957,20833.89991281657,-659.6383232550305,5.0,2.43,3.0,-17015.83229518979,17015.83229518979,3138.0483456800653,15.0,116.83198947648592,14308.219178082192,0,1,0,0,0,0
4023,26.5621,20328.353101873916,-659.6383232550305,5.0,2.43,3.0,-17521.37910613245,17521.37910613245,3138.0483456800653,15.0,116.83198947648592,14308.219178082192,0,1,0,0,0,0
4024,24.4422,21726.720383342254,-659.6383232550305,5.0,2.43,3.0,-16123.011824664107,16123.011824664107,3138.0483456800653,15.0,116.83198947648592,14308.219178082192,0,1,0,0,0,0
4025,26.3745,20452.10125131656,-659.6383232550305,5.0,2.43,3.0,-17397.6309566898,17397.6309566898,3138.0483456800653,15.0,116.83198947648592,14308.219178082192,0,1,0,0,0,0
4026,25.3374,21136.212156364352,-659.6383232550305,5.0,2.43,3.0,-16713.52005164201,16713.52005164201,3138.0483456800653,15.0,116.83198947648592,14308.219178082192,0,1,0,0,0,0
4027,21.9607,23363.612882499612,-659.6383232550305,5.0,2.43,3.0,-14486.119325506748,14486.119325506748,3138.0483456800653,15.0,116.83198947648592,14308.219178082192,0,1,0,0,0,0
4028,21.5584,23628.98537994511,-659.6383232550305,5.0,2.43,3.0,-14220.746828061248,14220.746828061248,3138.0483456800653,15.0,116.83198947648592,14308.219178082192,0,1,0,0,0,0
4029,20.18,24538.230844719845,-659.6383232550305,5.0,2.43,3.0,-13311.501363286516,13311.501363286516,3138.0483456800653,15.0,116.83198947648592,14308.219178082192,0,1,0,0,0,0
4030,18.1533,25875.119834460813,-659.6383232550305,5.0,2.43,3.0,-11974.612373545546,11974.612373545546,3138.0483456800653,15.0,116.83198947648592,14308.219178082192,0,1,0,0,0,0
4031,18.0597,25936.861981517486,-659.6383232550305,5.0,2.43,3.0,-11912.870226488874,11912.870226488874,3138.0483456800653,15.0,116.83198947648592,14308.219178082192,0,1,0,0,0,0
4032,18.1636,25868.32555973129,-659.6383232550305,5.0,2.43,3.0,-11981.406648275071,11981.406648275071,3138.0483456800653,15.0,116.83198947648592,14308.219178082192,0,1,0,0,0,0
4033,17.2749,26454.546137608035,-659.6383232550305,5.0,2.43,3.0,-11395.186070398326,11395.186070398326,3138.0483456800653,15.0,116.83198947648592,14308.219178082192,0,1,0,0,0,0
4034,15.8257,27410.493995669225,-659.6383232550305,5.0,2.43,3.0,-10439.238212337135,10439.238212337135,3138.0483456800653,15.0,116.83198947648592,14308.219178082192,0,1,0,0,0,0
4035,15.4277,27673.030048324727,-659.6383232550305,5.0,2.43,3.0,-10176.702159681634,10176.702159681634,3138.0483456800653,15.0,116.83198947648592,14308.219178082192,0,1,0,0,0,0
4036,17.5818,26252.103136201065,-659.6383232550305,5.0,2.43,3.0,-11597.629071805297,11597.629071805297,3138.0483456800653,15.0,116.83198947648592,14308.219178082192,0,1,0,0,0,0
4037,18.5993,25580.921142289073,-659.6383232550305,5.0,2.43,3.0,-12268.81106571729,12268.81106571729,3138.0483456800653,15.0,116.83198947648592,14308.219178082192,0,1,0,0,0,0
4038,18.4743,25663.37593269595,-659.6383232550305,5.0,2.43,3.0,-12186.35627531041,12186.35627531041,3138.0483456800653,15.0,116.83198947648592,14308.219178082192,0,1,0,0,0,0
4039,20.1039,24588.429321119555,-659.6383232550305,5.0,2.43,3.0,-13261.302886886808,13261.302886886808,3138.0483456800653,15.0,116.83198947648592,14308.219178082192,0,1,0,0,0,0
4040,21.5306,23647.3233253316,-659.6383232550305,5.0,2.43,3.0,-14202.40888267476,14202.40888267476,3138.0483456800653,15.0,116.83198947648592,14308.219178082192,0,1,0,0,0,0
4041,22.666,22898.369973107838,-659.6383232550305,5.0,2.43,3.0,-14951.362234898523,14951.362234898523,3138.0483456800653,15.0,116.83198947648592,14308.219178082192,0,1,0,0,0,0
4042,33.0488,16049.477190415506,-659.6383232550305,5.0,2.43,3.0,-21800.25501759085,21800.25501759085,3138.0483456800653,15.0,116.83198947648592,14308.219178082192,0,1,0,0,0,0
4043,24.4679,21709.7676784346,-659.6383232550305,5.0,2.43,3.0,-16139.964529571762,16139.964529571762,3138.0483456800653,15.0,116.83198947648592,14308.219178082192,0,1,0,0,0,0
4044,27.2916,19847.146945059372,-659.6383232550305,5.0,2.43,3.0,-18002.585262946992,18002.585262946992,3138.0483456800653,15.0,116.83198947648592,14308.219178082192,0,1,0,0,0,0
4045,30.2111,17921.33286031631,-659.6383232550305,5.0,2.43,3.0,-19928.39934769005,19928.39934769005,3138.0483456800653,15.0,116.83198947648592,14308.219178082192,0,1,0,0,0,0
4046,41.0907,10744.731758630882,-659.6383232550305,5.0,2.43,3.0,-27105.000449375482,27105.000449375482,3138.0483456800653,15.0,116.83198947648592,14308.219178082192,0,1,0,0,0,0
4047,38.7454,12291.781518160904,-659.6383232550305,5.0,2.43,3.0,-25557.950689845457,25557.950689845457,3138.0483456800653,15.0,116.83198947648592,14308.219178082192,0,1,0,0,0,0
4048,40.0296,11444.67398343679,-659.6383232550305,5.0,2.43,3.0,-26405.05822456957,26405.05822456957,3138.0483456800653,15.0,116.83198947648592,14308.219178082192,0,1,0,0,0,0
4049,39.181,12004.443064551015,-659.6383232550305,5.0,2.43,3.0,-25845.28914345535,25845.28914345535,3138.0483456800653,15.0,116.83198947648592,14308.219178082192,0,1,0,0,0,0
4050,27.4883,19717.396086875106,-659.6383232550305,5.0,2.43,3.0,-18132.336121131255,18132.336121131255,3138.0483456800653,15.0,116.83198947648592,14308.219178082192,0,1,0,0,0,0
4051,24.7614,21516.16383055925,-659.6383232550305,5.0,2.43,3.0,-16333.56837744711,16333.56837744711,3138.0483456800653,15.0,116.83198947648592,14308.219178082192,0,1,0,0,0,0
4052,24.3519,21786.285723932182,-659.6383232550305,5.0,2.43,3.0,-16063.446484074178,16063.446484074178,3138.0483456800653,15.0,116.83198947648592,14308.219178082192,0,1,0,0,0,0
4053,30.2963,17865.131675174984,-659.6383232550305,5.0,2.43,3.0,-19984.60053283138,19984.60053283138,3138.0483456800653,15.0,116.83198947648592,14308.219178082192,0,1,0,0,0,0
4054,18.9897,25323.398340890308,-659.6383232550305,5.0,2.43,3.0,-12526.333867116053,12526.333867116053,3138.0483456800653,15.0,116.83198947648592,14308.219178082192,0,1,0,0,0,0
4055,18.3686,25733.09970346401,-659.6383232550305,5.0,2.43,3.0,-12116.632504542355,12116.632504542355,3138.0483456800653,15.0,116.83198947648592,14308.219178082192,0,1,0,0,0,0
4056,18.5509,25612.84763713462,-659.6383232550305,5.0,2.43,3.0,-12236.884570871745,12236.884570871745,3138.0483456800653,15.0,116.83198947648592,14308.219178082192,0,1,0,0,0,0
4057,17.868,26063.314648085478,-659.6383232550305,5.0,2.43,3.0,-11786.417559920885,11786.417559920885,3138.0483456800653,15.0,116.83198947648592,14308.219178082192,0,1,0,0,0,0
4058,16.9752,26652.239743087564,-659.6383232550305,5.0,2.43,3.0,-11197.492464918794,11197.492464918794,3138.0483456800653,15.0,116.83198947648592,14308.219178082192,0,1,0,0,0,0
4059,17.287,26446.56451389665,-659.6383232550305,5.0,2.43,3.0,-11403.167694109712,11403.167694109712,3138.0483456800653,15.0,116.83198947648592,14308.219178082192,0,1,0,0,0,0
4060,19.804,24786.254854263738,-659.6383232550305,5.0,2.43,3.0,-13063.477353742623,13063.477353742623,3138.0483456800653,15.0,116.83198947648592,14308.219178082192,0,1,0,0,0,0
4061,18.5319,25625.38076527646,-659.6383232550305,5.0,2.43,3.0,-12224.3514427299,12224.3514427299,3138.0483456800653,15.0,116.83198947648592,14308.219178082192,0,1,0,0,0,0
4062,21.1709,23884.595230206436,-659.6383232550305,5.0,2.43,3.0,-13965.136977799924,13965.136977799924,3138.0483456800653,15.0,116.83198947648592,14308.219178082192,0,1,0,0,0,0
4063,21.8541,23433.9303277586,-659.6383232550305,5.0,2.43,3.0,-14415.801880247762,14415.801880247762,3138.0483456800653,15.0,116.83198947648592,14308.219178082192,0,1,0,0,0,0
4064,24.2137,21877.44774020603,-659.6383232550305,5.0,2.43,3.0,-15972.284467800331,15972.284467800331,3138.0483456800653,15.0,116.83198947648592,14308.219178082192,0,1,0,0,0,0
4065,26.9692,20059.814340476794,-659.6383232550305,5.0,2.43,3.0,-17789.91786752957,17789.91786752957,3138.0483456800653,15.0,116.83198947648592,14308.219178082192,0,1,0,0,0,0
4066,28.7889,18859.47048364961,-659.6383232550305,5.0,2.43,3.0,-18990.261724356747,18990.261724356747,3138.0483456800653,15.0,116.83198947648592,14308.219178082192,0,1,0,0,0,0
4067,52.8478,11199.780744269023,650.0,0,2.43,3.0,34351.07,-34351.07,15071.972825128516,0,556.8949724310688,14308.219178082192,1,0,0,0,0,0
4068,46.3419,7280.838995554059,-659.6383232550305,5.0,2.43,3.0,-30568.8932124523,30568.8932124523,3138.0483456800653,15.0,116.83198947648592,14308.219178082192,0,1,0,0,0,0
4069,34.0744,15372.952126085154,-659.6383232550305,5.0,2.43,3.0,-22476.78008192121,22476.78008192121,3138.0483456800653,15.0,116.83198947648592,14308.219178082192,0,1,0,0,0,0
4070,73.5489,24655.495744269032,650.0,0,2.43,3.0,47806.785,-47806.785,15071.972825128516,0,556.8949724310688,14308.219178082192,1,0,0,0,0,0
4071,60.4206,16122.10074426902,650.0,0,2.43,3.0,39273.39,-39273.39,15071.972825128516,0,556.8949724310688,14308.219178082192,1,0,0,0,0,0
4072,30.3366,17838.5482507478,-659.6383232550305,5.0,2.43,3.0,-20011.18395725856,20011.18395725856,3138.0483456800653,15.0,116.83198947648592,14308.219178082192,0,1,0,0,0,0
4073,28.1984,19248.98691353171,-659.6383232550305,5.0,2.43,3.0,-18600.74529447465,18600.74529447465,3138.0483456800653,15.0,116.83198947648592,14308.219178082192,0,1,0,0,0,0
4074,27.8913,19451.56184260333,-659.6383232550305,5.0,2.43,3.0,-18398.17036540303,18398.17036540303,3138.0483456800653,15.0,116.83198947648592,14308.219178082192,0,1,0,0,0,0
4075,25.6342,20940.431502022257,-659.6383232550305,5.0,2.43,3.0,-16909.300705984104,16909.300705984104,3138.0483456800653,15.0,116.83198947648592,14308.219178082192,0,1,0,0,0,0
4076,26.4622,20394.250970367095,-659.6383232550305,5.0,2.43,3.0,-17455.48123763927,17455.48123763927,3138.0483456800653,15.0,116.83198947648592,14308.219178082192,0,1,0,0,0,0
4077,22.4356,23050.350642785797,-659.6383232550305,5.0,2.43,3.0,-14799.381565220563,14799.381565220563,3138.0483456800653,15.0,116.83198947648592,14308.219178082192,0,1,0,0,0,0
4078,20.924,24047.459932218102,-659.6383232550305,5.0,2.43,3.0,-13802.272275788258,13802.272275788258,3138.0483456800653,15.0,116.83198947648592,14308.219178082192,0,1,0,0,0,0
4079,19.7877,24797.00695893279,-659.6383232550305,5.0,2.43,3.0,-13052.725249073568,13052.725249073568,3138.0483456800653,15.0,116.83198947648592,14308.219178082192,0,1,0,0,0,0
4080,19.1708,25203.937840548824,-659.6383232550305,5.0,2.43,3.0,-12645.794367457538,12645.794367457538,3138.0483456800653,15.0,116.83198947648592,14308.219178082192,0,1,0,0,0,0
4081,18.8087,25442.792877399464,-659.6383232550305,5.0,2.43,3.0,-12406.939330606894,12406.939330606894,3138.0483456800653,15.0,116.83198947648592,14308.219178082192,0,1,0,0,0,0
4082,18.7042,25511.72508217962,-659.6383232550305,5.0,2.43,3.0,-12338.007125826742,12338.007125826742,3138.0483456800653,15.0,116.83198947648592,14308.219178082192,0,1,0,0,0,0
4083,17.4672,26327.697688046093,-659.6383232550305,5.0,2.43,3.0,-11522.034519960267,11522.034519960267,3138.0483456800653,15.0,116.83198947648592,14308.219178082192,0,1,0,0,0,0
4084,18.8601,25408.887467584158,-659.6383232550305,5.0,2.43,3.0,-12440.8447404222,12440.8447404222,3138.0483456800653,15.0,116.83198947648592,14308.219178082192,0,1,0,0,0,0
4085,19.1067,25246.22065706947,-659.6383232550305,5.0,2.43,3.0,-12603.511550936892,12603.511550936892,3138.0483456800653,15.0,116.83198947648592,14308.219178082192,0,1,0,0,0,0
4086,19.602,24919.501795561253,-659.6383232550305,5.0,2.43,3.0,-12930.230412445108,12930.230412445108,3138.0483456800653,15.0,116.83198947648592,14308.219178082192,0,1,0,0,0,0
4087,20.6207,24247.528235661353,-659.6383232550305,5.0,2.43,3.0,-13602.203972345007,13602.203972345007,3138.0483456800653,15.0,116.83198947648592,14308.219178082192,0,1,0,0,0,0
4088,22.4423,23045.93106601999,-659.6383232550305,5.0,2.43,3.0,-14803.80114198637,14803.80114198637,3138.0483456800653,15.0,116.83198947648592,14308.219178082192,0,1,0,0,0,0
4089,24.4573,21716.7598446611,-659.6383232550305,5.0,2.43,3.0,-16132.972363345258,16132.972363345258,3138.0483456800653,15.0,116.83198947648592,14308.219178082192,0,1,0,0,0,0
4090,22.7668,22831.878430123732,-659.6383232550305,5.0,2.43,3.0,-15017.853777882628,15017.853777882628,3138.0483456800653,15.0,116.83198947648592,14308.219178082192,0,1,0,0,0,0
4091,25.7719,20849.59930491004,-659.6383232550305,5.0,2.43,3.0,-17000.13290309632,17000.13290309632,3138.0483456800653,15.0,116.83198947648592,14308.219178082192,0,1,0,0,0,0
4092,23.9203,22070.985624249053,-659.6383232550305,5.0,2.43,3.0,-15778.746583757307,15778.746583757307,3138.0483456800653,15.0,116.83198947648592,14308.219178082192,0,1,0,0,0,0
4093,33.9159,15477.504800321072,-659.6383232550305,5.0,2.43,3.0,-22372.22740768529,22372.22740768529,3138.0483456800653,15.0,116.83198947648592,14308.219178082192,0,1,0,0,0,0
4094,42.5621,9774.139929793426,-659.6383232550305,5.0,2.43,3.0,-28075.592278212935,28075.592278212935,3138.0483456800653,15.0,116.83198947648592,14308.219178082192,0,1,0,0,0,0
4095,39.0634,12082.0165313658,-659.6383232550305,5.0,2.43,3.0,-25767.71567664056,25767.71567664056,3138.0483456800653,15.0,116.83198947648592,14308.219178082192,0,1,0,0,0,0
4096,52.3926,10903.900744269025,650.0,0,2.43,3.0,34055.19,-34055.19,15071.972825128516,0,556.8949724310688,14308.219178082192,1,0,0,0,0,0
4097,24.244,21857.460699011404,-659.6383232550305,5.0,2.43,3.0,-15992.27150899496,15992.27150899496,3138.0483456800653,15.0,116.83198947648592,14308.219178082192,0,1,0,0,0,0
4098,24.0596,21979.09800581963,-659.6383232550305,5.0,2.43,3.0,-15870.634202186731,15870.634202186731,3138.0483456800653,15.0,116.83198947648592,14308.219178082192,0,1,0,0,0,0
4099,25.1965,21229.155196110984,-659.6383232550305,5.0,2.43,3.0,-16620.577011895377,16620.577011895377,3138.0483456800653,15.0,116.83198947648592,14308.219178082192,0,1,0,0,0,0
4100,24.3064,21816.299267640286,-659.6383232550305,5.0,2.43,3.0,-16033.432940366074,16033.432940366074,3138.0483456800653,15.0,116.83198947648592,14308.219178082192,0,1,0,0,0,0
4101,21.2508,23831.890128178355,-659.6383232550305,5.0,2.43,3.0,-14017.842079828004,14017.842079828004,3138.0483456800653,15.0,116.83198947648592,14308.219178082192,0,1,0,0,0,0
4102,19.0777,25265.350168443867,-659.6383232550305,5.0,2.43,3.0,-12584.382039562495,12584.382039562495,3138.0483456800653,15.0,116.83198947648592,14308.219178082192,0,1,0,0,0,0
4103,17.5772,26255.137472488037,-659.6383232550305,5.0,2.43,3.0,-11594.594735518323,11594.594735518323,3138.0483456800653,15.0,116.83198947648592,14308.219178082192,0,1,0,0,0,0
4104,18.615,25570.564820613967,-659.6383232550305,5.0,2.43,3.0,-12279.167387392392,12279.167387392392,3138.0483456800653,15.0,116.83198947648592,14308.219178082192,0,1,0,0,0,0
4105,16.1575,27191.626000013206,-659.6383232550305,5.0,2.43,3.0,-10658.106207993154,10658.106207993154,3138.0483456800653,15.0,116.83198947648592,14308.219178082192,0,1,0,0,0,0
4106,15.3732,27708.980336942128,-659.6383232550305,5.0,2.43,3.0,-10140.751871064236,10140.751871064236,3138.0483456800653,15.0,116.83198947648592,14308.219178082192,0,1,0,0,0,0
4107,15.0667,27911.159483019794,-659.6383232550305,5.0,2.43,3.0,-9938.572724986569,9938.572724986569,3138.0483456800653,15.0,116.83198947648592,14308.219178082192,0,1,0,0,0,0
4108,17.5452,26276.245898832196,-659.6383232550305,5.0,2.43,3.0,-11573.486309174163,11573.486309174163,3138.0483456800653,15.0,116.83198947648592,14308.219178082192,0,1,0,0,0,0
4109,18.5491,25614.034986116472,-659.6383232550305,5.0,2.43,3.0,-12235.697221889886,12235.697221889886,3138.0483456800653,15.0,116.83198947648592,14308.219178082192,0,1,0,0,0,0
4110,19.905,24719.63138361498,-659.6383232550305,5.0,2.43,3.0,-13130.100824391384,13130.100824391384,3138.0483456800653,15.0,116.83198947648592,14308.219178082192,0,1,0,0,0,0
4111,20.7498,24162.36892812913,-659.6383232550305,5.0,2.43,3.0,-13687.363279877232,13687.363279877232,3138.0483456800653,15.0,116.83198947648592,14308.219178082192,0,1,0,0,0,0
4112,21.5794,23615.132975156754,-659.6383232550305,5.0,2.43,3.0,-14234.599232849605,14234.599232849605,3138.0483456800653,15.0,116.83198947648592,14308.219178082192,0,1,0,0,0,0
4113,21.2657,23822.06151716186,-659.6383232550305,5.0,2.43,3.0,-14027.670690844501,14027.670690844501,3138.0483456800653,15.0,116.83198947648592,14308.219178082192,0,1,0,0,0,0
4114,21.8011,23468.891158891114,-659.6383232550305,5.0,2.43,3.0,-14380.841049115246,14380.841049115246,3138.0483456800653,15.0,116.83198947648592,14308.219178082192,0,1,0,0,0,0
4115,23.3532,22445.066517366984,-659.6383232550305,5.0,2.43,3.0,-15404.66569063938,15404.66569063938,3138.0483456800653,15.0,116.83198947648592,14308.219178082192,0,1,0,0,0,0
4116,24.5807,21635.360475571433,-659.6383232550305,5.0,2.43,3.0,-16214.371732434929,16214.371732434929,3138.0483456800653,15.0,116.83198947648592,14308.219178082192,0,1,0,0,0,0
4117,31.4951,17074.357253256847,-659.6383232550305,5.0,2.43,3.0,-20775.374954749514,20775.374954749514,3138.0483456800653,15.0,116.83198947648592,14308.219178082192,0,1,0,0,0,0
4118,32.1759,16625.275482784826,-659.6383232550305,5.0,2.43,3.0,-21224.456725221535,21224.456725221535,3138.0483456800653,15.0,116.83198947648592,14308.219178082192,0,1,0,0,0,0
4119,34.4925,15097.157343132221,-659.6383232550305,5.0,2.43,3.0,-22752.57486487414,22752.57486487414,3138.0483456800653,15.0,116.83198947648592,14308.219178082192,0,1,0,0,0,0
4120,27.9228,19430.783235420797,-659.6383232550305,5.0,2.43,3.0,-18418.948972585564,18418.948972585564,3138.0483456800653,15.0,116.83198947648592,14308.219178082192,0,1,0,0,0,0
4121,221.1231,120578.72574426902,650.0,0,2.43,3.0,143730.01499999998,-143730.01499999998,15071.972825128516,0,556.8949724310688,14308.219178082192,1,0,0,0,0,0
4122,27.0707,19992.861050666408,-659.6383232550305,5.0,2.43,3.0,-17856.871157339952,17856.871157339952,3138.0483456800653,15.0,116.83198947648592,14308.219178082192,0,1,0,0,0,0
4123,22.087,23280.300562272503,-659.6383232550305,5.0,2.43,3.0,-14569.43164573386,14569.43164573386,3138.0483456800653,15.0,116.83198947648592,14308.219178082192,0,1,0,0,0,0
4124,21.2649,23822.589227820463,-659.6383232550305,5.0,2.43,3.0,-14027.1429801859,14027.1429801859,3138.0483456800653,15.0,116.83198947648592,14308.219178082192,0,1,0,0,0,0
4125,17.9392,26016.348399469716,-659.6383232550305,5.0,2.43,3.0,-11833.383808536642,11833.383808536642,3138.0483456800653,15.0,116.83198947648592,14308.219178082192,0,1,0,0,0,0
4126,16.8429,26739.50989325421,-659.6383232550305,5.0,2.43,3.0,-11110.222314752153,11110.222314752153,3138.0483456800653,15.0,116.83198947648592,14308.219178082192,0,1,0,0,0,0
4127,14.707,28148.431387894627,-659.6383232550305,5.0,2.43,3.0,-9701.300820111734,9701.300820111734,3138.0483456800653,15.0,116.83198947648592,14308.219178082192,0,1,0,0,0,0
4128,14.7555,28116.438929216758,-659.6383232550305,5.0,2.43,3.0,-9733.293278789602,9733.293278789602,3138.0483456800653,15.0,116.83198947648592,14308.219178082192,0,1,0,0,0,0
4129,14.7121,28145.067232446025,-659.6383232550305,5.0,2.43,3.0,-9704.664975560334,9704.664975560334,3138.0483456800653,15.0,116.83198947648592,14308.219178082192,0,1,0,0,0,0
4130,13.5606,28904.640761674193,-659.6383232550305,5.0,2.43,3.0,-8945.091446332168,8945.091446332168,3138.0483456800653,15.0,116.83198947648592,14308.219178082192,0,1,0,0,0,0
4131,13.4849,28954.575382744602,-659.6383232550305,5.0,2.43,3.0,-8895.15682526176,8895.15682526176,3138.0483456800653,15.0,116.83198947648592,14308.219178082192,0,1,0,0,0,0
4132,13.4493,28978.05850705248,-659.6383232550305,5.0,2.43,3.0,-8871.673700953881,8871.673700953881,3138.0483456800653,15.0,116.83198947648592,14308.219178082192,0,1,0,0,0,0
4133,13.2152,29132.47983852648,-659.6383232550305,5.0,2.43,3.0,-8717.252369479878,8717.252369479878,3138.0483456800653,15.0,116.83198947648592,14308.219178082192,0,1,0,0,0,0
4134,14.0155,28604.571288425483,-659.6383232550305,5.0,2.43,3.0,-9245.16091958088,9245.16091958088,3138.0483456800653,15.0,116.83198947648592,14308.219178082192,0,1,0,0,0,0
4135,15.3996,27691.56588520819,-659.6383232550305,5.0,2.43,3.0,-10158.166322798168,10158.166322798168,3138.0483456800653,15.0,116.83198947648592,14308.219178082192,0,1,0,0,0,0
4136,15.8417,27399.939782497146,-659.6383232550305,5.0,2.43,3.0,-10449.792425509217,10449.792425509217,3138.0483456800653,15.0,116.83198947648592,14308.219178082192,0,1,0,0,0,0
4137,17.2228,26488.91329424962,-659.6383232550305,5.0,2.43,3.0,-11360.818913756739,11360.818913756739,3138.0483456800653,15.0,116.83198947648592,14308.219178082192,0,1,0,0,0,0
4138,20.1143,24581.569082557704,-659.6383232550305,5.0,2.43,3.0,-13268.16312544866,13268.16312544866,3138.0483456800653,15.0,116.83198947648592,14308.219178082192,0,1,0,0,0,0
4139,21.5117,23659.79048964112,-659.6383232550305,5.0,2.43,3.0,-14189.94171836524,14189.94171836524,3138.0483456800653,15.0,116.83198947648592,14308.219178082192,0,1,0,0,0,0
4140,20.3237,24443.4408176681,-659.6383232550305,5.0,2.43,3.0,-13406.291390338263,13406.291390338263,3138.0483456800653,15.0,116.83198947648592,14308.219178082192,0,1,0,0,0,0
4141,23.4539,22378.640938215198,-659.6383232550305,5.0,2.43,3.0,-15471.09126979116,15471.09126979116,3138.0483456800653,15.0,116.83198947648592,14308.219178082192,0,1,0,0,0,0
4142,23.1227,22597.113150877267,-659.6383232550305,5.0,2.43,3.0,-15252.619057129094,15252.619057129094,3138.0483456800653,15.0,116.83198947648592,14308.219178082192,0,1,0,0,0,0
4143,20.1869,24533.67934028938,-659.6383232550305,5.0,2.43,3.0,-13316.052867716977,13316.052867716977,3138.0483456800653,15.0,116.83198947648592,14308.219178082192,0,1,0,0,0,0
4144,20.8245,24113.093945381977,-659.6383232550305,5.0,2.43,3.0,-13736.638262624383,13736.638262624383,3138.0483456800653,15.0,116.83198947648592,14308.219178082192,0,1,0,0,0,0
4145,22.2072,23201.012035817246,-659.6383232550305,5.0,2.43,3.0,-14648.720172189114,14648.720172189114,3138.0483456800653,15.0,116.83198947648592,14308.219178082192,0,1,0,0,0,0
4146,21.0862,23940.466596186136,-659.6383232550305,5.0,2.43,3.0,-13909.265611820225,13909.265611820225,3138.0483456800653,15.0,116.83198947648592,14308.219178082192,0,1,0,0,0,0
4147,19.3326,25097.208359846158,-659.6383232550305,5.0,2.43,3.0,-12752.523848160203,12752.523848160203,3138.0483456800653,15.0,116.83198947648592,14308.219178082192,0,1,0,0,0,0
4148,18.2959,25781.055409564648,-659.6383232550305,5.0,2.43,3.0,-12068.676798441713,12068.676798441713,3138.0483456800653,15.0,116.83198947648592,14308.219178082192,0,1,0,0,0,0
4149,15.3184,27745.128517056502,-659.6383232550305,5.0,2.43,3.0,-10104.60369094986,10104.60369094986,3138.0483456800653,15.0,116.83198947648592,14308.219178082192,0,1,0,0,0,0
4150,14.0613,28574.3598532204,-659.6383232550305,5.0,2.43,3.0,-9275.37235478596,9275.37235478596,3138.0483456800653,15.0,116.83198947648592,14308.219178082192,0,1,0,0,0,0
4151,13.3394,29050.552758778205,-659.6383232550305,5.0,2.43,3.0,-8799.179449228153,8799.179449228153,3138.0483456800653,15.0,116.83198947648592,14308.219178082192,0,1,0,0,0,0
4152,12.9624,29299.236406645352,-659.6383232550305,5.0,2.43,3.0,-8550.495801361008,8550.495801361008,3138.0483456800653,15.0,116.83198947648592,14308.219178082192,0,1,0,0,0,0
4153,12.5367,29580.044440855017,-659.6383232550305,5.0,2.43,3.0,-8269.687767151341,8269.687767151341,3138.0483456800653,15.0,116.83198947648592,14308.219178082192,0,1,0,0,0,0
4154,12.1586,29829.453690877748,-659.6383232550305,5.0,2.43,3.0,-8020.278517128614,8020.278517128614,3138.0483456800653,15.0,116.83198947648592,14308.219178082192,0,1,0,0,0,0
4155,3.5589,35502.14537937403,-659.6383232550305,5.0,2.43,3.0,-2347.586828632328,2347.586828632328,3138.0483456800653,15.0,116.83198947648592,14308.219178082192,0,1,0,0,0,0
4156,7.093,33170.91758115843,-659.6383232550305,5.0,2.43,3.0,-4678.814626847931,4678.814626847931,3138.0483456800653,15.0,116.83198947648592,14308.219178082192,0,1,0,0,0,0
4157,-2.4395,39458.91989758701,-659.6383232550305,5.0,2.43,3.0,1609.1876895806467,-1609.1876895806467,3138.0483456800653,15.0,116.83198947648592,14308.219178082192,0,1,0,0,0,0
4158,1.6528,36759.481987330444,-659.6383232550305,5.0,2.43,3.0,-1090.2502206759145,1090.2502206759145,3138.0483456800653,15.0,116.83198947648592,14308.219178082192,0,1,0,0,0,0
4159,12.2801,29749.30763460226,-659.6383232550305,5.0,2.43,3.0,-8100.4245734041,8100.4245734041,3138.0483456800653,15.0,116.83198947648592,14308.219178082192,0,1,0,0,0,0
4160,13.0613,29233.998176475434,-659.6383232550305,5.0,2.43,3.0,-8615.73403153093,8615.73403153093,3138.0483456800653,15.0,116.83198947648592,14308.219178082192,0,1,0,0,0,0
4161,14.6756,28169.144031244836,-659.6383232550305,5.0,2.43,3.0,-9680.588176761525,9680.588176761525,3138.0483456800653,15.0,116.83198947648592,14308.219178082192,0,1,0,0,0,0
4162,20.0324,24635.59346123229,-659.6383232550305,5.0,2.43,3.0,-13214.138746774073,13214.138746774073,3138.0483456800653,15.0,116.83198947648592,14308.219178082192,0,1,0,0,0,0
4163,19.6259,24903.736439635453,-659.6383232550305,5.0,2.43,3.0,-12945.995768370904,12945.995768370904,3138.0483456800653,15.0,116.83198947648592,14308.219178082192,0,1,0,0,0,0
4164,20.9342,24040.731621320898,-659.6383232550305,5.0,2.43,3.0,-13809.00058668546,13809.00058668546,3138.0483456800653,15.0,116.83198947648592,14308.219178082192,0,1,0,0,0,0
4165,22.0036,23335.314398431972,-659.6383232550305,5.0,2.43,3.0,-14514.417809574388,14514.417809574388,3138.0483456800653,15.0,116.83198947648592,14308.219178082192,0,1,0,0,0,0
4166,24.5187,21676.258051613244,-659.6383232550305,5.0,2.43,3.0,-16173.474156393117,16173.474156393117,3138.0483456800653,15.0,116.83198947648592,14308.219178082192,0,1,0,0,0,0
4167,65.6445,19517.635744269017,650.0,0,2.43,3.0,42668.924999999996,-42668.924999999996,15071.972825128516,0,556.8949724310688,14308.219178082192,1,0,0,0,0,0
4168,23.5188,22335.83041103595,-659.6383232550305,5.0,2.43,3.0,-15513.901796970411,15513.901796970411,3138.0483456800653,15.0,116.83198947648592,14308.219178082192,0,1,0,0,0,0
4169,26.369,20455.72926209446,-659.6383232550305,5.0,2.43,3.0,-17394.0029459119,17394.0029459119,3138.0483456800653,15.0,116.83198947648592,14308.219178082192,0,1,0,0,0,0
4170,24.8021,21489.316550802767,-659.6383232550305,5.0,2.43,3.0,-16360.415657203592,16360.415657203592,3138.0483456800653,15.0,116.83198947648592,14308.219178082192,0,1,0,0,0,0
4171,22.645,22912.222377896192,-659.6383232550305,5.0,2.43,3.0,-14937.509830110166,14937.509830110166,3138.0483456800653,15.0,116.83198947648592,14308.219178082192,0,1,0,0,0,0
4172,22.0626,23296.395737359926,-659.6383232550305,5.0,2.43,3.0,-14553.336470646436,14553.336470646436,3138.0483456800653,15.0,116.83198947648592,14308.219178082192,0,1,0,0,0,0
4173,19.126,25233.489637430648,-659.6383232550305,5.0,2.43,3.0,-12616.242570575714,12616.242570575714,3138.0483456800653,15.0,116.83198947648592,14308.219178082192,0,1,0,0,0,0
4174,17.7623,26133.03841885353,-659.6383232550305,5.0,2.43,3.0,-11716.693789152829,11716.693789152829,3138.0483456800653,15.0,116.83198947648592,14308.219178082192,0,1,0,0,0,0
4175,14.6404,28192.363300223413,-659.6383232550305,5.0,2.43,3.0,-9657.368907782948,9657.368907782948,3138.0483456800653,15.0,116.83198947648592,14308.219178082192,0,1,0,0,0,0
4176,14.1382,28523.633666162088,-659.6383232550305,5.0,2.43,3.0,-9326.098541844272,9326.098541844272,3138.0483456800653,15.0,116.83198947648592,14308.219178082192,0,1,0,0,0,0
4177,12.8638,29364.276745318297,-659.6383232550305,5.0,2.43,3.0,-8485.455462688062,8485.455462688062,3138.0483456800653,15.0,116.83198947648592,14308.219178082192,0,1,0,0,0,0
4178,10.4313,30968.84696663616,-659.6383232550305,5.0,2.43,3.0,-6880.8852413702,6880.8852413702,3138.0483456800653,15.0,116.83198947648592,14308.219178082192,0,1,0,0,0,0
4179,10.0948,31190.81526241148,-659.6383232550305,5.0,2.43,3.0,-6658.916945594881,6658.916945594881,3138.0483456800653,15.0,116.83198947648592,14308.219178082192,0,1,0,0,0,0
4180,12.0424,29906.10366403998,-659.6383232550305,5.0,2.43,3.0,-7943.62854396638,7943.62854396638,3138.0483456800653,15.0,116.83198947648592,14308.219178082192,0,1,0,0,0,0
4181,13.4801,28957.741646696224,-659.6383232550305,5.0,2.43,3.0,-8891.990561310136,8891.990561310136,3138.0483456800653,15.0,116.83198947648592,14308.219178082192,0,1,0,0,0,0
4182,17.7195,26161.27093908885,-659.6383232550305,5.0,2.43,3.0,-11688.461268917514,11688.461268917514,3138.0483456800653,15.0,116.83198947648592,14308.219178082192,0,1,0,0,0,0
4183,20.8472,24098.12015544409,-659.6383232550305,5.0,2.43,3.0,-13751.612052562272,13751.612052562272,3138.0483456800653,15.0,116.83198947648592,14308.219178082192,0,1,0,0,0,0
4184,21.8316,23448.772190031836,-659.6383232550305,5.0,2.43,3.0,-14400.960017974525,14400.960017974525,3138.0483456800653,15.0,116.83198947648592,14308.219178082192,0,1,0,0,0,0
4185,24.2424,21858.516120328608,-659.6383232550305,5.0,2.43,3.0,-15991.216087677753,15991.216087677753,3138.0483456800653,15.0,116.83198947648592,14308.219178082192,0,1,0,0,0,0
4186,25.2314,21206.133818629383,-659.6383232550305,5.0,2.43,3.0,-16643.598389376977,16643.598389376977,3138.0483456800653,15.0,116.83198947648592,14308.219178082192,0,1,0,0,0,0
4187,25.6454,20933.043552801802,-659.6383232550305,5.0,2.43,3.0,-16916.688655204558,16916.688655204558,3138.0483456800653,15.0,116.83198947648592,14308.219178082192,0,1,0,0,0,0
4188,38.2347,12628.658809847246,-659.6383232550305,5.0,2.43,3.0,-25221.073398159115,25221.073398159115,3138.0483456800653,15.0,116.83198947648592,14308.219178082192,0,1,0,0,0,0
4189,26.8672,20127.097449448804,-659.6383232550305,5.0,2.43,3.0,-17722.634758557557,17722.634758557557,3138.0483456800653,15.0,116.83198947648592,14308.219178082192,0,1,0,0,0,0
4190,27.6857,19587.183481864562,-659.6383232550305,5.0,2.43,3.0,-18262.5487261418,18262.5487261418,3138.0483456800653,15.0,116.83198947648592,14308.219178082192,0,1,0,0,0,0
4191,25.6387,20937.46312956761,-659.6383232550305,5.0,2.43,3.0,-16912.269078438752,16912.269078438752,3138.0483456800653,15.0,116.83198947648592,14308.219178082192,0,1,0,0,0,0
4192,25.9917,20704.610801458584,-659.6383232550305,5.0,2.43,3.0,-17145.121406547776,17145.121406547776,3138.0483456800653,15.0,116.83198947648592,14308.219178082192,0,1,0,0,0,0
4193,24.116,21941.894404388047,-659.6383232550305,5.0,2.43,3.0,-15907.837803618315,15907.837803618315,3138.0483456800653,15.0,116.83198947648592,14308.219178082192,0,1,0,0,0,0
4194,24.9176,21413.128324466812,-659.6383232550305,5.0,2.43,3.0,-16436.60388353955,16436.60388353955,3138.0483456800653,15.0,116.83198947648592,14308.219178082192,0,1,0,0,0,0
4195,25.6885,20904.61314106951,-659.6383232550305,5.0,2.43,3.0,-16945.11906693685,16945.11906693685,3138.0483456800653,15.0,116.83198947648592,14308.219178082192,0,1,0,0,0,0
4196,22.3384,23114.467487806185,-659.6383232550305,5.0,2.43,3.0,-14735.264720200174,14735.264720200174,3138.0483456800653,15.0,116.83198947648592,14308.219178082192,0,1,0,0,0,0
4197,20.715,24185.324341778403,-659.6383232550305,5.0,2.43,3.0,-13664.407866227957,13664.407866227957,3138.0483456800653,15.0,116.83198947648592,14308.219178082192,0,1,0,0,0,0
4198,19.6163,24910.068967538704,-659.6383232550305,5.0,2.43,3.0,-12939.663240467655,12939.663240467655,3138.0483456800653,15.0,116.83198947648592,14308.219178082192,0,1,0,0,0,0
4199,17.3944,26375.719357979055,-659.6383232550305,5.0,2.43,3.0,-11474.012850027304,11474.012850027304,3138.0483456800653,15.0,116.83198947648592,14308.219178082192,0,1,0,0,0,0
4200,15.7074,27488.529209310298,-659.6383232550305,5.0,2.43,3.0,-10361.202998696066,10361.202998696066,3138.0483456800653,15.0,116.83198947648592,14308.219178082192,0,1,0,0,0,0
4201,14.5347,28262.087070991467,-659.6383232550305,5.0,2.43,3.0,-9587.645137014893,9587.645137014893,3138.0483456800653,15.0,116.83198947648592,14308.219178082192,0,1,0,0,0,0
4202,13.076,29224.30149312358,-659.6383232550305,5.0,2.43,3.0,-8625.43071488278,8625.43071488278,3138.0483456800653,15.0,116.83198947648592,14308.219178082192,0,1,0,0,0,0
4203,13.5879,28886.632635449332,-659.6383232550305,5.0,2.43,3.0,-8963.099572557028,8963.099572557028,3138.0483456800653,15.0,116.83198947648592,14308.219178082192,0,1,0,0,0,0
4204,14.7414,28125.739829574653,-659.6383232550305,5.0,2.43,3.0,-9723.992378431707,9723.992378431707,3138.0483456800653,15.0,116.83198947648592,14308.219178082192,0,1,0,0,0,0
4205,14.5233,28269.606947876575,-659.6383232550305,5.0,2.43,3.0,-9580.125260129786,9580.125260129786,3138.0483456800653,15.0,116.83198947648592,14308.219178082192,0,1,0,0,0,0
4206,17.7007,26173.672139566042,-659.6383232550305,5.0,2.43,3.0,-11676.06006844032,11676.06006844032,3138.0483456800653,15.0,116.83198947648592,14308.219178082192,0,1,0,0,0,0
4207,20.3899,24399.772760668613,-659.6383232550305,5.0,2.43,3.0,-13449.959447337747,13449.959447337747,3138.0483456800653,15.0,116.83198947648592,14308.219178082192,0,1,0,0,0,0
4208,22.2447,23176.27559869518,-659.6383232550305,5.0,2.43,3.0,-14673.456609311179,14673.456609311179,3138.0483456800653,15.0,116.83198947648592,14308.219178082192,0,1,0,0,0,0
4209,23.0418,22650.4778912286,-659.6383232550305,5.0,2.43,3.0,-15199.25431677776,15199.25431677776,3138.0483456800653,15.0,116.83198947648592,14308.219178082192,0,1,0,0,0,0
4210,24.9601,21385.093695728472,-659.6383232550305,5.0,2.43,3.0,-16464.63851227789,16464.63851227789,3138.0483456800653,15.0,116.83198947648592,14308.219178082192,0,1,0,0,0,0
4211,24.2026,21884.76972559416,-659.6383232550305,5.0,2.43,3.0,-15964.962482412202,15964.962482412202,3138.0483456800653,15.0,116.83198947648592,14308.219178082192,0,1,0,0,0,0
4212,23.0178,22666.309210986718,-659.6383232550305,5.0,2.43,3.0,-15183.422997019643,15183.422997019643,3138.0483456800653,15.0,116.83198947648592,14308.219178082192,0,1,0,0,0,0
4213,23.3146,22470.528556644625,-659.6383232550305,5.0,2.43,3.0,-15379.203651361733,15379.203651361733,3138.0483456800653,15.0,116.83198947648592,14308.219178082192,0,1,0,0,0,0
4214,26.5592,20330.266053011354,-659.6383232550305,5.0,2.43,3.0,-17519.466154995007,17519.466154995007,3138.0483456800653,15.0,116.83198947648592,14308.219178082192,0,1,0,0,0,0
4215,25.9982,20700.32315235743,-659.6383232550305,5.0,2.43,3.0,-17149.409055648935,17149.409055648935,3138.0483456800653,15.0,116.83198947648592,14308.219178082192,0,1,0,0,0,0
4216,29.5745,18341.25861690046,-659.6383232550305,5.0,2.43,3.0,-19508.4735911059,19508.4735911059,3138.0483456800653,15.0,116.83198947648592,14308.219178082192,0,1,0,0,0,0
4217,27.169,19928.018603490436,-659.6383232550305,5.0,2.43,3.0,-17921.713604515924,17921.713604515924,3138.0483456800653,15.0,116.83198947648592,14308.219178082192,0,1,0,0,0,0
4218,28.6171,18972.796347584826,-659.6383232550305,5.0,2.43,3.0,-18876.935860421534,18876.935860421534,3138.0483456800653,15.0,116.83198947648592,14308.219178082192,0,1,0,0,0,0
4219,26.7951,20174.65737255549,-659.6383232550305,5.0,2.43,3.0,-17675.07483545087,17675.07483545087,3138.0483456800653,15.0,116.83198947648592,14308.219178082192,0,1,0,0,0,0
4220,22.267,23161.565664086596,-659.6383232550305,5.0,2.43,3.0,-14688.166543919764,14688.166543919764,3138.0483456800653,15.0,116.83198947648592,14308.219178082192,0,1,0,0,0,0
4221,19.3804,25065.67764799457,-659.6383232550305,5.0,2.43,3.0,-12784.054560011795,12784.054560011795,3138.0483456800653,15.0,116.83198947648592,14308.219178082192,0,1,0,0,0,0
4222,18.153,25875.317725957793,-659.6383232550305,5.0,2.43,3.0,-11974.414482048567,11974.414482048567,3138.0483456800653,15.0,116.83198947648592,14308.219178082192,0,1,0,0,0,0
4223,16.3203,27084.236880987286,-659.6383232550305,5.0,2.43,3.0,-10765.495327019074,10765.495327019074,3138.0483456800653,15.0,116.83198947648592,14308.219178082192,0,1,0,0,0,0
4224,15.4855,27634.902953240584,-659.6383232550305,5.0,2.43,3.0,-10214.829254765775,10214.829254765775,3138.0483456800653,15.0,116.83198947648592,14308.219178082192,0,1,0,0,0,0
4225,14.1499,28515.915897780003,-659.6383232550305,5.0,2.43,3.0,-9333.816310226357,9333.816310226357,3138.0483456800653,15.0,116.83198947648592,14308.219178082192,0,1,0,0,0,0
4226,12.8597,29366.981262443645,-659.6383232550305,5.0,2.43,3.0,-8482.750945562717,8482.750945562717,3138.0483456800653,15.0,116.83198947648592,14308.219178082192,0,1,0,0,0,0
4227,12.693,29476.942970930257,-659.6383232550305,5.0,2.43,3.0,-8372.789237076102,8372.789237076102,3138.0483456800653,15.0,116.83198947648592,14308.219178082192,0,1,0,0,0,0
4228,13.9927,28619.6110421957,-659.6383232550305,5.0,2.43,3.0,-9230.121165810666,9230.121165810666,3138.0483456800653,15.0,116.83198947648592,14308.219178082192,0,1,0,0,0,0
4229,14.8445,28057.73111844706,-659.6383232550305,5.0,2.43,3.0,-9792.0010895593,9792.0010895593,3138.0483456800653,15.0,116.83198947648592,14308.219178082192,0,1,0,0,0,0
4230,18.747,25483.492561944302,-659.6383232550305,5.0,2.43,3.0,-12366.239646062057,12366.239646062057,3138.0483456800653,15.0,116.83198947648592,14308.219178082192,0,1,0,0,0,0
4231,20.6877,24203.332468003267,-659.6383232550305,5.0,2.43,3.0,-13646.399740003095,13646.399740003095,3138.0483456800653,15.0,116.83198947648592,14308.219178082192,0,1,0,0,0,0
4232,24.8349,21467.6804138,-659.6383232550305,5.0,2.43,3.0,-16382.051794206358,16382.051794206358,3138.0483456800653,15.0,116.83198947648592,14308.219178082192,0,1,0,0,0,0
4233,24.6801,21569.79242623988,-659.6383232550305,5.0,2.43,3.0,-16279.939781766478,16279.939781766478,3138.0483456800653,15.0,116.83198947648592,14308.219178082192,0,1,0,0,0,0
4234,25.2539,21191.291956356145,-659.6383232550305,5.0,2.43,3.0,-16658.440251650216,16658.440251650216,3138.0483456800653,15.0,116.83198947648592,14308.219178082192,0,1,0,0,0,0
4235,24.8591,21451.71716637723,-659.6383232550305,5.0,2.43,3.0,-16398.01504162913,16398.01504162913,3138.0483456800653,15.0,116.83198947648592,14308.219178082192,0,1,0,0,0,0
4236,27.1837,19918.321920138587,-659.6383232550305,5.0,2.43,3.0,-17931.410287867773,17931.410287867773,3138.0483456800653,15.0,116.83198947648592,14308.219178082192,0,1,0,0,0,0
4237,26.9921,20044.708622874252,-659.6383232550305,5.0,2.43,3.0,-17805.02358513211,17805.02358513211,3138.0483456800653,15.0,116.83198947648592,14308.219178082192,0,1,0,0,0,0
4238,28.4009,19115.410153072564,-659.6383232550305,5.0,2.43,3.0,-18734.322054933797,18734.322054933797,3138.0483456800653,15.0,116.83198947648592,14308.219178082192,0,1,0,0,0,0
4239,39.3753,11876.275338342555,-659.6383232550305,5.0,2.43,3.0,-25973.456869663805,25973.456869663805,3138.0483456800653,15.0,116.83198947648592,14308.219178082192,0,1,0,0,0,0
4240,70.1166,22424.500744269022,650.0,0,2.43,3.0,45575.79,-45575.79,15071.972825128516,0,556.8949724310688,14308.219178082192,1,0,0,0,0,0
4241,30.4913,17736.502202140247,-659.6383232550305,5.0,2.43,3.0,-20113.23000586611,20113.23000586611,3138.0483456800653,15.0,116.83198947648592,14308.219178082192,0,1,0,0,0,0
4242,32.2227,16594.40440925649,-659.6383232550305,5.0,2.43,3.0,-21255.327798749873,21255.327798749873,3138.0483456800653,15.0,116.83198947648592,14308.219178082192,0,1,0,0,0,0
4243,28.0466,19349.12001100182,-659.6383232550305,5.0,2.43,3.0,-18500.61219700454,18500.61219700454,3138.0483456800653,15.0,116.83198947648592,14308.219178082192,0,1,0,0,0,0
4244,26.5655,20326.110331574848,-659.6383232550305,5.0,2.43,3.0,-17523.621876431513,17523.621876431513,3138.0483456800653,15.0,116.83198947648592,14308.219178082192,0,1,0,0,0,0
4245,24.0772,21967.48837133034,-659.6383232550305,5.0,2.43,3.0,-15882.243836676022,15882.243836676022,3138.0483456800653,15.0,116.83198947648592,14308.219178082192,0,1,0,0,0,0
4246,21.0035,23995.018685519328,-659.6383232550305,5.0,2.43,3.0,-13854.713522487033,13854.713522487033,3138.0483456800653,15.0,116.83198947648592,14308.219178082192,0,1,0,0,0,0
4247,18.8183,25436.46034949622,-659.6383232550305,5.0,2.43,3.0,-12413.271858510141,12413.271858510141,3138.0483456800653,15.0,116.83198947648592,14308.219178082192,0,1,0,0,0,0
4248,18.164,25868.061704401985,-659.6383232550305,5.0,2.43,3.0,-11981.670503604375,11981.670503604375,3138.0483456800653,15.0,116.83198947648592,14308.219178082192,0,1,0,0,0,0
4249,16.1745,27180.41214851787,-659.6383232550305,5.0,2.43,3.0,-10669.32005948849,10669.32005948849,3138.0483456800653,15.0,116.83198947648592,14308.219178082192,0,1,0,0,0,0
4250,15.356,27720.32611610211,-659.6383232550305,5.0,2.43,3.0,-10129.406091904248,10129.406091904248,3138.0483456800653,15.0,116.83198947648592,14308.219178082192,0,1,0,0,0,0
4251,15.3851,27701.13064089539,-659.6383232550305,5.0,2.43,3.0,-10148.601567110969,10148.601567110969,3138.0483456800653,15.0,116.83198947648592,14308.219178082192,0,1,0,0,0,0
4252,16.0293,27276.1916330545,-659.6383232550305,5.0,2.43,3.0,-10573.54057495186,10573.54057495186,3138.0483456800653,15.0,116.83198947648592,14308.219178082192,0,1,0,0,0,0
4253,17.8429,26079.871569999177,-659.6383232550305,5.0,2.43,3.0,-11769.860638007183,11769.860638007183,3138.0483456800653,15.0,116.83198947648592,14308.219178082192,0,1,0,0,0,0
4254,20.4664,24349.310428939603,-659.6383232550305,5.0,2.43,3.0,-13500.421779066757,13500.421779066757,3138.0483456800653,15.0,116.83198947648592,14308.219178082192,0,1,0,0,0,0
4255,24.2932,21825.006493507255,-659.6383232550305,5.0,2.43,3.0,-16024.725714499107,16024.725714499107,3138.0483456800653,15.0,116.83198947648592,14308.219178082192,0,1,0,0,0,0
4256,41.1312,10718.016406539049,-659.6383232550305,5.0,2.43,3.0,-27131.71580146731,27131.71580146731,3138.0483456800653,15.0,116.83198947648592,14308.219178082192,0,1,0,0,0,0
4257,33.0391,16055.875682151083,-659.6383232550305,5.0,2.43,3.0,-21793.856525855277,21793.856525855277,3138.0483456800653,15.0,116.83198947648592,14308.219178082192,0,1,0,0,0,0
4258,31.0724,17353.18637249675,-659.6383232550305,5.0,2.43,3.0,-20496.54583550961,20496.54583550961,3138.0483456800653,15.0,116.83198947648592,14308.219178082192,0,1,0,0,0,0
4259,33.5291,15732.65290375612,-659.6383232550305,5.0,2.43,3.0,-22117.079304250245,22117.079304250245,3138.0483456800653,15.0,116.83198947648592,14308.219178082192,0,1,0,0,0,0
4260,27.3397,19815.418341710803,-659.6383232550305,5.0,2.43,3.0,-18034.313866295557,18034.313866295557,3138.0483456800653,15.0,116.83198947648592,14308.219178082192,0,1,0,0,0,0
4261,26.4988,20370.10820773596,-659.6383232550305,5.0,2.43,3.0,-17479.624000270403,17479.624000270403,3138.0483456800653,15.0,116.83198947648592,14308.219178082192,0,1,0,0,0,0
4262,28.3291,19162.772184682275,-659.6383232550305,5.0,2.43,3.0,-18686.960023324085,18686.960023324085,3138.0483456800653,15.0,116.83198947648592,14308.219178082192,0,1,0,0,0,0
4263,29.4115,18448.77966359103,-659.6383232550305,5.0,2.43,3.0,-19400.95254441533,19400.95254441533,3138.0483456800653,15.0,116.83198947648592,14308.219178082192,0,1,0,0,0,0
4264,29.4947,18393.89775509621,-659.6383232550305,5.0,2.43,3.0,-19455.83445291015,19455.83445291015,3138.0483456800653,15.0,116.83198947648592,14308.219178082192,0,1,0,0,0,0
4265,27.9997,19380.057048362483,-659.6383232550305,5.0,2.43,3.0,-18469.675159643877,18469.675159643877,3138.0483456800653,15.0,116.83198947648592,14308.219178082192,0,1,0,0,0,0
4266,28.7438,18889.220172028414,-659.6383232550305,5.0,2.43,3.0,-18960.512035977947,18960.512035977947,3138.0483456800653,15.0,116.83198947648592,14308.219178082192,0,1,0,0,0,0
4267,27.7266,19560.20427444343,-659.6383232550305,5.0,2.43,3.0,-18289.52793356293,18289.52793356293,3138.0483456800653,15.0,116.83198947648592,14308.219178082192,0,1,0,0,0,0
4268,26.7296,20217.863682728697,-659.6383232550305,5.0,2.43,3.0,-17631.868525277663,17631.868525277663,3138.0483456800653,15.0,116.83198947648592,14308.219178082192,0,1,0,0,0,0
4269,22.3135,23130.892482055235,-659.6383232550305,5.0,2.43,3.0,-14718.839725951124,14718.839725951124,3138.0483456800653,15.0,116.83198947648592,14308.219178082192,0,1,0,0,0,0
4270,20.746,24164.875553757498,-659.6383232550305,5.0,2.43,3.0,-13684.856654248862,13684.856654248862,3138.0483456800653,15.0,116.83198947648592,14308.219178082192,0,1,0,0,0,0
4271,17.8381,26083.037833950802,-659.6383232550305,5.0,2.43,3.0,-11766.69437405556,11766.69437405556,3138.0483456800653,15.0,116.83198947648592,14308.219178082192,0,1,0,0,0,0
4272,17.1921,26509.16419077355,-659.6383232550305,5.0,2.43,3.0,-11340.56801723281,11340.56801723281,3138.0483456800653,15.0,116.83198947648592,14308.219178082192,0,1,0,0,0,0
4273,15.2371,27798.757112737134,-659.6383232550305,5.0,2.43,3.0,-10050.975095269225,10050.975095269225,3138.0483456800653,15.0,116.83198947648592,14308.219178082192,0,1,0,0,0,0
4274,14.2833,28427.920145457785,-659.6383232550305,5.0,2.43,3.0,-9421.812062548577,9421.812062548577,3138.0483456800653,15.0,116.83198947648592,14308.219178082192,0,1,0,0,0,0
4275,14.3153,28406.811719113623,-659.6383232550305,5.0,2.43,3.0,-9442.920488892738,9442.920488892738,3138.0483456800653,15.0,116.83198947648592,14308.219178082192,0,1,0,0,0,0
4276,14.9454,27991.173611630627,-659.6383232550305,5.0,2.43,3.0,-9858.558596375733,9858.558596375733,3138.0483456800653,15.0,116.83198947648592,14308.219178082192,0,1,0,0,0,0
4277,17.5518,26271.892285898713,-659.6383232550305,5.0,2.43,3.0,-11577.839922107645,11577.839922107645,3138.0483456800653,15.0,116.83198947648592,14308.219178082192,0,1,0,0,0,0
4278,19.5701,24940.54425807309,-659.6383232550305,5.0,2.43,3.0,-12909.187949933274,12909.187949933274,3138.0483456800653,15.0,116.83198947648592,14308.219178082192,0,1,0,0,0,0
4279,21.074,23948.514183729847,-659.6383232550305,5.0,2.43,3.0,-13901.218024276513,13901.218024276513,3138.0483456800653,15.0,116.83198947648592,14308.219178082192,0,1,0,0,0,0
4280,23.685,22226.19852171096,-659.6383232550305,5.0,2.43,3.0,-15623.533686295397,15623.533686295397,3138.0483456800653,15.0,116.83198947648592,14308.219178082192,0,1,0,0,0,0
4281,25.0996,21293.074149634398,-659.6383232550305,5.0,2.43,3.0,-16556.658058371962,16556.658058371962,3138.0483456800653,15.0,116.83198947648592,14308.219178082192,0,1,0,0,0,0
4282,25.0602,21319.063899570647,-659.6383232550305,5.0,2.43,3.0,-16530.668308435714,16530.668308435714,3138.0483456800653,15.0,116.83198947648592,14308.219178082192,0,1,0,0,0,0
4283,26.496,20371.95519504107,-659.6383232550305,5.0,2.43,3.0,-17477.77701296529,17477.77701296529,3138.0483456800653,15.0,116.83198947648592,14308.219178082192,0,1,0,0,0,0
4284,31.6531,16970.134398182556,-659.6383232550305,5.0,2.43,3.0,-20879.597809823805,20879.597809823805,3138.0483456800653,15.0,116.83198947648592,14308.219178082192,0,1,0,0,0,0
4285,26.2979,20502.629546877895,-659.6383232550305,5.0,2.43,3.0,-17347.102661128465,17347.102661128465,3138.0483456800653,15.0,116.83198947648592,14308.219178082192,0,1,0,0,0,0
4286,26.1785,20581.390362674545,-659.6383232550305,5.0,2.43,3.0,-17268.341845331815,17268.341845331815,3138.0483456800653,15.0,116.83198947648592,14308.219178082192,0,1,0,0,0,0
4287,26.4012,20434.488908085652,-659.6383232550305,5.0,2.43,3.0,-17415.243299920712,17415.243299920712,3138.0483456800653,15.0,116.83198947648592,14308.219178082192,0,1,0,0,0,0
4288,28.9148,18776.422018751804,-659.6383232550305,5.0,2.43,3.0,-19073.310189254556,19073.310189254556,3138.0483456800653,15.0,116.83198947648592,14308.219178082192,0,1,0,0,0,0
4289,27.461,19735.40421309997,-659.6383232550305,5.0,2.43,3.0,-18114.32799490639,18114.32799490639,3138.0483456800653,15.0,116.83198947648592,14308.219178082192,0,1,0,0,0,0
4290,25.8369,20806.722813898465,-659.6383232550305,5.0,2.43,3.0,-17043.0093941079,17043.0093941079,3138.0483456800653,15.0,116.83198947648592,14308.219178082192,0,1,0,0,0,0
4291,24.7628,21515.240336906692,-659.6383232550305,5.0,2.43,3.0,-16334.491871099668,16334.491871099668,3138.0483456800653,15.0,116.83198947648592,14308.219178082192,0,1,0,0,0,0
4292,24.1145,21942.883861872928,-659.6383232550305,5.0,2.43,3.0,-15906.848346133433,15906.848346133433,3138.0483456800653,15.0,116.83198947648592,14308.219178082192,0,1,0,0,0,0
4293,21.7149,23525.7519823557,-659.6383232550305,5.0,2.43,3.0,-14323.980225650663,14323.980225650663,3138.0483456800653,15.0,116.83198947648592,14308.219178082192,0,1,0,0,0,0
4294,20.7725,24147.39513819124,-659.6383232550305,5.0,2.43,3.0,-13702.337069815121,13702.337069815121,3138.0483456800653,15.0,116.83198947648592,14308.219178082192,0,1,0,0,0,0
4295,18.9456,25352.488390945855,-659.6383232550305,5.0,2.43,3.0,-12497.243817060506,12497.243817060506,3138.0483456800653,15.0,116.83198947648592,14308.219178082192,0,1,0,0,0,0
4296,18.7134,25505.65640960567,-659.6383232550305,5.0,2.43,3.0,-12344.075798400689,12344.075798400689,3138.0483456800653,15.0,116.83198947648592,14308.219178082192,0,1,0,0,0,0
4297,17.3464,26407.3819974953,-659.6383232550305,5.0,2.43,3.0,-11442.35021051106,11442.35021051106,3138.0483456800653,15.0,116.83198947648592,14308.219178082192,0,1,0,0,0,0
4298,15.9137,27352.44582322278,-659.6383232550305,5.0,2.43,3.0,-10497.28638478358,10497.28638478358,3138.0483456800653,15.0,116.83198947648592,14308.219178082192,0,1,0,0,0,0
4299,15.0664,27911.35737451677,-659.6383232550305,5.0,2.43,3.0,-9938.374833489592,9938.374833489592,3138.0483456800653,15.0,116.83198947648592,14308.219178082192,0,1,0,0,0,0
4300,15.0817,27901.264908170968,-659.6383232550305,5.0,2.43,3.0,-9948.467299835393,9948.467299835393,3138.0483456800653,15.0,116.83198947648592,14308.219178082192,0,1,0,0,0,0
4301,14.9012,28020.3296255185,-659.6383232550305,5.0,2.43,3.0,-9829.40258248786,9829.40258248786,3138.0483456800653,15.0,116.83198947648592,14308.219178082192,0,1,0,0,0,0
4302,16.5536,26930.34326017189,-659.6383232550305,5.0,2.43,3.0,-10919.388947834474,10919.388947834474,3138.0483456800653,15.0,116.83198947648592,14308.219178082192,0,1,0,0,0,0
4303,19.9741,24674.05037547806,-659.6383232550305,5.0,2.43,3.0,-13175.681832528306,13175.681832528306,3138.0483456800653,15.0,116.83198947648592,14308.219178082192,0,1,0,0,0,0
4304,23.385,22424.09001868747,-659.6383232550305,5.0,2.43,3.0,-15425.642189318889,15425.642189318889,3138.0483456800653,15.0,116.83198947648592,14308.219178082192,0,1,0,0,0,0
4305,29.5516,18356.364334503,-659.6383232550305,5.0,2.43,3.0,-19493.36787350336,19493.36787350336,3138.0483456800653,15.0,116.83198947648592,14308.219178082192,0,1,0,0,0,0
4306,29.6493,18291.917670320985,-659.6383232550305,5.0,2.43,3.0,-19557.814537685375,19557.814537685375,3138.0483456800653,15.0,116.83198947648592,14308.219178082192,0,1,0,0,0,0
4307,34.222,15275.589509572706,-659.6383232550305,5.0,2.43,3.0,-22574.142698433654,22574.142698433654,3138.0483456800653,15.0,116.83198947648592,14308.219178082192,0,1,0,0,0,0
4308,36.6221,13692.391569928306,-659.6383232550305,5.0,2.43,3.0,-24157.340638078054,24157.340638078054,3138.0483456800653,15.0,116.83198947648592,14308.219178082192,0,1,0,0,0,0
4309,25.5499,20996.039012672656,-659.6383232550305,5.0,2.43,3.0,-16853.693195333704,16853.693195333704,3138.0483456800653,15.0,116.83198947648592,14308.219178082192,0,1,0,0,0,0
4310,29.1256,18637.370260209645,-659.6383232550305,5.0,2.43,3.0,-19212.361947796715,19212.361947796715,3138.0483456800653,15.0,116.83198947648592,14308.219178082192,0,1,0,0,0,0
4311,28.3295,19162.508329352975,-659.6383232550305,5.0,2.43,3.0,-18687.223878653385,18687.223878653385,3138.0483456800653,15.0,116.83198947648592,14308.219178082192,0,1,0,0,0,0
4312,25.0387,21333.24612352063,-659.6383232550305,5.0,2.43,3.0,-16516.486084485732,16516.486084485732,3138.0483456800653,15.0,116.83198947648592,14308.219178082192,0,1,0,0,0,0
4313,24.6732,21574.34393067034,-659.6383232550305,5.0,2.43,3.0,-16275.38827733602,16275.38827733602,3138.0483456800653,15.0,116.83198947648592,14308.219178082192,0,1,0,0,0,0
4314,25.1937,21231.0021834161,-659.6383232550305,5.0,2.43,3.0,-16618.730024590262,16618.730024590262,3138.0483456800653,15.0,116.83198947648592,14308.219178082192,0,1,0,0,0,0
4315,25.4662,21051.250740329102,-659.6383232550305,5.0,2.43,3.0,-16798.48146767726,16798.48146767726,3138.0483456800653,15.0,116.83198947648592,14308.219178082192,0,1,0,0,0,0
4316,26.1593,20594.05541848104,-659.6383232550305,5.0,2.43,3.0,-17255.67678952532,17255.67678952532,3138.0483456800653,15.0,116.83198947648592,14308.219178082192,0,1,0,0,0,0
4317,22.5021,23006.484694289342,-659.6383232550305,5.0,2.43,3.0,-14843.24751371702,14843.24751371702,3138.0483456800653,15.0,116.83198947648592,14308.219178082192,0,1,0,0,0,0
4318,20.5005,24326.81676211661,-659.6383232550305,5.0,2.43,3.0,-13522.915445889752,13522.915445889752,3138.0483456800653,15.0,116.83198947648592,14308.219178082192,0,1,0,0,0,0
4319,19.3863,25061.785781887364,-659.6383232550305,5.0,2.43,3.0,-12787.946426118997,12787.946426118997,3138.0483456800653,15.0,116.83198947648592,14308.219178082192,0,1,0,0,0,0
4320,19.3029,25116.799618046833,-659.6383232550305,5.0,2.43,3.0,-12732.93258995953,12732.93258995953,3138.0483456800653,15.0,116.83198947648592,14308.219178082192,0,1,0,0,0,0
4321,18.7532,25479.40280434012,-659.6383232550305,5.0,2.43,3.0,-12370.329403666237,12370.329403666237,3138.0483456800653,15.0,116.83198947648592,14308.219178082192,0,1,0,0,0,0
4322,17.2193,26491.222028381013,-659.6383232550305,5.0,2.43,3.0,-11358.510179625348,11358.510179625348,3138.0483456800653,15.0,116.83198947648592,14308.219178082192,0,1,0,0,0,0
4323,15.2748,27773.88874795042,-659.6383232550305,5.0,2.43,3.0,-10075.843460055941,10075.843460055941,3138.0483456800653,15.0,116.83198947648592,14308.219178082192,0,1,0,0,0,0
4324,14.6922,28158.1940350788,-659.6383232550305,5.0,2.43,3.0,-9691.53817292756,9691.53817292756,3138.0483456800653,15.0,116.83198947648592,14308.219178082192,0,1,0,0,0,0
4325,14.043,28586.43123453597,-659.6383232550305,5.0,2.43,3.0,-9263.300973470394,9263.300973470394,3138.0483456800653,15.0,116.83198947648592,14308.219178082192,0,1,0,0,0,0
4326,16.6615,26859.16828509267,-659.6383232550305,5.0,2.43,3.0,-10990.56392291369,10990.56392291369,3138.0483456800653,15.0,116.83198947648592,14308.219178082192,0,1,0,0,0,0
4327,27.4012,19774.85058483062,-659.6383232550305,5.0,2.43,3.0,-18074.88162317574,18074.88162317574,3138.0483456800653,15.0,116.83198947648592,14308.219178082192,0,1,0,0,0,0
4328,22.7766,22825.413974555835,-659.6383232550305,5.0,2.43,3.0,-15024.318233450527,15024.318233450527,3138.0483456800653,15.0,116.83198947648592,14308.219178082192,0,1,0,0,0,0
4329,24.2397,21860.2971438014,-659.6383232550305,5.0,2.43,3.0,-15989.435064204963,15989.435064204963,3138.0483456800653,15.0,116.83198947648592,14308.219178082192,0,1,0,0,0,0
4330,23.8708,22103.63772125018,-659.6383232550305,5.0,2.43,3.0,-15746.094486756181,15746.094486756181,3138.0483456800653,15.0,116.83198947648592,14308.219178082192,0,1,0,0,0,0
4331,25.6321,20941.81674250109,-659.6383232550305,5.0,2.43,3.0,-16907.91546550527,16907.91546550527,3138.0483456800653,15.0,116.83198947648592,14308.219178082192,0,1,0,0,0,0
4332,27.2629,19866.07856493679,-659.6383232550305,5.0,2.43,3.0,-17983.65364306957,17983.65364306957,3138.0483456800653,15.0,116.83198947648592,14308.219178082192,0,1,0,0,0,0
4333,28.7943,18855.908436704038,-659.6383232550305,5.0,2.43,3.0,-18993.823771302326,18993.823771302326,3138.0483456800653,15.0,116.83198947648592,14308.219178082192,0,1,0,0,0,0
4334,24.327,21802.71071818123,-659.6383232550305,5.0,2.43,3.0,-16047.021489825129,16047.021489825129,3138.0483456800653,15.0,116.83198947648592,14308.219178082192,0,1,0,0,0,0
4335,33.2405,15923.024523847518,-659.6383232550305,5.0,2.43,3.0,-21926.70768415884,21926.70768415884,3138.0483456800653,15.0,116.83198947648592,14308.219178082192,0,1,0,0,0,0
4336,29.417,18445.15165281313,-659.6383232550305,5.0,2.43,3.0,-19404.580555193235,19404.580555193235,3138.0483456800653,15.0,116.83198947648592,14308.219178082192,0,1,0,0,0,0
4337,35.7628,14259.218781101357,-659.6383232550305,5.0,2.43,3.0,-23590.513426905003,23590.513426905003,3138.0483456800653,15.0,116.83198947648592,14308.219178082192,0,1,0,0,0,0
4338,30.0369,18036.241856227334,-659.6383232550305,5.0,2.43,3.0,-19813.490351779026,19813.490351779026,3138.0483456800653,15.0,116.83198947648592,14308.219178082192,0,1,0,0,0,0
4339,23.7264,22198.889495128205,-659.6383232550305,5.0,2.43,3.0,-15650.842712878157,15650.842712878157,3138.0483456800653,15.0,116.83198947648592,14308.219178082192,0,1,0,0,0,0
4340,29.4376,18431.563103354074,-659.6383232550305,5.0,2.43,3.0,-19418.169104652286,19418.169104652286,3138.0483456800653,15.0,116.83198947648592,14308.219178082192,0,1,0,0,0,0
4341,20.7001,24195.152952794902,-659.6383232550305,5.0,2.43,3.0,-13654.579255211456,13654.579255211456,3138.0483456800653,15.0,116.83198947648592,14308.219178082192,0,1,0,0,0,0
4342,20.5126,24318.835138405222,-659.6383232550305,5.0,2.43,3.0,-13530.897069601138,13530.897069601138,3138.0483456800653,15.0,116.83198947648592,14308.219178082192,0,1,0,0,0,0
4343,18.9021,25381.18265800745,-659.6383232550305,5.0,2.43,3.0,-12468.549549998912,12468.549549998912,3138.0483456800653,15.0,116.83198947648592,14308.219178082192,0,1,0,0,0,0
4344,18.1312,25889.69784140475,-659.6383232550305,5.0,2.43,3.0,-11960.034366601609,11960.034366601609,3138.0483456800653,15.0,116.83198947648592,14308.219178082192,0,1,0,0,0,0
4345,15.398,27692.6213065254,-659.6383232550305,5.0,2.43,3.0,-10157.110901480959,10157.110901480959,3138.0483456800653,15.0,116.83198947648592,14308.219178082192,0,1,0,0,0,0
4346,14.3916,28356.481315049263,-659.6383232550305,5.0,2.43,3.0,-9493.250892957098,9493.250892957098,3138.0483456800653,15.0,116.83198947648592,14308.219178082192,0,1,0,0,0,0
4347,14.1944,28486.561992395156,-659.6383232550305,5.0,2.43,3.0,-9363.170215611204,9363.170215611204,3138.0483456800653,15.0,116.83198947648592,14308.219178082192,0,1,0,0,0,0
4348,14.6689,28173.56360801064,-659.6383232550305,5.0,2.43,3.0,-9676.168599995717,9676.168599995717,3138.0483456800653,15.0,116.83198947648592,14308.219178082192,0,1,0,0,0,0
4349,15.322,27742.753819092784,-659.6383232550305,5.0,2.43,3.0,-10106.978388913578,10106.978388913578,3138.0483456800653,15.0,116.83198947648592,14308.219178082192,0,1,0,0,0,0
4350,18.922,25368.055855374674,-659.6383232550305,5.0,2.43,3.0,-12481.676352631688,12481.676352631688,3138.0483456800653,15.0,116.83198947648592,14308.219178082192,0,1,0,0,0,0
4351,20.167,24546.80614292216,-659.6383232550305,5.0,2.43,3.0,-13302.9260650842,13302.9260650842,3138.0483456800653,15.0,116.83198947648592,14308.219178082192,0,1,0,0,0,0
4352,21.3515,23765.464549026576,-659.6383232550305,5.0,2.43,3.0,-14084.267658979785,14084.267658979785,3138.0483456800653,15.0,116.83198947648592,14308.219178082192,0,1,0,0,0,0
4353,22.9175,22732.4709348092,-659.6383232550305,5.0,2.43,3.0,-15117.261273197162,15117.261273197162,3138.0483456800653,15.0,116.83198947648592,14308.219178082192,0,1,0,0,0,0
4354,23.4027,22412.414420365858,-659.6383232550305,5.0,2.43,3.0,-15437.317787640503,15437.317787640503,3138.0483456800653,15.0,116.83198947648592,14308.219178082192,0,1,0,0,0,0
4355,26.014,20689.900866849996,-659.6383232550305,5.0,2.43,3.0,-17159.831341156365,17159.831341156365,3138.0483456800653,15.0,116.83198947648592,14308.219178082192,0,1,0,0,0,0
4356,32.003,16739.32694887562,-659.6383232550305,5.0,2.43,3.0,-21110.40525913074,21110.40525913074,3138.0483456800653,15.0,116.83198947648592,14308.219178082192,0,1,0,0,0,0
4357,32.2323,16588.07188135324,-659.6383232550305,5.0,2.43,3.0,-21261.66032665312,21261.66032665312,3138.0483456800653,15.0,116.83198947648592,14308.219178082192,0,1,0,0,0,0
4358,48.5654,8416.220744269021,650.0,0,2.43,3.0,31567.51,-31567.51,15071.972825128516,0,556.8949724310688,14308.219178082192,1,0,0,0,0,0
4359,126.5403,59099.90574426904,650.0,0,2.43,3.0,82251.195,-82251.195,15071.972825128516,0,556.8949724310688,14308.219178082192,1,0,0,0,0,0
4360,336.7441,195732.37574426903,650.0,0,2.43,3.0,218883.665,-218883.665,15071.972825128516,0,556.8949724310688,14308.219178082192,1,0,0,0,0,0
4361,31.5356,17047.641901165018,-659.6383232550305,5.0,2.43,3.0,-20802.09030684134,20802.09030684134,3138.0483456800653,15.0,116.83198947648592,14308.219178082192,0,1,0,0,0,0
4362,37.3223,13230.512815985137,-659.6383232550305,5.0,2.43,3.0,-24619.219392021223,24619.219392021223,3138.0483456800653,15.0,116.83198947648592,14308.219178082192,0,1,0,0,0,0
4363,24.3614,21780.01915986126,-659.6383232550305,5.0,2.43,3.0,-16069.7130481451,16069.7130481451,3138.0483456800653,15.0,116.83198947648592,14308.219178082192,0,1,0,0,0,0
4364,23.6358,22258.65272721511,-659.6383232550305,5.0,2.43,3.0,-15591.07948079125,15591.07948079125,3138.0483456800653,15.0,116.83198947648592,14308.219178082192,0,1,0,0,0,0
4365,23.2576,22508.12794107016,-659.6383232550305,5.0,2.43,3.0,-15341.604266936198,15341.604266936198,3138.0483456800653,15.0,116.83198947648592,14308.219178082192,0,1,0,0,0,0
4366,21.2532,23830.306996202547,-659.6383232550305,5.0,2.43,3.0,-14019.425211803815,14019.425211803815,3138.0483456800653,15.0,116.83198947648592,14308.219178082192,0,1,0,0,0,0
4367,19.1481,25218.911630486713,-659.6383232550305,5.0,2.43,3.0,-12630.82057751965,12630.82057751965,3138.0483456800653,15.0,116.83198947648592,14308.219178082192,0,1,0,0,0,0
4368,18.7853,25458.228414163637,-659.6383232550305,5.0,2.43,3.0,-12391.503793842725,12391.503793842725,3138.0483456800653,15.0,116.83198947648592,14308.219178082192,0,1,0,0,0,0
4369,15.5705,27578.833695763908,-659.6383232550305,5.0,2.43,3.0,-10270.898512242453,10270.898512242453,3138.0483456800653,15.0,116.83198947648592,14308.219178082192,0,1,0,0,0,0
4370,15.3422,27729.429124963033,-659.6383232550305,5.0,2.43,3.0,-10120.303083043329,10120.303083043329,3138.0483456800653,15.0,116.83198947648592,14308.219178082192,0,1,0,0,0,0
4371,15.1877,27831.343245905933,-659.6383232550305,5.0,2.43,3.0,-10018.388962100427,10018.388962100427,3138.0483456800653,15.0,116.83198947648592,14308.219178082192,0,1,0,0,0,0
4372,15.9288,27342.48528454163,-659.6383232550305,5.0,2.43,3.0,-10507.24692346473,10507.24692346473,3138.0483456800653,15.0,116.83198947648592,14308.219178082192,0,1,0,0,0,0
4373,17.6786,26188.250146509978,-659.6383232550305,5.0,2.43,3.0,-11661.482061496383,11661.482061496383,3138.0483456800653,15.0,116.83198947648592,14308.219178082192,0,1,0,0,0,0
4374,20.5615,24286.578824398053,-659.6383232550305,5.0,2.43,3.0,-13563.153383608309,13563.153383608309,3138.0483456800653,15.0,116.83198947648592,14308.219178082192,0,1,0,0,0,0
4375,21.9769,23352.92674166288,-659.6383232550305,5.0,2.43,3.0,-14496.80546634348,14496.80546634348,3138.0483456800653,15.0,116.83198947648592,14308.219178082192,0,1,0,0,0,0
4376,23.1551,22575.7408692038,-659.6383232550305,5.0,2.43,3.0,-15273.991338802558,15273.991338802558,3138.0483456800653,15.0,116.83198947648592,14308.219178082192,0,1,0,0,0,0
4377,27.601,19643.054847844265,-659.6383232550305,5.0,2.43,3.0,-18206.677360162095,18206.677360162095,3138.0483456800653,15.0,116.83198947648592,14308.219178082192,0,1,0,0,0,0
4378,26.2128,20558.7647681869,-659.6383232550305,5.0,2.43,3.0,-17290.967439819466,17290.967439819466,3138.0483456800653,15.0,116.83198947648592,14308.219178082192,0,1,0,0,0,0
4379,28.106,19309.937494600472,-659.6383232550305,5.0,2.43,3.0,-18539.79471340589,18539.79471340589,3138.0483456800653,15.0,116.83198947648592,14308.219178082192,0,1,0,0,0,0
4380,28.1851,19257.760103231,-659.6383232550305,5.0,2.43,3.0,-18591.97210477536,18591.97210477536,3138.0483456800653,15.0,116.83198947648592,14308.219178082192,0,1,0,0,0,0
4381,28.5318,19029.06349655848,-659.6383232550305,5.0,2.43,3.0,-18820.66871144788,18820.66871144788,3138.0483456800653,15.0,116.83198947648592,14308.219178082192,0,1,0,0,0,0
4382,31.588,17013.076853026458,-659.6383232550305,5.0,2.43,3.0,-20836.655354979903,20836.655354979903,3138.0483456800653,15.0,116.83198947648592,14308.219178082192,0,1,0,0,0,0
4383,30.3104,17855.83077481708,-659.6383232550305,5.0,2.43,3.0,-19993.90143318928,19993.90143318928,3138.0483456800653,15.0,116.83198947648592,14308.219178082192,0,1,0,0,0,0
4384,27.5742,19660.733154907495,-659.6383232550305,5.0,2.43,3.0,-18188.99905309886,18188.99905309886,3138.0483456800653,15.0,116.83198947648592,14308.219178082192,0,1,0,0,0,0
4385,27.2872,19850.049353681694,-659.6383232550305,5.0,2.43,3.0,-17999.682854324667,17999.682854324667,3138.0483456800653,15.0,116.83198947648592,14308.219178082192,0,1,0,0,0,0
4386,24.4636,21712.6041232246,-659.6383232550305,5.0,2.43,3.0,-16137.128084781763,16137.128084781763,3138.0483456800653,15.0,116.83198947648592,14308.219178082192,0,1,0,0,0,0
4387,23.4022,22412.744239527485,-659.6383232550305,5.0,2.43,3.0,-15436.987968478876,15436.987968478876,3138.0483456800653,15.0,116.83198947648592,14308.219178082192,0,1,0,0,0,0
4388,22.9537,22708.592027507366,-659.6383232550305,5.0,2.43,3.0,-15141.140180498995,15141.140180498995,3138.0483456800653,15.0,116.83198947648592,14308.219178082192,0,1,0,0,0,0
4389,21.459,23694.55342927666,-659.6383232550305,5.0,2.43,3.0,-14155.1787787297,14155.1787787297,3138.0483456800653,15.0,116.83198947648592,14308.219178082192,0,1,0,0,0,0
4390,20.9374,24038.620778686483,-659.6383232550305,5.0,2.43,3.0,-13811.111429319875,13811.111429319875,3138.0483456800653,15.0,116.83198947648592,14308.219178082192,0,1,0,0,0,0
4391,20.0165,24646.08171057204,-659.6383232550305,5.0,2.43,3.0,-13203.650497434319,13203.650497434319,3138.0483456800653,15.0,116.83198947648592,14308.219178082192,0,1,0,0,0,0
4392,18.361,25738.112954720746,-659.6383232550305,5.0,2.43,3.0,-12111.619253285615,12111.619253285615,3138.0483456800653,15.0,116.83198947648592,14308.219178082192,0,1,0,0,0,0
4393,16.236,27139.844391637685,-659.6383232550305,5.0,2.43,3.0,-10709.887816368675,10709.887816368675,3138.0483456800653,15.0,116.83198947648592,14308.219178082192,0,1,0,0,0,0
4394,15.8946,27365.04491519695,-659.6383232550305,5.0,2.43,3.0,-10484.687292809409,10484.687292809409,3138.0483456800653,15.0,116.83198947648592,14308.219178082192,0,1,0,0,0,0
4395,15.5804,27572.303276363684,-659.6383232550305,5.0,2.43,3.0,-10277.428931642677,10277.428931642677,3138.0483456800653,15.0,116.83198947648592,14308.219178082192,0,1,0,0,0,0
4396,18.3891,25719.577117837278,-659.6383232550305,5.0,2.43,3.0,-12130.15509016908,12130.15509016908,3138.0483456800653,15.0,116.83198947648592,14308.219178082192,0,1,0,0,0,0
4397,19.6951,24858.08946766621,-659.6383232550305,5.0,2.43,3.0,-12991.642740340152,12991.642740340152,3138.0483456800653,15.0,116.83198947648592,14308.219178082192,0,1,0,0,0,0
4398,21.8378,23444.682432427653,-659.6383232550305,5.0,2.43,3.0,-14405.049775578706,14405.049775578706,3138.0483456800653,15.0,116.83198947648592,14308.219178082192,0,1,0,0,0,0
4399,22.6636,22899.953105083652,-659.6383232550305,5.0,2.43,3.0,-14949.779102922708,14949.779102922708,3138.0483456800653,15.0,116.83198947648592,14308.219178082192,0,1,0,0,0,0
4400,24.7785,21504.884015231586,-659.6383232550305,5.0,2.43,3.0,-16344.848192774774,16344.848192774774,3138.0483456800653,15.0,116.83198947648592,14308.219178082192,0,1,0,0,0,0
4401,29.0482,18688.426266429582,-659.6383232550305,5.0,2.43,3.0,-19161.30594157678,19161.30594157678,3138.0483456800653,15.0,116.83198947648592,14308.219178082192,0,1,0,0,0,0
4402,25.5253,21012.26611542473,-659.6383232550305,5.0,2.43,3.0,-16837.46609258163,16837.46609258163,3138.0483456800653,15.0,116.83198947648592,14308.219178082192,0,1,0,0,0,0
4403,29.6993,18258.935754158232,-659.6383232550305,5.0,2.43,3.0,-19590.79645384813,19590.79645384813,3138.0483456800653,15.0,116.83198947648592,14308.219178082192,0,1,0,0,0,0
4404,44.4959,8498.531340282847,-659.6383232550305,5.0,2.43,3.0,-29351.20086772351,29351.20086772351,3138.0483456800653,15.0,116.83198947648592,14308.219178082192,0,1,0,0,0,0
4405,36.4187,13826.562004878379,-659.6383232550305,5.0,2.43,3.0,-24023.170203127982,24023.170203127982,3138.0483456800653,15.0,116.83198947648592,14308.219178082192,0,1,0,0,0,0
4406,29.4681,18411.444134494795,-659.6383232550305,5.0,2.43,3.0,-19438.288073511565,19438.288073511565,3138.0483456800653,15.0,116.83198947648592,14308.219178082192,0,1,0,0,0,0
4407,29.5855,18334.002595344657,-659.6383232550305,5.0,2.43,3.0,-19515.729612661704,19515.729612661704,3138.0483456800653,15.0,116.83198947648592,14308.219178082192,0,1,0,0,0,0
4408,29.078,18668.769044396584,-659.6383232550305,5.0,2.43,3.0,-19180.963163609777,19180.963163609777,3138.0483456800653,15.0,116.83198947648592,14308.219178082192,0,1,0,0,0,0
4409,27.8585,19473.197979606095,-659.6383232550305,5.0,2.43,3.0,-18376.534228400265,18376.534228400265,3138.0483456800653,15.0,116.83198947648592,14308.219178082192,0,1,0,0,0,0
4410,26.8924,20110.474563702777,-659.6383232550305,5.0,2.43,3.0,-17739.257644303583,17739.257644303583,3138.0483456800653,15.0,116.83198947648592,14308.219178082192,0,1,0,0,0,0
4411,26.4173,20423.868731081242,-659.6383232550305,5.0,2.43,3.0,-17425.86347692512,17425.86347692512,3138.0483456800653,15.0,116.83198947648592,14308.219178082192,0,1,0,0,0,0
4412,25.0288,21339.776542920852,-659.6383232550305,5.0,2.43,3.0,-16509.95566508551,16509.95566508551,3138.0483456800653,15.0,116.83198947648592,14308.219178082192,0,1,0,0,0,0
4413,22.728,22857.472397066027,-659.6383232550305,5.0,2.43,3.0,-14992.259810940335,14992.259810940335,3138.0483456800653,15.0,116.83198947648592,14308.219178082192,0,1,0,0,0,0
4414,21.6123,23593.430874321664,-659.6383232550305,5.0,2.43,3.0,-14256.301333684696,14256.301333684696,3138.0483456800653,15.0,116.83198947648592,14308.219178082192,0,1,0,0,0,0
4415,20.1223,24576.29197597166,-659.6383232550305,5.0,2.43,3.0,-13273.4402320347,13273.4402320347,3138.0483456800653,15.0,116.83198947648592,14308.219178082192,0,1,0,0,0,0
4416,19.004,25313.96551286776,-659.6383232550305,5.0,2.43,3.0,-12535.7666951386,12535.7666951386,3138.0483456800653,15.0,116.83198947648592,14308.219178082192,0,1,0,0,0,0
4417,18.2589,25805.462027525085,-659.6383232550305,5.0,2.43,3.0,-12044.270180481277,12044.270180481277,3138.0483456800653,15.0,116.83198947648592,14308.219178082192,0,1,0,0,0,0
4418,15.9255,27344.662091008373,-659.6383232550305,5.0,2.43,3.0,-10505.070116997987,10505.070116997987,3138.0483456800653,15.0,116.83198947648592,14308.219178082192,0,1,0,0,0,0
4419,15.6389,27533.714434453264,-659.6383232550305,5.0,2.43,3.0,-10316.017773553096,10316.017773553096,3138.0483456800653,15.0,116.83198947648592,14308.219178082192,0,1,0,0,0,0
4420,15.3564,27720.062260772807,-659.6383232550305,5.0,2.43,3.0,-10129.669947233551,10129.669947233551,3138.0483456800653,15.0,116.83198947648592,14308.219178082192,0,1,0,0,0,0
4421,14.8799,28034.379921803833,-659.6383232550305,5.0,2.43,3.0,-9815.352286202527,9815.352286202527,3138.0483456800653,15.0,116.83198947648592,14308.219178082192,0,1,0,0,0,0
4422,16.8715,26720.64423720911,-659.6383232550305,5.0,2.43,3.0,-11129.087970797247,11129.087970797247,3138.0483456800653,15.0,116.83198947648592,14308.219178082192,0,1,0,0,0,0
4423,20.3686,24413.823056953945,-659.6383232550305,5.0,2.43,3.0,-13435.909151052416,13435.909151052416,3138.0483456800653,15.0,116.83198947648592,14308.219178082192,0,1,0,0,0,0
4424,21.5837,23612.29653036676,-659.6383232550305,5.0,2.43,3.0,-14237.435677639602,14237.435677639602,3138.0483456800653,15.0,116.83198947648592,14308.219178082192,0,1,0,0,0,0
4425,27.7972,19513.633808821625,-659.6383232550305,5.0,2.43,3.0,-18336.098399184735,18336.098399184735,3138.0483456800653,15.0,116.83198947648592,14308.219178082192,0,1,0,0,0,0
4426,27.8935,19450.110638292168,-659.6383232550305,5.0,2.43,3.0,-18399.621569714192,18399.621569714192,3138.0483456800653,15.0,116.83198947648592,14308.219178082192,0,1,0,0,0,0
4427,32.445,16447.766809996898,-659.6383232550305,5.0,2.43,3.0,-21401.965398009466,21401.965398009466,3138.0483456800653,15.0,116.83198947648592,14308.219178082192,0,1,0,0,0,0
4428,31.5355,17047.707864997345,-659.6383232550305,5.0,2.43,3.0,-20802.024343009016,20802.024343009016,3138.0483456800653,15.0,116.83198947648592,14308.219178082192,0,1,0,0,0,0
4429,29.9443,18097.32436496075,-659.6383232550305,5.0,2.43,3.0,-19752.40784304561,19752.40784304561,3138.0483456800653,15.0,116.83198947648592,14308.219178082192,0,1,0,0,0,0
4430,27.7847,19521.879287862314,-659.6383232550305,5.0,2.43,3.0,-18327.852920144047,18327.852920144047,3138.0483456800653,15.0,116.83198947648592,14308.219178082192,0,1,0,0,0,0
4431,27.5142,19700.311454302802,-659.6383232550305,5.0,2.43,3.0,-18149.420753703558,18149.420753703558,3138.0483456800653,15.0,116.83198947648592,14308.219178082192,0,1,0,0,0,0
4432,26.5065,20365.028992646894,-659.6383232550305,5.0,2.43,3.0,-17484.703215359466,17484.703215359466,3138.0483456800653,15.0,116.83198947648592,14308.219178082192,0,1,0,0,0,0
4433,25.219,21214.313333837745,-659.6383232550305,5.0,2.43,3.0,-16635.418874168616,16635.418874168616,3138.0483456800653,15.0,116.83198947648592,14308.219178082192,0,1,0,0,0,0
4434,24.2864,21829.492034105388,-659.6383232550305,5.0,2.43,3.0,-16020.240173900973,16020.240173900973,3138.0483456800653,15.0,116.83198947648592,14308.219178082192,0,1,0,0,0,0
4435,21.8926,23408.53425231328,-659.6383232550305,5.0,2.43,3.0,-14441.197955693082,14441.197955693082,3138.0483456800653,15.0,116.83198947648592,14308.219178082192,0,1,0,0,0,0
4436,21.7609,23495.408619485966,-659.6383232550305,5.0,2.43,3.0,-14354.323588520394,14354.323588520394,3138.0483456800653,15.0,116.83198947648592,14308.219178082192,0,1,0,0,0,0
4437,22.4739,23025.086495005133,-659.6383232550305,5.0,2.43,3.0,-14824.645713001231,14824.645713001231,3138.0483456800653,15.0,116.83198947648592,14308.219178082192,0,1,0,0,0,0
4438,20.9392,24037.433429704626,-659.6383232550305,5.0,2.43,3.0,-13812.298778301734,13812.298778301734,3138.0483456800653,15.0,116.83198947648592,14308.219178082192,0,1,0,0,0,0
4439,19.2151,25174.715862828623,-659.6383232550305,5.0,2.43,3.0,-12675.016345177737,12675.016345177737,3138.0483456800653,15.0,116.83198947648592,14308.219178082192,0,1,0,0,0,0
4440,18.2152,25834.28822225133,-659.6383232550305,5.0,2.43,3.0,-12015.443985755031,12015.443985755031,3138.0483456800653,15.0,116.83198947648592,14308.219178082192,0,1,0,0,0,0
4441,16.5951,26902.968269756806,-659.6383232550305,5.0,2.43,3.0,-10946.763938249556,10946.763938249556,3138.0483456800653,15.0,116.83198947648592,14308.219178082192,0,1,0,0,0,0
4442,15.1984,27824.285115847102,-659.6383232550305,5.0,2.43,3.0,-10025.447092159255,10025.447092159255,3138.0483456800653,15.0,116.83198947648592,14308.219178082192,0,1,0,0,0,0
4443,14.9864,27964.12844037717,-659.6383232550305,5.0,2.43,3.0,-9885.603767629189,9885.603767629189,3138.0483456800653,15.0,116.83198947648592,14308.219178082192,0,1,0,0,0,0
4444,15.5212,27611.35386510038,-659.6383232550305,5.0,2.43,3.0,-10238.37834290598,10238.37834290598,3138.0483456800653,15.0,116.83198947648592,14308.219178082192,0,1,0,0,0,0
4445,17.3276,26419.783197972494,-659.6383232550305,5.0,2.43,3.0,-11429.949010033866,11429.949010033866,3138.0483456800653,15.0,116.83198947648592,14308.219178082192,0,1,0,0,0,0
4446,18.5272,25628.48106539576,-659.6383232550305,5.0,2.43,3.0,-12221.251142610601,12221.251142610601,3138.0483456800653,15.0,116.83198947648592,14308.219178082192,0,1,0,0,0,0
4447,22.6482,22910.111535261778,-659.6383232550305,5.0,2.43,3.0,-14939.620672744582,14939.620672744582,3138.0483456800653,15.0,116.83198947648592,14308.219178082192,0,1,0,0,0,0
4448,25.4592,21055.868208591888,-659.6383232550305,5.0,2.43,3.0,-16793.863999414472,16793.863999414472,3138.0483456800653,15.0,116.83198947648592,14308.219178082192,0,1,0,0,0,0
4449,27.8631,19470.16364331912,-659.6383232550305,5.0,2.43,3.0,-18379.56856468724,18379.56856468724,3138.0483456800653,15.0,116.83198947648592,14308.219178082192,0,1,0,0,0,0
4450,26.1146,20623.54125153054,-659.6383232550305,5.0,2.43,3.0,-17226.19095647582,17226.19095647582,3138.0483456800653,15.0,116.83198947648592,14308.219178082192,0,1,0,0,0,0
4451,43.3249,9270.967816814493,-659.6383232550305,5.0,2.43,3.0,-28578.76439119187,28578.76439119187,3138.0483456800653,15.0,116.83198947648592,14308.219178082192,0,1,0,0,0,0
4452,44.4765,8511.328323753994,-659.6383232550305,5.0,2.43,3.0,-29338.403884252366,29338.403884252366,3138.0483456800653,15.0,116.83198947648592,14308.219178082192,0,1,0,0,0,0
4453,31.7874,16881.544971369403,-659.6383232550305,5.0,2.43,3.0,-20968.187236636957,20968.187236636957,3138.0483456800653,15.0,116.83198947648592,14308.219178082192,0,1,0,0,0,0
4454,39.4268,11842.303964694926,-659.6383232550305,5.0,2.43,3.0,-26007.42824331144,26007.42824331144,3138.0483456800653,15.0,116.83198947648592,14308.219178082192,0,1,0,0,0,0
4455,39.3643,11883.531359898367,-659.6383232550305,5.0,2.43,3.0,-25966.200848107997,25966.200848107997,3138.0483456800653,15.0,116.83198947648592,14308.219178082192,0,1,0,0,0,0
4456,48.2254,8195.220744269025,650.0,0,2.43,3.0,31346.510000000002,-31346.510000000002,15071.972825128516,0,556.8949724310688,14308.219178082192,1,0,0,0,0,0
4457,36.6105,13700.043374478064,-659.6383232550305,5.0,2.43,3.0,-24149.688833528297,24149.688833528297,3138.0483456800653,15.0,116.83198947648592,14308.219178082192,0,1,0,0,0,0
4458,36.2162,13960.138765337524,-659.6383232550305,5.0,2.43,3.0,-23889.593442668836,23889.593442668836,3138.0483456800653,15.0,116.83198947648592,14308.219178082192,0,1,0,0,0,0
4459,37.2164,13300.368514417842,-659.6383232550305,5.0,2.43,3.0,-24549.36369358852,24549.36369358852,3138.0483456800653,15.0,116.83198947648592,14308.219178082192,0,1,0,0,0,0
4460,29.5348,18367.446258333686,-659.6383232550305,5.0,2.43,3.0,-19482.285949672674,19482.285949672674,3138.0483456800653,15.0,116.83198947648592,14308.219178082192,0,1,0,0,0,0
4461,22.9927,22682.86613290042,-659.6383232550305,5.0,2.43,3.0,-15166.86607510594,15166.86607510594,3138.0483456800653,15.0,116.83198947648592,14308.219178082192,0,1,0,0,0,0
4462,22.2206,23192.17288228563,-659.6383232550305,5.0,2.43,3.0,-14657.559325720731,14657.559325720731,3138.0483456800653,15.0,116.83198947648592,14308.219178082192,0,1,0,0,0,0
4463,23.8713,22103.30790208855,-659.6383232550305,5.0,2.43,3.0,-15746.424305917812,15746.424305917812,3138.0483456800653,15.0,116.83198947648592,14308.219178082192,0,1,0,0,0,0
4464,20.2058,24521.21217597987,-659.6383232550305,5.0,2.43,3.0,-13328.520032026496,13328.520032026496,3138.0483456800653,15.0,116.83198947648592,14308.219178082192,0,1,0,0,0,0
4465,18.9683,25337.514601007966,-659.6383232550305,5.0,2.43,3.0,-12512.217606998394,12512.217606998394,3138.0483456800653,15.0,116.83198947648592,14308.219178082192,0,1,0,0,0,0
4466,18.8316,25427.68715979693,-659.6383232550305,5.0,2.43,3.0,-12422.045048209433,12422.045048209433,3138.0483456800653,15.0,116.83198947648592,14308.219178082192,0,1,0,0,0,0
4467,18.46,25672.808760718493,-659.6383232550305,5.0,2.43,3.0,-12176.923447287863,12176.923447287863,3138.0483456800653,15.0,116.83198947648592,14308.219178082192,0,1,0,0,0,0
4468,17.9822,25987.983951569753,-659.6383232550305,5.0,2.43,3.0,-11861.74825643661,11861.74825643661,3138.0483456800653,15.0,116.83198947648592,14308.219178082192,0,1,0,0,0,0
4469,15.6523,27524.875280921646,-659.6383232550305,5.0,2.43,3.0,-10324.856927084715,10324.856927084715,3138.0483456800653,15.0,116.83198947648592,14308.219178082192,0,1,0,0,0,0
4470,19.3881,25060.598432905503,-659.6383232550305,5.0,2.43,3.0,-12789.133775100858,12789.133775100858,3138.0483456800653,15.0,116.83198947648592,14308.219178082192,0,1,0,0,0,0
4471,25.414,21085.683860803012,-659.6383232550305,5.0,2.43,3.0,-16764.048347203345,16764.048347203345,3138.0483456800653,15.0,116.83198947648592,14308.219178082192,0,1,0,0,0,0
4472,31.502,17069.805748826388,-659.6383232550305,5.0,2.43,3.0,-20779.92645917997,20779.92645917997,3138.0483456800653,15.0,116.83198947648592,14308.219178082192,0,1,0,0,0,0
4473,52.4553,10944.655744269023,650.0,0,2.43,3.0,34095.945,-34095.945,15071.972825128516,0,556.8949724310688,14308.219178082192,1,0,0,0,0,0
4474,37.7125,12973.121942251022,-659.6383232550305,5.0,2.43,3.0,-24876.61026575534,24876.61026575534,3138.0483456800653,15.0,116.83198947648592,14308.219178082192,0,1,0,0,0,0
4475,60.7022,16305.140744269022,650.0,0,2.43,3.0,39456.43,-39456.43,15071.972825128516,0,556.8949724310688,14308.219178082192,1,0,0,0,0,0
4476,55.037,12622.760744269026,650.0,0,2.43,3.0,35774.05,-35774.05,15071.972825128516,0,556.8949724310688,14308.219178082192,1,0,0,0,0,0
4477,29.1076,18649.243750028232,-659.6383232550305,5.0,2.43,3.0,-19200.48845797813,19200.48845797813,3138.0483456800653,15.0,116.83198947648592,14308.219178082192,0,1,0,0,0,0
4478,35.1427,14668.260505351802,-659.6383232550305,5.0,2.43,3.0,-23181.47170265456,23181.47170265456,3138.0483456800653,15.0,116.83198947648592,14308.219178082192,0,1,0,0,0,0
4479,33.9015,15487.003592175945,-659.6383232550305,5.0,2.43,3.0,-22362.728615830416,22362.728615830416,3138.0483456800653,15.0,116.83198947648592,14308.219178082192,0,1,0,0,0,0
4480,50.9572,9970.890744269023,650.0,0,2.43,3.0,33122.18,-33122.18,15071.972825128516,0,556.8949724310688,14308.219178082192,1,0,0,0,0,0
4481,38.5366,12429.514000056555,-659.6383232550305,5.0,2.43,3.0,-25420.21820794981,25420.21820794981,3138.0483456800653,15.0,116.83198947648592,14308.219178082192,0,1,0,0,0,0
4482,26.4349,20412.259096591955,-659.6383232550305,5.0,2.43,3.0,-17437.473111414405,17437.473111414405,3138.0483456800653,15.0,116.83198947648592,14308.219178082192,0,1,0,0,0,0
4483,24.3634,21778.69988321475,-659.6383232550305,5.0,2.43,3.0,-16071.03232479161,16071.03232479161,3138.0483456800653,15.0,116.83198947648592,14308.219178082192,0,1,0,0,0,0
4484,23.2284,22527.389380109213,-659.6383232550305,5.0,2.43,3.0,-15322.342827897151,15322.342827897151,3138.0483456800653,15.0,116.83198947648592,14308.219178082192,0,1,0,0,0,0
4485,22.9395,22717.95889169759,-659.6383232550305,5.0,2.43,3.0,-15131.773316308772,15131.773316308772,3138.0483456800653,15.0,116.83198947648592,14308.219178082192,0,1,0,0,0,0
4486,20.5287,24308.214961400816,-659.6383232550305,5.0,2.43,3.0,-13541.517246605545,13541.517246605545,3138.0483456800653,15.0,116.83198947648592,14308.219178082192,0,1,0,0,0,0
4487,19.7289,24835.79369234019,-659.6383232550305,5.0,2.43,3.0,-13013.938515666172,13013.938515666172,3138.0483456800653,15.0,116.83198947648592,14308.219178082192,0,1,0,0,0,0
4488,18.1594,25871.096040688957,-659.6383232550305,5.0,2.43,3.0,-11978.636167317401,11978.636167317401,3138.0483456800653,15.0,116.83198947648592,14308.219178082192,0,1,0,0,0,0
4489,18.6268,25562.78108839956,-659.6383232550305,5.0,2.43,3.0,-12286.951119606802,12286.951119606802,3138.0483456800653,15.0,116.83198947648592,14308.219178082192,0,1,0,0,0,0
4490,17.4285,26353.22569115606,-659.6383232550305,5.0,2.43,3.0,-11496.506516850299,11496.506516850299,3138.0483456800653,15.0,116.83198947648592,14308.219178082192,0,1,0,0,0,0
4491,15.79,27434.04308380943,-659.6383232550305,5.0,2.43,3.0,-10415.689124196932,10415.689124196932,3138.0483456800653,15.0,116.83198947648592,14308.219178082192,0,1,0,0,0,0
4492,15.5851,27569.202976244385,-659.6383232550305,5.0,2.43,3.0,-10280.529231761977,10280.529231761977,3138.0483456800653,15.0,116.83198947648592,14308.219178082192,0,1,0,0,0,0
4493,14.4517,28316.837051821636,-659.6383232550305,5.0,2.43,3.0,-9532.895156184724,9532.895156184724,3138.0483456800653,15.0,116.83198947648592,14308.219178082192,0,1,0,0,0,0
4494,15.1488,27857.003176680555,-659.6383232550305,5.0,2.43,3.0,-9992.729031325805,9992.729031325805,3138.0483456800653,15.0,116.83198947648592,14308.219178082192,0,1,0,0,0,0
4495,18.2532,25809.221965967638,-659.6383232550305,5.0,2.43,3.0,-12040.510242038723,12040.510242038723,3138.0483456800653,15.0,116.83198947648592,14308.219178082192,0,1,0,0,0,0
4496,19.8153,24778.800941210953,-659.6383232550305,5.0,2.43,3.0,-13070.931266795407,13070.931266795407,3138.0483456800653,15.0,116.83198947648592,14308.219178082192,0,1,0,0,0,0
4497,25.5402,21002.43750440823,-659.6383232550305,5.0,2.43,3.0,-16847.29470359813,16847.29470359813,3138.0483456800653,15.0,116.83198947648592,14308.219178082192,0,1,0,0,0,0
4498,25.0995,21293.14011346672,-659.6383232550305,5.0,2.43,3.0,-16556.59209453964,16556.59209453964,3138.0483456800653,15.0,116.83198947648592,14308.219178082192,0,1,0,0,0,0
4499,26.318,20489.370816580467,-659.6383232550305,5.0,2.43,3.0,-17360.361391425893,17360.361391425893,3138.0483456800653,15.0,116.83198947648592,14308.219178082192,0,1,0,0,0,0
4500,29.1718,18606.89496967526,-659.6383232550305,5.0,2.43,3.0,-19242.8372383311,19242.8372383311,3138.0483456800653,15.0,116.83198947648592,14308.219178082192,0,1,0,0,0,0
4501,41.6972,10344.661115576702,-659.6383232550305,5.0,2.43,3.0,-27505.071092429658,27505.071092429658,3138.0483456800653,15.0,116.83198947648592,14308.219178082192,0,1,0,0,0,0
4502,37.4136,13170.287837071952,-659.6383232550305,5.0,2.43,3.0,-24679.444370934412,24679.444370934412,3138.0483456800653,15.0,116.83198947648592,14308.219178082192,0,1,0,0,0,0
4503,54.4777,12259.21574426902,650.0,0,2.43,3.0,35410.505,-35410.505,15071.972825128516,0,556.8949724310688,14308.219178082192,1,0,0,0,0,0
4504,51.9336,10605.55074426902,650.0,0,2.43,3.0,33756.84,-33756.84,15071.972825128516,0,556.8949724310688,14308.219178082192,1,0,0,0,0,0
4505,26.4949,20372.680797196652,-659.6383232550305,5.0,2.43,3.0,-17477.05141080971,17477.05141080971,3138.0483456800653,15.0,116.83198947648592,14308.219178082192,0,1,0,0,0,0
4506,25.366,21117.346500319258,-659.6383232550305,5.0,2.43,3.0,-16732.385707687103,16732.385707687103,3138.0483456800653,15.0,116.83198947648592,14308.219178082192,0,1,0,0,0,0
4507,25.3292,21141.621190615042,-659.6383232550305,5.0,2.43,3.0,-16708.11101739132,16708.11101739132,3138.0483456800653,15.0,116.83198947648592,14308.219178082192,0,1,0,0,0,0
4508,23.4358,22390.58039186612,-659.6383232550305,5.0,2.43,3.0,-15459.151816140244,15459.151816140244,3138.0483456800653,15.0,116.83198947648592,14308.219178082192,0,1,0,0,0,0
4509,20.2039,24522.46548879405,-659.6383232550305,5.0,2.43,3.0,-13327.266719212312,13327.266719212312,3138.0483456800653,15.0,116.83198947648592,14308.219178082192,0,1,0,0,0,0
4510,19.6364,24896.810237241283,-659.6383232550305,5.0,2.43,3.0,-12952.921970765081,12952.921970765081,3138.0483456800653,15.0,116.83198947648592,14308.219178082192,0,1,0,0,0,0
4511,19.235,25161.58906019585,-659.6383232550305,5.0,2.43,3.0,-12688.143147810511,12688.143147810511,3138.0483456800653,15.0,116.83198947648592,14308.219178082192,0,1,0,0,0,0
4512,18.9488,25350.37754831144,-659.6383232550305,5.0,2.43,3.0,-12499.354659694922,12499.354659694922,3138.0483456800653,15.0,116.83198947648592,14308.219178082192,0,1,0,0,0,0
4513,17.7329,26152.43178555723,-659.6383232550305,5.0,2.43,3.0,-11697.30042244913,11697.30042244913,3138.0483456800653,15.0,116.83198947648592,14308.219178082192,0,1,0,0,0,0
4514,17.5426,26277.960958472664,-659.6383232550305,5.0,2.43,3.0,-11571.771249533698,11571.771249533698,3138.0483456800653,15.0,116.83198947648592,14308.219178082192,0,1,0,0,0,0
4515,18.1681,25865.35718727664,-659.6383232550305,5.0,2.43,3.0,-11984.37502072972,11984.37502072972,3138.0483456800653,15.0,116.83198947648592,14308.219178082192,0,1,0,0,0,0
4516,18.9497,25349.78387382051,-659.6383232550305,5.0,2.43,3.0,-12499.948334185852,12499.948334185852,3138.0483456800653,15.0,116.83198947648592,14308.219178082192,0,1,0,0,0,0
4517,18.833,25426.763666144372,-659.6383232550305,5.0,2.43,3.0,-12422.968541861988,12422.968541861988,3138.0483456800653,15.0,116.83198947648592,14308.219178082192,0,1,0,0,0,0
4518,20.7114,24187.69903974212,-659.6383232550305,5.0,2.43,3.0,-13662.033168264239,13662.033168264239,3138.0483456800653,15.0,116.83198947648592,14308.219178082192,0,1,0,0,0,0
4519,24.1308,21932.13175720387,-659.6383232550305,5.0,2.43,3.0,-15917.60045080249,15917.60045080249,3138.0483456800653,15.0,116.83198947648592,14308.219178082192,0,1,0,0,0,0
4520,25.1719,21245.382298863056,-659.6383232550305,5.0,2.43,3.0,-16604.349909143304,16604.349909143304,3138.0483456800653,15.0,116.83198947648592,14308.219178082192,0,1,0,0,0,0
4521,25.7753,20847.35653461097,-659.6383232550305,5.0,2.43,3.0,-17002.37567339539,17002.37567339539,3138.0483456800653,15.0,116.83198947648592,14308.219178082192,0,1,0,0,0,0
4522,36.9144,13499.579288040863,-659.6383232550305,5.0,2.43,3.0,-24350.152919965498,24350.152919965498,3138.0483456800653,15.0,116.83198947648592,14308.219178082192,0,1,0,0,0,0
4523,30.2325,17907.216600198648,-659.6383232550305,5.0,2.43,3.0,-19942.515607807713,19942.515607807713,3138.0483456800653,15.0,116.83198947648592,14308.219178082192,0,1,0,0,0,0
4524,43.5189,9142.99798210301,-659.6383232550305,5.0,2.43,3.0,-28706.73422590335,28706.73422590335,3138.0483456800653,15.0,116.83198947648592,14308.219178082192,0,1,0,0,0,0
4525,59.1479,15294.845744269025,650.0,0,2.43,3.0,38446.135,-38446.135,15071.972825128516,0,556.8949724310688,14308.219178082192,1,0,0,0,0,0
4526,29.67,18278.263157029607,-659.6383232550305,5.0,2.43,3.0,-19571.469050976757,19571.469050976757,3138.0483456800653,15.0,116.83198947648592,14308.219178082192,0,1,0,0,0,0
4527,53.5441,11652.375744269024,650.0,0,2.43,3.0,34803.665,-34803.665,15071.972825128516,0,556.8949724310688,14308.219178082192,1,0,0,0,0,0
4528,38.4184,12507.483249865301,-659.6383232550305,5.0,2.43,3.0,-25342.248958141063,25342.248958141063,3138.0483456800653,15.0,116.83198947648592,14308.219178082192,0,1,0,0,0,0
4529,35.3795,14512.05815040501,-659.6383232550305,5.0,2.43,3.0,-23337.67405760135,23337.67405760135,3138.0483456800653,15.0,116.83198947648592,14308.219178082192,0,1,0,0,0,0
4530,27.0171,20028.217664792875,-659.6383232550305,5.0,2.43,3.0,-17821.514543213485,17821.514543213485,3138.0483456800653,15.0,116.83198947648592,14308.219178082192,0,1,0,0,0,0
4531,23.8265,22132.859698970376,-659.6383232550305,5.0,2.43,3.0,-15716.872509035984,15716.872509035984,3138.0483456800653,15.0,116.83198947648592,14308.219178082192,0,1,0,0,0,0
4532,23.6705,22235.76327739816,-659.6383232550305,5.0,2.43,3.0,-15613.9689306082,15613.9689306082,3138.0483456800653,15.0,116.83198947648592,14308.219178082192,0,1,0,0,0,0
4533,21.5518,23633.338992878595,-659.6383232550305,5.0,2.43,3.0,-14216.393215127766,14216.393215127766,3138.0483456800653,15.0,116.83198947648592,14308.219178082192,0,1,0,0,0,0
4534,17.3773,26386.999173306718,-659.6383232550305,5.0,2.43,3.0,-11462.733034699642,11462.733034699642,3138.0483456800653,15.0,116.83198947648592,14308.219178082192,0,1,0,0,0,0
4535,18.0695,25930.397525949586,-659.6383232550305,5.0,2.43,3.0,-11919.334682056775,11919.334682056775,3138.0483456800653,15.0,116.83198947648592,14308.219178082192,0,1,0,0,0,0
4536,15.6492,27526.920159723737,-659.6383232550305,5.0,2.43,3.0,-10322.812048282623,10322.812048282623,3138.0483456800653,15.0,116.83198947648592,14308.219178082192,0,1,0,0,0,0
4537,15.2501,27790.181814534822,-659.6383232550305,5.0,2.43,3.0,-10059.55039347154,10059.55039347154,3138.0483456800653,15.0,116.83198947648592,14308.219178082192,0,1,0,0,0,0
4538,14.5226,28270.068694702855,-659.6383232550305,5.0,2.43,3.0,-9579.663513303507,9579.663513303507,3138.0483456800653,15.0,116.83198947648592,14308.219178082192,0,1,0,0,0,0
4539,14.5353,28261.691287997513,-659.6383232550305,5.0,2.43,3.0,-9588.040920008845,9588.040920008845,3138.0483456800653,15.0,116.83198947648592,14308.219178082192,0,1,0,0,0,0
4540,14.9657,27977.78295366855,-659.6383232550305,5.0,2.43,3.0,-9871.949254337811,9871.949254337811,3138.0483456800653,15.0,116.83198947648592,14308.219178082192,0,1,0,0,0,0
4541,14.9998,27955.289286845553,-659.6383232550305,5.0,2.43,3.0,-9894.442921160808,9894.442921160808,3138.0483456800653,15.0,116.83198947648592,14308.219178082192,0,1,0,0,0,0
4542,17.5942,26243.923620992704,-659.6383232550305,5.0,2.43,3.0,-11605.808587013658,11605.808587013658,3138.0483456800653,15.0,116.83198947648592,14308.219178082192,0,1,0,0,0,0
4543,25.3937,21099.074518765094,-659.6383232550305,5.0,2.43,3.0,-16750.657689241267,16750.657689241267,3138.0483456800653,15.0,116.83198947648592,14308.219178082192,0,1,0,0,0,0
4544,22.4922,23013.015113689566,-659.6383232550305,5.0,2.43,3.0,-14836.717094316798,14836.717094316798,3138.0483456800653,15.0,116.83198947648592,14308.219178082192,0,1,0,0,0,0
4545,24.9932,21363.259667228733,-659.6383232550305,5.0,2.43,3.0,-16486.47254077763,16486.47254077763,3138.0483456800653,15.0,116.83198947648592,14308.219178082192,0,1,0,0,0,0
4546,42.1677,10034.30128448521,-659.6383232550305,5.0,2.43,3.0,-27815.43092352115,27815.43092352115,3138.0483456800653,15.0,116.83198947648592,14308.219178082192,0,1,0,0,0,0
4547,42.0082,10139.513597044384,-659.6383232550305,5.0,2.43,3.0,-27710.218610961976,27710.218610961976,3138.0483456800653,15.0,116.83198947648592,14308.219178082192,0,1,0,0,0,0
4548,37.1909,13317.189291660845,-659.6383232550305,5.0,2.43,3.0,-24532.542916345516,24532.542916345516,3138.0483456800653,15.0,116.83198947648592,14308.219178082192,0,1,0,0,0,0
4549,39.6584,11689.531729029059,-659.6383232550305,5.0,2.43,3.0,-26160.200478977302,26160.200478977302,3138.0483456800653,15.0,116.83198947648592,14308.219178082192,0,1,0,0,0,0
4550,86.5155,33083.78574426903,650.0,0,2.43,3.0,56235.075000000004,-56235.075000000004,15071.972825128516,0,556.8949724310688,14308.219178082192,1,0,0,0,0,0
4551,172.0476,88679.65074426902,650.0,0,2.43,3.0,111830.93999999999,-111830.93999999999,15071.972825128516,0,556.8949724310688,14308.219178082192,1,0,0,0,0,0
4552,165.5677,84467.71574426904,650.0,0,2.43,3.0,107619.005,-107619.005,15071.972825128516,0,556.8949724310688,14308.219178082192,1,0,0,0,0,0
4553,33.7766,15569.392418750496,-659.6383232550305,5.0,2.43,3.0,-22280.339789255864,22280.339789255864,3138.0483456800653,15.0,116.83198947648592,14308.219178082192,0,1,0,0,0,0
4554,40.5894,11075.408450078627,-659.6383232550305,5.0,2.43,3.0,-26774.323757927734,26774.323757927734,3138.0483456800653,15.0,116.83198947648592,14308.219178082192,0,1,0,0,0,0
4555,30.842,17505.167042174708,-659.6383232550305,5.0,2.43,3.0,-20344.56516583165,20344.56516583165,3138.0483456800653,15.0,116.83198947648592,14308.219178082192,0,1,0,0,0,0
4556,29.285,18532.223911482793,-659.6383232550305,5.0,2.43,3.0,-19317.508296523567,19317.508296523567,3138.0483456800653,15.0,116.83198947648592,14308.219178082192,0,1,0,0,0,0
4557,24.1718,21905.086585950412,-659.6383232550305,5.0,2.43,3.0,-15944.645622055947,15944.645622055947,3138.0483456800653,15.0,116.83198947648592,14308.219178082192,0,1,0,0,0,0
4558,21.6468,23570.673352169368,-659.6383232550305,5.0,2.43,3.0,-14279.058855836995,14279.058855836995,3138.0483456800653,15.0,116.83198947648592,14308.219178082192,0,1,0,0,0,0
4559,21.2576,23827.404587580226,-659.6383232550305,5.0,2.43,3.0,-14022.327620426136,14022.327620426136,3138.0483456800653,15.0,116.83198947648592,14308.219178082192,0,1,0,0,0,0
4560,18.4025,25710.737964305663,-659.6383232550305,5.0,2.43,3.0,-12138.9942437007,12138.9942437007,3138.0483456800653,15.0,116.83198947648592,14308.219178082192,0,1,0,0,0,0
4561,17.6737,26191.482374293926,-659.6383232550305,5.0,2.43,3.0,-11658.249833712433,11658.249833712433,3138.0483456800653,15.0,116.83198947648592,14308.219178082192,0,1,0,0,0,0
4562,16.6376,26874.933641018462,-659.6383232550305,5.0,2.43,3.0,-10974.798566987894,10974.798566987894,3138.0483456800653,15.0,116.83198947648592,14308.219178082192,0,1,0,0,0,0
4563,16.5188,26953.298673821162,-659.6383232550305,5.0,2.43,3.0,-10896.433534185197,10896.433534185197,3138.0483456800653,15.0,116.83198947648592,14308.219178082192,0,1,0,0,0,0
4564,18.3649,25735.54036526005,-659.6383232550305,5.0,2.43,3.0,-12114.19184274631,12114.19184274631,3138.0483456800653,15.0,116.83198947648592,14308.219178082192,0,1,0,0,0,0
4565,18.4772,25661.462981558514,-659.6383232550305,5.0,2.43,3.0,-12188.26922644785,12188.26922644785,3138.0483456800653,15.0,116.83198947648592,14308.219178082192,0,1,0,0,0,0
4566,21.1428,23903.1310670899,-659.6383232550305,5.0,2.43,3.0,-13946.60114091646,13946.60114091646,3138.0483456800653,15.0,116.83198947648592,14308.219178082192,0,1,0,0,0,0
4567,24.5355,21665.17612778256,-659.6383232550305,5.0,2.43,3.0,-16184.5560802238,16184.5560802238,3138.0483456800653,15.0,116.83198947648592,14308.219178082192,0,1,0,0,0,0
4568,25.3175,21149.338958997127,-659.6383232550305,5.0,2.43,3.0,-16700.393249009234,16700.393249009234,3138.0483456800653,15.0,116.83198947648592,14308.219178082192,0,1,0,0,0,0
4569,29.2148,18578.530521775298,-659.6383232550305,5.0,2.43,3.0,-19271.201686231067,19271.201686231067,3138.0483456800653,15.0,116.83198947648592,14308.219178082192,0,1,0,0,0,0
4570,29.3604,18482.487181909364,-659.6383232550305,5.0,2.43,3.0,-19367.245026096996,19367.245026096996,3138.0483456800653,15.0,116.83198947648592,14308.219178082192,0,1,0,0,0,0
4571,32.724,16263.727717808746,-659.6383232550305,5.0,2.43,3.0,-21586.004490197618,21586.004490197618,3138.0483456800653,15.0,116.83198947648592,14308.219178082192,0,1,0,0,0,0
4572,29.6276,18306.231821935617,-659.6383232550305,5.0,2.43,3.0,-19543.500386070744,19543.500386070744,3138.0483456800653,15.0,116.83198947648592,14308.219178082192,0,1,0,0,0,0
4573,31.4475,17105.756037443785,-659.6383232550305,5.0,2.43,3.0,-20743.97617056257,20743.97617056257,3138.0483456800653,15.0,116.83198947648592,14308.219178082192,0,1,0,0,0,0
4574,31.4964,17073.49972343662,-659.6383232550305,5.0,2.43,3.0,-20776.232484569744,20776.232484569744,3138.0483456800653,15.0,116.83198947648592,14308.219178082192,0,1,0,0,0,0
4575,41.0615,10763.993197669923,-659.6383232550305,5.0,2.43,3.0,-27085.739010336438,27085.739010336438,3138.0483456800653,15.0,116.83198947648592,14308.219178082192,0,1,0,0,0,0
4576,33.3176,15872.166409124558,-659.6383232550305,5.0,2.43,3.0,-21977.565798881802,21977.565798881802,3138.0483456800653,15.0,116.83198947648592,14308.219178082192,0,1,0,0,0,0
4577,32.9189,16135.164208606337,-659.6383232550305,5.0,2.43,3.0,-21714.567999400024,21714.567999400024,3138.0483456800653,15.0,116.83198947648592,14308.219178082192,0,1,0,0,0,0
4578,30.2764,17878.258477807754,-659.6383232550305,5.0,2.43,3.0,-19971.473730198606,19971.473730198606,3138.0483456800653,15.0,116.83198947648592,14308.219178082192,0,1,0,0,0,0
4579,31.0044,17398.041778478095,-659.6383232550305,5.0,2.43,3.0,-20451.69042952827,20451.69042952827,3138.0483456800653,15.0,116.83198947648592,14308.219178082192,0,1,0,0,0,0
4580,28.1825,19259.475162871462,-659.6383232550305,5.0,2.43,3.0,-18590.2570451349,18590.2570451349,3138.0483456800653,15.0,116.83198947648592,14308.219178082192,0,1,0,0,0,0
4581,24.632,21601.521029588446,-659.6383232550305,5.0,2.43,3.0,-16248.211178417912,16248.211178417912,3138.0483456800653,15.0,116.83198947648592,14308.219178082192,0,1,0,0,0,0
4582,23.1484,22580.160445969614,-659.6383232550305,5.0,2.43,3.0,-15269.571762036747,15269.571762036747,3138.0483456800653,15.0,116.83198947648592,14308.219178082192,0,1,0,0,0,0
4583,23.2322,22524.882754480845,-659.6383232550305,5.0,2.43,3.0,-15324.84945352552,15324.84945352552,3138.0483456800653,15.0,116.83198947648592,14308.219178082192,0,1,0,0,0,0
4584,21.8408,23442.70351745789,-659.6383232550305,5.0,2.43,3.0,-14407.028690548472,14407.028690548472,3138.0483456800653,15.0,116.83198947648592,14308.219178082192,0,1,0,0,0,0
4585,19.6268,24903.142765144526,-659.6383232550305,5.0,2.43,3.0,-12946.589442861832,12946.589442861832,3138.0483456800653,15.0,116.83198947648592,14308.219178082192,0,1,0,0,0,0
4586,19.3125,25110.467090143582,-659.6383232550305,5.0,2.43,3.0,-12739.265117862777,12739.265117862777,3138.0483456800653,15.0,116.83198947648592,14308.219178082192,0,1,0,0,0,0
4587,19.505,24983.48671291699,-659.6383232550305,5.0,2.43,3.0,-12866.24549508937,12866.24549508937,3138.0483456800653,15.0,116.83198947648592,14308.219178082192,0,1,0,0,0,0
4588,20.3653,24415.999863420686,-659.6383232550305,5.0,2.43,3.0,-13433.732344585675,13433.732344585675,3138.0483456800653,15.0,116.83198947648592,14308.219178082192,0,1,0,0,0,0
4589,22.0587,23298.96832682062,-659.6383232550305,5.0,2.43,3.0,-14550.763881185743,14550.763881185743,3138.0483456800653,15.0,116.83198947648592,14308.219178082192,0,1,0,0,0,0
4590,22.0767,23287.09483700203,-659.6383232550305,5.0,2.43,3.0,-14562.637371004332,14562.637371004332,3138.0483456800653,15.0,116.83198947648592,14308.219178082192,0,1,0,0,0,0
4591,25.0052,21355.34400734967,-659.6383232550305,5.0,2.43,3.0,-16494.38820065669,16494.38820065669,3138.0483456800653,15.0,116.83198947648592,14308.219178082192,0,1,0,0,0,0
4592,24.6034,21620.386685633544,-659.6383232550305,5.0,2.43,3.0,-16229.345522372818,16229.345522372818,3138.0483456800653,15.0,116.83198947648592,14308.219178082192,0,1,0,0,0,0
4593,30.6617,17624.09983185759,-659.6383232550305,5.0,2.43,3.0,-20225.63237614877,20225.63237614877,3138.0483456800653,15.0,116.83198947648592,14308.219178082192,0,1,0,0,0,0
4594,27.7461,19547.34132713996,-659.6383232550305,5.0,2.43,3.0,-18302.390880866402,18302.390880866402,3138.0483456800653,15.0,116.83198947648592,14308.219178082192,0,1,0,0,0,0
4595,27.4995,19710.008137654648,-659.6383232550305,5.0,2.43,3.0,-18139.724070351713,18139.724070351713,3138.0483456800653,15.0,116.83198947648592,14308.219178082192,0,1,0,0,0,0
4596,31.7323,16917.89104298076,-659.6383232550305,5.0,2.43,3.0,-20931.841165025602,20931.841165025602,3138.0483456800653,15.0,116.83198947648592,14308.219178082192,0,1,0,0,0,0
4597,16.1756,27179.68654636229,-659.6383232550305,5.0,2.43,3.0,-10670.045661644072,10670.045661644072,3138.0483456800653,15.0,116.83198947648592,14308.219178082192,0,1,0,0,0,0
4598,28.5339,19027.678256079646,-659.6383232550305,5.0,2.43,3.0,-18822.053951926715,18822.053951926715,3138.0483456800653,15.0,116.83198947648592,14308.219178082192,0,1,0,0,0,0
4599,27.8721,19464.226898409826,-659.6383232550305,5.0,2.43,3.0,-18385.505309596534,18385.505309596534,3138.0483456800653,15.0,116.83198947648592,14308.219178082192,0,1,0,0,0,0
4600,26.3432,20472.74793083444,-659.6383232550305,5.0,2.43,3.0,-17376.98427717192,17376.98427717192,3138.0483456800653,15.0,116.83198947648592,14308.219178082192,0,1,0,0,0,0
4601,22.7336,22853.778422455798,-659.6383232550305,5.0,2.43,3.0,-14995.95378555056,14995.95378555056,3138.0483456800653,15.0,116.83198947648592,14308.219178082192,0,1,0,0,0,0
4602,23.0448,22648.498976258834,-659.6383232550305,5.0,2.43,3.0,-15201.233231747527,15201.233231747527,3138.0483456800653,15.0,116.83198947648592,14308.219178082192,0,1,0,0,0,0
4603,24.1003,21952.25072606315,-659.6383232550305,5.0,2.43,3.0,-15897.481481943212,15897.481481943212,3138.0483456800653,15.0,116.83198947648592,14308.219178082192,0,1,0,0,0,0
4604,23.8985,22085.365739696015,-659.6383232550305,5.0,2.43,3.0,-15764.366468310345,15764.366468310345,3138.0483456800653,15.0,116.83198947648592,14308.219178082192,0,1,0,0,0,0
4605,22.3893,23080.891897152505,-659.6383232550305,5.0,2.43,3.0,-14768.840310853853,14768.840310853853,3138.0483456800653,15.0,116.83198947648592,14308.219178082192,0,1,0,0,0,0
4606,20.9897,24004.12169438025,-659.6383232550305,5.0,2.43,3.0,-13845.610513626114,13845.610513626114,3138.0483456800653,15.0,116.83198947648592,14308.219178082192,0,1,0,0,0,0
4607,19.8264,24771.478955822822,-659.6383232550305,5.0,2.43,3.0,-13078.253252183536,13078.253252183536,3138.0483456800653,15.0,116.83198947648592,14308.219178082192,0,1,0,0,0,0
4608,19.2052,25181.246282228847,-659.6383232550305,5.0,2.43,3.0,-12668.485925777513,12668.485925777513,3138.0483456800653,15.0,116.83198947648592,14308.219178082192,0,1,0,0,0,0
4609,18.1455,25880.265013382206,-659.6383232550305,5.0,2.43,3.0,-11969.467194624156,11969.467194624156,3138.0483456800653,15.0,116.83198947648592,14308.219178082192,0,1,0,0,0,0
4610,17.1573,26532.119604422827,-659.6383232550305,5.0,2.43,3.0,-11317.612603583535,11317.612603583535,3138.0483456800653,15.0,116.83198947648592,14308.219178082192,0,1,0,0,0,0
4611,17.2449,26474.335287305683,-659.6383232550305,5.0,2.43,3.0,-11375.396920700676,11375.396920700676,3138.0483456800653,15.0,116.83198947648592,14308.219178082192,0,1,0,0,0,0
4612,19.0496,25283.88600532733,-659.6383232550305,5.0,2.43,3.0,-12565.846202679031,12565.846202679031,3138.0483456800653,15.0,116.83198947648592,14308.219178082192,0,1,0,0,0,0
4613,20.345,24429.390521382767,-659.6383232550305,5.0,2.43,3.0,-13420.341686623595,13420.341686623595,3138.0483456800653,15.0,116.83198947648592,14308.219178082192,0,1,0,0,0,0
4614,21.0243,23981.298208395623,-659.6383232550305,5.0,2.43,3.0,-13868.433999610737,13868.433999610737,3138.0483456800653,15.0,116.83198947648592,14308.219178082192,0,1,0,0,0,0
4615,24.5712,21641.627039642357,-659.6383232550305,5.0,2.43,3.0,-16208.105168364007,16208.105168364007,3138.0483456800653,15.0,116.83198947648592,14308.219178082192,0,1,0,0,0,0
4616,22.6298,22922.248880409672,-659.6383232550305,5.0,2.43,3.0,-14927.483327596688,14927.483327596688,3138.0483456800653,15.0,116.83198947648592,14308.219178082192,0,1,0,0,0,0
4617,25.8753,20781.39270228547,-659.6383232550305,5.0,2.43,3.0,-17068.33950572089,17068.33950572089,3138.0483456800653,15.0,116.83198947648592,14308.219178082192,0,1,0,0,0,0
4618,26.4164,20424.462405572172,-659.6383232550305,5.0,2.43,3.0,-17425.269802434188,17425.269802434188,3138.0483456800653,15.0,116.83198947648592,14308.219178082192,0,1,0,0,0,0
4619,26.58,20316.545575887652,-659.6383232550305,5.0,2.43,3.0,-17533.18663211871,17533.18663211871,3138.0483456800653,15.0,116.83198947648592,14308.219178082192,0,1,0,0,0,0
4620,33.3136,15874.804962417576,-659.6383232550305,5.0,2.43,3.0,-21974.927245588784,21974.927245588784,3138.0483456800653,15.0,116.83198947648592,14308.219178082192,0,1,0,0,0,0
4621,31.4721,17089.528934691716,-659.6383232550305,5.0,2.43,3.0,-20760.203273314648,20760.203273314648,3138.0483456800653,15.0,116.83198947648592,14308.219178082192,0,1,0,0,0,0
4622,59.3644,15435.570744269024,650.0,0,2.43,3.0,38586.86,-38586.86,15071.972825128516,0,556.8949724310688,14308.219178082192,1,0,0,0,0,0
4623,41.6833,10353.830088269948,-659.6383232550305,5.0,2.43,3.0,-27495.902119736416,27495.902119736416,3138.0483456800653,15.0,116.83198947648592,14308.219178082192,0,1,0,0,0,0
4624,57.6493,14320.755744269021,650.0,0,2.43,3.0,37472.045,-37472.045,15071.972825128516,0,556.8949724310688,14308.219178082192,1,0,0,0,0,0
4625,36.1587,13998.067968924686,-659.6383232550305,5.0,2.43,3.0,-23851.664239081674,23851.664239081674,3138.0483456800653,15.0,116.83198947648592,14308.219178082192,0,1,0,0,0,0
4626,27.9328,19424.186852188246,-659.6383232550305,5.0,2.43,3.0,-18425.545355818118,18425.545355818118,3138.0483456800653,15.0,116.83198947648592,14308.219178082192,0,1,0,0,0,0
4627,27.4346,19752.8186648339,-659.6383232550305,5.0,2.43,3.0,-18096.91354317246,18096.91354317246,3138.0483456800653,15.0,116.83198947648592,14308.219178082192,0,1,0,0,0,0
4628,25.6891,20904.217358075555,-659.6383232550305,5.0,2.43,3.0,-16945.514849930805,16945.514849930805,3138.0483456800653,15.0,116.83198947648592,14308.219178082192,0,1,0,0,0,0
4629,22.7308,22855.625409760913,-659.6383232550305,5.0,2.43,3.0,-14994.106798245446,14994.106798245446,3138.0483456800653,15.0,116.83198947648592,14308.219178082192,0,1,0,0,0,0
4630,22.0454,23307.741516519913,-659.6383232550305,5.0,2.43,3.0,-14541.99069148645,14541.99069148645,3138.0483456800653,15.0,116.83198947648592,14308.219178082192,0,1,0,0,0,0
4631,20.3169,24447.92635826623,-659.6383232550305,5.0,2.43,3.0,-13401.805849740129,13401.805849740129,3138.0483456800653,15.0,116.83198947648592,14308.219178082192,0,1,0,0,0,0
4632,19.3715,25071.548429071536,-659.6383232550305,5.0,2.43,3.0,-12778.183778934825,12778.183778934825,3138.0483456800653,15.0,116.83198947648592,14308.219178082192,0,1,0,0,0,0
4633,18.5112,25639.03527856784,-659.6383232550305,5.0,2.43,3.0,-12210.69692943852,12210.69692943852,3138.0483456800653,15.0,116.83198947648592,14308.219178082192,0,1,0,0,0,0
4634,16.7157,26823.415887972245,-659.6383232550305,5.0,2.43,3.0,-11026.316320034113,11026.316320034113,3138.0483456800653,15.0,116.83198947648592,14308.219178082192,0,1,0,0,0,0
4635,15.9289,27342.419320709305,-659.6383232550305,5.0,2.43,3.0,-10507.312887297056,10507.312887297056,3138.0483456800653,15.0,116.83198947648592,14308.219178082192,0,1,0,0,0,0
4636,15.6983,27494.531918051915,-659.6383232550305,5.0,2.43,3.0,-10355.200289954446,10355.200289954446,3138.0483456800653,15.0,116.83198947648592,14308.219178082192,0,1,0,0,0,0
4637,15.5117,27617.620429171307,-659.6383232550305,5.0,2.43,3.0,-10232.111778835057,10232.111778835057,3138.0483456800653,15.0,116.83198947648592,14308.219178082192,0,1,0,0,0,0
4638,16.05,27262.537119763118,-659.6383232550305,5.0,2.43,3.0,-10587.195088243241,10587.195088243241,3138.0483456800653,15.0,116.83198947648592,14308.219178082192,0,1,0,0,0,0
4639,19.0745,25267.46101107828,-659.6383232550305,5.0,2.43,3.0,-12582.271196928079,12582.271196928079,3138.0483456800653,15.0,116.83198947648592,14308.219178082192,0,1,0,0,0,0
4640,23.752,22182.002754052875,-659.6383232550305,5.0,2.43,3.0,-15667.729453953483,15667.729453953483,3138.0483456800653,15.0,116.83198947648592,14308.219178082192,0,1,0,0,0,0
4641,24.2198,21873.423946434174,-659.6383232550305,5.0,2.43,3.0,-15976.308261572187,15976.308261572187,3138.0483456800653,15.0,116.83198947648592,14308.219178082192,0,1,0,0,0,0
4642,24.2439,21857.526662843724,-659.6383232550305,5.0,2.43,3.0,-15992.205545162635,15992.205545162635,3138.0483456800653,15.0,116.83198947648592,14308.219178082192,0,1,0,0,0,0
4643,28.4142,19106.636963373272,-659.6383232550305,5.0,2.43,3.0,-18743.09524463309,18743.09524463309,3138.0483456800653,15.0,116.83198947648592,14308.219178082192,0,1,0,0,0,0
4644,29.836,18168.763195369273,-659.6383232550305,5.0,2.43,3.0,-19680.969012637088,19680.969012637088,3138.0483456800653,15.0,116.83198947648592,14308.219178082192,0,1,0,0,0,0
4645,37.2375,13286.450145797164,-659.6383232550305,5.0,2.43,3.0,-24563.282062209197,24563.282062209197,3138.0483456800653,15.0,116.83198947648592,14308.219178082192,0,1,0,0,0,0
4646,36.1233,14021.419165567917,-659.6383232550305,5.0,2.43,3.0,-23828.313042438444,23828.313042438444,3138.0483456800653,15.0,116.83198947648592,14308.219178082192,0,1,0,0,0,0
4647,56.0335,13270.485744269017,650.0,0,2.43,3.0,36421.774999999994,-36421.774999999994,15071.972825128516,0,556.8949724310688,14308.219178082192,1,0,0,0,0,0
4648,42.2926,9951.912457910657,-659.6383232550305,5.0,2.43,3.0,-27897.819750095703,27897.819750095703,3138.0483456800653,15.0,116.83198947648592,14308.219178082192,0,1,0,0,0,0
4649,50.9428,9961.530744269023,650.0,0,2.43,3.0,33112.82,-33112.82,15071.972825128516,0,556.8949724310688,14308.219178082192,1,0,0,0,0,0
4650,33.1377,15990.835343478138,-659.6383232550305,5.0,2.43,3.0,-21858.896864528226,21858.896864528226,3138.0483456800653,15.0,116.83198947648592,14308.219178082192,0,1,0,0,0,0
4651,25.6189,20950.52396836806,-659.6383232550305,5.0,2.43,3.0,-16899.2082396383,16899.2082396383,3138.0483456800653,15.0,116.83198947648592,14308.219178082192,0,1,0,0,0,0
4652,25.5711,20982.054680219648,-659.6383232550305,5.0,2.43,3.0,-16867.677527786713,16867.677527786713,3138.0483456800653,15.0,116.83198947648592,14308.219178082192,0,1,0,0,0,0
4653,24.4607,21714.517074362037,-659.6383232550305,5.0,2.43,3.0,-16135.215133644324,16135.215133644324,3138.0483456800653,15.0,116.83198947648592,14308.219178082192,0,1,0,0,0,0
4654,23.5356,22324.748487205266,-659.6383232550305,5.0,2.43,3.0,-15524.983720801096,15524.983720801096,3138.0483456800653,15.0,116.83198947648592,14308.219178082192,0,1,0,0,0,0
4655,21.0104,23990.46718108887,-659.6383232550305,5.0,2.43,3.0,-13859.265026917494,13859.265026917494,3138.0483456800653,15.0,116.83198947648592,14308.219178082192,0,1,0,0,0,0
4656,19.4046,25049.714400571796,-659.6383232550305,5.0,2.43,3.0,-12800.017807434564,12800.017807434564,3138.0483456800653,15.0,116.83198947648592,14308.219178082192,0,1,0,0,0,0
4657,17.3067,26433.569638928522,-659.6383232550305,5.0,2.43,3.0,-11416.162569077836,11416.162569077836,3138.0483456800653,15.0,116.83198947648592,14308.219178082192,0,1,0,0,0,0
4658,16.5708,26918.997481011902,-659.6383232550305,5.0,2.43,3.0,-10930.734726994458,10930.734726994458,3138.0483456800653,15.0,116.83198947648592,14308.219178082192,0,1,0,0,0,0
4659,15.7311,27472.89578104915,-659.6383232550305,5.0,2.43,3.0,-10376.83642695721,10376.83642695721,3138.0483456800653,15.0,116.83198947648592,14308.219178082192,0,1,0,0,0,0
4660,15.6683,27514.321067749566,-659.6383232550305,5.0,2.43,3.0,-10335.411140256794,10335.411140256794,3138.0483456800653,15.0,116.83198947648592,14308.219178082192,0,1,0,0,0,0
4661,15.178,27837.741737641507,-659.6383232550305,5.0,2.43,3.0,-10011.990470364854,10011.990470364854,3138.0483456800653,15.0,116.83198947648592,14308.219178082192,0,1,0,0,0,0
4662,15.2258,27806.21102578992,-659.6383232550305,5.0,2.43,3.0,-10043.521182216444,10043.521182216444,3138.0483456800653,15.0,116.83198947648592,14308.219178082192,0,1,0,0,0,0
4663,18.3106,25771.3587262128,-659.6383232550305,5.0,2.43,3.0,-12078.373481793562,12078.373481793562,3138.0483456800653,15.0,116.83198947648592,14308.219178082192,0,1,0,0,0,0
4664,23.0396,22651.92909553976,-659.6383232550305,5.0,2.43,3.0,-15197.803112466601,15197.803112466601,3138.0483456800653,15.0,116.83198947648592,14308.219178082192,0,1,0,0,0,0
4665,24.3865,21763.462237947555,-659.6383232550305,5.0,2.43,3.0,-16086.269970058802,16086.269970058802,3138.0483456800653,15.0,116.83198947648592,14308.219178082192,0,1,0,0,0,0
4666,33.2833,15894.792003612209,-659.6383232550305,5.0,2.43,3.0,-21954.940204394155,21954.940204394155,3138.0483456800653,15.0,116.83198947648592,14308.219178082192,0,1,0,0,0,0
4667,37.4022,13177.80771395706,-659.6383232550305,5.0,2.43,3.0,-24671.9244940493,24671.9244940493,3138.0483456800653,15.0,116.83198947648592,14308.219178082192,0,1,0,0,0,0
4668,32.0535,16706.015213551244,-659.6383232550305,5.0,2.43,3.0,-21143.71699445512,21143.71699445512,3138.0483456800653,15.0,116.83198947648592,14308.219178082192,0,1,0,0,0,0
4669,33.148,15984.041068748611,-659.6383232550305,5.0,2.43,3.0,-21865.691139257753,21865.691139257753,3138.0483456800653,15.0,116.83198947648592,14308.219178082192,0,1,0,0,0,0
4670,54.2437,12107.115744269022,650.0,0,2.43,3.0,35258.405,-35258.405,15071.972825128516,0,556.8949724310688,14308.219178082192,1,0,0,0,0,0
4671,76.4119,26516.44574426903,650.0,0,2.43,3.0,49667.735,-49667.735,15071.972825128516,0,556.8949724310688,14308.219178082192,1,0,0,0,0,0
4672,50.6387,9763.865744269022,650.0,0,2.43,3.0,32915.155,-32915.155,15071.972825128516,0,556.8949724310688,14308.219178082192,1,0,0,0,0,0
4673,34.9408,14801.44148281699,-659.6383232550305,5.0,2.43,3.0,-23048.290725189374,23048.290725189374,3138.0483456800653,15.0,116.83198947648592,14308.219178082192,0,1,0,0,0,0
4674,32.9605,16107.723254358923,-659.6383232550305,5.0,2.43,3.0,-21742.008953647437,21742.008953647437,3138.0483456800653,15.0,116.83198947648592,14308.219178082192,0,1,0,0,0,0
4675,30.838,17507.80559546773,-659.6383232550305,5.0,2.43,3.0,-20341.92661253863,20341.92661253863,3138.0483456800653,15.0,116.83198947648592,14308.219178082192,0,1,0,0,0,0
4676,32.1456,16645.26252397945,-659.6383232550305,5.0,2.43,3.0,-21204.46968402691,21204.46968402691,3138.0483456800653,15.0,116.83198947648592,14308.219178082192,0,1,0,0,0,0
4677,24.8331,21468.86776278186,-659.6383232550305,5.0,2.43,3.0,-16380.864445224499,16380.864445224499,3138.0483456800653,15.0,116.83198947648592,14308.219178082192,0,1,0,0,0,0
4678,21.9898,23344.417407292894,-659.6383232550305,5.0,2.43,3.0,-14505.31480071347,14505.31480071347,3138.0483456800653,15.0,116.83198947648592,14308.219178082192,0,1,0,0,0,0
4679,19.8745,24739.750352474257,-659.6383232550305,5.0,2.43,3.0,-13109.981855532105,13109.981855532105,3138.0483456800653,15.0,116.83198947648592,14308.219178082192,0,1,0,0,0,0
4680,19.3613,25078.276739968736,-659.6383232550305,5.0,2.43,3.0,-12771.455468037622,12771.455468037622,3138.0483456800653,15.0,116.83198947648592,14308.219178082192,0,1,0,0,0,0
4681,17.9376,26017.403820786923,-659.6383232550305,5.0,2.43,3.0,-11832.328387219435,11832.328387219435,3138.0483456800653,15.0,116.83198947648592,14308.219178082192,0,1,0,0,0,0
4682,16.7823,26779.483975643463,-659.6383232550305,5.0,2.43,3.0,-11070.248232362897,11070.248232362897,3138.0483456800653,15.0,116.83198947648592,14308.219178082192,0,1,0,0,0,0
4683,16.999,26636.540350994095,-659.6383232550305,5.0,2.43,3.0,-11213.191857012263,11213.191857012263,3138.0483456800653,15.0,116.83198947648592,14308.219178082192,0,1,0,0,0,0
4684,18.2547,25808.232508482753,-659.6383232550305,5.0,2.43,3.0,-12041.499699523605,12041.499699523605,3138.0483456800653,15.0,116.83198947648592,14308.219178082192,0,1,0,0,0,0
4685,20.1208,24577.281433456545,-659.6383232550305,5.0,2.43,3.0,-13272.450774549818,13272.450774549818,3138.0483456800653,15.0,116.83198947648592,14308.219178082192,0,1,0,0,0,0
4686,20.0702,24610.659132613247,-659.6383232550305,5.0,2.43,3.0,-13239.073075393113,13239.073075393113,3138.0483456800653,15.0,116.83198947648592,14308.219178082192,0,1,0,0,0,0
4687,24.2443,21857.262807514424,-659.6383232550305,5.0,2.43,3.0,-15992.469400491937,15992.469400491937,3138.0483456800653,15.0,116.83198947648592,14308.219178082192,0,1,0,0,0,0
4688,26.2864,20510.215387595326,-659.6383232550305,5.0,2.43,3.0,-17339.516820411034,17339.516820411034,3138.0483456800653,15.0,116.83198947648592,14308.219178082192,0,1,0,0,0,0
4689,31.1846,17279.174952627534,-659.6383232550305,5.0,2.43,3.0,-20570.557255378826,20570.557255378826,3138.0483456800653,15.0,116.83198947648592,14308.219178082192,0,1,0,0,0,0
4690,28.7584,18879.589452508888,-659.6383232550305,5.0,2.43,3.0,-18970.14275549747,18970.14275549747,3138.0483456800653,15.0,116.83198947648592,14308.219178082192,0,1,0,0,0,0
4691,30.611,17657.54349484662,-659.6383232550305,5.0,2.43,3.0,-20192.18871315974,20192.18871315974,3138.0483456800653,15.0,116.83198947648592,14308.219178082192,0,1,0,0,0,0
4692,41.56,10435.163493527292,-659.6383232550305,5.0,2.43,3.0,-27414.568714479068,27414.568714479068,3138.0483456800653,15.0,116.83198947648592,14308.219178082192,0,1,0,0,0,0
4693,29.5713,18343.36945953488,-659.6383232550305,5.0,2.43,3.0,-19506.362748471485,19506.362748471485,3138.0483456800653,15.0,116.83198947648592,14308.219178082192,0,1,0,0,0,0
4694,28.6888,18925.500279807442,-659.6383232550305,5.0,2.43,3.0,-18924.23192819892,18924.23192819892,3138.0483456800653,15.0,116.83198947648592,14308.219178082192,0,1,0,0,0,0
4695,29.8225,18177.668312733214,-659.6383232550305,5.0,2.43,3.0,-19672.06389527315,19672.06389527315,3138.0483456800653,15.0,116.83198947648592,14308.219178082192,0,1,0,0,0,0
4696,29.8385,18167.114099561135,-659.6383232550305,5.0,2.43,3.0,-19682.61810844523,19682.61810844523,3138.0483456800653,15.0,116.83198947648592,14308.219178082192,0,1,0,0,0,0
4697,34.2422,15262.264815442959,-659.6383232550305,5.0,2.43,3.0,-22587.467392563405,22587.467392563405,3138.0483456800653,15.0,116.83198947648592,14308.219178082192,0,1,0,0,0,0
4698,32.2434,16580.74989596511,-659.6383232550305,5.0,2.43,3.0,-21268.98231204125,21268.98231204125,3138.0483456800653,15.0,116.83198947648592,14308.219178082192,0,1,0,0,0,0
4699,29.2465,18557.61998692811,-659.6383232550305,5.0,2.43,3.0,-19292.112221078252,19292.112221078252,3138.0483456800653,15.0,116.83198947648592,14308.219178082192,0,1,0,0,0,0
4700,28.1139,19304.72635184676,-659.6383232550305,5.0,2.43,3.0,-18545.0058561596,18545.0058561596,3138.0483456800653,15.0,116.83198947648592,14308.219178082192,0,1,0,0,0,0
4701,26.5869,20311.99407145719,-659.6383232550305,5.0,2.43,3.0,-17537.73813654917,17537.73813654917,3138.0483456800653,15.0,116.83198947648592,14308.219178082192,0,1,0,0,0,0
4702,23.2208,22532.40263136595,-659.6383232550305,5.0,2.43,3.0,-15317.329576640414,15317.329576640414,3138.0483456800653,15.0,116.83198947648592,14308.219178082192,0,1,0,0,0,0
4703,20.7766,24144.690621065896,-659.6383232550305,5.0,2.43,3.0,-13705.041586940466,13705.041586940466,3138.0483456800653,15.0,116.83198947648592,14308.219178082192,0,1,0,0,0,0
4704,20.8313,24108.608404783845,-659.6383232550305,5.0,2.43,3.0,-13741.123803222516,13741.123803222516,3138.0483456800653,15.0,116.83198947648592,14308.219178082192,0,1,0,0,0,0
4705,19.0248,25300.245035744058,-659.6383232550305,5.0,2.43,3.0,-12549.487172262305,12549.487172262305,3138.0483456800653,15.0,116.83198947648592,14308.219178082192,0,1,0,0,0,0
4706,19.205,25181.378209893504,-659.6383232550305,5.0,2.43,3.0,-12668.35399811286,12668.35399811286,3138.0483456800653,15.0,116.83198947648592,14308.219178082192,0,1,0,0,0,0
4707,19.5627,24945.42558166518,-659.6383232550305,5.0,2.43,3.0,-12904.306626341186,12904.306626341186,3138.0483456800653,15.0,116.83198947648592,14308.219178082192,0,1,0,0,0,0
4708,19.9458,24692.718140026176,-659.6383232550305,5.0,2.43,3.0,-13157.014067980186,13157.014067980186,3138.0483456800653,15.0,116.83198947648592,14308.219178082192,0,1,0,0,0,0
4709,20.669,24215.667704648135,-659.6383232550305,5.0,2.43,3.0,-13634.064503358226,13634.064503358226,3138.0483456800653,15.0,116.83198947648592,14308.219178082192,0,1,0,0,0,0
4710,22.1388,23246.13129712789,-659.6383232550305,5.0,2.43,3.0,-14603.60091087847,14603.60091087847,3138.0483456800653,15.0,116.83198947648592,14308.219178082192,0,1,0,0,0,0
4711,24.3101,21813.858605844245,-659.6383232550305,5.0,2.43,3.0,-16035.873602162117,16035.873602162117,3138.0483456800653,15.0,116.83198947648592,14308.219178082192,0,1,0,0,0,0
4712,37.0842,13387.572700752156,-659.6383232550305,5.0,2.43,3.0,-24462.159507254204,24462.159507254204,3138.0483456800653,15.0,116.83198947648592,14308.219178082192,0,1,0,0,0,0
4713,28.7312,18897.53161490143,-659.6383232550305,5.0,2.43,3.0,-18952.200593104935,18952.200593104935,3138.0483456800653,15.0,116.83198947648592,14308.219178082192,0,1,0,0,0,0
4714,277.9487,157515.365744269,650.0,0,2.43,3.0,180666.65499999997,-180666.65499999997,15071.972825128516,0,556.8949724310688,14308.219178082192,1,0,0,0,0,0
4715,42.4826,9826.581176492204,-659.6383232550305,5.0,2.43,3.0,-28023.151031514157,28023.151031514157,3138.0483456800653,15.0,116.83198947648592,14308.219178082192,0,1,0,0,0,0
4716,35.3223,14549.789462495199,-659.6383232550305,5.0,2.43,3.0,-23299.94274551116,23299.94274551116,3138.0483456800653,15.0,116.83198947648592,14308.219178082192,0,1,0,0,0,0
4717,36.5324,13751.56112752428,-659.6383232550305,5.0,2.43,3.0,-24098.17108048208,24098.17108048208,3138.0483456800653,15.0,116.83198947648592,14308.219178082192,0,1,0,0,0,0
4718,46.2976,7310.06097327426,-659.6383232550305,5.0,2.43,3.0,-30539.6712347321,30539.6712347321,3138.0483456800653,15.0,116.83198947648592,14308.219178082192,0,1,0,0,0,0
4719,69.6891,22146.625744269022,650.0,0,2.43,3.0,45297.915,-45297.915,15071.972825128516,0,556.8949724310688,14308.219178082192,1,0,0,0,0,0
4720,32.8776,16162.40727135677,-659.6383232550305,5.0,2.43,3.0,-21687.32493664959,21687.32493664959,3138.0483456800653,15.0,116.83198947648592,14308.219178082192,0,1,0,0,0,0
4721,33.0072,16076.918144662919,-659.6383232550305,5.0,2.43,3.0,-21772.81406334344,21772.81406334344,3138.0483456800653,15.0,116.83198947648592,14308.219178082192,0,1,0,0,0,0
4722,36.451,13805.255687037243,-659.6383232550305,5.0,2.43,3.0,-24044.476520969118,24044.476520969118,3138.0483456800653,15.0,116.83198947648592,14308.219178082192,0,1,0,0,0,0
4723,42.2475,9981.662146289458,-659.6383232550305,5.0,2.43,3.0,-27868.070061716902,27868.070061716902,3138.0483456800653,15.0,116.83198947648592,14308.219178082192,0,1,0,0,0,0
4724,31.642,16977.456383570687,-659.6383232550305,5.0,2.43,3.0,-20872.275824435674,20872.275824435674,3138.0483456800653,15.0,116.83198947648592,14308.219178082192,0,1,0,0,0,0
4725,26.2315,20546.429531542028,-659.6383232550305,5.0,2.43,3.0,-17303.302676464333,17303.302676464333,3138.0483456800653,15.0,116.83198947648592,14308.219178082192,0,1,0,0,0,0
4726,26.09,20639.768354282613,-659.6383232550305,5.0,2.43,3.0,-17209.963853723744,17209.963853723744,3138.0483456800653,15.0,116.83198947648592,14308.219178082192,0,1,0,0,0,0
4727,22.5384,22982.53982315518,-659.6383232550305,5.0,2.43,3.0,-14867.19238485118,14867.19238485118,3138.0483456800653,15.0,116.83198947648592,14308.219178082192,0,1,0,0,0,0
4728,20.944,24034.267165753,-659.6383232550305,5.0,2.43,3.0,-13815.465042253358,13815.465042253358,3138.0483456800653,15.0,116.83198947648592,14308.219178082192,0,1,0,0,0,0
4729,19.9757,24672.994954160848,-659.6383232550305,5.0,2.43,3.0,-13176.737253845513,13176.737253845513,3138.0483456800653,15.0,116.83198947648592,14308.219178082192,0,1,0,0,0,0
4730,19.4835,24997.668936866976,-659.6383232550305,5.0,2.43,3.0,-12852.063271139386,12852.063271139386,3138.0483456800653,15.0,116.83198947648592,14308.219178082192,0,1,0,0,0,0
4731,19.8365,24764.81660875795,-659.6383232550305,5.0,2.43,3.0,-13084.915599248414,13084.915599248414,3138.0483456800653,15.0,116.83198947648592,14308.219178082192,0,1,0,0,0,0
4732,20.9508,24029.78162515487,-659.6383232550305,5.0,2.43,3.0,-13819.950582851494,13819.950582851494,3138.0483456800653,15.0,116.83198947648592,14308.219178082192,0,1,0,0,0,0
4733,20.9941,24001.219285757925,-659.6383232550305,5.0,2.43,3.0,-13848.512922248436,13848.512922248436,3138.0483456800653,15.0,116.83198947648592,14308.219178082192,0,1,0,0,0,0
4734,22.2554,23169.21746863635,-659.6383232550305,5.0,2.43,3.0,-14680.514739370006,14680.514739370006,3138.0483456800653,15.0,116.83198947648592,14308.219178082192,0,1,0,0,0,0
4735,26.2043,20564.371693934565,-659.6383232550305,5.0,2.43,3.0,-17285.360514071795,17285.360514071795,3138.0483456800653,15.0,116.83198947648592,14308.219178082192,0,1,0,0,0,0
4736,31.2415,17241.641532034326,-659.6383232550305,5.0,2.43,3.0,-20608.090675972035,20608.090675972035,3138.0483456800653,15.0,116.83198947648592,14308.219178082192,0,1,0,0,0,0
4737,40.7295,10982.993120990595,-659.6383232550305,5.0,2.43,3.0,-26866.739087015765,26866.739087015765,3138.0483456800653,15.0,116.83198947648592,14308.219178082192,0,1,0,0,0,0
4738,65.8864,19674.870744269017,650.0,0,2.43,3.0,42826.159999999996,-42826.159999999996,15071.972825128516,0,556.8949724310688,14308.219178082192,1,0,0,0,0,0
4739,34.2581,15251.776566103203,-659.6383232550305,5.0,2.43,3.0,-22597.95564190316,22597.95564190316,3138.0483456800653,15.0,116.83198947648592,14308.219178082192,0,1,0,0,0,0
4740,35.1006,14696.031278760835,-659.6383232550305,5.0,2.43,3.0,-23153.700929245522,23153.700929245522,3138.0483456800653,15.0,116.83198947648592,14308.219178082192,0,1,0,0,0,0
4741,30.825,17516.380893670048,-659.6383232550305,5.0,2.43,3.0,-20333.351314336316,20333.351314336316,3138.0483456800653,15.0,116.83198947648592,14308.219178082192,0,1,0,0,0,0
4742,30.3042,17859.920532421263,-659.6383232550305,5.0,2.43,3.0,-19989.811675585097,19989.811675585097,3138.0483456800653,15.0,116.83198947648592,14308.219178082192,0,1,0,0,0,0
4743,32.3897,16484.244809272903,-659.6383232550305,5.0,2.43,3.0,-21365.48739873346,21365.48739873346,3138.0483456800653,15.0,116.83198947648592,14308.219178082192,0,1,0,0,0,0
4744,32.9484,16115.704878070315,-659.6383232550305,5.0,2.43,3.0,-21734.02732993605,21734.02732993605,3138.0483456800653,15.0,116.83198947648592,14308.219178082192,0,1,0,0,0,0
4745,36.3114,13897.341196963647,-659.6383232550305,5.0,2.43,3.0,-23952.391011042713,23952.391011042713,3138.0483456800653,15.0,116.83198947648592,14308.219178082192,0,1,0,0,0,0
4746,29.1117,18646.53923290289,-659.6383232550305,5.0,2.43,3.0,-19203.19297510347,19203.19297510347,3138.0483456800653,15.0,116.83198947648592,14308.219178082192,0,1,0,0,0,0
4747,29.5859,18333.738740015353,-659.6383232550305,5.0,2.43,3.0,-19515.993467991007,19515.993467991007,3138.0483456800653,15.0,116.83198947648592,14308.219178082192,0,1,0,0,0,0
4748,31.5859,17014.462093505295,-659.6383232550305,5.0,2.43,3.0,-20835.27011450107,20835.27011450107,3138.0483456800653,15.0,116.83198947648592,14308.219178082192,0,1,0,0,0,0
4749,24.9453,21394.856342912648,-659.6383232550305,5.0,2.43,3.0,-16454.875865093712,16454.875865093712,3138.0483456800653,15.0,116.83198947648592,14308.219178082192,0,1,0,0,0,0
4750,23.3594,22440.9767597628,-659.6383232550305,5.0,2.43,3.0,-15408.75544824356,15408.75544824356,3138.0483456800653,15.0,116.83198947648592,14308.219178082192,0,1,0,0,0,0
4751,21.0205,23983.80483402399,-659.6383232550305,5.0,2.43,3.0,-13865.927373982367,13865.927373982367,3138.0483456800653,15.0,116.83198947648592,14308.219178082192,0,1,0,0,0,0
4752,19.69,24861.45362311481,-659.6383232550305,5.0,2.43,3.0,-12988.278584891552,12988.278584891552,3138.0483456800653,15.0,116.83198947648592,14308.219178082192,0,1,0,0,0,0
4753,19.4317,25031.838202011582,-659.6383232550305,5.0,2.43,3.0,-12817.894005994776,12817.894005994776,3138.0483456800653,15.0,116.83198947648592,14308.219178082192,0,1,0,0,0,0
4754,18.5674,25601.963604800905,-659.6383232550305,5.0,2.43,3.0,-12247.768603205453,12247.768603205453,3138.0483456800653,15.0,116.83198947648592,14308.219178082192,0,1,0,0,0,0
4755,18.8413,25421.288668061356,-659.6383232550305,5.0,2.43,3.0,-12428.443539945007,12428.443539945007,3138.0483456800653,15.0,116.83198947648592,14308.219178082192,0,1,0,0,0,0
4756,20.0292,24637.704303866703,-659.6383232550305,5.0,2.43,3.0,-13212.027904139657,13212.027904139657,3138.0483456800653,15.0,116.83198947648592,14308.219178082192,0,1,0,0,0,0
4757,22.3749,23090.390689007378,-659.6383232550305,5.0,2.43,3.0,-14759.341518998983,14759.341518998983,3138.0483456800653,15.0,116.83198947648592,14308.219178082192,0,1,0,0,0,0
4758,22.89,22750.61098869871,-659.6383232550305,5.0,2.43,3.0,-15099.121219307648,15099.121219307648,3138.0483456800653,15.0,116.83198947648592,14308.219178082192,0,1,0,0,0,0
4759,25.2386,21201.384422701947,-659.6383232550305,5.0,2.43,3.0,-16648.347785304413,16648.347785304413,3138.0483456800653,15.0,116.83198947648592,14308.219178082192,0,1,0,0,0,0
4760,29.0777,18668.96693589356,-659.6383232550305,5.0,2.43,3.0,-19180.7652721128,19180.7652721128,3138.0483456800653,15.0,116.83198947648592,14308.219178082192,0,1,0,0,0,0
4761,26.9787,20053.547776405867,-659.6383232550305,5.0,2.43,3.0,-17796.18443160049,17796.18443160049,3138.0483456800653,15.0,116.83198947648592,14308.219178082192,0,1,0,0,0,0
4762,25.8984,20766.15505701828,-659.6383232550305,5.0,2.43,3.0,-17083.57715098808,17083.57715098808,3138.0483456800653,15.0,116.83198947648592,14308.219178082192,0,1,0,0,0,0
4763,28.401,19115.34418924024,-659.6383232550305,5.0,2.43,3.0,-18734.38801876612,18734.38801876612,3138.0483456800653,15.0,116.83198947648592,14308.219178082192,0,1,0,0,0,0
4764,27.7546,19541.734401392292,-659.6383232550305,5.0,2.43,3.0,-18307.99780661407,18307.99780661407,3138.0483456800653,15.0,116.83198947648592,14308.219178082192,0,1,0,0,0,0
4765,25.7156,20886.7369425093,-659.6383232550305,5.0,2.43,3.0,-16962.995265497062,16962.995265497062,3138.0483456800653,15.0,116.83198947648592,14308.219178082192,0,1,0,0,0,0
4766,26.4811,20381.78380605757,-659.6383232550305,5.0,2.43,3.0,-17467.94840194879,17467.94840194879,3138.0483456800653,15.0,116.83198947648592,14308.219178082192,0,1,0,0,0,0
4767,27.1519,19939.298418818096,-659.6383232550305,5.0,2.43,3.0,-17910.433789188264,17910.433789188264,3138.0483456800653,15.0,116.83198947648592,14308.219178082192,0,1,0,0,0,0
4768,27.7274,19559.67656378483,-659.6383232550305,5.0,2.43,3.0,-18290.05564422153,18290.05564422153,3138.0483456800653,15.0,116.83198947648592,14308.219178082192,0,1,0,0,0,0
4769,27.7123,19569.637102465982,-659.6383232550305,5.0,2.43,3.0,-18280.095105540382,18280.095105540382,3138.0483456800653,15.0,116.83198947648592,14308.219178082192,0,1,0,0,0,0
4770,27.3318,19820.629484464516,-659.6383232550305,5.0,2.43,3.0,-18029.102723541844,18029.102723541844,3138.0483456800653,15.0,116.83198947648592,14308.219178082192,0,1,0,0,0,0
4771,25.2978,21162.33383396525,-659.6383232550305,5.0,2.43,3.0,-16687.39837404111,16687.39837404111,3138.0483456800653,15.0,116.83198947648592,14308.219178082192,0,1,0,0,0,0
4772,26.8727,20123.4694386709,-659.6383232550305,5.0,2.43,3.0,-17726.26276933546,17726.26276933546,3138.0483456800653,15.0,116.83198947648592,14308.219178082192,0,1,0,0,0,0
4773,24.5025,21686.944192449977,-659.6383232550305,5.0,2.43,3.0,-16162.788015556385,16162.788015556385,3138.0483456800653,15.0,116.83198947648592,14308.219178082192,0,1,0,0,0,0
4774,22.8871,22752.523939836152,-659.6383232550305,5.0,2.43,3.0,-15097.208268170209,15097.208268170209,3138.0483456800653,15.0,116.83198947648592,14308.219178082192,0,1,0,0,0,0
4775,19.7347,24831.96779006531,-659.6383232550305,5.0,2.43,3.0,-13017.76441794105,13017.76441794105,3138.0483456800653,15.0,116.83198947648592,14308.219178082192,0,1,0,0,0,0
4776,19.7185,24842.65393090204,-659.6383232550305,5.0,2.43,3.0,-13007.078277104318,13007.078277104318,3138.0483456800653,15.0,116.83198947648592,14308.219178082192,0,1,0,0,0,0
4777,17.3669,26393.859411868572,-659.6383232550305,5.0,2.43,3.0,-11455.87279613779,11455.87279613779,3138.0483456800653,15.0,116.83198947648592,14308.219178082192,0,1,0,0,0,0
4778,17.018,26624.00722285225,-659.6383232550305,5.0,2.43,3.0,-11225.72498515411,11225.72498515411,3138.0483456800653,15.0,116.83198947648592,14308.219178082192,0,1,0,0,0,0
4779,17.2144,26494.45425616496,-659.6383232550305,5.0,2.43,3.0,-11355.277951841397,11355.277951841397,3138.0483456800653,15.0,116.83198947648592,14308.219178082192,0,1,0,0,0,0
4780,19.237,25160.269783549338,-659.6383232550305,5.0,2.43,3.0,-12689.46242445702,12689.46242445702,3138.0483456800653,15.0,116.83198947648592,14308.219178082192,0,1,0,0,0,0
4781,20.4002,24392.978485939086,-659.6383232550305,5.0,2.43,3.0,-13456.753722067275,13456.753722067275,3138.0483456800653,15.0,116.83198947648592,14308.219178082192,0,1,0,0,0,0
4782,22.0247,23321.39602981129,-659.6383232550305,5.0,2.43,3.0,-14528.33617819507,14528.33617819507,3138.0483456800653,15.0,116.83198947648592,14308.219178082192,0,1,0,0,0,0
4783,24.6112,21615.241506712155,-659.6383232550305,5.0,2.43,3.0,-16234.490701294208,16234.490701294208,3138.0483456800653,15.0,116.83198947648592,14308.219178082192,0,1,0,0,0,0
4784,25.7727,20849.071594251436,-659.6383232550305,5.0,2.43,3.0,-17000.660613754924,17000.660613754924,3138.0483456800653,15.0,116.83198947648592,14308.219178082192,0,1,0,0,0,0
4785,27.3035,19839.297249012634,-659.6383232550305,5.0,2.43,3.0,-18010.434958993726,18010.434958993726,3138.0483456800653,15.0,116.83198947648592,14308.219178082192,0,1,0,0,0,0
4786,29.7188,18246.07280685476,-659.6383232550305,5.0,2.43,3.0,-19603.659401151603,19603.659401151603,3138.0483456800653,15.0,116.83198947648592,14308.219178082192,0,1,0,0,0,0
4787,26.0231,20683.898158108375,-659.6383232550305,5.0,2.43,3.0,-17165.834049897985,17165.834049897985,3138.0483456800653,15.0,116.83198947648592,14308.219178082192,0,1,0,0,0,0
4788,32.7679,16234.769595417849,-659.6383232550305,5.0,2.43,3.0,-21614.96261258851,21614.96261258851,3138.0483456800653,15.0,116.83198947648592,14308.219178082192,0,1,0,0,0,0
4789,29.5141,18381.100771625068,-659.6383232550305,5.0,2.43,3.0,-19468.631436381296,19468.631436381296,3138.0483456800653,15.0,116.83198947648592,14308.219178082192,0,1,0,0,0,0
4790,29.1958,18591.06364991714,-659.6383232550305,5.0,2.43,3.0,-19258.66855808922,19258.66855808922,3138.0483456800653,15.0,116.83198947648592,14308.219178082192,0,1,0,0,0,0
4791,29.1616,18613.62328057246,-659.6383232550305,5.0,2.43,3.0,-19236.1089274339,19236.1089274339,3138.0483456800653,15.0,116.83198947648592,14308.219178082192,0,1,0,0,0,0
4792,30.5744,17681.686257477755,-659.6383232550305,5.0,2.43,3.0,-20168.045950528605,20168.045950528605,3138.0483456800653,15.0,116.83198947648592,14308.219178082192,0,1,0,0,0,0
4793,27.1314,19952.821004444828,-659.6383232550305,5.0,2.43,3.0,-17896.911203561533,17896.911203561533,3138.0483456800653,15.0,116.83198947648592,14308.219178082192,0,1,0,0,0,0
4794,32.1168,16664.2601076892,-659.6383232550305,5.0,2.43,3.0,-21185.47210031716,21185.47210031716,3138.0483456800653,15.0,116.83198947648592,14308.219178082192,0,1,0,0,0,0
4795,31.035,17377.85684578649,-659.6383232550305,5.0,2.43,3.0,-20471.87536221987,20471.87536221987,3138.0483456800653,15.0,116.83198947648592,14308.219178082192,0,1,0,0,0,0
4796,30.7766,17548.30738851559,-659.6383232550305,5.0,2.43,3.0,-20301.42481949077,20301.42481949077,3138.0483456800653,15.0,116.83198947648592,14308.219178082192,0,1,0,0,0,0
4797,27.4175,19764.09848016156,-659.6383232550305,5.0,2.43,3.0,-18085.6337278448,18085.6337278448,3138.0483456800653,15.0,116.83198947648592,14308.219178082192,0,1,0,0,0,0
4798,23.8538,22114.851572745516,-659.6383232550305,5.0,2.43,3.0,-15734.880635260846,15734.880635260846,3138.0483456800653,15.0,116.83198947648592,14308.219178082192,0,1,0,0,0,0
4799,22.5157,22997.51361309307,-659.6383232550305,5.0,2.43,3.0,-14852.218594913289,14852.218594913289,3138.0483456800653,15.0,116.83198947648592,14308.219178082192,0,1,0,0,0,0
4800,22.173,23223.57166647257,-659.6383232550305,5.0,2.43,3.0,-14626.16054153379,14626.16054153379,3138.0483456800653,15.0,116.83198947648592,14308.219178082192,0,1,0,0,0,0
4801,20.6866,24204.058070158848,-659.6383232550305,5.0,2.43,3.0,-13645.674137847513,13645.674137847513,3138.0483456800653,15.0,116.83198947648592,14308.219178082192,0,1,0,0,0,0
4802,19.4231,25037.51109159158,-659.6383232550305,5.0,2.43,3.0,-12812.221116414785,12812.221116414785,3138.0483456800653,15.0,116.83198947648592,14308.219178082192,0,1,0,0,0,0
4803,18.9942,25320.42996843566,-659.6383232550305,5.0,2.43,3.0,-12529.3022395707,12529.3022395707,3138.0483456800653,15.0,116.83198947648592,14308.219178082192,0,1,0,0,0,0
4804,19.1357,25227.091145695074,-659.6383232550305,5.0,2.43,3.0,-12622.641062311288,12622.641062311288,3138.0483456800653,15.0,116.83198947648592,14308.219178082192,0,1,0,0,0,0
4805,18.6078,25575.314216541403,-659.6383232550305,5.0,2.43,3.0,-12274.417991464958,12274.417991464958,3138.0483456800653,15.0,116.83198947648592,14308.219178082192,0,1,0,0,0,0
4806,20.1112,24583.61396135979,-659.6383232550305,5.0,2.43,3.0,-13266.11824664657,13266.11824664657,3138.0483456800653,15.0,116.83198947648592,14308.219178082192,0,1,0,0,0,0
4807,23.1277,22593.81495926099,-659.6383232550305,5.0,2.43,3.0,-15255.917248745369,15255.917248745369,3138.0483456800653,15.0,116.83198947648592,14308.219178082192,0,1,0,0,0,0
4808,24.7478,21525.134911755515,-659.6383232550305,5.0,2.43,3.0,-16324.597296250846,16324.597296250846,3138.0483456800653,15.0,116.83198947648592,14308.219178082192,0,1,0,0,0,0
4809,25.1609,21252.63832041886,-659.6383232550305,5.0,2.43,3.0,-16597.0938875875,16597.0938875875,3138.0483456800653,15.0,116.83198947648592,14308.219178082192,0,1,0,0,0,0
4810,25.3898,21101.64710822579,-659.6383232550305,5.0,2.43,3.0,-16748.085099780576,16748.085099780576,3138.0483456800653,15.0,116.83198947648592,14308.219178082192,0,1,0,0,0,0
4811,27.6393,19617.790700063597,-659.6383232550305,5.0,2.43,3.0,-18231.941507942764,18231.941507942764,3138.0483456800653,15.0,116.83198947648592,14308.219178082192,0,1,0,0,0,0
4812,28.4519,19081.76859858656,-659.6383232550305,5.0,2.43,3.0,-18767.963609419803,18767.963609419803,3138.0483456800653,15.0,116.83198947648592,14308.219178082192,0,1,0,0,0,0
4813,29.9609,18086.374368794717,-659.6383232550305,5.0,2.43,3.0,-19763.357839211643,19763.357839211643,3138.0483456800653,15.0,116.83198947648592,14308.219178082192,0,1,0,0,0,0
4814,32.9722,16100.005485976842,-659.6383232550305,5.0,2.43,3.0,-21749.726722029518,21749.726722029518,3138.0483456800653,15.0,116.83198947648592,14308.219178082192,0,1,0,0,0,0
4815,32.3711,16496.514082085443,-659.6383232550305,5.0,2.43,3.0,-21353.218125920917,21353.218125920917,3138.0483456800653,15.0,116.83198947648592,14308.219178082192,0,1,0,0,0,0
4816,31.7652,16896.188942145665,-659.6383232550305,5.0,2.43,3.0,-20953.543265860695,20953.543265860695,3138.0483456800653,15.0,116.83198947648592,14308.219178082192,0,1,0,0,0,0
4817,29.3697,18476.35254550309,-659.6383232550305,5.0,2.43,3.0,-19373.37966250327,19373.37966250327,3138.0483456800653,15.0,116.83198947648592,14308.219178082192,0,1,0,0,0,0
4818,26.9494,20072.875179277242,-659.6383232550305,5.0,2.43,3.0,-17776.85702872912,17776.85702872912,3138.0483456800653,15.0,116.83198947648592,14308.219178082192,0,1,0,0,0,0
4819,26.5307,20349.06574522412,-659.6383232550305,5.0,2.43,3.0,-17500.66646278224,17500.66646278224,3138.0483456800653,15.0,116.83198947648592,14308.219178082192,0,1,0,0,0,0
4820,28.5741,19001.160795484793,-659.6383232550305,5.0,2.43,3.0,-18848.571412521567,18848.571412521567,3138.0483456800653,15.0,116.83198947648592,14308.219178082192,0,1,0,0,0,0
4821,24.7765,21506.203291878097,-659.6383232550305,5.0,2.43,3.0,-16343.528916128264,16343.528916128264,3138.0483456800653,15.0,116.83198947648592,14308.219178082192,0,1,0,0,0,0
4822,22.4966,23010.11270506724,-659.6383232550305,5.0,2.43,3.0,-14839.61950293912,14839.61950293912,3138.0483456800653,15.0,116.83198947648592,14308.219178082192,0,1,0,0,0,0
4823,22.2968,23141.908442053595,-659.6383232550305,5.0,2.43,3.0,-14707.823765952766,14707.823765952766,3138.0483456800653,15.0,116.83198947648592,14308.219178082192,0,1,0,0,0,0
4824,21.6146,23591.91370617818,-659.6383232550305,5.0,2.43,3.0,-14257.818501828182,14257.818501828182,3138.0483456800653,15.0,116.83198947648592,14308.219178082192,0,1,0,0,0,0
4825,19.7948,24792.323526837685,-659.6383232550305,5.0,2.43,3.0,-13057.408681168678,13057.408681168678,3138.0483456800653,15.0,116.83198947648592,14308.219178082192,0,1,0,0,0,0
4826,19.3919,25058.091807277135,-659.6383232550305,5.0,2.43,3.0,-12791.640400729226,12791.640400729226,3138.0483456800653,15.0,116.83198947648592,14308.219178082192,0,1,0,0,0,0
4827,17.6948,26177.564005673245,-659.6383232550305,5.0,2.43,3.0,-11672.168202333114,11672.168202333114,3138.0483456800653,15.0,116.83198947648592,14308.219178082192,0,1,0,0,0,0
4828,17.6822,26185.875448546256,-659.6383232550305,5.0,2.43,3.0,-11663.8567594601,11663.8567594601,3138.0483456800653,15.0,116.83198947648592,14308.219178082192,0,1,0,0,0,0
4829,15.8218,27413.06658512992,-659.6383232550305,5.0,2.43,3.0,-10436.665622876442,10436.665622876442,3138.0483456800653,15.0,116.83198947648592,14308.219178082192,0,1,0,0,0,0
4830,18.9017,25381.44651333675,-659.6383232550305,5.0,2.43,3.0,-12468.285694669612,12468.285694669612,3138.0483456800653,15.0,116.83198947648592,14308.219178082192,0,1,0,0,0,0
4831,22.4834,23018.81993093421,-659.6383232550305,5.0,2.43,3.0,-14830.912277072153,14830.912277072153,3138.0483456800653,15.0,116.83198947648592,14308.219178082192,0,1,0,0,0,0
4832,24.8441,21461.611741226057,-659.6383232550305,5.0,2.43,3.0,-16388.120466780303,16388.120466780303,3138.0483456800653,15.0,116.83198947648592,14308.219178082192,0,1,0,0,0,0
4833,28.3659,19138.49749438649,-659.6383232550305,5.0,2.43,3.0,-18711.23471361987,18711.23471361987,3138.0483456800653,15.0,116.83198947648592,14308.219178082192,0,1,0,0,0,0
4834,29.3038,18519.8227110056,-659.6383232550305,5.0,2.43,3.0,-19329.90949700076,19329.90949700076,3138.0483456800653,15.0,116.83198947648592,14308.219178082192,0,1,0,0,0,0
4835,31.0465,17370.271005069055,-659.6383232550305,5.0,2.43,3.0,-20479.461202937306,20479.461202937306,3138.0483456800653,15.0,116.83198947648592,14308.219178082192,0,1,0,0,0,0
4836,31.2913,17208.791543536223,-659.6383232550305,5.0,2.43,3.0,-20640.940664470138,20640.940664470138,3138.0483456800653,15.0,116.83198947648592,14308.219178082192,0,1,0,0,0,0
4837,42.9994,9485.680091033999,-659.6383232550305,5.0,2.43,3.0,-28364.05211697236,28364.05211697236,3138.0483456800653,15.0,116.83198947648592,14308.219178082192,0,1,0,0,0,0
4838,30.9938,17405.033944704595,-659.6383232550305,5.0,2.43,3.0,-20444.698263301765,20444.698263301765,3138.0483456800653,15.0,116.83198947648592,14308.219178082192,0,1,0,0,0,0
4839,29.1653,18611.18261877642,-659.6383232550305,5.0,2.43,3.0,-19238.54958922994,19238.54958922994,3138.0483456800653,15.0,116.83198947648592,14308.219178082192,0,1,0,0,0,0
4840,29.4718,18409.00347269875,-659.6383232550305,5.0,2.43,3.0,-19440.72873530761,19440.72873530761,3138.0483456800653,15.0,116.83198947648592,14308.219178082192,0,1,0,0,0,0
4841,27.3803,19788.63702578665,-659.6383232550305,5.0,2.43,3.0,-18061.09518221971,18061.09518221971,3138.0483456800653,15.0,116.83198947648592,14308.219178082192,0,1,0,0,0,0
4842,25.2228,21211.806708209377,-659.6383232550305,5.0,2.43,3.0,-16637.925499796984,16637.925499796984,3138.0483456800653,15.0,116.83198947648592,14308.219178082192,0,1,0,0,0,0
4843,25.1668,21248.74645431166,-659.6383232550305,5.0,2.43,3.0,-16600.985753694702,16600.985753694702,3138.0483456800653,15.0,116.83198947648592,14308.219178082192,0,1,0,0,0,0
4844,24.455,21718.27701280459,-659.6383232550305,5.0,2.43,3.0,-16131.45519520177,16131.45519520177,3138.0483456800653,15.0,116.83198947648592,14308.219178082192,0,1,0,0,0,0
4845,22.9206,22730.426056007105,-659.6383232550305,5.0,2.43,3.0,-15119.306151999253,15119.306151999253,3138.0483456800653,15.0,116.83198947648592,14308.219178082192,0,1,0,0,0,0
4846,22.4121,23065.852143382293,-659.6383232550305,5.0,2.43,3.0,-14783.880064624069,14783.880064624069,3138.0483456800653,15.0,116.83198947648592,14308.219178082192,0,1,0,0,0,0
4847,20.5169,24315.998693615227,-659.6383232550305,5.0,2.43,3.0,-13533.733514391135,13533.733514391135,3138.0483456800653,15.0,116.83198947648592,14308.219178082192,0,1,0,0,0,0
4848,20.097,24592.98082555001,-659.6383232550305,5.0,2.43,3.0,-13256.751382456348,13256.751382456348,3138.0483456800653,15.0,116.83198947648592,14308.219178082192,0,1,0,0,0,0
4849,19.2202,25171.351707380025,-659.6383232550305,5.0,2.43,3.0,-12678.380500626336,12678.380500626336,3138.0483456800653,15.0,116.83198947648592,14308.219178082192,0,1,0,0,0,0
4850,18.2613,25803.87889554927,-659.6383232550305,5.0,2.43,3.0,-12045.853312457088,12045.853312457088,3138.0483456800653,15.0,116.83198947648592,14308.219178082192,0,1,0,0,0,0
4851,18.7267,25496.88321990638,-659.6383232550305,5.0,2.43,3.0,-12352.84898809998,12352.84898809998,3138.0483456800653,15.0,116.83198947648592,14308.219178082192,0,1,0,0,0,0
4852,19.7706,24808.286774260454,-659.6383232550305,5.0,2.43,3.0,-13041.445433745908,13041.445433745908,3138.0483456800653,15.0,116.83198947648592,14308.219178082192,0,1,0,0,0,0
4853,19.9093,24716.794938824984,-659.6383232550305,5.0,2.43,3.0,-13132.93726918138,13132.93726918138,3138.0483456800653,15.0,116.83198947648592,14308.219178082192,0,1,0,0,0,0
4854,21.7367,23511.37186690874,-659.6383232550305,5.0,2.43,3.0,-14338.360341097621,14338.360341097621,3138.0483456800653,15.0,116.83198947648592,14308.219178082192,0,1,0,0,0,0
4855,23.2665,22502.257159993194,-659.6383232550305,5.0,2.43,3.0,-15347.475048013168,15347.475048013168,3138.0483456800653,15.0,116.83198947648592,14308.219178082192,0,1,0,0,0,0
4856,24.6285,21603.82976371984,-659.6383232550305,5.0,2.43,3.0,-16245.902444286517,16245.902444286517,3138.0483456800653,15.0,116.83198947648592,14308.219178082192,0,1,0,0,0,0
4857,25.2376,21202.044061025204,-659.6383232550305,5.0,2.43,3.0,-16647.68814698116,16647.68814698116,3138.0483456800653,15.0,116.83198947648592,14308.219178082192,0,1,0,0,0,0
4858,30.234,17906.227142713768,-659.6383232550305,5.0,2.43,3.0,-19943.505065292593,19943.505065292593,3138.0483456800653,15.0,116.83198947648592,14308.219178082192,0,1,0,0,0,0
4859,31.3757,17153.1180690535,-659.6383232550305,5.0,2.43,3.0,-20696.61413895286,20696.61413895286,3138.0483456800653,15.0,116.83198947648592,14308.219178082192,0,1,0,0,0,0
4860,30.0342,18038.022879700125,-659.6383232550305,5.0,2.43,3.0,-19811.709328306235,19811.709328306235,3138.0483456800653,15.0,116.83198947648592,14308.219178082192,0,1,0,0,0,0
4861,28.4658,19072.599625893312,-659.6383232550305,5.0,2.43,3.0,-18777.13258211305,18777.13258211305,3138.0483456800653,15.0,116.83198947648592,14308.219178082192,0,1,0,0,0,0
4862,26.9326,20083.957103107925,-659.6383232550305,5.0,2.43,3.0,-17765.775104898436,17765.775104898436,3138.0483456800653,15.0,116.83198947648592,14308.219178082192,0,1,0,0,0,0
4863,27.7342,19555.191023186693,-659.6383232550305,5.0,2.43,3.0,-18294.541184819667,18294.541184819667,3138.0483456800653,15.0,116.83198947648592,14308.219178082192,0,1,0,0,0,0
4864,24.5603,21648.817097365834,-659.6383232550305,5.0,2.43,3.0,-16200.915110640526,16200.915110640526,3138.0483456800653,15.0,116.83198947648592,14308.219178082192,0,1,0,0,0,0
4865,22.211,23198.505410188878,-659.6383232550305,5.0,2.43,3.0,-14651.226797817482,14651.226797817482,3138.0483456800653,15.0,116.83198947648592,14308.219178082192,0,1,0,0,0,0
4866,21.9082,23398.2438944705,-659.6383232550305,5.0,2.43,3.0,-14451.48831353586,14451.48831353586,3138.0483456800653,15.0,116.83198947648592,14308.219178082192,0,1,0,0,0,0
4867,20.8179,24117.44755831546,-659.6383232550305,5.0,2.43,3.0,-13732.2846496909,13732.2846496909,3138.0483456800653,15.0,116.83198947648592,14308.219178082192,0,1,0,0,0,0
4868,20.182,24536.911568073338,-659.6383232550305,5.0,2.43,3.0,-13312.820639933025,13312.820639933025,3138.0483456800653,15.0,116.83198947648592,14308.219178082192,0,1,0,0,0,0
4869,18.6667,25536.461519301687,-659.6383232550305,5.0,2.43,3.0,-12313.270688704677,12313.270688704677,3138.0483456800653,15.0,116.83198947648592,14308.219178082192,0,1,0,0,0,0
4870,18.4029,25710.474108976363,-659.6383232550305,5.0,2.43,3.0,-12139.258099030001,12139.258099030001,3138.0483456800653,15.0,116.83198947648592,14308.219178082192,0,1,0,0,0,0
4871,18.7855,25458.096486498987,-659.6383232550305,5.0,2.43,3.0,-12391.635721507375,12391.635721507375,3138.0483456800653,15.0,116.83198947648592,14308.219178082192,0,1,0,0,0,0
4872,18.0948,25913.708676371236,-659.6383232550305,5.0,2.43,3.0,-11936.023531635126,11936.023531635126,3138.0483456800653,15.0,116.83198947648592,14308.219178082192,0,1,0,0,0,0
4873,15.6091,27553.371656486263,-659.6383232550305,5.0,2.43,3.0,-10296.360551520096,10296.360551520096,3138.0483456800653,15.0,116.83198947648592,14308.219178082192,0,1,0,0,0,0
4874,15.2043,27820.3932497399,-659.6383232550305,5.0,2.43,3.0,-10029.33895826646,10029.33895826646,3138.0483456800653,15.0,116.83198947648592,14308.219178082192,0,1,0,0,0,0
4875,15.2152,27813.203192016423,-659.6383232550305,5.0,2.43,3.0,-10036.52901598994,10036.52901598994,3138.0483456800653,15.0,116.83198947648592,14308.219178082192,0,1,0,0,0,0
4876,17.0571,26598.21536441298,-659.6383232550305,5.0,2.43,3.0,-11251.51684359338,11251.51684359338,3138.0483456800653,15.0,116.83198947648592,14308.219178082192,0,1,0,0,0,0
4877,18.3586,25739.696086696556,-659.6383232550305,5.0,2.43,3.0,-12110.036121309802,12110.036121309802,3138.0483456800653,15.0,116.83198947648592,14308.219178082192,0,1,0,0,0,0
4878,18.8839,25393.18807549069,-659.6383232550305,5.0,2.43,3.0,-12456.544132515672,12456.544132515672,3138.0483456800653,15.0,116.83198947648592,14308.219178082192,0,1,0,0,0,0
4879,19.3409,25091.73336176314,-659.6383232550305,5.0,2.43,3.0,-12757.998846243221,12757.998846243221,3138.0483456800653,15.0,116.83198947648592,14308.219178082192,0,1,0,0,0,0
4880,20.0132,24648.258517038783,-659.6383232550305,5.0,2.43,3.0,-13201.473690967578,13201.473690967578,3138.0483456800653,15.0,116.83198947648592,14308.219178082192,0,1,0,0,0,0
4881,21.3259,23782.351290101906,-659.6383232550305,5.0,2.43,3.0,-14067.380917904457,14067.380917904457,3138.0483456800653,15.0,116.83198947648592,14308.219178082192,0,1,0,0,0,0
4882,22.2027,23203.980408271895,-659.6383232550305,5.0,2.43,3.0,-14645.751799734466,14645.751799734466,3138.0483456800653,15.0,116.83198947648592,14308.219178082192,0,1,0,0,0,0
4883,21.7841,23480.10501038645,-659.6383232550305,5.0,2.43,3.0,-14369.62719761991,14369.62719761991,3138.0483456800653,15.0,116.83198947648592,14308.219178082192,0,1,0,0,0,0
4884,22.3351,23116.64429427293,-659.6383232550305,5.0,2.43,3.0,-14733.087913733432,14733.087913733432,3138.0483456800653,15.0,116.83198947648592,14308.219178082192,0,1,0,0,0,0
4885,22.6635,22900.01906891598,-659.6383232550305,5.0,2.43,3.0,-14949.713139090383,14949.713139090383,3138.0483456800653,15.0,116.83198947648592,14308.219178082192,0,1,0,0,0,0
4886,24.2208,21872.76430811092,-659.6383232550305,5.0,2.43,3.0,-15976.967899895444,15976.967899895444,3138.0483456800653,15.0,116.83198947648592,14308.219178082192,0,1,0,0,0,0
4887,23.6222,22267.62380841138,-659.6383232550305,5.0,2.43,3.0,-15582.108399594981,15582.108399594981,3138.0483456800653,15.0,116.83198947648592,14308.219178082192,0,1,0,0,0,0
4888,23.6694,22236.48887955374,-659.6383232550305,5.0,2.43,3.0,-15613.24332845262,15613.24332845262,3138.0483456800653,15.0,116.83198947648592,14308.219178082192,0,1,0,0,0,0
4889,23.4288,22395.1978601289,-659.6383232550305,5.0,2.43,3.0,-15454.534347877458,15454.534347877458,3138.0483456800653,15.0,116.83198947648592,14308.219178082192,0,1,0,0,0,0
4890,21.8283,23450.948996498577,-659.6383232550305,5.0,2.43,3.0,-14398.783211507782,14398.783211507782,3138.0483456800653,15.0,116.83198947648592,14308.219178082192,0,1,0,0,0,0
4891,21.4831,23678.656145686215,-659.6383232550305,5.0,2.43,3.0,-14171.076062320146,14171.076062320146,3138.0483456800653,15.0,116.83198947648592,14308.219178082192,0,1,0,0,0,0
4892,20.3917,24398.585411686756,-659.6383232550305,5.0,2.43,3.0,-13451.146796319606,13451.146796319606,3138.0483456800653,15.0,116.83198947648592,14308.219178082192,0,1,0,0,0,0
4893,18.7024,25512.91243116148,-659.6383232550305,5.0,2.43,3.0,-12336.819776844883,12336.819776844883,3138.0483456800653,15.0,116.83198947648592,14308.219178082192,0,1,0,0,0,0
4894,17.5658,26262.65734937315,-659.6383232550305,5.0,2.43,3.0,-11587.074858633214,11587.074858633214,3138.0483456800653,15.0,116.83198947648592,14308.219178082192,0,1,0,0,0,0
4895,17.6315,26219.31911153529,-659.6383232550305,5.0,2.43,3.0,-11630.41309647107,11630.41309647107,3138.0483456800653,15.0,116.83198947648592,14308.219178082192,0,1,0,0,0,0
4896,15.65,27526.392449065133,-659.6383232550305,5.0,2.43,3.0,-10323.339758941227,10323.339758941227,3138.0483456800653,15.0,116.83198947648592,14308.219178082192,0,1,0,0,0,0
4897,15.256,27786.289948427617,-659.6383232550305,5.0,2.43,3.0,-10063.442259578746,10063.442259578746,3138.0483456800653,15.0,116.83198947648592,14308.219178082192,0,1,0,0,0,0
4898,14.7664,28109.248871493277,-659.6383232550305,5.0,2.43,3.0,-9740.483336513083,9740.483336513083,3138.0483456800653,15.0,116.83198947648592,14308.219178082192,0,1,0,0,0,0
4899,14.9162,28010.435050669676,-659.6383232550305,5.0,2.43,3.0,-9839.297157336687,9839.297157336687,3138.0483456800653,15.0,116.83198947648592,14308.219178082192,0,1,0,0,0,0
4900,14.8792,28034.84166863011,-659.6383232550305,5.0,2.43,3.0,-9814.89053937625,9814.89053937625,3138.0483456800653,15.0,116.83198947648592,14308.219178082192,0,1,0,0,0,0
4901,16.1208,27215.834726476663,-659.6383232550305,5.0,2.43,3.0,-10633.897481529695,10633.897481529695,3138.0483456800653,15.0,116.83198947648592,14308.219178082192,0,1,0,0,0,0
4902,17.5101,26299.39920397845,-659.6383232550305,5.0,2.43,3.0,-11550.33300402791,11550.33300402791,3138.0483456800653,15.0,116.83198947648592,14308.219178082192,0,1,0,0,0,0
4903,20.1558,24554.194092142614,-659.6383232550305,5.0,2.43,3.0,-13295.538115863743,13295.538115863743,3138.0483456800653,15.0,116.83198947648592,14308.219178082192,0,1,0,0,0,0
4904,21.4314,23712.759446998498,-659.6383232550305,5.0,2.43,3.0,-14136.97276100786,14136.97276100786,3138.0483456800653,15.0,116.83198947648592,14308.219178082192,0,1,0,0,0,0
4905,25.9624,20723.93820432996,-659.6383232550305,5.0,2.43,3.0,-17125.794003676405,17125.794003676405,3138.0483456800653,15.0,116.83198947648592,14308.219178082192,0,1,0,0,0,0
4906,28.8965,18788.49340006737,-659.6383232550305,5.0,2.43,3.0,-19061.23880793899,19061.23880793899,3138.0483456800653,15.0,116.83198947648592,14308.219178082192,0,1,0,0,0,0
4907,26.2623,20526.112671185772,-659.6383232550305,5.0,2.43,3.0,-17323.619536820588,17323.619536820588,3138.0483456800653,15.0,116.83198947648592,14308.219178082192,0,1,0,0,0,0
4908,27.6776,19592.52655228293,-659.6383232550305,5.0,2.43,3.0,-18257.205655723435,18257.205655723435,3138.0483456800653,15.0,116.83198947648592,14308.219178082192,0,1,0,0,0,0
4909,30.4885,17738.349189445365,-659.6383232550305,5.0,2.43,3.0,-20111.383018560995,20111.383018560995,3138.0483456800653,15.0,116.83198947648592,14308.219178082192,0,1,0,0,0,0
4910,54.5821,12327.075744269021,650.0,0,2.43,3.0,35478.365,-35478.365,15071.972825128516,0,556.8949724310688,14308.219178082192,1,0,0,0,0,0
4911,65.4665,19401.93574426902,650.0,0,2.43,3.0,42553.225,-42553.225,15071.972825128516,0,556.8949724310688,14308.219178082192,1,0,0,0,0,0
4912,35.9997,14102.950462322242,-659.6383232550305,5.0,2.43,3.0,-23746.78174568412,23746.78174568412,3138.0483456800653,15.0,116.83198947648592,14308.219178082192,0,1,0,0,0,0
4913,42.1715,10031.794658856841,-659.6383232550305,5.0,2.43,3.0,-27817.93754914952,27817.93754914952,3138.0483456800653,15.0,116.83198947648592,14308.219178082192,0,1,0,0,0,0
4914,24.435,21731.46977926969,-659.6383232550305,5.0,2.43,3.0,-16118.262428736669,16118.262428736669,3138.0483456800653,15.0,116.83198947648592,14308.219178082192,0,1,0,0,0,0
4915,23.8903,22090.77477394671,-659.6383232550305,5.0,2.43,3.0,-15758.957434059655,15758.957434059655,3138.0483456800653,15.0,116.83198947648592,14308.219178082192,0,1,0,0,0,0
4916,22.6903,22882.34076185274,-659.6383232550305,5.0,2.43,3.0,-14967.391446153619,14967.391446153619,3138.0483456800653,15.0,116.83198947648592,14308.219178082192,0,1,0,0,0,0
4917,20.3468,24428.203172400907,-659.6383232550305,5.0,2.43,3.0,-13421.529035605456,13421.529035605456,3138.0483456800653,15.0,116.83198947648592,14308.219178082192,0,1,0,0,0,0
4918,18.8516,25414.494393331828,-659.6383232550305,5.0,2.43,3.0,-12435.237814674534,12435.237814674534,3138.0483456800653,15.0,116.83198947648592,14308.219178082192,0,1,0,0,0,0
4919,18.0684,25931.123128105166,-659.6383232550305,5.0,2.43,3.0,-11918.609079901194,11918.609079901194,3138.0483456800653,15.0,116.83198947648592,14308.219178082192,0,1,0,0,0,0
4920,17.3784,26386.273571151138,-659.6383232550305,5.0,2.43,3.0,-11463.45863685522,11463.45863685522,3138.0483456800653,15.0,116.83198947648592,14308.219178082192,0,1,0,0,0,0
4921,15.2908,27763.33453477834,-659.6383232550305,5.0,2.43,3.0,-10086.39767322802,10086.39767322802,3138.0483456800653,15.0,116.83198947648592,14308.219178082192,0,1,0,0,0,0
4922,14.5793,28232.667201774297,-659.6383232550305,5.0,2.43,3.0,-9617.065006232066,9617.065006232066,3138.0483456800653,15.0,116.83198947648592,14308.219178082192,0,1,0,0,0,0
4923,14.3248,28400.5451550427,-659.6383232550305,5.0,2.43,3.0,-9449.187052963662,9449.187052963662,3138.0483456800653,15.0,116.83198947648592,14308.219178082192,0,1,0,0,0,0
4924,15.9212,27347.498535798368,-659.6383232550305,5.0,2.43,3.0,-10502.233672207993,10502.233672207993,3138.0483456800653,15.0,116.83198947648592,14308.219178082192,0,1,0,0,0,0
4925,17.9688,25996.823105101368,-659.6383232550305,5.0,2.43,3.0,-11852.909102904994,11852.909102904994,3138.0483456800653,15.0,116.83198947648592,14308.219178082192,0,1,0,0,0,0
4926,19.0632,25274.914924131066,-659.6383232550305,5.0,2.43,3.0,-12574.817283875296,12574.817283875296,3138.0483456800653,15.0,116.83198947648592,14308.219178082192,0,1,0,0,0,0
4927,20.9394,24037.301502039976,-659.6383232550305,5.0,2.43,3.0,-13812.430705966386,13812.430705966386,3138.0483456800653,15.0,116.83198947648592,14308.219178082192,0,1,0,0,0,0
4928,20.297,24461.053160899006,-659.6383232550305,5.0,2.43,3.0,-13388.679047107355,13388.679047107355,3138.0483456800653,15.0,116.83198947648592,14308.219178082192,0,1,0,0,0,0
4929,30.3201,17849.43228308151,-659.6383232550305,5.0,2.43,3.0,-20000.29992492485,20000.29992492485,3138.0483456800653,15.0,116.83198947648592,14308.219178082192,0,1,0,0,0,0
4930,35.2645,14587.916557579341,-659.6383232550305,5.0,2.43,3.0,-23261.815650427023,23261.815650427023,3138.0483456800653,15.0,116.83198947648592,14308.219178082192,0,1,0,0,0,0
4931,28.0878,19321.942912083716,-659.6383232550305,5.0,2.43,3.0,-18527.78929592265,18527.78929592265,3138.0483456800653,15.0,116.83198947648592,14308.219178082192,0,1,0,0,0,0
4932,30.8317,17511.961316904235,-659.6383232550305,5.0,2.43,3.0,-20337.770891102125,20337.770891102125,3138.0483456800653,15.0,116.83198947648592,14308.219178082192,0,1,0,0,0,0
4933,35.309,14558.56265219449,-659.6383232550305,5.0,2.43,3.0,-23291.16955581187,23291.16955581187,3138.0483456800653,15.0,116.83198947648592,14308.219178082192,0,1,0,0,0,0
4934,26.7813,20183.76038141641,-659.6383232550305,5.0,2.43,3.0,-17665.97182658995,17665.97182658995,3138.0483456800653,15.0,116.83198947648592,14308.219178082192,0,1,0,0,0,0
4935,41.4608,10500.599615194194,-659.6383232550305,5.0,2.43,3.0,-27349.13259281217,27349.13259281217,3138.0483456800653,15.0,116.83198947648592,14308.219178082192,0,1,0,0,0,0
4936,42.3472,9915.896205460933,-659.6383232550305,5.0,2.43,3.0,-27933.836002545428,27933.836002545428,3138.0483456800653,15.0,116.83198947648592,14308.219178082192,0,1,0,0,0,0
4937,31.2716,17221.78641850435,-659.6383232550305,5.0,2.43,3.0,-20627.945789502013,20627.945789502013,3138.0483456800653,15.0,116.83198947648592,14308.219178082192,0,1,0,0,0,0
4938,34.8814,14840.62399921834,-659.6383232550305,5.0,2.43,3.0,-23009.10820878802,23009.10820878802,3138.0483456800653,15.0,116.83198947648592,14308.219178082192,0,1,0,0,0,0
4939,25.6767,20912.396873283917,-659.6383232550305,5.0,2.43,3.0,-16937.335334722444,16937.335334722444,3138.0483456800653,15.0,116.83198947648592,14308.219178082192,0,1,0,0,0,0
4940,31.172,17287.48639550055,-659.6383232550305,5.0,2.43,3.0,-20562.24581250581,20562.24581250581,3138.0483456800653,15.0,116.83198947648592,14308.219178082192,0,1,0,0,0,0
4941,22.2127,23197.38402503934,-659.6383232550305,5.0,2.43,3.0,-14652.348182967018,14652.348182967018,3138.0483456800653,15.0,116.83198947648592,14308.219178082192,0,1,0,0,0,0
4942,20.5091,24321.143872536613,-659.6383232550305,5.0,2.43,3.0,-13528.588335469747,13528.588335469747,3138.0483456800653,15.0,116.83198947648592,14308.219178082192,0,1,0,0,0,0
4943,18.7338,25492.199787811274,-659.6383232550305,5.0,2.43,3.0,-12357.53242019509,12357.53242019509,3138.0483456800653,15.0,116.83198947648592,14308.219178082192,0,1,0,0,0,0
4944,16.4008,27031.135995965255,-659.6383232550305,5.0,2.43,3.0,-10818.596212041104,10818.596212041104,3138.0483456800653,15.0,116.83198947648592,14308.219178082192,0,1,0,0,0,0
4945,15.3919,27696.645100297257,-659.6383232550305,5.0,2.43,3.0,-10153.087107709103,10153.087107709103,3138.0483456800653,15.0,116.83198947648592,14308.219178082192,0,1,0,0,0,0
4946,14.6119,28211.16299243618,-659.6383232550305,5.0,2.43,3.0,-9638.56921557018,9638.56921557018,3138.0483456800653,15.0,116.83198947648592,14308.219178082192,0,1,0,0,0,0
4947,14.6287,28200.081068605497,-659.6383232550305,5.0,2.43,3.0,-9649.651139400865,9649.651139400865,3138.0483456800653,15.0,116.83198947648592,14308.219178082192,0,1,0,0,0,0
4948,15.3234,27741.830325440227,-659.6383232550305,5.0,2.43,3.0,-10107.901882566135,10107.901882566135,3138.0483456800653,15.0,116.83198947648592,14308.219178082192,0,1,0,0,0,0
4949,18.8098,25442.067275243888,-659.6383232550305,5.0,2.43,3.0,-12407.664932762473,12407.664932762473,3138.0483456800653,15.0,116.83198947648592,14308.219178082192,0,1,0,0,0,0
4950,19.5858,24930.187936397982,-659.6383232550305,5.0,2.43,3.0,-12919.544271608376,12919.544271608376,3138.0483456800653,15.0,116.83198947648592,14308.219178082192,0,1,0,0,0,0
4951,20.0454,24627.01816302997,-659.6383232550305,5.0,2.43,3.0,-13222.714044976388,13222.714044976388,3138.0483456800653,15.0,116.83198947648592,14308.219178082192,0,1,0,0,0,0
4952,21.1507,23897.919924336187,-659.6383232550305,5.0,2.43,3.0,-13951.812283670175,13951.812283670175,3138.0483456800653,15.0,116.83198947648592,14308.219178082192,0,1,0,0,0,0
4953,24.0565,21981.14288462172,-659.6383232550305,5.0,2.43,3.0,-15868.589323384642,15868.589323384642,3138.0483456800653,15.0,116.83198947648592,14308.219178082192,0,1,0,0,0,0
4954,23.3697,22434.18248503327,-659.6383232550305,5.0,2.43,3.0,-15415.549722973088,15415.549722973088,3138.0483456800653,15.0,116.83198947648592,14308.219178082192,0,1,0,0,0,0
4955,23.214,22536.888171964085,-659.6383232550305,5.0,2.43,3.0,-15312.844036042277,15312.844036042277,3138.0483456800653,15.0,116.83198947648592,14308.219178082192,0,1,0,0,0,0
4956,24.3117,21812.803184527038,-659.6383232550305,5.0,2.43,3.0,-16036.929023479324,16036.929023479324,3138.0483456800653,15.0,116.83198947648592,14308.219178082192,0,1,0,0,0,0
4957,27.3325,19820.16773763824,-659.6383232550305,5.0,2.43,3.0,-18029.56447036812,18029.56447036812,3138.0483456800653,15.0,116.83198947648592,14308.219178082192,0,1,0,0,0,0
4958,26.3023,20499.727138255574,-659.6383232550305,5.0,2.43,3.0,-17350.005069750787,17350.005069750787,3138.0483456800653,15.0,116.83198947648592,14308.219178082192,0,1,0,0,0,0
4959,32.9796,16095.12416238476,-659.6383232550305,5.0,2.43,3.0,-21754.608045621604,21754.608045621604,3138.0483456800653,15.0,116.83198947648592,14308.219178082192,0,1,0,0,0,0
4960,31.3997,17137.28674929538,-659.6383232550305,5.0,2.43,3.0,-20712.44545871098,20712.44545871098,3138.0483456800653,15.0,116.83198947648592,14308.219178082192,0,1,0,0,0,0
4961,28.1797,19261.322150176577,-659.6383232550305,5.0,2.43,3.0,-18588.410057829784,18588.410057829784,3138.0483456800653,15.0,116.83198947648592,14308.219178082192,0,1,0,0,0,0
4962,27.6706,19597.14402054571,-659.6383232550305,5.0,2.43,3.0,-18252.58818746065,18252.58818746065,3138.0483456800653,15.0,116.83198947648592,14308.219178082192,0,1,0,0,0,0
4963,26.2188,20554.806938247366,-659.6383232550305,5.0,2.43,3.0,-17294.925269758995,17294.925269758995,3138.0483456800653,15.0,116.83198947648592,14308.219178082192,0,1,0,0,0,0
4964,24.487,21697.16858646043,-659.6383232550305,5.0,2.43,3.0,-16152.56362154593,16152.56362154593,3138.0483456800653,15.0,116.83198947648592,14308.219178082192,0,1,0,0,0,0
4965,21.8051,23466.252605598092,-659.6383232550305,5.0,2.43,3.0,-14383.479602408266,14383.479602408266,3138.0483456800653,15.0,116.83198947648592,14308.219178082192,0,1,0,0,0,0
4966,19.6865,24863.762357246203,-659.6383232550305,5.0,2.43,3.0,-12985.969850760157,12985.969850760157,3138.0483456800653,15.0,116.83198947648592,14308.219178082192,0,1,0,0,0,0
4967,19.2221,25170.098394565837,-659.6383232550305,5.0,2.43,3.0,-12679.633813440523,12679.633813440523,3138.0483456800653,15.0,116.83198947648592,14308.219178082192,0,1,0,0,0,0
4968,18.1033,25908.101750623566,-659.6383232550305,5.0,2.43,3.0,-11941.630457382795,11941.630457382795,3138.0483456800653,15.0,116.83198947648592,14308.219178082192,0,1,0,0,0,0
4969,16.2419,27135.95252553048,-659.6383232550305,5.0,2.43,3.0,-10713.77968247588,10713.77968247588,3138.0483456800653,15.0,116.83198947648592,14308.219178082192,0,1,0,0,0,0
4970,15.5223,27610.628262944803,-659.6383232550305,5.0,2.43,3.0,-10239.103945061559,10239.103945061559,3138.0483456800653,15.0,116.83198947648592,14308.219178082192,0,1,0,0,0,0
4971,14.864,28044.868171143586,-659.6383232550305,5.0,2.43,3.0,-9804.864036862775,9804.864036862775,3138.0483456800653,15.0,116.83198947648592,14308.219178082192,0,1,0,0,0,0
4972,14.7661,28109.446762990254,-659.6383232550305,5.0,2.43,3.0,-9740.285445016107,9740.285445016107,3138.0483456800653,15.0,116.83198947648592,14308.219178082192,0,1,0,0,0,0
4973,14.4648,28308.195789786994,-659.6383232550305,5.0,2.43,3.0,-9541.536418219366,9541.536418219366,3138.0483456800653,15.0,116.83198947648592,14308.219178082192,0,1,0,0,0,0
4974,14.8856,28030.619983361277,-659.6383232550305,5.0,2.43,3.0,-9819.112224645083,9819.112224645083,3138.0483456800653,15.0,116.83198947648592,14308.219178082192,0,1,0,0,0,0
4975,19.89,24729.525958463804,-659.6383232550305,5.0,2.43,3.0,-13120.206249542558,13120.206249542558,3138.0483456800653,15.0,116.83198947648592,14308.219178082192,0,1,0,0,0,0
4976,21.6807,23548.31161301102,-659.6383232550305,5.0,2.43,3.0,-14301.420594995341,14301.420594995341,3138.0483456800653,15.0,116.83198947648592,14308.219178082192,0,1,0,0,0,0
4977,24.7657,21513.327385769255,-659.6383232550305,5.0,2.43,3.0,-16336.40482223711,16336.40482223711,3138.0483456800653,15.0,116.83198947648592,14308.219178082192,0,1,0,0,0,0
4978,24.895,21428.036150572378,-659.6383232550305,5.0,2.43,3.0,-16421.696057433983,16421.696057433983,3138.0483456800653,15.0,116.83198947648592,14308.219178082192,0,1,0,0,0,0
4979,26.8576,20133.429977352054,-659.6383232550305,5.0,2.43,3.0,-17716.30223065431,17716.30223065431,3138.0483456800653,15.0,116.83198947648592,14308.219178082192,0,1,0,0,0,0
4980,26.2245,20551.046999804814,-659.6383232550305,5.0,2.43,3.0,-17298.685208201547,17298.685208201547,3138.0483456800653,15.0,116.83198947648592,14308.219178082192,0,1,0,0,0,0
4981,29.3909,18462.368213050086,-659.6383232550305,5.0,2.43,3.0,-19387.363994956275,19387.363994956275,3138.0483456800653,15.0,116.83198947648592,14308.219178082192,0,1,0,0,0,0
4982,40.023,11449.027596370273,-659.6383232550305,5.0,2.43,3.0,-26400.704611636087,26400.704611636087,3138.0483456800653,15.0,116.83198947648592,14308.219178082192,0,1,0,0,0,0
4983,50.5195,9686.385744269026,650.0,0,2.43,3.0,32837.675,-32837.675,15071.972825128516,0,556.8949724310688,14308.219178082192,1,0,0,0,0,0
4984,46.7843,7258.505744269026,650.0,0,2.43,3.0,30409.795000000002,-30409.795000000002,15071.972825128516,0,556.8949724310688,14308.219178082192,1,0,0,0,0,0
4985,41.7993,10277.312042772362,-659.6383232550305,5.0,2.43,3.0,-27572.420165233998,27572.420165233998,3138.0483456800653,15.0,116.83198947648592,14308.219178082192,0,1,0,0,0,0
4986,44.4853,8505.523506509351,-659.6383232550305,5.0,2.43,3.0,-29344.20870149701,29344.20870149701,3138.0483456800653,15.0,116.83198947648592,14308.219178082192,0,1,0,0,0,0
4987,30.6271,17646.92331784222,-659.6383232550305,5.0,2.43,3.0,-20202.808890164146,20202.808890164146,3138.0483456800653,15.0,116.83198947648592,14308.219178082192,0,1,0,0,0,0
4988,25.9438,20736.2074771425,-659.6383232550305,5.0,2.43,3.0,-17113.52473086386,17113.52473086386,3138.0483456800653,15.0,116.83198947648592,14308.219178082192,0,1,0,0,0,0
4989,23.7088,22210.499129617492,-659.6383232550305,5.0,2.43,3.0,-15639.233078388868,15639.233078388868,3138.0483456800653,15.0,116.83198947648592,14308.219178082192,0,1,0,0,0,0
4990,20.6305,24241.06378009345,-659.6383232550305,5.0,2.43,3.0,-13608.668427912908,13608.668427912908,3138.0483456800653,15.0,116.83198947648592,14308.219178082192,0,1,0,0,0,0
4991,19.116,25240.0860206632,-659.6383232550305,5.0,2.43,3.0,-12609.646187343164,12609.646187343164,3138.0483456800653,15.0,116.83198947648592,14308.219178082192,0,1,0,0,0,0
4992,18.7653,25471.421180628735,-659.6383232550305,5.0,2.43,3.0,-12378.311027377624,12378.311027377624,3138.0483456800653,15.0,116.83198947648592,14308.219178082192,0,1,0,0,0,0
4993,17.8505,26074.858318742437,-659.6383232550305,5.0,2.43,3.0,-11774.873889263923,11774.873889263923,3138.0483456800653,15.0,116.83198947648592,14308.219178082192,0,1,0,0,0,0
4994,15.6105,27552.44816283371,-659.6383232550305,5.0,2.43,3.0,-10297.284045172653,10297.284045172653,3138.0483456800653,15.0,116.83198947648592,14308.219178082192,0,1,0,0,0,0
4995,15.0023,27953.64019103742,-659.6383232550305,5.0,2.43,3.0,-9896.092016968943,9896.092016968943,3138.0483456800653,15.0,116.83198947648592,14308.219178082192,0,1,0,0,0,0
4996,14.523,28269.80483937355,-659.6383232550305,5.0,2.43,3.0,-9579.927368632809,9579.927368632809,3138.0483456800653,15.0,116.83198947648592,14308.219178082192,0,1,0,0,0,0
4997,13.8179,28734.915821100672,-659.6383232550305,5.0,2.43,3.0,-9114.816386905686,9114.816386905686,3138.0483456800653,15.0,116.83198947648592,14308.219178082192,0,1,0,0,0,0
4998,13.8584,28708.200469008843,-659.6383232550305,5.0,2.43,3.0,-9141.531738997515,9141.531738997515,3138.0483456800653,15.0,116.83198947648592,14308.219178082192,0,1,0,0,0,0
4999,16.6468,26868.86496844452,-659.6383232550305,5.0,2.43,3.0,-10980.867239561841,10980.867239561841,3138.0483456800653,15.0,116.83198947648592,14308.219178082192,0,1,0,0,0,0
5000,25.0677,21314.116612146234,-659.6383232550305,5.0,2.43,3.0,-16535.615595860127,16535.615595860127,3138.0483456800653,15.0,116.83198947648592,14308.219178082192,0,1,0,0,0,0
5001,26.1048,20630.00570709844,-659.6383232550305,5.0,2.43,3.0,-17219.72650090792,17219.72650090792,3138.0483456800653,15.0,116.83198947648592,14308.219178082192,0,1,0,0,0,0
5002,41.5044,10471.839384300274,-659.6383232550305,5.0,2.43,3.0,-27377.892823706086,27377.892823706086,3138.0483456800653,15.0,116.83198947648592,14308.219178082192,0,1,0,0,0,0
5003,46.0344,7483.677779954985,-659.6383232550305,5.0,2.43,3.0,-30366.054428051375,30366.054428051375,3138.0483456800653,15.0,116.83198947648592,14308.219178082192,0,1,0,0,0,0
5004,25.3257,21143.929924746433,-659.6383232550305,5.0,2.43,3.0,-16705.802283259927,16705.802283259927,3138.0483456800653,15.0,116.83198947648592,14308.219178082192,0,1,0,0,0,0
5005,26.1674,20588.712348062672,-659.6383232550305,5.0,2.43,3.0,-17261.019859943684,17261.019859943684,3138.0483456800653,15.0,116.83198947648592,14308.219178082192,0,1,0,0,0,0
5006,30.0459,18030.305111318037,-659.6383232550305,5.0,2.43,3.0,-19819.42709668832,19819.42709668832,3138.0483456800653,15.0,116.83198947648592,14308.219178082192,0,1,0,0,0,0
5007,47.7279,7871.845744269022,650.0,0,2.43,3.0,31023.135,-31023.135,15071.972825128516,0,556.8949724310688,14308.219178082192,1,0,0,0,0,0
5008,70.6212,22752.49074426902,650.0,0,2.43,3.0,45903.78,-45903.78,15071.972825128516,0,556.8949724310688,14308.219178082192,1,0,0,0,0,0
5009,50.9489,9965.495744269027,650.0,0,2.43,3.0,33116.785,-33116.785,15071.972825128516,0,556.8949724310688,14308.219178082192,1,0,0,0,0,0
5010,32.236,16585.631219557203,-659.6383232550305,5.0,2.43,3.0,-21264.10098844916,21264.10098844916,3138.0483456800653,15.0,116.83198947648592,14308.219178082192,0,1,0,0,0,0
5011,32.2626,16568.08484015861,-659.6383232550305,5.0,2.43,3.0,-21281.647367847745,21281.647367847745,3138.0483456800653,15.0,116.83198947648592,14308.219178082192,0,1,0,0,0,0
5012,32.2217,16595.064047579745,-659.6383232550305,5.0,2.43,3.0,-21254.668160426616,21254.668160426616,3138.0483456800653,15.0,116.83198947648592,14308.219178082192,0,1,0,0,0,0
5013,24.7484,21524.739128761565,-659.6383232550305,5.0,2.43,3.0,-16324.993079244798,16324.993079244798,3138.0483456800653,15.0,116.83198947648592,14308.219178082192,0,1,0,0,0,0
5014,22.521,22994.017529979817,-659.6383232550305,5.0,2.43,3.0,-14855.714678026543,14855.714678026543,3138.0483456800653,15.0,116.83198947648592,14308.219178082192,0,1,0,0,0,0
5015,20.4649,24350.299886424487,-659.6383232550305,5.0,2.43,3.0,-13499.432321581875,13499.432321581875,3138.0483456800653,15.0,116.83198947648592,14308.219178082192,0,1,0,0,0,0
5016,19.1016,25249.58481251807,-659.6383232550305,5.0,2.43,3.0,-12600.147395488291,12600.147395488291,3138.0483456800653,15.0,116.83198947648592,14308.219178082192,0,1,0,0,0,0
5017,17.2472,26472.8181191622,-659.6383232550305,5.0,2.43,3.0,-11376.914088844162,11376.914088844162,3138.0483456800653,15.0,116.83198947648592,14308.219178082192,0,1,0,0,0,0
5018,16.2873,27106.004945654706,-659.6383232550305,5.0,2.43,3.0,-10743.727262351658,10743.727262351658,3138.0483456800653,15.0,116.83198947648592,14308.219178082192,0,1,0,0,0,0
5019,16.7649,26790.9616824681,-659.6383232550305,5.0,2.43,3.0,-11058.77052553826,11058.77052553826,3138.0483456800653,15.0,116.83198947648592,14308.219178082192,0,1,0,0,0,0
5020,19.2576,25146.681234090283,-659.6383232550305,5.0,2.43,3.0,-12703.050973916075,12703.050973916075,3138.0483456800653,15.0,116.83198947648592,14308.219178082192,0,1,0,0,0,0
5021,20.1339,24568.640171421903,-659.6383232550305,5.0,2.43,3.0,-13281.09203658446,13281.09203658446,3138.0483456800653,15.0,116.83198947648592,14308.219178082192,0,1,0,0,0,0
5022,22.0469,23306.75205903503,-659.6383232550305,5.0,2.43,3.0,-14542.980148971334,14542.980148971334,3138.0483456800653,15.0,116.83198947648592,14308.219178082192,0,1,0,0,0,0
5023,25.4682,21049.931463682595,-659.6383232550305,5.0,2.43,3.0,-16799.80074432377,16799.80074432377,3138.0483456800653,15.0,116.83198947648592,14308.219178082192,0,1,0,0,0,0
5024,33.3123,15875.66249223781,-659.6383232550305,5.0,2.43,3.0,-21974.069715768554,21974.069715768554,3138.0483456800653,15.0,116.83198947648592,14308.219178082192,0,1,0,0,0,0
5025,36.1534,14001.564052037942,-659.6383232550305,5.0,2.43,3.0,-23848.16815596842,23848.16815596842,3138.0483456800653,15.0,116.83198947648592,14308.219178082192,0,1,0,0,0,0
5026,38.3951,12522.852822797136,-659.6383232550305,5.0,2.43,3.0,-25326.87938520922,25326.87938520922,3138.0483456800653,15.0,116.83198947648592,14308.219178082192,0,1,0,0,0,0
5027,39.7364,11638.079939815165,-659.6383232550305,5.0,2.43,3.0,-26211.652268191196,26211.652268191196,3138.0483456800653,15.0,116.83198947648592,14308.219178082192,0,1,0,0,0,0
5028,55.8028,13120.530744269023,650.0,0,2.43,3.0,36271.82,-36271.82,15071.972825128516,0,556.8949724310688,14308.219178082192,1,0,0,0,0,0
5029,61.6862,16944.74074426902,650.0,0,2.43,3.0,40096.03,-40096.03,15071.972825128516,0,556.8949724310688,14308.219178082192,1,0,0,0,0,0
5030,66.4993,20073.255744269027,650.0,0,2.43,3.0,43224.545000000006,-43224.545000000006,15071.972825128516,0,556.8949724310688,14308.219178082192,1,0,0,0,0,0
5031,112.611,50045.86074426904,650.0,0,2.43,3.0,73197.15000000001,-73197.15000000001,15071.972825128516,0,556.8949724310688,14308.219178082192,1,0,0,0,0,0
5032,82.1607,30253.16574426903,650.0,0,2.43,3.0,53404.455,-53404.455,15071.972825128516,0,556.8949724310688,14308.219178082192,1,0,0,0,0,0
5033,67.164,20505.31074426902,650.0,0,2.43,3.0,43656.6,-43656.6,15071.972825128516,0,556.8949724310688,14308.219178082192,1,0,0,0,0,0
5034,33.9635,15446.10601613413,-659.6383232550305,5.0,2.43,3.0,-22403.62619187223,22403.62619187223,3138.0483456800653,15.0,116.83198947648592,14308.219178082192,0,1,0,0,0,0
5035,31.3163,17192.30058545485,-659.6383232550305,5.0,2.43,3.0,-20657.43162255151,20657.43162255151,3138.0483456800653,15.0,116.83198947648592,14308.219178082192,0,1,0,0,0,0
5036,27.6608,19603.608476113615,-659.6383232550305,5.0,2.43,3.0,-18246.123731892745,18246.123731892745,3138.0483456800653,15.0,116.83198947648592,14308.219178082192,0,1,0,0,0,0
5037,24.6577,21584.568324680797,-659.6383232550305,5.0,2.43,3.0,-16265.163883325566,16265.163883325566,3138.0483456800653,15.0,116.83198947648592,14308.219178082192,0,1,0,0,0,0
5038,23.3205,22466.636690537423,-659.6383232550305,5.0,2.43,3.0,-15383.095517468939,15383.095517468939,3138.0483456800653,15.0,116.83198947648592,14308.219178082192,0,1,0,0,0,0
5039,21.6306,23581.359493006097,-659.6383232550305,5.0,2.43,3.0,-14268.372715000263,14268.372715000263,3138.0483456800653,15.0,116.83198947648592,14308.219178082192,0,1,0,0,0,0
5040,19.433,25030.980672191356,-659.6383232550305,5.0,2.43,3.0,-12818.751535815009,12818.751535815009,3138.0483456800653,15.0,116.83198947648592,14308.219178082192,0,1,0,0,0,0
5041,18.1044,25907.376148467985,-659.6383232550305,5.0,2.43,3.0,-11942.356059538373,11942.356059538373,3138.0483456800653,15.0,116.83198947648592,14308.219178082192,0,1,0,0,0,0
5042,17.5168,26294.97962721264,-659.6383232550305,5.0,2.43,3.0,-11554.752580793718,11554.752580793718,3138.0483456800653,15.0,116.83198947648592,14308.219178082192,0,1,0,0,0,0
5043,18.5091,25640.420519046675,-659.6383232550305,5.0,2.43,3.0,-12209.311688959686,12209.311688959686,3138.0483456800653,15.0,116.83198947648592,14308.219178082192,0,1,0,0,0,0
5044,19.7546,24818.840987432537,-659.6383232550305,5.0,2.43,3.0,-13030.891220573825,13030.891220573825,3138.0483456800653,15.0,116.83198947648592,14308.219178082192,0,1,0,0,0,0
5045,19.954,24687.30910577548,-659.6383232550305,5.0,2.43,3.0,-13162.42310223088,13162.42310223088,3138.0483456800653,15.0,116.83198947648592,14308.219178082192,0,1,0,0,0,0
5046,21.9992,23338.216807054298,-659.6383232550305,5.0,2.43,3.0,-14511.515400952067,14511.515400952067,3138.0483456800653,15.0,116.83198947648592,14308.219178082192,0,1,0,0,0,0
5047,24.6518,21588.460190788,-659.6383232550305,5.0,2.43,3.0,-16261.272017218362,16261.272017218362,3138.0483456800653,15.0,116.83198947648592,14308.219178082192,0,1,0,0,0,0
5048,26.1492,20600.717765545916,-659.6383232550305,5.0,2.43,3.0,-17249.014442460444,17249.014442460444,3138.0483456800653,15.0,116.83198947648592,14308.219178082192,0,1,0,0,0,0
5049,27.7195,19564.887706538542,-659.6383232550305,5.0,2.43,3.0,-18284.84450146782,18284.84450146782,3138.0483456800653,15.0,116.83198947648592,14308.219178082192,0,1,0,0,0,0
5050,53.1281,11381.975744269022,650.0,0,2.43,3.0,34533.265,-34533.265,15071.972825128516,0,556.8949724310688,14308.219178082192,1,0,0,0,0,0
5051,27.7902,19518.25127708441,-659.6383232550305,5.0,2.43,3.0,-18331.48093092195,18331.48093092195,3138.0483456800653,15.0,116.83198947648592,14308.219178082192,0,1,0,0,0,0
5052,33.1138,16006.600699403934,-659.6383232550305,5.0,2.43,3.0,-21843.13150860243,21843.13150860243,3138.0483456800653,15.0,116.83198947648592,14308.219178082192,0,1,0,0,0,0
5053,36.7312,13620.425028861184,-659.6383232550305,5.0,2.43,3.0,-24229.307179145177,24229.307179145177,3138.0483456800653,15.0,116.83198947648592,14308.219178082192,0,1,0,0,0,0
5054,31.1934,17273.370135382895,-659.6383232550305,5.0,2.43,3.0,-20576.36207262347,20576.36207262347,3138.0483456800653,15.0,116.83198947648592,14308.219178082192,0,1,0,0,0,0
5055,40.1641,11355.952628958988,-659.6383232550305,5.0,2.43,3.0,-26493.77957904737,26493.77957904737,3138.0483456800653,15.0,116.83198947648592,14308.219178082192,0,1,0,0,0,0
5056,35.7476,14269.245283614833,-659.6383232550305,5.0,2.43,3.0,-23580.486924391527,23580.486924391527,3138.0483456800653,15.0,116.83198947648592,14308.219178082192,0,1,0,0,0,0
5057,30.5614,17690.26155568007,-659.6383232550305,5.0,2.43,3.0,-20159.47065232629,20159.47065232629,3138.0483456800653,15.0,116.83198947648592,14308.219178082192,0,1,0,0,0,0
5058,33.0832,16026.78563209554,-659.6383232550305,5.0,2.43,3.0,-21822.946575910824,21822.946575910824,3138.0483456800653,15.0,116.83198947648592,14308.219178082192,0,1,0,0,0,0
5059,31.1125,17326.734875734222,-659.6383232550305,5.0,2.43,3.0,-20522.997332272138,20522.997332272138,3138.0483456800653,15.0,116.83198947648592,14308.219178082192,0,1,0,0,0,0
5060,26.686,20246.623913622618,-659.6383232550305,5.0,2.43,3.0,-17603.108294383743,17603.108294383743,3138.0483456800653,15.0,116.83198947648592,14308.219178082192,0,1,0,0,0,0
5061,23.9479,22052.779606527216,-659.6383232550305,5.0,2.43,3.0,-15796.952601479146,15796.952601479146,3138.0483456800653,15.0,116.83198947648592,14308.219178082192,0,1,0,0,0,0
5062,21.6758,23551.54384079497,-659.6383232550305,5.0,2.43,3.0,-14298.188367211389,14298.188367211389,3138.0483456800653,15.0,116.83198947648592,14308.219178082192,0,1,0,0,0,0
5063,20.6563,24224.045111353473,-659.6383232550305,5.0,2.43,3.0,-13625.687096652888,13625.687096652888,3138.0483456800653,15.0,116.83198947648592,14308.219178082192,0,1,0,0,0,0
5064,19.0595,25277.355585927107,-659.6383232550305,5.0,2.43,3.0,-12572.376622079253,12572.376622079253,3138.0483456800653,15.0,116.83198947648592,14308.219178082192,0,1,0,0,0,0
5065,17.55,26273.079634880574,-659.6383232550305,5.0,2.43,3.0,-11576.652573125786,11576.652573125786,3138.0483456800653,15.0,116.83198947648592,14308.219178082192,0,1,0,0,0,0
5066,16.5497,26932.915849632584,-659.6383232550305,5.0,2.43,3.0,-10916.816358373779,10916.816358373779,3138.0483456800653,15.0,116.83198947648592,14308.219178082192,0,1,0,0,0,0
5067,17.0701,26589.640066210664,-659.6383232550305,5.0,2.43,3.0,-11260.092141795696,11260.092141795696,3138.0483456800653,15.0,116.83198947648592,14308.219178082192,0,1,0,0,0,0
5068,19.4545,25016.79844824137,-659.6383232550305,5.0,2.43,3.0,-12832.93375976499,12832.93375976499,3138.0483456800653,15.0,116.83198947648592,14308.219178082192,0,1,0,0,0,0
5069,20.9578,24025.164156892082,-659.6383232550305,5.0,2.43,3.0,-13824.568051114278,13824.568051114278,3138.0483456800653,15.0,116.83198947648592,14308.219178082192,0,1,0,0,0,0
5070,20.8249,24112.830090052674,-659.6383232550305,5.0,2.43,3.0,-13736.902117953685,13736.902117953685,3138.0483456800653,15.0,116.83198947648592,14308.219178082192,0,1,0,0,0,0
5071,22.3662,23096.129542419698,-659.6383232550305,5.0,2.43,3.0,-14753.602665586663,14753.602665586663,3138.0483456800653,15.0,116.83198947648592,14308.219178082192,0,1,0,0,0,0
5072,26.1251,20616.615049136366,-659.6383232550305,5.0,2.43,3.0,-17233.117158869998,17233.117158869998,3138.0483456800653,15.0,116.83198947648592,14308.219178082192,0,1,0,0,0,0
5073,27.3436,19812.845752250112,-659.6383232550305,5.0,2.43,3.0,-18036.886455756252,18036.886455756252,3138.0483456800653,15.0,116.83198947648592,14308.219178082192,0,1,0,0,0,0
5074,32.4738,16428.76922628715,-659.6383232550305,5.0,2.43,3.0,-21420.962981719207,21420.962981719207,3138.0483456800653,15.0,116.83198947648592,14308.219178082192,0,1,0,0,0,0
5075,27.967,19401.627221532923,-659.6383232550305,5.0,2.43,3.0,-18448.104986473438,18448.104986473438,3138.0483456800653,15.0,116.83198947648592,14308.219178082192,0,1,0,0,0,0
5076,42.2529,9978.100099343887,-659.6383232550305,5.0,2.43,3.0,-27871.632108662478,27871.632108662478,3138.0483456800653,15.0,116.83198947648592,14308.219178082192,0,1,0,0,0,0
5077,36.8163,13564.289807552184,-659.6383232550305,5.0,2.43,3.0,-24285.44240045418,24285.44240045418,3138.0483456800653,15.0,116.83198947648592,14308.219178082192,0,1,0,0,0,0
5078,39.125,12041.382810653293,-659.6383232550305,5.0,2.43,3.0,-25808.349397353068,25808.349397353068,3138.0483456800653,15.0,116.83198947648592,14308.219178082192,0,1,0,0,0,0
5079,38.2698,12605.505504701,-659.6383232550305,5.0,2.43,3.0,-25244.226703305365,25244.226703305365,3138.0483456800653,15.0,116.83198947648592,14308.219178082192,0,1,0,0,0,0
5080,30.6802,17611.896522877374,-659.6383232550305,5.0,2.43,3.0,-20237.835685128986,20237.835685128986,3138.0483456800653,15.0,116.83198947648592,14308.219178082192,0,1,0,0,0,0
5081,41.8685,10231.66507080312,-659.6383232550305,5.0,2.43,3.0,-27618.067137203245,27618.067137203245,3138.0483456800653,15.0,116.83198947648592,14308.219178082192,0,1,0,0,0,0
5082,31.7874,16881.544971369403,-659.6383232550305,5.0,2.43,3.0,-20968.187236636957,20968.187236636957,3138.0483456800653,15.0,116.83198947648592,14308.219178082192,0,1,0,0,0,0
5083,43.9523,8857.110732804285,-659.6383232550305,5.0,2.43,3.0,-28992.62147520208,28992.62147520208,3138.0483456800653,15.0,116.83198947648592,14308.219178082192,0,1,0,0,0,0
5084,25.3937,21099.074518765094,-659.6383232550305,5.0,2.43,3.0,-16750.657689241267,16750.657689241267,3138.0483456800653,15.0,116.83198947648592,14308.219178082192,0,1,0,0,0,0
5085,21.494,23671.466087962734,-659.6383232550305,5.0,2.43,3.0,-14178.266120043625,14178.266120043625,3138.0483456800653,15.0,116.83198947648592,14308.219178082192,0,1,0,0,0,0
5086,19.6147,24911.124388855915,-659.6383232550305,5.0,2.43,3.0,-12938.607819150446,12938.607819150446,3138.0483456800653,15.0,116.83198947648592,14308.219178082192,0,1,0,0,0,0
5087,19.3854,25062.379456378294,-659.6383232550305,5.0,2.43,3.0,-12787.352751628068,12787.352751628068,3138.0483456800653,15.0,116.83198947648592,14308.219178082192,0,1,0,0,0,0
5088,18.3247,25762.057825854907,-659.6383232550305,5.0,2.43,3.0,-12087.674382151457,12087.674382151457,3138.0483456800653,15.0,116.83198947648592,14308.219178082192,0,1,0,0,0,0
5089,16.7406,26806.990893723196,-659.6383232550305,5.0,2.43,3.0,-11042.741314283165,11042.741314283165,3138.0483456800653,15.0,116.83198947648592,14308.219178082192,0,1,0,0,0,0
5090,15.8444,27398.158759024358,-659.6383232550305,5.0,2.43,3.0,-10451.573448982006,10451.573448982006,3138.0483456800653,15.0,116.83198947648592,14308.219178082192,0,1,0,0,0,0
5091,15.8188,27415.045500099684,-659.6383232550305,5.0,2.43,3.0,-10434.686707906676,10434.686707906676,3138.0483456800653,15.0,116.83198947648592,14308.219178082192,0,1,0,0,0,0
5092,19.1922,25189.821580431162,-659.6383232550305,5.0,2.43,3.0,-12659.910627575196,12659.910627575196,3138.0483456800653,15.0,116.83198947648592,14308.219178082192,0,1,0,0,0,0
5093,19.9828,24668.311522065735,-659.6383232550305,5.0,2.43,3.0,-13181.420685940624,13181.420685940624,3138.0483456800653,15.0,116.83198947648592,14308.219178082192,0,1,0,0,0,0
5094,21.0261,23980.110859413762,-659.6383232550305,5.0,2.43,3.0,-13869.621348592596,13869.621348592596,3138.0483456800653,15.0,116.83198947648592,14308.219178082192,0,1,0,0,0,0
5095,23.245,22516.439383943176,-659.6383232550305,5.0,2.43,3.0,-15333.292824063185,15333.292824063185,3138.0483456800653,15.0,116.83198947648592,14308.219178082192,0,1,0,0,0,0
5096,25.0082,21353.365092379907,-659.6383232550305,5.0,2.43,3.0,-16496.367115626454,16496.367115626454,3138.0483456800653,15.0,116.83198947648592,14308.219178082192,0,1,0,0,0,0
5097,25.0831,21303.958181968104,-659.6383232550305,5.0,2.43,3.0,-16545.774026038256,16545.774026038256,3138.0483456800653,15.0,116.83198947648592,14308.219178082192,0,1,0,0,0,0
5098,25.3871,21103.428131698576,-659.6383232550305,5.0,2.43,3.0,-16746.304076307784,16746.304076307784,3138.0483456800653,15.0,116.83198947648592,14308.219178082192,0,1,0,0,0,0
5099,26.1465,20602.498789018708,-659.6383232550305,5.0,2.43,3.0,-17247.233418987656,17247.233418987656,3138.0483456800653,15.0,116.83198947648592,14308.219178082192,0,1,0,0,0,0
5100,29.763,18216.916792966887,-659.6383232550305,5.0,2.43,3.0,-19632.815415039473,19632.815415039473,3138.0483456800653,15.0,116.83198947648592,14308.219178082192,0,1,0,0,0,0
5101,28.5875,18992.32164195318,-659.6383232550305,5.0,2.43,3.0,-18857.410566053182,18857.410566053182,3138.0483456800653,15.0,116.83198947648592,14308.219178082192,0,1,0,0,0,0
5102,29.7661,18214.871914164796,-659.6383232550305,5.0,2.43,3.0,-19634.860293841564,19634.860293841564,3138.0483456800653,15.0,116.83198947648592,14308.219178082192,0,1,0,0,0,0
5103,41.4754,10490.968895674669,-659.6383232550305,5.0,2.43,3.0,-27358.763312331692,27358.763312331692,3138.0483456800653,15.0,116.83198947648592,14308.219178082192,0,1,0,0,0,0
5104,58.8706,15114.600744269022,650.0,0,2.43,3.0,38265.89,-38265.89,15071.972825128516,0,556.8949724310688,14308.219178082192,1,0,0,0,0,0
5105,30.8002,17532.73992408677,-659.6383232550305,5.0,2.43,3.0,-20316.99228391959,20316.99228391959,3138.0483456800653,15.0,116.83198947648592,14308.219178082192,0,1,0,0,0,0
5106,32.7298,16259.901815533864,-659.6383232550305,5.0,2.43,3.0,-21589.830392472497,21589.830392472497,3138.0483456800653,15.0,116.83198947648592,14308.219178082192,0,1,0,0,0,0
5107,30.8296,17513.346557383073,-659.6383232550305,5.0,2.43,3.0,-20336.385650623288,20336.385650623288,3138.0483456800653,15.0,116.83198947648592,14308.219178082192,0,1,0,0,0,0
5108,28.3379,19156.96736743763,-659.6383232550305,5.0,2.43,3.0,-18692.76484056873,18692.76484056873,3138.0483456800653,15.0,116.83198947648592,14308.219178082192,0,1,0,0,0,0
5109,22.6088,22936.101285198027,-659.6383232550305,5.0,2.43,3.0,-14913.630922808334,14913.630922808334,3138.0483456800653,15.0,116.83198947648592,14308.219178082192,0,1,0,0,0,0
5110,21.8176,23458.007126557408,-659.6383232550305,5.0,2.43,3.0,-14391.725081448953,14391.725081448953,3138.0483456800653,15.0,116.83198947648592,14308.219178082192,0,1,0,0,0,0
5111,20.5946,24264.74479589831,-659.6383232550305,5.0,2.43,3.0,-13584.987412108052,13584.987412108052,3138.0483456800653,15.0,116.83198947648592,14308.219178082192,0,1,0,0,0,0
5112,19.4942,24990.610806808145,-659.6383232550305,5.0,2.43,3.0,-12859.121401198216,12859.121401198216,3138.0483456800653,15.0,116.83198947648592,14308.219178082192,0,1,0,0,0,0
5113,18.7115,25506.909722419856,-659.6383232550305,5.0,2.43,3.0,-12342.822485586505,12342.822485586505,3138.0483456800653,15.0,116.83198947648592,14308.219178082192,0,1,0,0,0,0
5114,17.4117,26364.30761498675,-659.6383232550305,5.0,2.43,3.0,-11485.424593019614,11485.424593019614,3138.0483456800653,15.0,116.83198947648592,14308.219178082192,0,1,0,0,0,0
5115,18.6185,25568.256086482572,-659.6383232550305,5.0,2.43,3.0,-12281.476121523787,12281.476121523787,3138.0483456800653,15.0,116.83198947648592,14308.219178082192,0,1,0,0,0,0
5116,20.0717,24609.669675128367,-659.6383232550305,5.0,2.43,3.0,-13240.062532877995,13240.062532877995,3138.0483456800653,15.0,116.83198947648592,14308.219178082192,0,1,0,0,0,0
5117,20.2338,24502.742302928724,-659.6383232550305,5.0,2.43,3.0,-13346.989905077635,13346.989905077635,3138.0483456800653,15.0,116.83198947648592,14308.219178082192,0,1,0,0,0,0
5118,19.9744,24673.852483981078,-659.6383232550305,5.0,2.43,3.0,-13175.87972402528,13175.87972402528,3138.0483456800653,15.0,116.83198947648592,14308.219178082192,0,1,0,0,0,0
5119,21.8393,23443.692974942773,-659.6383232550305,5.0,2.43,3.0,-14406.03923306359,14406.03923306359,3138.0483456800653,15.0,116.83198947648592,14308.219178082192,0,1,0,0,0,0
5120,24.1388,21926.85465061783,-659.6383232550305,5.0,2.43,3.0,-15922.87755738853,15922.87755738853,3138.0483456800653,15.0,116.83198947648592,14308.219178082192,0,1,0,0,0,0
5121,22.6637,22899.887141251325,-659.6383232550305,5.0,2.43,3.0,-14949.845066755033,14949.845066755033,3138.0483456800653,15.0,116.83198947648592,14308.219178082192,0,1,0,0,0,0
5122,23.4657,22370.857206000794,-659.6383232550305,5.0,2.43,3.0,-15478.875002005569,15478.875002005569,3138.0483456800653,15.0,116.83198947648592,14308.219178082192,0,1,0,0,0,0
5123,29.7805,18205.373122309924,-659.6383232550305,5.0,2.43,3.0,-19644.359085696437,19644.359085696437,3138.0483456800653,15.0,116.83198947648592,14308.219178082192,0,1,0,0,0,0
5124,30.0044,18057.68010173312,-659.6383232550305,5.0,2.43,3.0,-19792.052106273237,19792.052106273237,3138.0483456800653,15.0,116.83198947648592,14308.219178082192,0,1,0,0,0,0
5125,31.5721,17023.56510236621,-659.6383232550305,5.0,2.43,3.0,-20826.167105640146,20826.167105640146,3138.0483456800653,15.0,116.83198947648592,14308.219178082192,0,1,0,0,0,0
5126,52.4381,10933.475744269022,650.0,0,2.43,3.0,34084.765,-34084.765,15071.972825128516,0,556.8949724310688,14308.219178082192,1,0,0,0,0,0
5127,72.3608,23883.230744269018,650.0,0,2.43,3.0,47034.52,-47034.52,15071.972825128516,0,556.8949724310688,14308.219178082192,1,0,0,0,0,0
5128,32.727,16261.748802838978,-659.6383232550305,5.0,2.43,3.0,-21587.983405167382,21587.983405167382,3138.0483456800653,15.0,116.83198947648592,14308.219178082192,0,1,0,0,0,0
5129,36.8806,13521.875063366882,-659.6383232550305,5.0,2.43,3.0,-24327.857144639478,24327.857144639478,3138.0483456800653,15.0,116.83198947648592,14308.219178082192,0,1,0,0,0,0
5130,29.4896,18397.261910544814,-659.6383232550305,5.0,2.43,3.0,-19452.470297461547,19452.470297461547,3138.0483456800653,15.0,116.83198947648592,14308.219178082192,0,1,0,0,0,0
5131,43.1131,9410.679213679905,-659.6383232550305,5.0,2.43,3.0,-28439.05299432646,28439.05299432646,3138.0483456800653,15.0,116.83198947648592,14308.219178082192,0,1,0,0,0,0
5132,25.6604,20923.148977952977,-659.6383232550305,5.0,2.43,3.0,-16926.583230053384,16926.583230053384,3138.0483456800653,15.0,116.83198947648592,14308.219178082192,0,1,0,0,0,0
5133,23.9215,22070.19405826115,-659.6383232550305,5.0,2.43,3.0,-15779.538149745214,15779.538149745214,3138.0483456800653,15.0,116.83198947648592,14308.219178082192,0,1,0,0,0,0
5134,21.7728,23487.558923439232,-659.6383232550305,5.0,2.43,3.0,-14362.173284567129,14362.173284567129,3138.0483456800653,15.0,116.83198947648592,14308.219178082192,0,1,0,0,0,0
5135,19.8365,24764.81660875795,-659.6383232550305,5.0,2.43,3.0,-13084.915599248414,13084.915599248414,3138.0483456800653,15.0,116.83198947648592,14308.219178082192,0,1,0,0,0,0
5136,19.5465,24956.111722501904,-659.6383232550305,5.0,2.43,3.0,-12893.620485504454,12893.620485504454,3138.0483456800653,15.0,116.83198947648592,14308.219178082192,0,1,0,0,0,0
5137,17.7474,26142.86702987003,-659.6383232550305,5.0,2.43,3.0,-11706.865178136328,11706.865178136328,3138.0483456800653,15.0,116.83198947648592,14308.219178082192,0,1,0,0,0,0
5138,16.1307,27209.30430707644,-659.6383232550305,5.0,2.43,3.0,-10640.42790092992,10640.42790092992,3138.0483456800653,15.0,116.83198947648592,14308.219178082192,0,1,0,0,0,0
5139,15.3016,27756.210440887186,-659.6383232550305,5.0,2.43,3.0,-10093.521767119175,10093.521767119175,3138.0483456800653,15.0,116.83198947648592,14308.219178082192,0,1,0,0,0,0
5140,15.5952,27562.540629179508,-659.6383232550305,5.0,2.43,3.0,-10287.191578826852,10287.191578826852,3138.0483456800653,15.0,116.83198947648592,14308.219178082192,0,1,0,0,0,0
5141,17.1642,26527.568099992364,-659.6383232550305,5.0,2.43,3.0,-11322.164108013996,11322.164108013996,3138.0483456800653,15.0,116.83198947648592,14308.219178082192,0,1,0,0,0,0
5142,18.01,25969.646006183262,-659.6383232550305,5.0,2.43,3.0,-11880.0862018231,11880.0862018231,3138.0483456800653,15.0,116.83198947648592,14308.219178082192,0,1,0,0,0,0
5143,20.4265,24375.62999803748,-659.6383232550305,5.0,2.43,3.0,-13474.102209968882,13474.102209968882,3138.0483456800653,15.0,116.83198947648592,14308.219178082192,0,1,0,0,0,0
5144,28.5109,19042.84993751451,-659.6383232550305,5.0,2.43,3.0,-18806.88227049185,18806.88227049185,3138.0483456800653,15.0,116.83198947648592,14308.219178082192,0,1,0,0,0,0
5145,49.8964,9281.370744269023,650.0,0,2.43,3.0,32432.66,-32432.66,15071.972825128516,0,556.8949724310688,14308.219178082192,1,0,0,0,0,0
5146,31.9386,16781.80765689324,-659.6383232550305,5.0,2.43,3.0,-21067.92455111312,21067.92455111312,3138.0483456800653,15.0,116.83198947648592,14308.219178082192,0,1,0,0,0,0
5147,27.1779,19922.147822413466,-659.6383232550305,5.0,2.43,3.0,-17927.584385592894,17927.584385592894,3138.0483456800653,15.0,116.83198947648592,14308.219178082192,0,1,0,0,0,0
5148,37.9002,12849.307828976056,-659.6383232550305,5.0,2.43,3.0,-25000.424379030308,25000.424379030308,3138.0483456800653,15.0,116.83198947648592,14308.219178082192,0,1,0,0,0,0
5149,30.8052,17529.441732470495,-659.6383232550305,5.0,2.43,3.0,-20320.290475535865,20320.290475535865,3138.0483456800653,15.0,116.83198947648592,14308.219178082192,0,1,0,0,0,0
5150,32.9647,16104.952773401259,-659.6383232550305,5.0,2.43,3.0,-21744.779434605105,21744.779434605105,3138.0483456800653,15.0,116.83198947648592,14308.219178082192,0,1,0,0,0,0
5151,103.0795,43850.385744269035,650.0,0,2.43,3.0,67001.675,-67001.675,15071.972825128516,0,556.8949724310688,14308.219178082192,1,0,0,0,0,0
5152,44.2864,8636.725569004775,-659.6383232550305,5.0,2.43,3.0,-29213.006639001585,29213.006639001585,3138.0483456800653,15.0,116.83198947648592,14308.219178082192,0,1,0,0,0,0
5153,36.7373,13616.401235089328,-659.6383232550305,5.0,2.43,3.0,-24233.330972917032,24233.330972917032,3138.0483456800653,15.0,116.83198947648592,14308.219178082192,0,1,0,0,0,0
5154,33.1262,15998.42118419557,-659.6383232550305,5.0,2.43,3.0,-21851.31102381079,21851.31102381079,3138.0483456800653,15.0,116.83198947648592,14308.219178082192,0,1,0,0,0,0
5155,28.3887,19123.457740616275,-659.6383232550305,5.0,2.43,3.0,-18726.274467390085,18726.274467390085,3138.0483456800653,15.0,116.83198947648592,14308.219178082192,0,1,0,0,0,0
5156,26.2023,20565.690970581076,-659.6383232550305,5.0,2.43,3.0,-17284.04123742529,17284.04123742529,3138.0483456800653,15.0,116.83198947648592,14308.219178082192,0,1,0,0,0,0
5157,24.54,21662.207755327912,-659.6383232550305,5.0,2.43,3.0,-16187.524452678448,16187.524452678448,3138.0483456800653,15.0,116.83198947648592,14308.219178082192,0,1,0,0,0,0
5158,23.7211,22202.385578241458,-659.6383232550305,5.0,2.43,3.0,-15647.346629764905,15647.346629764905,3138.0483456800653,15.0,116.83198947648592,14308.219178082192,0,1,0,0,0,0
5159,20.9264,24045.87680024229,-659.6383232550305,5.0,2.43,3.0,-13803.855407764071,13803.855407764071,3138.0483456800653,15.0,116.83198947648592,14308.219178082192,0,1,0,0,0,0
5160,20.8896,24070.151490538075,-659.6383232550305,5.0,2.43,3.0,-13779.580717468287,13779.580717468287,3138.0483456800653,15.0,116.83198947648592,14308.219178082192,0,1,0,0,0,0
5161,19.0572,25278.872754070595,-659.6383232550305,5.0,2.43,3.0,-12570.85945393577,12570.85945393577,3138.0483456800653,15.0,116.83198947648592,14308.219178082192,0,1,0,0,0,0
5162,18.7682,25469.508229491297,-659.6383232550305,5.0,2.43,3.0,-12380.223978515063,12380.223978515063,3138.0483456800653,15.0,116.83198947648592,14308.219178082192,0,1,0,0,0,0
5163,18.1417,25882.771639010574,-659.6383232550305,5.0,2.43,3.0,-11966.960568995788,11966.960568995788,3138.0483456800653,15.0,116.83198947648592,14308.219178082192,0,1,0,0,0,0
5164,16.9214,26687.72828487869,-659.6383232550305,5.0,2.43,3.0,-11162.003923127671,11162.003923127671,3138.0483456800653,15.0,116.83198947648592,14308.219178082192,0,1,0,0,0,0
5165,15.9416,27334.041914003967,-659.6383232550305,5.0,2.43,3.0,-10515.690294002394,10515.690294002394,3138.0483456800653,15.0,116.83198947648592,14308.219178082192,0,1,0,0,0,0
5166,15.4329,27669.5999290438,-659.6383232550305,5.0,2.43,3.0,-10180.132278962561,10180.132278962561,3138.0483456800653,15.0,116.83198947648592,14308.219178082192,0,1,0,0,0,0
5167,18.5415,25619.048237373212,-659.6383232550305,5.0,2.43,3.0,-12230.683970633148,12230.683970633148,3138.0483456800653,15.0,116.83198947648592,14308.219178082192,0,1,0,0,0,0
5168,21.7349,23512.5592158906,-659.6383232550305,5.0,2.43,3.0,-14337.172992115762,14337.172992115762,3138.0483456800653,15.0,116.83198947648592,14308.219178082192,0,1,0,0,0,0
5169,23.9482,22052.58171503024,-659.6383232550305,5.0,2.43,3.0,-15797.150492976121,15797.150492976121,3138.0483456800653,15.0,116.83198947648592,14308.219178082192,0,1,0,0,0,0
5170,25.9162,20754.41349486434,-659.6383232550305,5.0,2.43,3.0,-17095.31871314202,17095.31871314202,3138.0483456800653,15.0,116.83198947648592,14308.219178082192,0,1,0,0,0,0
5171,26.496,20371.95519504107,-659.6383232550305,5.0,2.43,3.0,-17477.77701296529,17477.77701296529,3138.0483456800653,15.0,116.83198947648592,14308.219178082192,0,1,0,0,0,0
5172,27.8993,19446.28473601729,-659.6383232550305,5.0,2.43,3.0,-18403.44747198907,18403.44747198907,3138.0483456800653,15.0,116.83198947648592,14308.219178082192,0,1,0,0,0,0
5173,25.6144,20953.492340822708,-659.6383232550305,5.0,2.43,3.0,-16896.239867183653,16896.239867183653,3138.0483456800653,15.0,116.83198947648592,14308.219178082192,0,1,0,0,0,0
5174,30.8989,17467.6336215815,-659.6383232550305,5.0,2.43,3.0,-20382.09858642486,20382.09858642486,3138.0483456800653,15.0,116.83198947648592,14308.219178082192,0,1,0,0,0,0
5175,45.1943,8037.839935321535,-659.6383232550305,5.0,2.43,3.0,-29811.892272684825,29811.892272684825,3138.0483456800653,15.0,116.83198947648592,14308.219178082192,0,1,0,0,0,0
5176,89.1299,34783.14574426903,650.0,0,2.43,3.0,57934.435000000005,-57934.435000000005,15071.972825128516,0,556.8949724310688,14308.219178082192,1,0,0,0,0,0
5177,67.0022,20400.14074426902,650.0,0,2.43,3.0,43551.43,-43551.43,15071.972825128516,0,556.8949724310688,14308.219178082192,1,0,0,0,0,0
5178,30.3144,17853.192221524063,-659.6383232550305,5.0,2.43,3.0,-19996.539986482298,19996.539986482298,3138.0483456800653,15.0,116.83198947648592,14308.219178082192,0,1,0,0,0,0
5179,28.5047,19046.939695118694,-659.6383232550305,5.0,2.43,3.0,-18802.792512887667,18802.792512887667,3138.0483456800653,15.0,116.83198947648592,14308.219178082192,0,1,0,0,0,0
5180,28.6784,18932.360518369296,-659.6383232550305,5.0,2.43,3.0,-18917.371689637068,18917.371689637068,3138.0483456800653,15.0,116.83198947648592,14308.219178082192,0,1,0,0,0,0
5181,24.1437,21923.62242283388,-659.6383232550305,5.0,2.43,3.0,-15926.109785172479,15926.109785172479,3138.0483456800653,15.0,116.83198947648592,14308.219178082192,0,1,0,0,0,0
5182,22.8827,22755.426348458474,-659.6383232550305,5.0,2.43,3.0,-15094.305859547887,15094.305859547887,3138.0483456800653,15.0,116.83198947648592,14308.219178082192,0,1,0,0,0,0
5183,21.7245,23519.41945445245,-659.6383232550305,5.0,2.43,3.0,-14330.31275355391,14330.31275355391,3138.0483456800653,15.0,116.83198947648592,14308.219178082192,0,1,0,0,0,0
5184,18.9057,25378.80796004373,-659.6383232550305,5.0,2.43,3.0,-12470.92424796263,12470.92424796263,3138.0483456800653,15.0,116.83198947648592,14308.219178082192,0,1,0,0,0,0
5185,17.7778,26122.81402484308,-659.6383232550305,5.0,2.43,3.0,-11726.918183163281,11726.918183163281,3138.0483456800653,15.0,116.83198947648592,14308.219178082192,0,1,0,0,0,0
5186,16.7317,26812.861674800166,-659.6383232550305,5.0,2.43,3.0,-11036.870533206195,11036.870533206195,3138.0483456800653,15.0,116.83198947648592,14308.219178082192,0,1,0,0,0,0
5187,16.6548,26863.587861858476,-659.6383232550305,5.0,2.43,3.0,-10986.144346147883,10986.144346147883,3138.0483456800653,15.0,116.83198947648592,14308.219178082192,0,1,0,0,0,0
5188,17.9027,26040.425198268527,-659.6383232550305,5.0,2.43,3.0,-11809.307009737835,11809.307009737835,3138.0483456800653,15.0,116.83198947648592,14308.219178082192,0,1,0,0,0,0
5189,19.429,25033.619225484374,-659.6383232550305,5.0,2.43,3.0,-12816.112982521987,12816.112982521987,3138.0483456800653,15.0,116.83198947648592,14308.219178082192,0,1,0,0,0,0
5190,19.7343,24832.23164539461,-659.6383232550305,5.0,2.43,3.0,-13017.500562611749,13017.500562611749,3138.0483456800653,15.0,116.83198947648592,14308.219178082192,0,1,0,0,0,0
5191,22.839,22784.252543184717,-659.6383232550305,5.0,2.43,3.0,-15065.479664821642,15065.479664821642,3138.0483456800653,15.0,116.83198947648592,14308.219178082192,0,1,0,0,0,0
5192,23.9953,22021.512750004928,-659.6383232550305,5.0,2.43,3.0,-15828.219458001435,15828.219458001435,3138.0483456800653,15.0,116.83198947648592,14308.219178082192,0,1,0,0,0,0
5193,25.1621,21251.84675443096,-659.6383232550305,5.0,2.43,3.0,-16597.885453575404,16597.885453575404,3138.0483456800653,15.0,116.83198947648592,14308.219178082192,0,1,0,0,0,0
5194,36.2054,13967.262859228678,-659.6383232550305,5.0,2.43,3.0,-23882.46934877768,23882.46934877768,3138.0483456800653,15.0,116.83198947648592,14308.219178082192,0,1,0,0,0,0
5195,25.3875,21103.164276369276,-659.6383232550305,5.0,2.43,3.0,-16746.567931637088,16746.567931637088,3138.0483456800653,15.0,116.83198947648592,14308.219178082192,0,1,0,0,0,0
5196,45.0009,8165.413987039057,-659.6383232550305,5.0,2.43,3.0,-29684.318220967303,29684.318220967303,3138.0483456800653,15.0,116.83198947648592,14308.219178082192,0,1,0,0,0,0
5197,30.5985,17665.788973887305,-659.6383232550305,5.0,2.43,3.0,-20183.94323411905,20183.94323411905,3138.0483456800653,15.0,116.83198947648592,14308.219178082192,0,1,0,0,0,0
5198,29.4937,18394.557393419465,-659.6383232550305,5.0,2.43,3.0,-19455.174814586895,19455.174814586895,3138.0483456800653,15.0,116.83198947648592,14308.219178082192,0,1,0,0,0,0
5199,31.9468,16776.398622642555,-659.6383232550305,5.0,2.43,3.0,-21073.33358536381,21073.33358536381,3138.0483456800653,15.0,116.83198947648592,14308.219178082192,0,1,0,0,0,0
5200,33.5797,15699.27520459941,-659.6383232550305,5.0,2.43,3.0,-22150.45700340695,22150.45700340695,3138.0483456800653,15.0,116.83198947648592,14308.219178082192,0,1,0,0,0,0
5201,35.4204,14485.07894298388,-659.6383232550305,5.0,2.43,3.0,-23364.653265022484,23364.653265022484,3138.0483456800653,15.0,116.83198947648592,14308.219178082192,0,1,0,0,0,0
5202,28.7431,18889.681918854694,-659.6383232550305,5.0,2.43,3.0,-18960.050289151666,18960.050289151666,3138.0483456800653,15.0,116.83198947648592,14308.219178082192,0,1,0,0,0,0
5203,26.4655,20392.07416390035,-659.6383232550305,5.0,2.43,3.0,-17457.65804410601,17457.65804410601,3138.0483456800653,15.0,116.83198947648592,14308.219178082192,0,1,0,0,0,0
5204,25.7817,20843.13484934214,-659.6383232550305,5.0,2.43,3.0,-17006.59735866422,17006.59735866422,3138.0483456800653,15.0,116.83198947648592,14308.219178082192,0,1,0,0,0,0
5205,22.3551,23103.45152780783,-659.6383232550305,5.0,2.43,3.0,-14746.280680198533,14746.280680198533,3138.0483456800653,15.0,116.83198947648592,14308.219178082192,0,1,0,0,0,0
5206,20.0582,24618.574792492305,-659.6383232550305,5.0,2.43,3.0,-13231.157415514053,13231.157415514053,3138.0483456800653,15.0,116.83198947648592,14308.219178082192,0,1,0,0,0,0
5207,19.009,25310.667321251487,-659.6383232550305,5.0,2.43,3.0,-12539.064886754875,12539.064886754875,3138.0483456800653,15.0,116.83198947648592,14308.219178082192,0,1,0,0,0,0
5208,16.5833,26910.75200197121,-659.6383232550305,5.0,2.43,3.0,-10938.980206035149,10938.980206035149,3138.0483456800653,15.0,116.83198947648592,14308.219178082192,0,1,0,0,0,0
5209,14.642,28191.307878906206,-659.6383232550305,5.0,2.43,3.0,-9658.424329100157,9658.424329100157,3138.0483456800653,15.0,116.83198947648592,14308.219178082192,0,1,0,0,0,0
5210,14.5731,28236.756959378476,-659.6383232550305,5.0,2.43,3.0,-9612.975248627885,9612.975248627885,3138.0483456800653,15.0,116.83198947648592,14308.219178082192,0,1,0,0,0,0
5211,14.9614,27980.619398458548,-659.6383232550305,5.0,2.43,3.0,-9869.112809547813,9869.112809547813,3138.0483456800653,15.0,116.83198947648592,14308.219178082192,0,1,0,0,0,0
5212,16.2109,27156.40131355139,-659.6383232550305,5.0,2.43,3.0,-10693.330894454974,10693.330894454974,3138.0483456800653,15.0,116.83198947648592,14308.219178082192,0,1,0,0,0,0
5213,17.282,26449.862705512925,-659.6383232550305,5.0,2.43,3.0,-11399.869502493437,11399.869502493437,3138.0483456800653,15.0,116.83198947648592,14308.219178082192,0,1,0,0,0,0
5214,18.1993,25844.77647159108,-659.6383232550305,5.0,2.43,3.0,-12004.955736415277,12004.955736415277,3138.0483456800653,15.0,116.83198947648592,14308.219178082192,0,1,0,0,0,0
5215,20.1769,24540.275723521936,-659.6383232550305,5.0,2.43,3.0,-13309.456484484424,13309.456484484424,3138.0483456800653,15.0,116.83198947648592,14308.219178082192,0,1,0,0,0,0
5216,22.6666,22897.974190113884,-659.6383232550305,5.0,2.43,3.0,-14951.758017892475,14951.758017892475,3138.0483456800653,15.0,116.83198947648592,14308.219178082192,0,1,0,0,0,0
5217,26.0397,20672.948161942342,-659.6383232550305,5.0,2.43,3.0,-17176.78404606402,17176.78404606402,3138.0483456800653,15.0,116.83198947648592,14308.219178082192,0,1,0,0,0,0
5218,31.3,17203.052690123903,-659.6383232550305,5.0,2.43,3.0,-20646.679517882454,20646.679517882454,3138.0483456800653,15.0,116.83198947648592,14308.219178082192,0,1,0,0,0,0
5219,25.3527,21126.11969001855,-659.6383232550305,5.0,2.43,3.0,-16723.61251798781,16723.61251798781,3138.0483456800653,15.0,116.83198947648592,14308.219178082192,0,1,0,0,0,0
5220,25.7047,20893.92700023278,-659.6383232550305,5.0,2.43,3.0,-16955.80520777358,16955.80520777358,3138.0483456800653,15.0,116.83198947648592,14308.219178082192,0,1,0,0,0,0
5221,27.8258,19494.76815277653,-659.6383232550305,5.0,2.43,3.0,-18354.96405522983,18354.96405522983,3138.0483456800653,15.0,116.83198947648592,14308.219178082192,0,1,0,0,0,0
5222,25.5285,21010.155272790314,-659.6383232550305,5.0,2.43,3.0,-16839.576935216046,16839.576935216046,3138.0483456800653,15.0,116.83198947648592,14308.219178082192,0,1,0,0,0,0
5223,27.2317,19886.659280622345,-659.6383232550305,5.0,2.43,3.0,-17963.072927384015,17963.072927384015,3138.0483456800653,15.0,116.83198947648592,14308.219178082192,0,1,0,0,0,0
5224,27.2797,19854.996641106107,-659.6383232550305,5.0,2.43,3.0,-17994.735566900254,17994.735566900254,3138.0483456800653,15.0,116.83198947648592,14308.219178082192,0,1,0,0,0,0
5225,26.3244,20485.149131311635,-659.6383232550305,5.0,2.43,3.0,-17364.583076694726,17364.583076694726,3138.0483456800653,15.0,116.83198947648592,14308.219178082192,0,1,0,0,0,0
5226,21.7615,23495.012836492013,-659.6383232550305,5.0,2.43,3.0,-14354.719371514348,14354.719371514348,3138.0483456800653,15.0,116.83198947648592,14308.219178082192,0,1,0,0,0,0
5227,20.9704,24016.852714019067,-659.6383232550305,5.0,2.43,3.0,-13832.879493987293,13832.879493987293,3138.0483456800653,15.0,116.83198947648592,14308.219178082192,0,1,0,0,0,0
5228,22.1999,23205.82739557701,-659.6383232550305,5.0,2.43,3.0,-14643.904812429351,14643.904812429351,3138.0483456800653,15.0,116.83198947648592,14308.219178082192,0,1,0,0,0,0
5229,21.175,23881.89071308109,-659.6383232550305,5.0,2.43,3.0,-13967.841494925271,13967.841494925271,3138.0483456800653,15.0,116.83198947648592,14308.219178082192,0,1,0,0,0,0
5230,19.7517,24820.75393856997,-659.6383232550305,5.0,2.43,3.0,-13028.978269436386,13028.978269436386,3138.0483456800653,15.0,116.83198947648592,14308.219178082192,0,1,0,0,0,0
5231,17.9057,26038.446283298763,-659.6383232550305,5.0,2.43,3.0,-11811.2859247076,11811.2859247076,3138.0483456800653,15.0,116.83198947648592,14308.219178082192,0,1,0,0,0,0
5232,17.5352,26282.84228206475,-659.6383232550305,5.0,2.43,3.0,-11566.88992594161,11566.88992594161,3138.0483456800653,15.0,116.83198947648592,14308.219178082192,0,1,0,0,0,0
5233,15.4203,27677.911371916816,-659.6383232550305,5.0,2.43,3.0,-10171.820836089546,10171.820836089546,3138.0483456800653,15.0,116.83198947648592,14308.219178082192,0,1,0,0,0,0
5234,14.4962,28287.48314643679,-659.6383232550305,5.0,2.43,3.0,-9562.249061569573,9562.249061569573,3138.0483456800653,15.0,116.83198947648592,14308.219178082192,0,1,0,0,0,0
5235,14.4926,28289.857844400503,-659.6383232550305,5.0,2.43,3.0,-9559.874363605855,9559.874363605855,3138.0483456800653,15.0,116.83198947648592,14308.219178082192,0,1,0,0,0,0
5236,16.5765,26915.237542569346,-659.6383232550305,5.0,2.43,3.0,-10934.494665437012,10934.494665437012,3138.0483456800653,15.0,116.83198947648592,14308.219178082192,0,1,0,0,0,0
5237,18.0688,25930.859272775866,-659.6383232550305,5.0,2.43,3.0,-11918.872935230494,11918.872935230494,3138.0483456800653,15.0,116.83198947648592,14308.219178082192,0,1,0,0,0,0
5238,19.2878,25126.760156727985,-659.6383232550305,5.0,2.43,3.0,-12722.972051278379,12722.972051278379,3138.0483456800653,15.0,116.83198947648592,14308.219178082192,0,1,0,0,0,0
5239,19.8229,24773.787689954217,-659.6383232550305,5.0,2.43,3.0,-13075.944518052145,13075.944518052145,3138.0483456800653,15.0,116.83198947648592,14308.219178082192,0,1,0,0,0,0
5240,24.0096,22012.079921982382,-659.6383232550305,5.0,2.43,3.0,-15837.65228602398,15837.65228602398,3138.0483456800653,15.0,116.83198947648592,14308.219178082192,0,1,0,0,0,0
5241,24.6839,21567.285800611513,-659.6383232550305,5.0,2.43,3.0,-16282.44640739485,16282.44640739485,3138.0483456800653,15.0,116.83198947648592,14308.219178082192,0,1,0,0,0,0
5242,26.6078,20298.20763050116,-659.6383232550305,5.0,2.43,3.0,-17551.524577505203,17551.524577505203,3138.0483456800653,15.0,116.83198947648592,14308.219178082192,0,1,0,0,0,0
5243,31.7014,16938.273867169337,-659.6383232550305,5.0,2.43,3.0,-20911.458340837024,20911.458340837024,3138.0483456800653,15.0,116.83198947648592,14308.219178082192,0,1,0,0,0,0
5244,28.4744,19066.926736313322,-659.6383232550305,5.0,2.43,3.0,-18782.805471693042,18782.805471693042,3138.0483456800653,15.0,116.83198947648592,14308.219178082192,0,1,0,0,0,0
5245,29.1066,18649.90338835149,-659.6383232550305,5.0,2.43,3.0,-19199.82881965487,19199.82881965487,3138.0483456800653,15.0,116.83198947648592,14308.219178082192,0,1,0,0,0,0
5246,27.8195,19498.92387421304,-659.6383232550305,5.0,2.43,3.0,-18350.808333793324,18350.808333793324,3138.0483456800653,15.0,116.83198947648592,14308.219178082192,0,1,0,0,0,0
5247,28.5304,19029.986990211037,-659.6383232550305,5.0,2.43,3.0,-18819.745217795324,18819.745217795324,3138.0483456800653,15.0,116.83198947648592,14308.219178082192,0,1,0,0,0,0
5248,27.7879,19519.7684452279,-659.6383232550305,5.0,2.43,3.0,-18329.96376277846,18329.96376277846,3138.0483456800653,15.0,116.83198947648592,14308.219178082192,0,1,0,0,0,0
5249,23.1166,22601.136944649123,-659.6383232550305,5.0,2.43,3.0,-15248.595263357238,15248.595263357238,3138.0483456800653,15.0,116.83198947648592,14308.219178082192,0,1,0,0,0,0
5250,23.1801,22559.249911122428,-659.6383232550305,5.0,2.43,3.0,-15290.482296883933,15290.482296883933,3138.0483456800653,15.0,116.83198947648592,14308.219178082192,0,1,0,0,0,0
5251,22.6486,22909.847679932478,-659.6383232550305,5.0,2.43,3.0,-14939.884528073882,14939.884528073882,3138.0483456800653,15.0,116.83198947648592,14308.219178082192,0,1,0,0,0,0
5252,22.8735,22761.49502103242,-659.6383232550305,5.0,2.43,3.0,-15088.23718697394,15088.23718697394,3138.0483456800653,15.0,116.83198947648592,14308.219178082192,0,1,0,0,0,0
5253,21.9822,23349.43065854963,-659.6383232550305,5.0,2.43,3.0,-14500.301549456732,14500.301549456732,3138.0483456800653,15.0,116.83198947648592,14308.219178082192,0,1,0,0,0,0
5254,19.8989,24723.655177386834,-659.6383232550305,5.0,2.43,3.0,-13126.077030619528,13126.077030619528,3138.0483456800653,15.0,116.83198947648592,14308.219178082192,0,1,0,0,0,0
5255,16.0746,27246.31001701105,-659.6383232550305,5.0,2.43,3.0,-10603.422190995314,10603.422190995314,3138.0483456800653,15.0,116.83198947648592,14308.219178082192,0,1,0,0,0,0
5256,15.6171,27548.094549900226,-659.6383232550305,5.0,2.43,3.0,-10301.637658106138,10301.637658106138,3138.0483456800653,15.0,116.83198947648592,14308.219178082192,0,1,0,0,0,0
5257,14.4535,28315.64970283978,-659.6383232550305,5.0,2.43,3.0,-9534.082505166583,9534.082505166583,3138.0483456800653,15.0,116.83198947648592,14308.219178082192,0,1,0,0,0,0
5258,13.4098,29004.11422082105,-659.6383232550305,5.0,2.43,3.0,-8845.61798718531,8845.61798718531,3138.0483456800653,15.0,116.83198947648592,14308.219178082192,0,1,0,0,0,0
5259,13.2337,29120.276529546263,-659.6383232550305,5.0,2.43,3.0,-8729.455678460097,8729.455678460097,3138.0483456800653,15.0,116.83198947648592,14308.219178082192,0,1,0,0,0,0
5260,14.3678,28372.180707142732,-659.6383232550305,5.0,2.43,3.0,-9477.551500863628,9477.551500863628,3138.0483456800653,15.0,116.83198947648592,14308.219178082192,0,1,0,0,0,0
5261,18.0801,25923.40535972308,-659.6383232550305,5.0,2.43,3.0,-11926.32684828328,11926.32684828328,3138.0483456800653,15.0,116.83198947648592,14308.219178082192,0,1,0,0,0,0
5262,19.4724,25004.990922255107,-659.6383232550305,5.0,2.43,3.0,-12844.741285751257,12844.741285751257,3138.0483456800653,15.0,116.83198947648592,14308.219178082192,0,1,0,0,0,0
5263,21.5729,23619.42062425791,-659.6383232550305,5.0,2.43,3.0,-14230.311583748447,14230.311583748447,3138.0483456800653,15.0,116.83198947648592,14308.219178082192,0,1,0,0,0,0
5264,24.2172,21875.139006074634,-659.6383232550305,5.0,2.43,3.0,-15974.593201931724,15974.593201931724,3138.0483456800653,15.0,116.83198947648592,14308.219178082192,0,1,0,0,0,0
5265,24.6596,21583.31501186661,-659.6383232550305,5.0,2.43,3.0,-16266.417196139751,16266.417196139751,3138.0483456800653,15.0,116.83198947648592,14308.219178082192,0,1,0,0,0,0
5266,26.6035,20301.044075291156,-659.6383232550305,5.0,2.43,3.0,-17548.688132715204,17548.688132715204,3138.0483456800653,15.0,116.83198947648592,14308.219178082192,0,1,0,0,0,0
5267,27.246,19877.2264525998,-659.6383232550305,5.0,2.43,3.0,-17972.50575540656,17972.50575540656,3138.0483456800653,15.0,116.83198947648592,14308.219178082192,0,1,0,0,0,0
5268,27.4715,19728.478010705792,-659.6383232550305,5.0,2.43,3.0,-18121.254197300572,18121.254197300572,3138.0483456800653,15.0,116.83198947648592,14308.219178082192,0,1,0,0,0,0
5269,26.2277,20548.9361571704,-659.6383232550305,5.0,2.43,3.0,-17300.796050835965,17300.796050835965,3138.0483456800653,15.0,116.83198947648592,14308.219178082192,0,1,0,0,0,0
5270,26.8293,20152.097741900172,-659.6383232550305,5.0,2.43,3.0,-17697.63446610619,17697.63446610619,3138.0483456800653,15.0,116.83198947648592,14308.219178082192,0,1,0,0,0,0
5271,32.5768,16360.826478991883,-659.6383232550305,5.0,2.43,3.0,-21488.905729014477,21488.905729014477,3138.0483456800653,15.0,116.83198947648592,14308.219178082192,0,1,0,0,0,0
5272,27.4111,19768.320165430396,-659.6383232550305,5.0,2.43,3.0,-18081.41204257597,18081.41204257597,3138.0483456800653,15.0,116.83198947648592,14308.219178082192,0,1,0,0,0,0
5273,26.2064,20562.98645345573,-659.6383232550305,5.0,2.43,3.0,-17286.74575455063,17286.74575455063,3138.0483456800653,15.0,116.83198947648592,14308.219178082192,0,1,0,0,0,0
5274,24.6592,21583.578867195916,-659.6383232550305,5.0,2.43,3.0,-16266.153340810448,16266.153340810448,3138.0483456800653,15.0,116.83198947648592,14308.219178082192,0,1,0,0,0,0
5275,24.2372,21861.946239609533,-659.6383232550305,5.0,2.43,3.0,-15987.785968396827,15987.785968396827,3138.0483456800653,15.0,116.83198947648592,14308.219178082192,0,1,0,0,0,0
5276,22.3654,23096.6572530783,-659.6383232550305,5.0,2.43,3.0,-14753.07495492806,14753.07495492806,3138.0483456800653,15.0,116.83198947648592,14308.219178082192,0,1,0,0,0,0
5277,21.2702,23819.09314470721,-659.6383232550305,5.0,2.43,3.0,-14030.63906329915,14030.63906329915,3138.0483456800653,15.0,116.83198947648592,14308.219178082192,0,1,0,0,0,0
5278,19.551,24953.14335004726,-659.6383232550305,5.0,2.43,3.0,-12896.588857959101,12896.588857959101,3138.0483456800653,15.0,116.83198947648592,14308.219178082192,0,1,0,0,0,0
5279,17.6262,26222.81519464854,-659.6383232550305,5.0,2.43,3.0,-11626.917013357819,11626.917013357819,3138.0483456800653,15.0,116.83198947648592,14308.219178082192,0,1,0,0,0,0
5280,16.4707,26985.027277169727,-659.6383232550305,5.0,2.43,3.0,-10864.704930836631,10864.704930836631,3138.0483456800653,15.0,116.83198947648592,14308.219178082192,0,1,0,0,0,0
5281,15.3726,27709.376119936078,-659.6383232550305,5.0,2.43,3.0,-10140.356088070283,10140.356088070283,3138.0483456800653,15.0,116.83198947648592,14308.219178082192,0,1,0,0,0,0
5282,14.5778,28233.656659259177,-659.6383232550305,5.0,2.43,3.0,-9616.075548747183,9616.075548747183,3138.0483456800653,15.0,116.83198947648592,14308.219178082192,0,1,0,0,0,0
5283,14.6189,28206.545524173394,-659.6383232550305,5.0,2.43,3.0,-9643.186683832966,9643.186683832966,3138.0483456800653,15.0,116.83198947648592,14308.219178082192,0,1,0,0,0,0
5284,15.8556,27390.7708098039,-659.6383232550305,5.0,2.43,3.0,-10458.961398202462,10458.961398202462,3138.0483456800653,15.0,116.83198947648592,14308.219178082192,0,1,0,0,0,0
5285,18.9566,25345.232369390047,-659.6383232550305,5.0,2.43,3.0,-12504.499838616313,12504.499838616313,3138.0483456800653,15.0,116.83198947648592,14308.219178082192,0,1,0,0,0,0
5286,19.078,25265.152276946887,-659.6383232550305,5.0,2.43,3.0,-12584.579931059472,12584.579931059472,3138.0483456800653,15.0,116.83198947648592,14308.219178082192,0,1,0,0,0,0
5287,20.8913,24069.03010538854,-659.6383232550305,5.0,2.43,3.0,-13780.702102617819,13780.702102617819,3138.0483456800653,15.0,116.83198947648592,14308.219178082192,0,1,0,0,0,0
5288,23.9037,22081.93562041509,-659.6383232550305,5.0,2.43,3.0,-15767.796587591274,15767.796587591274,3138.0483456800653,15.0,116.83198947648592,14308.219178082192,0,1,0,0,0,0
5289,28.8749,18802.74158784968,-659.6383232550305,5.0,2.43,3.0,-19046.99062015668,19046.99062015668,3138.0483456800653,15.0,116.83198947648592,14308.219178082192,0,1,0,0,0,0
5290,24.8678,21445.978312964915,-659.6383232550305,5.0,2.43,3.0,-16403.753895041446,16403.753895041446,3138.0483456800653,15.0,116.83198947648592,14308.219178082192,0,1,0,0,0,0
5291,24.3681,21775.599583095453,-659.6383232550305,5.0,2.43,3.0,-16074.132624910908,16074.132624910908,3138.0483456800653,15.0,116.83198947648592,14308.219178082192,0,1,0,0,0,0
5292,27.1774,19922.477641575097,-659.6383232550305,5.0,2.43,3.0,-17927.254566431264,17927.254566431264,3138.0483456800653,15.0,116.83198947648592,14308.219178082192,0,1,0,0,0,0
5293,34.3537,15188.715142400015,-659.6383232550305,5.0,2.43,3.0,-22661.017065606346,22661.017065606346,3138.0483456800653,15.0,116.83198947648592,14308.219178082192,0,1,0,0,0,0
5294,68.7156,21513.85074426902,650.0,0,2.43,3.0,44665.14,-44665.14,15071.972825128516,0,556.8949724310688,14308.219178082192,1,0,0,0,0,0
5295,34.6441,14997.156173326755,-659.6383232550305,5.0,2.43,3.0,-22852.576034679605,22852.576034679605,3138.0483456800653,15.0,116.83198947648592,14308.219178082192,0,1,0,0,0,0
5296,28.3992,19116.531538222098,-659.6383232550305,5.0,2.43,3.0,-18733.200669784263,18733.200669784263,3138.0483456800653,15.0,116.83198947648592,14308.219178082192,0,1,0,0,0,0
5297,30.1805,17941.517793007915,-659.6383232550305,5.0,2.43,3.0,-19908.21441499845,19908.21441499845,3138.0483456800653,15.0,116.83198947648592,14308.219178082192,0,1,0,0,0,0
5298,24.3171,21809.241137581455,-659.6383232550305,5.0,2.43,3.0,-16040.491070424903,16040.491070424903,3138.0483456800653,15.0,116.83198947648592,14308.219178082192,0,1,0,0,0,0
5299,23.4503,22381.01563617892,-659.6383232550305,5.0,2.43,3.0,-15468.716571827441,15468.716571827441,3138.0483456800653,15.0,116.83198947648592,14308.219178082192,0,1,0,0,0,0
5300,22.0174,23326.21138957105,-659.6383232550305,5.0,2.43,3.0,-14523.520818435309,14523.520818435309,3138.0483456800653,15.0,116.83198947648592,14308.219178082192,0,1,0,0,0,0
5301,19.7023,24853.34007173877,-659.6383232550305,5.0,2.43,3.0,-12996.392136267588,12996.392136267588,3138.0483456800653,15.0,116.83198947648592,14308.219178082192,0,1,0,0,0,0
5302,18.3248,25761.99186202258,-659.6383232550305,5.0,2.43,3.0,-12087.740345983782,12087.740345983782,3138.0483456800653,15.0,116.83198947648592,14308.219178082192,0,1,0,0,0,0
5303,17.0089,26630.00993159387,-659.6383232550305,5.0,2.43,3.0,-11219.722276412489,11219.722276412489,3138.0483456800653,15.0,116.83198947648592,14308.219178082192,0,1,0,0,0,0
5304,17.5817,26252.16910003339,-659.6383232550305,5.0,2.43,3.0,-11597.56310797297,11597.56310797297,3138.0483456800653,15.0,116.83198947648592,14308.219178082192,0,1,0,0,0,0
5305,16.1268,27211.876896537135,-659.6383232550305,5.0,2.43,3.0,-10637.855311469226,10637.855311469226,3138.0483456800653,15.0,116.83198947648592,14308.219178082192,0,1,0,0,0,0
5306,13.6677,28833.993497253578,-659.6383232550305,5.0,2.43,3.0,-9015.738710752781,9015.738710752781,3138.0483456800653,15.0,116.83198947648592,14308.219178082192,0,1,0,0,0,0
5307,13.1454,29178.52259348968,-659.6383232550305,5.0,2.43,3.0,-8671.209614516678,8671.209614516678,3138.0483456800653,15.0,116.83198947648592,14308.219178082192,0,1,0,0,0,0
5308,13.3248,29060.18347829773,-659.6383232550305,5.0,2.43,3.0,-8789.548729708631,8789.548729708631,3138.0483456800653,15.0,116.83198947648592,14308.219178082192,0,1,0,0,0,0
5309,13.0501,29241.386125695884,-659.6383232550305,5.0,2.43,3.0,-8608.346082310474,8608.346082310474,3138.0483456800653,15.0,116.83198947648592,14308.219178082192,0,1,0,0,0,0
5310,13.5401,28918.16334730092,-659.6383232550305,5.0,2.43,3.0,-8931.56886070544,8931.56886070544,3138.0483456800653,15.0,116.83198947648592,14308.219178082192,0,1,0,0,0,0
5311,15.3864,27700.27311107516,-659.6383232550305,5.0,2.43,3.0,-10149.459096931201,10149.459096931201,3138.0483456800653,15.0,116.83198947648592,14308.219178082192,0,1,0,0,0,0
5312,17.8413,26080.926991316388,-659.6383232550305,5.0,2.43,3.0,-11768.805216689976,11768.805216689976,3138.0483456800653,15.0,116.83198947648592,14308.219178082192,0,1,0,0,0,0
5313,20.0615,24616.397986025568,-659.6383232550305,5.0,2.43,3.0,-13233.334221980795,13233.334221980795,3138.0483456800653,15.0,116.83198947648592,14308.219178082192,0,1,0,0,0,0
5314,21.3057,23795.675984231653,-659.6383232550305,5.0,2.43,3.0,-14054.056223774705,14054.056223774705,3138.0483456800653,15.0,116.83198947648592,14308.219178082192,0,1,0,0,0,0
5315,22.074,23288.875860474815,-659.6383232550305,5.0,2.43,3.0,-14560.856347531544,14560.856347531544,3138.0483456800653,15.0,116.83198947648592,14308.219178082192,0,1,0,0,0,0
5316,23.7287,22197.372326984718,-659.6383232550305,5.0,2.43,3.0,-15652.359881021643,15652.359881021643,3138.0483456800653,15.0,116.83198947648592,14308.219178082192,0,1,0,0,0,0
5317,23.3346,22457.335790179524,-659.6383232550305,5.0,2.43,3.0,-15392.396417826834,15392.396417826834,3138.0483456800653,15.0,116.83198947648592,14308.219178082192,0,1,0,0,0,0
5318,25.1254,21276.055480894418,-659.6383232550305,5.0,2.43,3.0,-16573.676727111942,16573.676727111942,3138.0483456800653,15.0,116.83198947648592,14308.219178082192,0,1,0,0,0,0
5319,29.4301,18436.510390778487,-659.6383232550305,5.0,2.43,3.0,-19413.221817227874,19413.221817227874,3138.0483456800653,15.0,116.83198947648592,14308.219178082192,0,1,0,0,0,0
5320,125.8695,58663.885744269035,650.0,0,2.43,3.0,81815.175,-81815.175,15071.972825128516,0,556.8949724310688,14308.219178082192,1,0,0,0,0,0
5321,43.5319,9134.422683900699,-659.6383232550305,5.0,2.43,3.0,-28715.30952410566,28715.30952410566,3138.0483456800653,15.0,116.83198947648592,14308.219178082192,0,1,0,0,0,0
5322,22.5905,22948.172666513594,-659.6383232550305,5.0,2.43,3.0,-14901.559541492767,14901.559541492767,3138.0483456800653,15.0,116.83198947648592,14308.219178082192,0,1,0,0,0,0
5323,21.6639,23559.393536841704,-659.6383232550305,5.0,2.43,3.0,-14290.338671164656,14290.338671164656,3138.0483456800653,15.0,116.83198947648592,14308.219178082192,0,1,0,0,0,0
5324,20.6585,24222.593907042312,-659.6383232550305,5.0,2.43,3.0,-13627.138300964049,13627.138300964049,3138.0483456800653,15.0,116.83198947648592,14308.219178082192,0,1,0,0,0,0
5325,19.16,25211.061934439975,-659.6383232550305,5.0,2.43,3.0,-12638.670273566384,12638.670273566384,3138.0483456800653,15.0,116.83198947648592,14308.219178082192,0,1,0,0,0,0
5326,17.3593,26398.87266312531,-659.6383232550305,5.0,2.43,3.0,-11450.859544881052,11450.859544881052,3138.0483456800653,15.0,116.83198947648592,14308.219178082192,0,1,0,0,0,0
5327,15.299,27757.92550052765,-659.6383232550305,5.0,2.43,3.0,-10091.806707478712,10091.806707478712,3138.0483456800653,15.0,116.83198947648592,14308.219178082192,0,1,0,0,0,0
5328,14.6945,28156.676866935315,-659.6383232550305,5.0,2.43,3.0,-9693.055341071045,9693.055341071045,3138.0483456800653,15.0,116.83198947648592,14308.219178082192,0,1,0,0,0,0
5329,13.5323,28923.30852622231,-659.6383232550305,5.0,2.43,3.0,-8926.423681784048,8926.423681784048,3138.0483456800653,15.0,116.83198947648592,14308.219178082192,0,1,0,0,0,0
5330,13.6631,28837.027833540553,-659.6383232550305,5.0,2.43,3.0,-9012.704374465808,9012.704374465808,3138.0483456800653,15.0,116.83198947648592,14308.219178082192,0,1,0,0,0,0
5331,13.0516,29240.396668211004,-659.6383232550305,5.0,2.43,3.0,-8609.335539795356,8609.335539795356,3138.0483456800653,15.0,116.83198947648592,14308.219178082192,0,1,0,0,0,0
5332,12.0396,29907.950651345094,-659.6383232550305,5.0,2.43,3.0,-7941.781556661265,7941.781556661265,3138.0483456800653,15.0,116.83198947648592,14308.219178082192,0,1,0,0,0,0
5333,11.6248,30181.568627831282,-659.6383232550305,5.0,2.43,3.0,-7668.163580175079,7668.163580175079,3138.0483456800653,15.0,116.83198947648592,14308.219178082192,0,1,0,0,0,0
5334,10.7479,30760.00547349362,-659.6383232550305,5.0,2.43,3.0,-7089.726734512742,7089.726734512742,3138.0483456800653,15.0,116.83198947648592,14308.219178082192,0,1,0,0,0,0
5335,12.834,29383.933967351302,-659.6383232550305,5.0,2.43,3.0,-8465.798240655062,8465.798240655062,3138.0483456800653,15.0,116.83198947648592,14308.219178082192,0,1,0,0,0,0
5336,14.482,28296.850010627008,-659.6383232550305,5.0,2.43,3.0,-9552.882197379351,9552.882197379351,3138.0483456800653,15.0,116.83198947648592,14308.219178082192,0,1,0,0,0,0
5337,18.3353,25755.0656596284,-659.6383232550305,5.0,2.43,3.0,-12094.666548377962,12094.666548377962,3138.0483456800653,15.0,116.83198947648592,14308.219178082192,0,1,0,0,0,0
5338,21.2615,23824.83199811953,-659.6383232550305,5.0,2.43,3.0,-14024.900209886833,14024.900209886833,3138.0483456800653,15.0,116.83198947648592,14308.219178082192,0,1,0,0,0,0
5339,20.9698,24017.24849701302,-659.6383232550305,5.0,2.43,3.0,-13832.483710993338,13832.483710993338,3138.0483456800653,15.0,116.83198947648592,14308.219178082192,0,1,0,0,0,0
5340,22.7981,22811.231750605846,-659.6383232550305,5.0,2.43,3.0,-15038.500457400512,15038.500457400512,3138.0483456800653,15.0,116.83198947648592,14308.219178082192,0,1,0,0,0,0
5341,24.1302,21932.527540197825,-659.6383232550305,5.0,2.43,3.0,-15917.204667808537,15917.204667808537,3138.0483456800653,15.0,116.83198947648592,14308.219178082192,0,1,0,0,0,0
5342,24.9934,21363.12773956408,-659.6383232550305,5.0,2.43,3.0,-16486.60446844228,16486.60446844228,3138.0483456800653,15.0,116.83198947648592,14308.219178082192,0,1,0,0,0,0
5343,26.416,20424.726260901476,-659.6383232550305,5.0,2.43,3.0,-17425.005947104888,17425.005947104888,3138.0483456800653,15.0,116.83198947648592,14308.219178082192,0,1,0,0,0,0
5344,34.3058,15220.311818083937,-659.6383232550305,5.0,2.43,3.0,-22629.420389922423,22629.420389922423,3138.0483456800653,15.0,116.83198947648592,14308.219178082192,0,1,0,0,0,0
5345,26.2776,20516.020204839973,-659.6383232550305,5.0,2.43,3.0,-17333.71200316639,17333.71200316639,3138.0483456800653,15.0,116.83198947648592,14308.219178082192,0,1,0,0,0,0
5346,28.0393,19353.93537076158,-659.6383232550305,5.0,2.43,3.0,-18495.796837244776,18495.796837244776,3138.0483456800653,15.0,116.83198947648592,14308.219178082192,0,1,0,0,0,0
5347,26.0753,20649.465037634465,-659.6383232550305,5.0,2.43,3.0,-17200.267170371895,17200.267170371895,3138.0483456800653,15.0,116.83198947648592,14308.219178082192,0,1,0,0,0,0
5348,21.9056,23399.958954110967,-659.6383232550305,5.0,2.43,3.0,-14449.773253895397,14449.773253895397,3138.0483456800653,15.0,116.83198947648592,14308.219178082192,0,1,0,0,0,0
5349,19.5673,24942.391245378203,-659.6383232550305,5.0,2.43,3.0,-12907.34096262816,12907.34096262816,3138.0483456800653,15.0,116.83198947648592,14308.219178082192,0,1,0,0,0,0
5350,18.6264,25563.044943728863,-659.6383232550305,5.0,2.43,3.0,-12286.6872642775,12286.6872642775,3138.0483456800653,15.0,116.83198947648592,14308.219178082192,0,1,0,0,0,0
5351,17.2904,26444.321743597582,-659.6383232550305,5.0,2.43,3.0,-11405.41046440878,11405.41046440878,3138.0483456800653,15.0,116.83198947648592,14308.219178082192,0,1,0,0,0,0
5352,15.1463,27858.652272488693,-659.6383232550305,5.0,2.43,3.0,-9991.07993551767,9991.07993551767,3138.0483456800653,15.0,116.83198947648592,14308.219178082192,0,1,0,0,0,0
5353,14.7349,28130.02747867581,-659.6383232550305,5.0,2.43,3.0,-9719.70472933055,9719.70472933055,3138.0483456800653,15.0,116.83198947648592,14308.219178082192,0,1,0,0,0,0
5354,13.8413,28719.480284336507,-659.6383232550305,5.0,2.43,3.0,-9130.251923669854,9130.251923669854,3138.0483456800653,15.0,116.83198947648592,14308.219178082192,0,1,0,0,0,0
5355,13.8936,28684.98120003027,-659.6383232550305,5.0,2.43,3.0,-9164.751007976092,9164.751007976092,3138.0483456800653,15.0,116.83198947648592,14308.219178082192,0,1,0,0,0,0
5356,14.2983,28418.02557060896,-659.6383232550305,5.0,2.43,3.0,-9431.706637397403,9431.706637397403,3138.0483456800653,15.0,116.83198947648592,14308.219178082192,0,1,0,0,0,0
5357,17.6788,26188.118218845328,-659.6383232550305,5.0,2.43,3.0,-11661.613989161033,11661.613989161033,3138.0483456800653,15.0,116.83198947648592,14308.219178082192,0,1,0,0,0,0
5358,17.3331,26416.155187194592,-659.6383232550305,5.0,2.43,3.0,-11433.57702081177,11433.57702081177,3138.0483456800653,15.0,116.83198947648592,14308.219178082192,0,1,0,0,0,0
5359,20.0799,24604.260640877674,-659.6383232550305,5.0,2.43,3.0,-13245.471567128687,13245.471567128687,3138.0483456800653,15.0,116.83198947648592,14308.219178082192,0,1,0,0,0,0
5360,22.068,23292.833690414347,-659.6383232550305,5.0,2.43,3.0,-14556.898517592015,14556.898517592015,3138.0483456800653,15.0,116.83198947648592,14308.219178082192,0,1,0,0,0,0
5361,24.4209,21740.77067962759,-659.6383232550305,5.0,2.43,3.0,-16108.961528378775,16108.961528378775,3138.0483456800653,15.0,116.83198947648592,14308.219178082192,0,1,0,0,0,0
5362,22.5188,22995.468734290982,-659.6383232550305,5.0,2.43,3.0,-14854.26347371538,14854.26347371538,3138.0483456800653,15.0,116.83198947648592,14308.219178082192,0,1,0,0,0,0
5363,25.0538,21323.28558483948,-659.6383232550305,5.0,2.43,3.0,-16526.44662316688,16526.44662316688,3138.0483456800653,15.0,116.83198947648592,14308.219178082192,0,1,0,0,0,0
5364,26.7748,20188.04803051757,-659.6383232550305,5.0,2.43,3.0,-17661.68417748879,17661.68417748879,3138.0483456800653,15.0,116.83198947648592,14308.219178082192,0,1,0,0,0,0
5365,30.8426,17504.771259180758,-659.6383232550305,5.0,2.43,3.0,-20344.960948825606,20344.960948825606,3138.0483456800653,15.0,116.83198947648592,14308.219178082192,0,1,0,0,0,0
5366,32.8273,16195.587079016495,-659.6383232550305,5.0,2.43,3.0,-21654.145128989865,21654.145128989865,3138.0483456800653,15.0,116.83198947648592,14308.219178082192,0,1,0,0,0,0
5367,33.4027,15816.031187815552,-659.6383232550305,5.0,2.43,3.0,-22033.70102019081,22033.70102019081,3138.0483456800653,15.0,116.83198947648592,14308.219178082192,0,1,0,0,0,0
5368,37.4763,13128.928514203857,-659.6383232550305,5.0,2.43,3.0,-24720.8036938025,24720.8036938025,3138.0483456800653,15.0,116.83198947648592,14308.219178082192,0,1,0,0,0,0
5369,38.6458,12357.481495157102,-659.6383232550305,5.0,2.43,3.0,-25492.250712849258,25492.250712849258,3138.0483456800653,15.0,116.83198947648592,14308.219178082192,0,1,0,0,0,0
5370,27.2589,19868.717118229808,-659.6383232550305,5.0,2.43,3.0,-17981.015089776552,17981.015089776552,3138.0483456800653,15.0,116.83198947648592,14308.219178082192,0,1,0,0,0,0
5371,36.097,14038.767653469524,-659.6383232550305,5.0,2.43,3.0,-23810.964554536837,23810.964554536837,3138.0483456800653,15.0,116.83198947648592,14308.219178082192,0,1,0,0,0,0
5372,24.5121,21680.611664546726,-659.6383232550305,5.0,2.43,3.0,-16169.120543459634,16169.120543459634,3138.0483456800653,15.0,116.83198947648592,14308.219178082192,0,1,0,0,0,0
5373,23.0685,22632.865547997688,-659.6383232550305,5.0,2.43,3.0,-15216.86666000867,15216.86666000867,3138.0483456800653,15.0,116.83198947648592,14308.219178082192,0,1,0,0,0,0
5374,21.2801,23812.562725306983,-659.6383232550305,5.0,2.43,3.0,-14037.169482699375,14037.169482699375,3138.0483456800653,15.0,116.83198947648592,14308.219178082192,0,1,0,0,0,0
5375,20.9237,24047.65782371508,-659.6383232550305,5.0,2.43,3.0,-13802.074384291282,13802.074384291282,3138.0483456800653,15.0,116.83198947648592,14308.219178082192,0,1,0,0,0,0
5376,21.3012,23798.644356686305,-659.6383232550305,5.0,2.43,3.0,-14051.087851320057,14051.087851320057,3138.0483456800653,15.0,116.83198947648592,14308.219178082192,0,1,0,0,0,0
5377,19.717,24843.643388386925,-659.6383232550305,5.0,2.43,3.0,-13006.088819619436,13006.088819619436,3138.0483456800653,15.0,116.83198947648592,14308.219178082192,0,1,0,0,0,0
5378,19.1117,25242.922465453194,-659.6383232550305,5.0,2.43,3.0,-12606.809742553167,12606.809742553167,3138.0483456800653,15.0,116.83198947648592,14308.219178082192,0,1,0,0,0,0
5379,19.386,25061.98367338434,-659.6383232550305,5.0,2.43,3.0,-12787.748534622022,12787.748534622022,3138.0483456800653,15.0,116.83198947648592,14308.219178082192,0,1,0,0,0,0
5380,22.1223,23257.0153294616,-659.6383232550305,5.0,2.43,3.0,-14592.716878544761,14592.716878544761,3138.0483456800653,15.0,116.83198947648592,14308.219178082192,0,1,0,0,0,0
5381,25.9674,20720.64001271368,-659.6383232550305,5.0,2.43,3.0,-17129.09219529268,17129.09219529268,3138.0483456800653,15.0,116.83198947648592,14308.219178082192,0,1,0,0,0,0
5382,20.1255,24574.181133337246,-659.6383232550305,5.0,2.43,3.0,-13275.551074669116,13275.551074669116,3138.0483456800653,15.0,116.83198947648592,14308.219178082192,0,1,0,0,0,0
5383,22.9265,22726.534189899903,-659.6383232550305,5.0,2.43,3.0,-15123.198018106457,15123.198018106457,3138.0483456800653,15.0,116.83198947648592,14308.219178082192,0,1,0,0,0,0
5384,23.5327,22326.661438342708,-659.6383232550305,5.0,2.43,3.0,-15523.070769663656,15523.070769663656,3138.0483456800653,15.0,116.83198947648592,14308.219178082192,0,1,0,0,0,0
5385,23.6264,22264.85332745371,-659.6383232550305,5.0,2.43,3.0,-15584.878880552653,15584.878880552653,3138.0483456800653,15.0,116.83198947648592,14308.219178082192,0,1,0,0,0,0
5386,23.5657,22304.893373675288,-659.6383232550305,5.0,2.43,3.0,-15544.838834331073,15544.838834331073,3138.0483456800653,15.0,116.83198947648592,14308.219178082192,0,1,0,0,0,0
5387,26.4974,20371.031701388514,-659.6383232550305,5.0,2.43,3.0,-17478.700506617846,17478.700506617846,3138.0483456800653,15.0,116.83198947648592,14308.219178082192,0,1,0,0,0,0
5388,28.9878,18728.268421154185,-659.6383232550305,5.0,2.43,3.0,-19121.463786852175,19121.463786852175,3138.0483456800653,15.0,116.83198947648592,14308.219178082192,0,1,0,0,0,0
5389,31.6363,16981.216322013242,-659.6383232550305,5.0,2.43,3.0,-20868.51588599312,20868.51588599312,3138.0483456800653,15.0,116.83198947648592,14308.219178082192,0,1,0,0,0,0
5390,38.8155,12245.540871700727,-659.6383232550305,5.0,2.43,3.0,-25604.191336305637,25604.191336305637,3138.0483456800653,15.0,116.83198947648592,14308.219178082192,0,1,0,0,0,0
5391,52.6439,11067.245744269027,650.0,0,2.43,3.0,34218.535,-34218.535,15071.972825128516,0,556.8949724310688,14308.219178082192,1,0,0,0,0,0
5392,45.9496,7539.615109767012,-659.6383232550305,5.0,2.43,3.0,-30310.11709823935,30310.11709823935,3138.0483456800653,15.0,116.83198947648592,14308.219178082192,0,1,0,0,0,0
5393,35.5465,14401.898550421418,-659.6383232550305,5.0,2.43,3.0,-23447.833657584943,23447.833657584943,3138.0483456800653,15.0,116.83198947648592,14308.219178082192,0,1,0,0,0,0
5394,26.6785,20251.57120104703,-659.6383232550305,5.0,2.43,3.0,-17598.16100695933,17598.16100695933,3138.0483456800653,15.0,116.83198947648592,14308.219178082192,0,1,0,0,0,0
5395,31.7817,16885.304909811955,-659.6383232550305,5.0,2.43,3.0,-20964.427298194405,20964.427298194405,3138.0483456800653,15.0,116.83198947648592,14308.219178082192,0,1,0,0,0,0
5396,26.4008,20434.752763414952,-659.6383232550305,5.0,2.43,3.0,-17414.97944459141,17414.97944459141,3138.0483456800653,15.0,116.83198947648592,14308.219178082192,0,1,0,0,0,0
5397,23.0611,22637.746871589778,-659.6383232550305,5.0,2.43,3.0,-15211.985336416585,15211.985336416585,3138.0483456800653,15.0,116.83198947648592,14308.219178082192,0,1,0,0,0,0
5398,21.034,23974.89971666005,-659.6383232550305,5.0,2.43,3.0,-13874.832491346311,13874.832491346311,3138.0483456800653,15.0,116.83198947648592,14308.219178082192,0,1,0,0,0,0
5399,21.2912,23805.240739918852,-659.6383232550305,5.0,2.43,3.0,-14044.491468087506,14044.491468087506,3138.0483456800653,15.0,116.83198947648592,14308.219178082192,0,1,0,0,0,0
5400,18.5595,25607.17474755462,-659.6383232550305,5.0,2.43,3.0,-12242.557460451739,12242.557460451739,3138.0483456800653,15.0,116.83198947648592,14308.219178082192,0,1,0,0,0,0
5401,18.0482,25944.447822234917,-659.6383232550305,5.0,2.43,3.0,-11905.284385771443,11905.284385771443,3138.0483456800653,15.0,116.83198947648592,14308.219178082192,0,1,0,0,0,0
5402,17.7153,26164.041420046517,-659.6383232550305,5.0,2.43,3.0,-11685.690787959842,11685.690787959842,3138.0483456800653,15.0,116.83198947648592,14308.219178082192,0,1,0,0,0,0
5403,18.0502,25943.12854558841,-659.6383232550305,5.0,2.43,3.0,-11906.603662417952,11906.603662417952,3138.0483456800653,15.0,116.83198947648592,14308.219178082192,0,1,0,0,0,0
5404,19.4943,24990.544842975818,-659.6383232550305,5.0,2.43,3.0,-12859.18736503054,12859.18736503054,3138.0483456800653,15.0,116.83198947648592,14308.219178082192,0,1,0,0,0,0
5405,28.3904,19122.33635546674,-659.6383232550305,5.0,2.43,3.0,-18727.39585253962,18727.39585253962,3138.0483456800653,15.0,116.83198947648592,14308.219178082192,0,1,0,0,0,0
5406,21.1533,23896.204864695723,-659.6383232550305,5.0,2.43,3.0,-13953.527343310638,13953.527343310638,3138.0483456800653,15.0,116.83198947648592,14308.219178082192,0,1,0,0,0,0
5407,22.7377,22851.073905330457,-659.6383232550305,5.0,2.43,3.0,-14998.658302675907,14998.658302675907,3138.0483456800653,15.0,116.83198947648592,14308.219178082192,0,1,0,0,0,0
5408,23.8597,22110.959706638307,-659.6383232550305,5.0,2.43,3.0,-15738.772501368052,15738.772501368052,3138.0483456800653,15.0,116.83198947648592,14308.219178082192,0,1,0,0,0,0
5409,26.7879,20179.406768482928,-659.6383232550305,5.0,2.43,3.0,-17670.325439523433,17670.325439523433,3138.0483456800653,15.0,116.83198947648592,14308.219178082192,0,1,0,0,0,0
5410,26.6198,20290.2919706221,-659.6383232550305,5.0,2.43,3.0,-17559.440237384264,17559.440237384264,3138.0483456800653,15.0,116.83198947648592,14308.219178082192,0,1,0,0,0,0
5411,28.0248,19363.50012644878,-659.6383232550305,5.0,2.43,3.0,-18486.232081557577,18486.232081557577,3138.0483456800653,15.0,116.83198947648592,14308.219178082192,0,1,0,0,0,0
5412,54.4034,12210.920744269022,650.0,0,2.43,3.0,35362.21,-35362.21,15071.972825128516,0,556.8949724310688,14308.219178082192,1,0,0,0,0,0
5413,28.4384,19090.6737159505,-659.6383232550305,5.0,2.43,3.0,-18759.05849205586,18759.05849205586,3138.0483456800653,15.0,116.83198947648592,14308.219178082192,0,1,0,0,0,0
5414,25.8677,20786.40595354221,-659.6383232550305,5.0,2.43,3.0,-17063.32625446415,17063.32625446415,3138.0483456800653,15.0,116.83198947648592,14308.219178082192,0,1,0,0,0,0
5415,49.2569,8865.695744269024,650.0,0,2.43,3.0,32016.985,-32016.985,15071.972825128516,0,556.8949724310688,14308.219178082192,1,0,0,0,0,0
5416,69.6064,22092.870744269017,650.0,0,2.43,3.0,45244.159999999996,-45244.159999999996,15071.972825128516,0,556.8949724310688,14308.219178082192,1,0,0,0,0,0
5417,35.7256,14283.757326726442,-659.6383232550305,5.0,2.43,3.0,-23565.97488127992,23565.97488127992,3138.0483456800653,15.0,116.83198947648592,14308.219178082192,0,1,0,0,0,0
5418,44.4267,8544.178312252101,-659.6383232550305,5.0,2.43,3.0,-29305.553895754263,29305.553895754263,3138.0483456800653,15.0,116.83198947648592,14308.219178082192,0,1,0,0,0,0
5419,37.2044,13308.284174296903,-659.6383232550305,5.0,2.43,3.0,-24541.448033709457,24541.448033709457,3138.0483456800653,15.0,116.83198947648592,14308.219178082192,0,1,0,0,0,0
5420,25.7277,20878.755318797914,-659.6383232550305,5.0,2.43,3.0,-16970.976889208447,16970.976889208447,3138.0483456800653,15.0,116.83198947648592,14308.219178082192,0,1,0,0,0,0
5421,21.8619,23428.78514883721,-659.6383232550305,5.0,2.43,3.0,-14420.947059169152,14420.947059169152,3138.0483456800653,15.0,116.83198947648592,14308.219178082192,0,1,0,0,0,0
5422,21.7246,23519.353490620124,-659.6383232550305,5.0,2.43,3.0,-14330.378717386235,14330.378717386235,3138.0483456800653,15.0,116.83198947648592,14308.219178082192,0,1,0,0,0,0
5423,19.953,24687.968744098736,-659.6383232550305,5.0,2.43,3.0,-13161.763463907624,13161.763463907624,3138.0483456800653,15.0,116.83198947648592,14308.219178082192,0,1,0,0,0,0
5424,18.7507,25481.05190014826,-659.6383232550305,5.0,2.43,3.0,-12368.6803078581,12368.6803078581,3138.0483456800653,15.0,116.83198947648592,14308.219178082192,0,1,0,0,0,0
5425,16.4735,26983.180289864613,-659.6383232550305,5.0,2.43,3.0,-10866.551918141746,10866.551918141746,3138.0483456800653,15.0,116.83198947648592,14308.219178082192,0,1,0,0,0,0
5426,14.9179,28009.31366552014,-659.6383232550305,5.0,2.43,3.0,-9840.418542486219,9840.418542486219,3138.0483456800653,15.0,116.83198947648592,14308.219178082192,0,1,0,0,0,0
5427,15.2897,27764.06013693392,-659.6383232550305,5.0,2.43,3.0,-10085.67207107244,10085.67207107244,3138.0483456800653,15.0,116.83198947648592,14308.219178082192,0,1,0,0,0,0
5428,17.8185,26095.9667450866,-659.6383232550305,5.0,2.43,3.0,-11753.76546291976,11753.76546291976,3138.0483456800653,15.0,116.83198947648592,14308.219178082192,0,1,0,0,0,0
5429,20.9008,24062.763541317618,-659.6383232550305,5.0,2.43,3.0,-13786.968666688743,13786.968666688743,3138.0483456800653,15.0,116.83198947648592,14308.219178082192,0,1,0,0,0,0
5430,20.4915,24332.753507025904,-659.6383232550305,5.0,2.43,3.0,-13516.978700980457,13516.978700980457,3138.0483456800653,15.0,116.83198947648592,14308.219178082192,0,1,0,0,0,0
5431,20.8937,24067.44697341273,-659.6383232550305,5.0,2.43,3.0,-13782.28523459363,13782.28523459363,3138.0483456800653,15.0,116.83198947648592,14308.219178082192,0,1,0,0,0,0
5432,22.2942,23143.62350169406,-659.6383232550305,5.0,2.43,3.0,-14706.108706312301,14706.108706312301,3138.0483456800653,15.0,116.83198947648592,14308.219178082192,0,1,0,0,0,0
5433,33.5544,15715.964054177766,-659.6383232550305,5.0,2.43,3.0,-22133.768153828598,22133.768153828598,3138.0483456800653,15.0,116.83198947648592,14308.219178082192,0,1,0,0,0,0
5434,31.7841,16883.72177783615,-659.6383232550305,5.0,2.43,3.0,-20966.010430170216,20966.010430170216,3138.0483456800653,15.0,116.83198947648592,14308.219178082192,0,1,0,0,0,0
5435,43.9738,8842.9285088543,-659.6383232550305,5.0,2.43,3.0,-29006.80369915206,29006.80369915206,3138.0483456800653,15.0,116.83198947648592,14308.219178082192,0,1,0,0,0,0
5436,32.1813,16621.713435839247,-659.6383232550305,5.0,2.43,3.0,-21228.018772167114,21228.018772167114,3138.0483456800653,15.0,116.83198947648592,14308.219178082192,0,1,0,0,0,0
5437,36.3118,13897.077341634347,-659.6383232550305,5.0,2.43,3.0,-23952.654866372017,23952.654866372017,3138.0483456800653,15.0,116.83198947648592,14308.219178082192,0,1,0,0,0,0
5438,39.5595,11754.769959198984,-659.6383232550305,5.0,2.43,3.0,-26094.96224880738,26094.96224880738,3138.0483456800653,15.0,116.83198947648592,14308.219178082192,0,1,0,0,0,0
5439,35.4114,14491.015687893174,-659.6383232550305,5.0,2.43,3.0,-23358.716520113187,23358.716520113187,3138.0483456800653,15.0,116.83198947648592,14308.219178082192,0,1,0,0,0,0
5440,42.0174,10133.444924470437,-659.6383232550305,5.0,2.43,3.0,-27716.28728353592,27716.28728353592,3138.0483456800653,15.0,116.83198947648592,14308.219178082192,0,1,0,0,0,0
5441,40.6017,11067.294898702585,-659.6383232550305,5.0,2.43,3.0,-26782.437309303772,26782.437309303772,3138.0483456800653,15.0,116.83198947648592,14308.219178082192,0,1,0,0,0,0
5442,37.2954,13248.257086880698,-659.6383232550305,5.0,2.43,3.0,-24601.475121125666,24601.475121125666,3138.0483456800653,15.0,116.83198947648592,14308.219178082192,0,1,0,0,0,0
5443,26.7116,20229.737172547288,-659.6383232550305,5.0,2.43,3.0,-17619.995035459073,17619.995035459073,3138.0483456800653,15.0,116.83198947648592,14308.219178082192,0,1,0,0,0,0
5444,24.3519,21786.285723932182,-659.6383232550305,5.0,2.43,3.0,-16063.446484074178,16063.446484074178,3138.0483456800653,15.0,116.83198947648592,14308.219178082192,0,1,0,0,0,0
5445,20.4581,24354.78542702262,-659.6383232550305,5.0,2.43,3.0,-13494.94678098374,13494.94678098374,3138.0483456800653,15.0,116.83198947648592,14308.219178082192,0,1,0,0,0,0
5446,20.2493,24492.51790891827,-659.6383232550305,5.0,2.43,3.0,-13357.214299088091,13357.214299088091,3138.0483456800653,15.0,116.83198947648592,14308.219178082192,0,1,0,0,0,0
5447,19.1308,25230.323373479023,-659.6383232550305,5.0,2.43,3.0,-12619.408834527338,12619.408834527338,3138.0483456800653,15.0,116.83198947648592,14308.219178082192,0,1,0,0,0,0
5448,17.7089,26168.263105315353,-659.6383232550305,5.0,2.43,3.0,-11681.46910269101,11681.46910269101,3138.0483456800653,15.0,116.83198947648592,14308.219178082192,0,1,0,0,0,0
5449,15.2434,27794.601391300628,-659.6383232550305,5.0,2.43,3.0,-10055.130816705732,10055.130816705732,3138.0483456800653,15.0,116.83198947648592,14308.219178082192,0,1,0,0,0,0
5450,14.5176,28273.36688631913,-659.6383232550305,5.0,2.43,3.0,-9576.365321687232,9576.365321687232,3138.0483456800653,15.0,116.83198947648592,14308.219178082192,0,1,0,0,0,0
5451,14.6941,28156.94072226462,-659.6383232550305,5.0,2.43,3.0,-9692.791485741744,9692.791485741744,3138.0483456800653,15.0,116.83198947648592,14308.219178082192,0,1,0,0,0,0
5452,17.2356,26480.469923711957,-659.6383232550305,5.0,2.43,3.0,-11369.262284294406,11369.262284294406,3138.0483456800653,15.0,116.83198947648592,14308.219178082192,0,1,0,0,0,0
5453,21.4707,23686.835660894576,-659.6383232550305,5.0,2.43,3.0,-14162.896547111784,14162.896547111784,3138.0483456800653,15.0,116.83198947648592,14308.219178082192,0,1,0,0,0,0
5454,20.3001,24459.00828209692,-659.6383232550305,5.0,2.43,3.0,-13390.723925909446,13390.723925909446,3138.0483456800653,15.0,116.83198947648592,14308.219178082192,0,1,0,0,0,0
5455,21.722,23521.068550260585,-659.6383232550305,5.0,2.43,3.0,-14328.663657745774,14328.663657745774,3138.0483456800653,15.0,116.83198947648592,14308.219178082192,0,1,0,0,0,0
5456,22.6276,22923.700084720833,-659.6383232550305,5.0,2.43,3.0,-14926.03212328553,14926.03212328553,3138.0483456800653,15.0,116.83198947648592,14308.219178082192,0,1,0,0,0,0
5457,25.9836,20709.95387187695,-659.6383232550305,5.0,2.43,3.0,-17139.77833612941,17139.77833612941,3138.0483456800653,15.0,116.83198947648592,14308.219178082192,0,1,0,0,0,0
5458,41.9612,10170.516598237376,-659.6383232550305,5.0,2.43,3.0,-27679.215609768984,27679.215609768984,3138.0483456800653,15.0,116.83198947648592,14308.219178082192,0,1,0,0,0,0
5459,30.2541,17892.968412416343,-659.6383232550305,5.0,2.43,3.0,-19956.76379559002,19956.76379559002,3138.0483456800653,15.0,116.83198947648592,14308.219178082192,0,1,0,0,0,0
5460,34.8515,14860.347185083665,-659.6383232550305,5.0,2.43,3.0,-22989.385022922695,22989.385022922695,3138.0483456800653,15.0,116.83198947648592,14308.219178082192,0,1,0,0,0,0
5461,34.6489,14993.989909375134,-659.6383232550305,5.0,2.43,3.0,-22855.742298631227,22855.742298631227,3138.0483456800653,15.0,116.83198947648592,14308.219178082192,0,1,0,0,0,0
5462,47.2552,7564.590744269025,650.0,0,2.43,3.0,30715.88,-30715.88,15071.972825128516,0,556.8949724310688,14308.219178082192,1,0,0,0,0,0
5463,55.3454,12823.220744269025,650.0,0,2.43,3.0,35974.51,-35974.51,15071.972825128516,0,556.8949724310688,14308.219178082192,1,0,0,0,0,0
5464,46.1403,7413.822081522274,-659.6383232550305,5.0,2.43,3.0,-30435.910126484087,30435.910126484087,3138.0483456800653,15.0,116.83198947648592,14308.219178082192,0,1,0,0,0,0
5465,36.3501,13871.813193853679,-659.6383232550305,5.0,2.43,3.0,-23977.91901415268,23977.91901415268,3138.0483456800653,15.0,116.83198947648592,14308.219178082192,0,1,0,0,0,0
5466,36.3504,13871.615302356699,-659.6383232550305,5.0,2.43,3.0,-23978.116905649662,23978.116905649662,3138.0483456800653,15.0,116.83198947648592,14308.219178082192,0,1,0,0,0,0
5467,29.3247,18506.036270049568,-659.6383232550305,5.0,2.43,3.0,-19343.695937956792,19343.695937956792,3138.0483456800653,15.0,116.83198947648592,14308.219178082192,0,1,0,0,0,0
5468,23.4114,22406.67556695354,-659.6383232550305,5.0,2.43,3.0,-15443.05664105282,15443.05664105282,3138.0483456800653,15.0,116.83198947648592,14308.219178082192,0,1,0,0,0,0
5469,21.4805,23680.37120532668,-659.6383232550305,5.0,2.43,3.0,-14169.361002679683,14169.361002679683,3138.0483456800653,15.0,116.83198947648592,14308.219178082192,0,1,0,0,0,0
5470,18.2137,25835.27767973621,-659.6383232550305,5.0,2.43,3.0,-12014.45452827015,12014.45452827015,3138.0483456800653,15.0,116.83198947648592,14308.219178082192,0,1,0,0,0,0
5471,18.2032,25842.20388213039,-659.6383232550305,5.0,2.43,3.0,-12007.52832587597,12007.52832587597,3138.0483456800653,15.0,116.83198947648592,14308.219178082192,0,1,0,0,0,0
5472,16.0854,27239.18592311989,-659.6383232550305,5.0,2.43,3.0,-10610.546284886468,10610.546284886468,3138.0483456800653,15.0,116.83198947648592,14308.219178082192,0,1,0,0,0,0
5473,15.1915,27828.836620277565,-659.6383232550305,5.0,2.43,3.0,-10020.895587728795,10020.895587728795,3138.0483456800653,15.0,116.83198947648592,14308.219178082192,0,1,0,0,0,0
5474,14.3355,28393.48702498387,-659.6383232550305,5.0,2.43,3.0,-9456.245183022489,9456.245183022489,3138.0483456800653,15.0,116.83198947648592,14308.219178082192,0,1,0,0,0,0
5475,14.5696,28239.065693509867,-659.6383232550305,5.0,2.43,3.0,-9610.666514496492,9610.666514496492,3138.0483456800653,15.0,116.83198947648592,14308.219178082192,0,1,0,0,0,0
5476,14.7844,28097.37538167469,-659.6383232550305,5.0,2.43,3.0,-9752.356826331674,9752.356826331674,3138.0483456800653,15.0,116.83198947648592,14308.219178082192,0,1,0,0,0,0
5477,14.8003,28086.887132334934,-659.6383232550305,5.0,2.43,3.0,-9762.845075671428,9762.845075671428,3138.0483456800653,15.0,116.83198947648592,14308.219178082192,0,1,0,0,0,0
5478,14.835,28063.997682517984,-659.6383232550305,5.0,2.43,3.0,-9785.734525488378,9785.734525488378,3138.0483456800653,15.0,116.83198947648592,14308.219178082192,0,1,0,0,0,0
5479,18.3769,25727.62470538099,-659.6383232550305,5.0,2.43,3.0,-12122.10750262537,12122.10750262537,3138.0483456800653,15.0,116.83198947648592,14308.219178082192,0,1,0,0,0,0
5480,20.2993,24459.535992755522,-659.6383232550305,5.0,2.43,3.0,-13390.19621525084,13390.19621525084,3138.0483456800653,15.0,116.83198947648592,14308.219178082192,0,1,0,0,0,0
5481,22.6455,22911.89255873457,-659.6383232550305,5.0,2.43,3.0,-14937.839649271793,14937.839649271793,3138.0483456800653,15.0,116.83198947648592,14308.219178082192,0,1,0,0,0,0
5482,24.1701,21906.207971099946,-659.6383232550305,5.0,2.43,3.0,-15943.524236906414,15943.524236906414,3138.0483456800653,15.0,116.83198947648592,14308.219178082192,0,1,0,0,0,0
5483,25.1364,21268.799459338614,-659.6383232550305,5.0,2.43,3.0,-16580.932748667747,16580.932748667747,3138.0483456800653,15.0,116.83198947648592,14308.219178082192,0,1,0,0,0,0
5484,26.3575,20463.315102811892,-659.6383232550305,5.0,2.43,3.0,-17386.41710519447,17386.41710519447,3138.0483456800653,15.0,116.83198947648592,14308.219178082192,0,1,0,0,0,0
5485,25.7072,20892.277904424638,-659.6383232550305,5.0,2.43,3.0,-16957.454303581722,16957.454303581722,3138.0483456800653,15.0,116.83198947648592,14308.219178082192,0,1,0,0,0,0
5486,26.5866,20312.191962954166,-659.6383232550305,5.0,2.43,3.0,-17537.540245052194,17537.540245052194,3138.0483456800653,15.0,116.83198947648592,14308.219178082192,0,1,0,0,0,0
5487,27.5263,19692.329830591414,-659.6383232550305,5.0,2.43,3.0,-18157.402377414946,18157.402377414946,3138.0483456800653,15.0,116.83198947648592,14308.219178082192,0,1,0,0,0,0
5488,31.1862,17278.11953131033,-659.6383232550305,5.0,2.43,3.0,-20571.612676696033,20571.612676696033,3138.0483456800653,15.0,116.83198947648592,14308.219178082192,0,1,0,0,0,0
5489,26.0759,20649.069254640508,-659.6383232550305,5.0,2.43,3.0,-17200.662953365852,17200.662953365852,3138.0483456800653,15.0,116.83198947648592,14308.219178082192,0,1,0,0,0,0
5490,24.3224,21805.745054468207,-659.6383232550305,5.0,2.43,3.0,-16043.987153538154,16043.987153538154,3138.0483456800653,15.0,116.83198947648592,14308.219178082192,0,1,0,0,0,0
5491,25.0908,21298.87896687904,-659.6383232550305,5.0,2.43,3.0,-16550.85324112732,16550.85324112732,3138.0483456800653,15.0,116.83198947648592,14308.219178082192,0,1,0,0,0,0
5492,22.0632,23295.999954365972,-659.6383232550305,5.0,2.43,3.0,-14553.732253640388,14553.732253640388,3138.0483456800653,15.0,116.83198947648592,14308.219178082192,0,1,0,0,0,0
5493,19.7071,24850.17380778715,-659.6383232550305,5.0,2.43,3.0,-12999.558400219212,12999.558400219212,3138.0483456800653,15.0,116.83198947648592,14308.219178082192,0,1,0,0,0,0
5494,18.5358,25622.808175815764,-659.6383232550305,5.0,2.43,3.0,-12226.924032190593,12226.924032190593,3138.0483456800653,15.0,116.83198947648592,14308.219178082192,0,1,0,0,0,0
5495,17.3854,26381.65610288835,-659.6383232550305,5.0,2.43,3.0,-11468.076105118007,11468.076105118007,3138.0483456800653,15.0,116.83198947648592,14308.219178082192,0,1,0,0,0,0
5496,16.4491,26999.275464952036,-659.6383232550305,5.0,2.43,3.0,-10850.456743054323,10850.456743054323,3138.0483456800653,15.0,116.83198947648592,14308.219178082192,0,1,0,0,0,0
5497,14.6072,28214.26329255548,-659.6383232550305,5.0,2.43,3.0,-9635.468915450881,9635.468915450881,3138.0483456800653,15.0,116.83198947648592,14308.219178082192,0,1,0,0,0,0
5498,13.9993,28615.257429262212,-659.6383232550305,5.0,2.43,3.0,-9234.474778744148,9234.474778744148,3138.0483456800653,15.0,116.83198947648592,14308.219178082192,0,1,0,0,0,0
5499,13.3165,29065.658476380748,-659.6383232550305,5.0,2.43,3.0,-8784.073731625613,8784.073731625613,3138.0483456800653,15.0,116.83198947648592,14308.219178082192,0,1,0,0,0,0
5500,12.6025,29536.64023918484,-659.6383232550305,5.0,2.43,3.0,-8313.091968821522,8313.091968821522,3138.0483456800653,15.0,116.83198947648592,14308.219178082192,0,1,0,0,0,0
5501,12.2776,29750.9567304104,-659.6383232550305,5.0,2.43,3.0,-8098.775477595962,8098.775477595962,3138.0483456800653,15.0,116.83198947648592,14308.219178082192,0,1,0,0,0,0
5502,11.8736,30017.45061300543,-659.6383232550305,5.0,2.43,3.0,-7832.28159500093,7832.28159500093,3138.0483456800653,15.0,116.83198947648592,14308.219178082192,0,1,0,0,0,0
5503,14.0363,28590.850811301774,-659.6383232550305,5.0,2.43,3.0,-9258.881396704584,9258.881396704584,3138.0483456800653,15.0,116.83198947648592,14308.219178082192,0,1,0,0,0,0
5504,19.1968,25186.78724414419,-659.6383232550305,5.0,2.43,3.0,-12662.94496386217,12662.94496386217,3138.0483456800653,15.0,116.83198947648592,14308.219178082192,0,1,0,0,0,0
5505,23.4406,22387.41412791449,-659.6383232550305,5.0,2.43,3.0,-15462.318080091869,15462.318080091869,3138.0483456800653,15.0,116.83198947648592,14308.219178082192,0,1,0,0,0,0
5506,25.0274,21340.70003657341,-659.6383232550305,5.0,2.43,3.0,-16509.03217143295,16509.03217143295,3138.0483456800653,15.0,116.83198947648592,14308.219178082192,0,1,0,0,0,0
5507,28.5735,19001.556578478747,-659.6383232550305,5.0,2.43,3.0,-18848.175629527614,18848.175629527614,3138.0483456800653,15.0,116.83198947648592,14308.219178082192,0,1,0,0,0,0
5508,29.3322,18501.088982625155,-659.6383232550305,5.0,2.43,3.0,-19348.643225381205,19348.643225381205,3138.0483456800653,15.0,116.83198947648592,14308.219178082192,0,1,0,0,0,0
5509,29.061,18679.982895891917,-659.6383232550305,5.0,2.43,3.0,-19169.749312114443,19169.749312114443,3138.0483456800653,15.0,116.83198947648592,14308.219178082192,0,1,0,0,0,0
5510,33.2134,15940.900722407729,-659.6383232550305,5.0,2.43,3.0,-21908.831485598632,21908.831485598632,3138.0483456800653,15.0,116.83198947648592,14308.219178082192,0,1,0,0,0,0
5511,60.1497,15946.015744269022,650.0,0,2.43,3.0,39097.305,-39097.305,15071.972825128516,0,556.8949724310688,14308.219178082192,1,0,0,0,0,0
5512,26.297,20503.223221368822,-659.6383232550305,5.0,2.43,3.0,-17346.50898663754,17346.50898663754,3138.0483456800653,15.0,116.83198947648592,14308.219178082192,0,1,0,0,0,0
5513,25.8643,20788.648723841274,-659.6383232550305,5.0,2.43,3.0,-17061.083484165087,17061.083484165087,3138.0483456800653,15.0,116.83198947648592,14308.219178082192,0,1,0,0,0,0
5514,26.5936,20307.57449469138,-659.6383232550305,5.0,2.43,3.0,-17542.157713314977,17542.157713314977,3138.0483456800653,15.0,116.83198947648592,14308.219178082192,0,1,0,0,0,0
5515,26.1183,20621.1005897345,-659.6383232550305,5.0,2.43,3.0,-17228.631618271866,17228.631618271866,3138.0483456800653,15.0,116.83198947648592,14308.219178082192,0,1,0,0,0,0
5516,24.6681,21577.708086118946,-659.6383232550305,5.0,2.43,3.0,-16272.024121887418,16272.024121887418,3138.0483456800653,15.0,116.83198947648592,14308.219178082192,0,1,0,0,0,0
5517,20.4294,24373.71704690004,-659.6383232550305,5.0,2.43,3.0,-13476.015161106321,13476.015161106321,3138.0483456800653,15.0,116.83198947648592,14308.219178082192,0,1,0,0,0,0
5518,19.3964,25055.12343482249,-659.6383232550305,5.0,2.43,3.0,-12794.608773183874,12794.608773183874,3138.0483456800653,15.0,116.83198947648592,14308.219178082192,0,1,0,0,0,0
5519,19.4835,24997.668936866976,-659.6383232550305,5.0,2.43,3.0,-12852.063271139386,12852.063271139386,3138.0483456800653,15.0,116.83198947648592,14308.219178082192,0,1,0,0,0,0
5520,16.4793,26979.354387589738,-659.6383232550305,5.0,2.43,3.0,-10870.377820416623,10870.377820416623,3138.0483456800653,15.0,116.83198947648592,14308.219178082192,0,1,0,0,0,0
5521,14.4756,28301.07169589584,-659.6383232550305,5.0,2.43,3.0,-9548.66051211052,9548.66051211052,3138.0483456800653,15.0,116.83198947648592,14308.219178082192,0,1,0,0,0,0
5522,13.7385,28787.291103967123,-659.6383232550305,5.0,2.43,3.0,-9062.441104039237,9062.441104039237,3138.0483456800653,15.0,116.83198947648592,14308.219178082192,0,1,0,0,0,0
5523,13.8293,28727.39594421557,-659.6383232550305,5.0,2.43,3.0,-9122.336263790794,9122.336263790794,3138.0483456800653,15.0,116.83198947648592,14308.219178082192,0,1,0,0,0,0
5524,16.5961,26902.308631433552,-659.6383232550305,5.0,2.43,3.0,-10947.423576572812,10947.423576572812,3138.0483456800653,15.0,116.83198947648592,14308.219178082192,0,1,0,0,0,0
5525,19.108,25245.363127249235,-659.6383232550305,5.0,2.43,3.0,-12604.369080757124,12604.369080757124,3138.0483456800653,15.0,116.83198947648592,14308.219178082192,0,1,0,0,0,0
5526,18.0959,25912.983074215656,-659.6383232550305,5.0,2.43,3.0,-11936.749133790707,11936.749133790707,3138.0483456800653,15.0,116.83198947648592,14308.219178082192,0,1,0,0,0,0
5527,22.0447,23308.203263346193,-659.6383232550305,5.0,2.43,3.0,-14541.528944660171,14541.528944660171,3138.0483456800653,15.0,116.83198947648592,14308.219178082192,0,1,0,0,0,0
5528,23.8819,22096.315735862045,-659.6383232550305,5.0,2.43,3.0,-15753.416472144314,15753.416472144314,3138.0483456800653,15.0,116.83198947648592,14308.219178082192,0,1,0,0,0,0
5529,25.8519,20796.82823904964,-659.6383232550305,5.0,2.43,3.0,-17052.903968956725,17052.903968956725,3138.0483456800653,15.0,116.83198947648592,14308.219178082192,0,1,0,0,0,0
5530,27.1108,19966.40955390388,-659.6383232550305,5.0,2.43,3.0,-17883.32265410248,17883.32265410248,3138.0483456800653,15.0,116.83198947648592,14308.219178082192,0,1,0,0,0,0
5531,28.1696,19267.984497241454,-659.6383232550305,5.0,2.43,3.0,-18581.747710764907,18581.747710764907,3138.0483456800653,15.0,116.83198947648592,14308.219178082192,0,1,0,0,0,0
5532,30.5933,17669.219093168238,-659.6383232550305,5.0,2.43,3.0,-20180.513114838126,20180.513114838126,3138.0483456800653,15.0,116.83198947648592,14308.219178082192,0,1,0,0,0,0
5533,33.0503,16048.487732930625,-659.6383232550305,5.0,2.43,3.0,-21801.244475075735,21801.244475075735,3138.0483456800653,15.0,116.83198947648592,14308.219178082192,0,1,0,0,0,0
5534,28.645,18954.392438366012,-659.6383232550305,5.0,2.43,3.0,-18895.339769640348,18895.339769640348,3138.0483456800653,15.0,116.83198947648592,14308.219178082192,0,1,0,0,0,0
5535,31.0397,17374.75654566719,-659.6383232550305,5.0,2.43,3.0,-20474.97566233917,20474.97566233917,3138.0483456800653,15.0,116.83198947648592,14308.219178082192,0,1,0,0,0,0
5536,34.5496,15059.491994874363,-659.6383232550305,5.0,2.43,3.0,-22790.240213132,22790.240213132,3138.0483456800653,15.0,116.83198947648592,14308.219178082192,0,1,0,0,0,0
5537,49.561,9063.360744269025,650.0,0,2.43,3.0,32214.65,-32214.65,15071.972825128516,0,556.8949724310688,14308.219178082192,1,0,0,0,0,0
5538,30.7111,17591.513698688796,-659.6383232550305,5.0,2.43,3.0,-20258.218509317565,20258.218509317565,3138.0483456800653,15.0,116.83198947648592,14308.219178082192,0,1,0,0,0,0
5539,36.1454,14006.841158623982,-659.6383232550305,5.0,2.43,3.0,-23842.891049382382,23842.891049382382,3138.0483456800653,15.0,116.83198947648592,14308.219178082192,0,1,0,0,0,0
5540,25.9501,20732.051755705994,-659.6383232550305,5.0,2.43,3.0,-17117.680452300367,17117.680452300367,3138.0483456800653,15.0,116.83198947648592,14308.219178082192,0,1,0,0,0,0
5541,23.5588,22309.444878105747,-659.6383232550305,5.0,2.43,3.0,-15540.287329900613,15540.287329900613,3138.0483456800653,15.0,116.83198947648592,14308.219178082192,0,1,0,0,0,0
5542,21.6173,23590.132682705393,-659.6383232550305,5.0,2.43,3.0,-14259.599525300971,14259.599525300971,3138.0483456800653,15.0,116.83198947648592,14308.219178082192,0,1,0,0,0,0
5543,20.2193,24512.307058615923,-659.6383232550305,5.0,2.43,3.0,-13337.42514939044,13337.42514939044,3138.0483456800653,15.0,116.83198947648592,14308.219178082192,0,1,0,0,0,0
5544,17.7058,26170.30798411744,-659.6383232550305,5.0,2.43,3.0,-11679.42422388892,11679.42422388892,3138.0483456800653,15.0,116.83198947648592,14308.219178082192,0,1,0,0,0,0
5545,16.8052,26764.378258040924,-659.6383232550305,5.0,2.43,3.0,-11085.353949965438,11085.353949965438,3138.0483456800653,15.0,116.83198947648592,14308.219178082192,0,1,0,0,0,0
5546,15.421,27677.449625090536,-659.6383232550305,5.0,2.43,3.0,-10172.282582915825,10172.282582915825,3138.0483456800653,15.0,116.83198947648592,14308.219178082192,0,1,0,0,0,0
5547,15.1136,27880.222445659132,-659.6383232550305,5.0,2.43,3.0,-9969.509762347228,9969.509762347228,3138.0483456800653,15.0,116.83198947648592,14308.219178082192,0,1,0,0,0,0
5548,17.1837,26514.70515268889,-659.6383232550305,5.0,2.43,3.0,-11335.027055317469,11335.027055317469,3138.0483456800653,15.0,116.83198947648592,14308.219178082192,0,1,0,0,0,0
5549,19.6694,24875.042172573863,-659.6383232550305,5.0,2.43,3.0,-12974.690035432497,12974.690035432497,3138.0483456800653,15.0,116.83198947648592,14308.219178082192,0,1,0,0,0,0
5550,19.729,24835.727728507864,-659.6383232550305,5.0,2.43,3.0,-13014.004479498497,13014.004479498497,3138.0483456800653,15.0,116.83198947648592,14308.219178082192,0,1,0,0,0,0
5551,22.3594,23100.61508301783,-659.6383232550305,5.0,2.43,3.0,-14749.11712498853,14749.11712498853,3138.0483456800653,15.0,116.83198947648592,14308.219178082192,0,1,0,0,0,0
5552,24.1481,21920.72001421156,-659.6383232550305,5.0,2.43,3.0,-15929.012193794802,15929.012193794802,3138.0483456800653,15.0,116.83198947648592,14308.219178082192,0,1,0,0,0,0
5553,24.9662,21381.069901956616,-659.6383232550305,5.0,2.43,3.0,-16468.662306049744,16468.662306049744,3138.0483456800653,15.0,116.83198947648592,14308.219178082192,0,1,0,0,0,0
5554,26.4401,20408.82897731103,-659.6383232550305,5.0,2.43,3.0,-17440.903230695334,17440.903230695334,3138.0483456800653,15.0,116.83198947648592,14308.219178082192,0,1,0,0,0,0
5555,27.7482,19545.956086661125,-659.6383232550305,5.0,2.43,3.0,-18303.77612134524,18303.77612134524,3138.0483456800653,15.0,116.83198947648592,14308.219178082192,0,1,0,0,0,0
5556,39.1275,12039.733714845155,-659.6383232550305,5.0,2.43,3.0,-25809.998493161205,25809.998493161205,3138.0483456800653,15.0,116.83198947648592,14308.219178082192,0,1,0,0,0,0
5557,31.8675,16828.70794167668,-659.6383232550305,5.0,2.43,3.0,-21021.024266329685,21021.024266329685,3138.0483456800653,15.0,116.83198947648592,14308.219178082192,0,1,0,0,0,0
5558,29.1778,18602.93713973573,-659.6383232550305,5.0,2.43,3.0,-19246.79506827063,19246.79506827063,3138.0483456800653,15.0,116.83198947648592,14308.219178082192,0,1,0,0,0,0
5559,28.1544,19278.01099975493,-659.6383232550305,5.0,2.43,3.0,-18571.72120825143,18571.72120825143,3138.0483456800653,15.0,116.83198947648592,14308.219178082192,0,1,0,0,0,0
5560,27.6275,19625.574432278005,-659.6383232550305,5.0,2.43,3.0,-18224.157775728356,18224.157775728356,3138.0483456800653,15.0,116.83198947648592,14308.219178082192,0,1,0,0,0,0
5561,26.2414,20539.899112141804,-659.6383232550305,5.0,2.43,3.0,-17309.833095864557,17309.833095864557,3138.0483456800653,15.0,116.83198947648592,14308.219178082192,0,1,0,0,0,0
5562,25.0773,21307.784084242983,-659.6383232550305,5.0,2.43,3.0,-16541.948123763377,16541.948123763377,3138.0483456800653,15.0,116.83198947648592,14308.219178082192,0,1,0,0,0,0
5563,24.9799,21372.032856928025,-659.6383232550305,5.0,2.43,3.0,-16477.699351078336,16477.699351078336,3138.0483456800653,15.0,116.83198947648592,14308.219178082192,0,1,0,0,0,0
5564,23.8478,22118.809402685045,-659.6383232550305,5.0,2.43,3.0,-15730.922805321316,15730.922805321316,3138.0483456800653,15.0,116.83198947648592,14308.219178082192,0,1,0,0,0,0
5565,19.7054,24851.295192936683,-659.6383232550305,5.0,2.43,3.0,-12998.43701506968,12998.43701506968,3138.0483456800653,15.0,116.83198947648592,14308.219178082192,0,1,0,0,0,0
5566,17.9252,26025.58333599529,-659.6383232550305,5.0,2.43,3.0,-11824.148872011074,11824.148872011074,3138.0483456800653,15.0,116.83198947648592,14308.219178082192,0,1,0,0,0,0
5567,18.4746,25663.178041198975,-659.6383232550305,5.0,2.43,3.0,-12186.554166807386,12186.554166807386,3138.0483456800653,15.0,116.83198947648592,14308.219178082192,0,1,0,0,0,0
5568,16.6874,26842.083652520363,-659.6383232550305,5.0,2.43,3.0,-11007.648555485996,11007.648555485996,3138.0483456800653,15.0,116.83198947648592,14308.219178082192,0,1,0,0,0,0
5569,15.738,27468.344276618693,-659.6383232550305,5.0,2.43,3.0,-10381.38793138767,10381.38793138767,3138.0483456800653,15.0,116.83198947648592,14308.219178082192,0,1,0,0,0,0
5570,15.1765,27838.73119512639,-659.6383232550305,5.0,2.43,3.0,-10011.001012879971,10011.001012879971,3138.0483456800653,15.0,116.83198947648592,14308.219178082192,0,1,0,0,0,0
5571,15.0028,27953.31037187579,-659.6383232550305,5.0,2.43,3.0,-9896.421836130572,9896.421836130572,3138.0483456800653,15.0,116.83198947648592,14308.219178082192,0,1,0,0,0,0
5572,16.5346,26942.876388313733,-659.6383232550305,5.0,2.43,3.0,-10906.855819692628,10906.855819692628,3138.0483456800653,15.0,116.83198947648592,14308.219178082192,0,1,0,0,0,0
5573,21.1934,23869.753367933197,-659.6383232550305,5.0,2.43,3.0,-13979.978840073163,13979.978840073163,3138.0483456800653,15.0,116.83198947648592,14308.219178082192,0,1,0,0,0,0
5574,19.701,24854.197601559004,-659.6383232550305,5.0,2.43,3.0,-12995.534606447356,12995.534606447356,3138.0483456800653,15.0,116.83198947648592,14308.219178082192,0,1,0,0,0,0
5575,21.5639,23625.357369167206,-659.6383232550305,5.0,2.43,3.0,-14224.374838839152,14224.374838839152,3138.0483456800653,15.0,116.83198947648592,14308.219178082192,0,1,0,0,0,0
5576,23.9489,22052.11996820396,-659.6383232550305,5.0,2.43,3.0,-15797.6122398024,15797.6122398024,3138.0483456800653,15.0,116.83198947648592,14308.219178082192,0,1,0,0,0,0
5577,26.4634,20393.459404379188,-659.6383232550305,5.0,2.43,3.0,-17456.272803627173,17456.272803627173,3138.0483456800653,15.0,116.83198947648592,14308.219178082192,0,1,0,0,0,0
5578,24.4209,21740.77067962759,-659.6383232550305,5.0,2.43,3.0,-16108.961528378775,16108.961528378775,3138.0483456800653,15.0,116.83198947648592,14308.219178082192,0,1,0,0,0,0
5579,28.7214,18903.996070469326,-659.6383232550305,5.0,2.43,3.0,-18945.73613753703,18945.73613753703,3138.0483456800653,15.0,116.83198947648592,14308.219178082192,0,1,0,0,0,0
5580,29.9491,18094.158101009125,-659.6383232550305,5.0,2.43,3.0,-19755.574106997236,19755.574106997236,3138.0483456800653,15.0,116.83198947648592,14308.219178082192,0,1,0,0,0,0
5581,28.0564,19342.65555543392,-659.6383232550305,5.0,2.43,3.0,-18507.07665257244,18507.07665257244,3138.0483456800653,15.0,116.83198947648592,14308.219178082192,0,1,0,0,0,0
5582,30.3046,17859.656677091964,-659.6383232550305,5.0,2.43,3.0,-19990.075530914397,19990.075530914397,3138.0483456800653,15.0,116.83198947648592,14308.219178082192,0,1,0,0,0,0
5583,46.4115,7234.928168255516,-659.6383232550305,5.0,2.43,3.0,-30614.804039750845,30614.804039750845,3138.0483456800653,15.0,116.83198947648592,14308.219178082192,0,1,0,0,0,0
5584,29.8778,18141.19031345721,-659.6383232550305,5.0,2.43,3.0,-19708.54189454915,19708.54189454915,3138.0483456800653,15.0,116.83198947648592,14308.219178082192,0,1,0,0,0,0
5585,27.7937,19515.942542953017,-659.6383232550305,5.0,2.43,3.0,-18333.789665053344,18333.789665053344,3138.0483456800653,15.0,116.83198947648592,14308.219178082192,0,1,0,0,0,0
5586,27.3214,19827.48972302637,-659.6383232550305,5.0,2.43,3.0,-18022.24248497999,18022.24248497999,3138.0483456800653,15.0,116.83198947648592,14308.219178082192,0,1,0,0,0,0
5587,29.3758,18472.328751731235,-659.6383232550305,5.0,2.43,3.0,-19377.403456275126,19377.403456275126,3138.0483456800653,15.0,116.83198947648592,14308.219178082192,0,1,0,0,0,0
5588,24.51,21681.99690502556,-659.6383232550305,5.0,2.43,3.0,-16167.735302980798,16167.735302980798,3138.0483456800653,15.0,116.83198947648592,14308.219178082192,0,1,0,0,0,0
5589,21.6338,23579.24865037168,-659.6383232550305,5.0,2.43,3.0,-14270.48355763468,14270.48355763468,3138.0483456800653,15.0,116.83198947648592,14308.219178082192,0,1,0,0,0,0
5590,20.0622,24615.936239199287,-659.6383232550305,5.0,2.43,3.0,-13233.795968807073,13233.795968807073,3138.0483456800653,15.0,116.83198947648592,14308.219178082192,0,1,0,0,0,0
5591,20.3241,24443.176962338795,-659.6383232550305,5.0,2.43,3.0,-13406.555245667567,13406.555245667567,3138.0483456800653,15.0,116.83198947648592,14308.219178082192,0,1,0,0,0,0
5592,18.6737,25531.844051038897,-659.6383232550305,5.0,2.43,3.0,-12317.888156967463,12317.888156967463,3138.0483456800653,15.0,116.83198947648592,14308.219178082192,0,1,0,0,0,0
5593,17.3614,26397.487422646474,-659.6383232550305,5.0,2.43,3.0,-11452.244785359886,11452.244785359886,3138.0483456800653,15.0,116.83198947648592,14308.219178082192,0,1,0,0,0,0
5594,16.4182,27019.65828914062,-659.6383232550305,5.0,2.43,3.0,-10830.07391886574,10830.07391886574,3138.0483456800653,15.0,116.83198947648592,14308.219178082192,0,1,0,0,0,0
5595,16.1551,27193.209131989017,-659.6383232550305,5.0,2.43,3.0,-10656.523076017344,10656.523076017344,3138.0483456800653,15.0,116.83198947648592,14308.219178082192,0,1,0,0,0,0
5596,18.9406,25355.78658256213,-659.6383232550305,5.0,2.43,3.0,-12493.94562544423,12493.94562544423,3138.0483456800653,15.0,116.83198947648592,14308.219178082192,0,1,0,0,0,0
5597,19.802,24787.574130910245,-659.6383232550305,5.0,2.43,3.0,-13062.158077096114,13062.158077096114,3138.0483456800653,15.0,116.83198947648592,14308.219178082192,0,1,0,0,0,0
5598,20.364,24416.85739324092,-659.6383232550305,5.0,2.43,3.0,-13432.874814765442,13432.874814765442,3138.0483456800653,15.0,116.83198947648592,14308.219178082192,0,1,0,0,0,0
5599,22.7776,22824.754336232578,-659.6383232550305,5.0,2.43,3.0,-15024.977871773783,15024.977871773783,3138.0483456800653,15.0,116.83198947648592,14308.219178082192,0,1,0,0,0,0
5600,23.8441,22121.250064481086,-659.6383232550305,5.0,2.43,3.0,-15728.482143525274,15728.482143525274,3138.0483456800653,15.0,116.83198947648592,14308.219178082192,0,1,0,0,0,0
5601,24.1792,21900.20526235833,-659.6383232550305,5.0,2.43,3.0,-15949.526945648035,15949.526945648035,3138.0483456800653,15.0,116.83198947648592,14308.219178082192,0,1,0,0,0,0
5602,24.7398,21530.412018341558,-659.6383232550305,5.0,2.43,3.0,-16319.320189664802,16319.320189664802,3138.0483456800653,15.0,116.83198947648592,14308.219178082192,0,1,0,0,0,0
5603,27.5133,19700.90512879373,-659.6383232550305,5.0,2.43,3.0,-18148.82707921263,18148.82707921263,3138.0483456800653,15.0,116.83198947648592,14308.219178082192,0,1,0,0,0,0
5604,30.4091,17790.724472311816,-659.6383232550305,5.0,2.43,3.0,-20059.007735694548,20059.007735694548,3138.0483456800653,15.0,116.83198947648592,14308.219178082192,0,1,0,0,0,0
5605,94.3007,38144.165744269034,650.0,0,2.43,3.0,61295.455,-61295.455,15071.972825128516,0,556.8949724310688,14308.219178082192,1,0,0,0,0,0
5606,30.5043,17727.926903937932,-659.6383232550305,5.0,2.43,3.0,-20121.805304068428,20121.805304068428,3138.0483456800653,15.0,116.83198947648592,14308.219178082192,0,1,0,0,0,0
5607,33.3436,15855.015812719925,-659.6383232550305,5.0,2.43,3.0,-21994.716395286436,21994.716395286436,3138.0483456800653,15.0,116.83198947648592,14308.219178082192,0,1,0,0,0,0
5608,27.4157,19765.28582914342,-659.6383232550305,5.0,2.43,3.0,-18084.44637886294,18084.44637886294,3138.0483456800653,15.0,116.83198947648592,14308.219178082192,0,1,0,0,0,0
5609,24.2731,21838.26522380468,-659.6383232550305,5.0,2.43,3.0,-16011.466984201681,16011.466984201681,3138.0483456800653,15.0,116.83198947648592,14308.219178082192,0,1,0,0,0,0
5610,24.2121,21878.503161523236,-659.6383232550305,5.0,2.43,3.0,-15971.229046483124,15971.229046483124,3138.0483456800653,15.0,116.83198947648592,14308.219178082192,0,1,0,0,0,0
5611,28.0405,19353.143804773677,-659.6383232550305,5.0,2.43,3.0,-18496.588403232683,18496.588403232683,3138.0483456800653,15.0,116.83198947648592,14308.219178082192,0,1,0,0,0,0
5612,21.0859,23940.664487683112,-659.6383232550305,5.0,2.43,3.0,-13909.067720323246,13909.067720323246,3138.0483456800653,15.0,116.83198947648592,14308.219178082192,0,1,0,0,0,0
5613,19.181,25197.20952965162,-659.6383232550305,5.0,2.43,3.0,-12652.52267835474,12652.52267835474,3138.0483456800653,15.0,116.83198947648592,14308.219178082192,0,1,0,0,0,0
5614,18.1038,25907.77193146194,-659.6383232550305,5.0,2.43,3.0,-11941.960276544422,11941.960276544422,3138.0483456800653,15.0,116.83198947648592,14308.219178082192,0,1,0,0,0,0
5615,19.6383,24895.556924427096,-659.6383232550305,5.0,2.43,3.0,-12954.175283579267,12954.175283579267,3138.0483456800653,15.0,116.83198947648592,14308.219178082192,0,1,0,0,0,0
5616,18.8412,25421.35463189368,-659.6383232550305,5.0,2.43,3.0,-12428.377576112682,12428.377576112682,3138.0483456800653,15.0,116.83198947648592,14308.219178082192,0,1,0,0,0,0
5617,16.7128,26825.328839109687,-659.6383232550305,5.0,2.43,3.0,-11024.403368896676,11024.403368896676,3138.0483456800653,15.0,116.83198947648592,14308.219178082192,0,1,0,0,0,0
5618,17.4247,26355.73231678443,-659.6383232550305,5.0,2.43,3.0,-11493.99989122193,11493.99989122193,3138.0483456800653,15.0,116.83198947648592,14308.219178082192,0,1,0,0,0,0
5619,17.6273,26222.089592492957,-659.6383232550305,5.0,2.43,3.0,-11627.642615513401,11627.642615513401,3138.0483456800653,15.0,116.83198947648592,14308.219178082192,0,1,0,0,0,0
5620,20.0327,24635.395569735312,-659.6383232550305,5.0,2.43,3.0,-13214.336638271048,13214.336638271048,3138.0483456800653,15.0,116.83198947648592,14308.219178082192,0,1,0,0,0,0
5621,20.9479,24031.694576292306,-659.6383232550305,5.0,2.43,3.0,-13818.037631714054,13818.037631714054,3138.0483456800653,15.0,116.83198947648592,14308.219178082192,0,1,0,0,0,0
5622,18.902,25381.248621839775,-659.6383232550305,5.0,2.43,3.0,-12468.483586166587,12468.483586166587,3138.0483456800653,15.0,116.83198947648592,14308.219178082192,0,1,0,0,0,0
5623,23.4422,22386.358706597282,-659.6383232550305,5.0,2.43,3.0,-15463.373501409076,15463.373501409076,3138.0483456800653,15.0,116.83198947648592,14308.219178082192,0,1,0,0,0,0
5624,24.9069,21420.18645452564,-659.6383232550305,5.0,2.43,3.0,-16429.54575348072,16429.54575348072,3138.0483456800653,15.0,116.83198947648592,14308.219178082192,0,1,0,0,0,0
5625,21.6921,23540.791736125913,-659.6383232550305,5.0,2.43,3.0,-14308.940471880447,14308.940471880447,3138.0483456800653,15.0,116.83198947648592,14308.219178082192,0,1,0,0,0,0
5626,24.9081,21419.394888537732,-659.6383232550305,5.0,2.43,3.0,-16430.337319468625,16430.337319468625,3138.0483456800653,15.0,116.83198947648592,14308.219178082192,0,1,0,0,0,0
5627,21.4823,23679.18385634482,-659.6383232550305,5.0,2.43,3.0,-14170.54835166154,14170.54835166154,3138.0483456800653,15.0,116.83198947648592,14308.219178082192,0,1,0,0,0,0
5628,22.6781,22890.388349396453,-659.6383232550305,5.0,2.43,3.0,-14959.343858609907,14959.343858609907,3138.0483456800653,15.0,116.83198947648592,14308.219178082192,0,1,0,0,0,0
5629,22.6861,22885.111242810413,-659.6383232550305,5.0,2.43,3.0,-14964.620965195947,14964.620965195947,3138.0483456800653,15.0,116.83198947648592,14308.219178082192,0,1,0,0,0,0
5630,22.4513,23039.994321110695,-659.6383232550305,5.0,2.43,3.0,-14809.737886895666,14809.737886895666,3138.0483456800653,15.0,116.83198947648592,14308.219178082192,0,1,0,0,0,0
5631,22.4162,23063.147626256945,-659.6383232550305,5.0,2.43,3.0,-14786.584581749416,14786.584581749416,3138.0483456800653,15.0,116.83198947648592,14308.219178082192,0,1,0,0,0,0
5632,21.8481,23437.88815769813,-659.6383232550305,5.0,2.43,3.0,-14411.844050308231,14411.844050308231,3138.0483456800653,15.0,116.83198947648592,14308.219178082192,0,1,0,0,0,0
5633,20.4269,24375.366142708175,-659.6383232550305,5.0,2.43,3.0,-13474.366065298183,13474.366065298183,3138.0483456800653,15.0,116.83198947648592,14308.219178082192,0,1,0,0,0,0
5634,19.1191,25238.041141861107,-659.6383232550305,5.0,2.43,3.0,-12611.691066145253,12611.691066145253,3138.0483456800653,15.0,116.83198947648592,14308.219178082192,0,1,0,0,0,0
5635,19.113,25242.064935632963,-659.6383232550305,5.0,2.43,3.0,-12607.667272373397,12607.667272373397,3138.0483456800653,15.0,116.83198947648592,14308.219178082192,0,1,0,0,0,0
5636,17.0588,26597.093979263445,-659.6383232550305,5.0,2.43,3.0,-11252.638228742915,11252.638228742915,3138.0483456800653,15.0,116.83198947648592,14308.219178082192,0,1,0,0,0,0
5637,15.3135,27748.36074484045,-659.6383232550305,5.0,2.43,3.0,-10101.37146316591,10101.37146316591,3138.0483456800653,15.0,116.83198947648592,14308.219178082192,0,1,0,0,0,0
5638,15.4641,27649.019213358246,-659.6383232550305,5.0,2.43,3.0,-10200.712994648118,10200.712994648118,3138.0483456800653,15.0,116.83198947648592,14308.219178082192,0,1,0,0,0,0
5639,14.1775,28497.709880058166,-659.6383232550305,5.0,2.43,3.0,-9352.022327948196,9352.022327948196,3138.0483456800653,15.0,116.83198947648592,14308.219178082192,0,1,0,0,0,0
5640,15.3921,27696.513172632607,-659.6383232550305,5.0,2.43,3.0,-10153.219035373755,10153.219035373755,3138.0483456800653,15.0,116.83198947648592,14308.219178082192,0,1,0,0,0,0
5641,15.5949,27562.738520676485,-659.6383232550305,5.0,2.43,3.0,-10286.993687329876,10286.993687329876,3138.0483456800653,15.0,116.83198947648592,14308.219178082192,0,1,0,0,0,0
5642,13.5145,28935.05008837625,-659.6383232550305,5.0,2.43,3.0,-8914.68211963011,8914.68211963011,3138.0483456800653,15.0,116.83198947648592,14308.219178082192,0,1,0,0,0,0
5643,12.572,29556.759208044117,-659.6383232550305,5.0,2.43,3.0,-8292.972999962243,8292.972999962243,3138.0483456800653,15.0,116.83198947648592,14308.219178082192,0,1,0,0,0,0
5644,13.1649,29165.65964618621,-659.6383232550305,5.0,2.43,3.0,-8684.07256182015,8684.07256182015,3138.0483456800653,15.0,116.83198947648592,14308.219178082192,0,1,0,0,0,0
5645,13.0838,29219.15631420219,-659.6383232550305,5.0,2.43,3.0,-8630.575893804169,8630.575893804169,3138.0483456800653,15.0,116.83198947648592,14308.219178082192,0,1,0,0,0,0
5646,12.6329,29516.587234157887,-659.6383232550305,5.0,2.43,3.0,-8333.144973848475,8333.144973848475,3138.0483456800653,15.0,116.83198947648592,14308.219178082192,0,1,0,0,0,0
5647,14.603,28217.03377351315,-659.6383232550305,5.0,2.43,3.0,-9632.69843449321,9632.69843449321,3138.0483456800653,15.0,116.83198947648592,14308.219178082192,0,1,0,0,0,0
5648,15.0211,27941.23899056022,-659.6383232550305,5.0,2.43,3.0,-9908.49321744614,9908.49321744614,3138.0483456800653,15.0,116.83198947648592,14308.219178082192,0,1,0,0,0,0
5649,16.2516,27129.554033794906,-659.6383232550305,5.0,2.43,3.0,-10720.178174211454,10720.178174211454,3138.0483456800653,15.0,116.83198947648592,14308.219178082192,0,1,0,0,0,0
5650,18.6349,25557.438017981192,-659.6383232550305,5.0,2.43,3.0,-12292.294190025166,12292.294190025166,3138.0483456800653,15.0,116.83198947648592,14308.219178082192,0,1,0,0,0,0
5651,18.9764,25332.1715305896,-659.6383232550305,5.0,2.43,3.0,-12517.560677416763,12517.560677416763,3138.0483456800653,15.0,116.83198947648592,14308.219178082192,0,1,0,0,0,0
5652,19.3301,25098.857455654295,-659.6383232550305,5.0,2.43,3.0,-12750.874752352067,12750.874752352067,3138.0483456800653,15.0,116.83198947648592,14308.219178082192,0,1,0,0,0,0
5653,19.7483,24822.996708869043,-659.6383232550305,5.0,2.43,3.0,-13026.73549913732,13026.73549913732,3138.0483456800653,15.0,116.83198947648592,14308.219178082192,0,1,0,0,0,0
5654,19.5354,24963.433707890035,-659.6383232550305,5.0,2.43,3.0,-12886.298500116323,12886.298500116323,3138.0483456800653,15.0,116.83198947648592,14308.219178082192,0,1,0,0,0,0
5655,19.4537,25017.326158899974,-659.6383232550305,5.0,2.43,3.0,-12832.406049106388,12832.406049106388,3138.0483456800653,15.0,116.83198947648592,14308.219178082192,0,1,0,0,0,0
5656,19.4416,25025.30778261136,-659.6383232550305,5.0,2.43,3.0,-12824.424425395002,12824.424425395002,3138.0483456800653,15.0,116.83198947648592,14308.219178082192,0,1,0,0,0,0
5657,17.2382,26478.754864071496,-659.6383232550305,5.0,2.43,3.0,-11370.977343934866,11370.977343934866,3138.0483456800653,15.0,116.83198947648592,14308.219178082192,0,1,0,0,0,0
5658,16.9192,26689.179489189846,-659.6383232550305,5.0,2.43,3.0,-11160.552718816512,11160.552718816512,3138.0483456800653,15.0,116.83198947648592,14308.219178082192,0,1,0,0,0,0
5659,18.7091,25508.49285439567,-659.6383232550305,5.0,2.43,3.0,-12341.23935361069,12341.23935361069,3138.0483456800653,15.0,116.83198947648592,14308.219178082192,0,1,0,0,0,0
5660,17.6011,26239.372116562245,-659.6383232550305,5.0,2.43,3.0,-11610.360091444118,11610.360091444118,3138.0483456800653,15.0,116.83198947648592,14308.219178082192,0,1,0,0,0,0
5661,15.9617,27320.78318370654,-659.6383232550305,5.0,2.43,3.0,-10528.94902429982,10528.94902429982,3138.0483456800653,15.0,116.83198947648592,14308.219178082192,0,1,0,0,0,0
5662,12.7599,29432.813167104498,-659.6383232550305,5.0,2.43,3.0,-8416.919040901865,8416.919040901865,3138.0483456800653,15.0,116.83198947648592,14308.219178082192,0,1,0,0,0,0
5663,10.4331,30967.659617654303,-659.6383232550305,5.0,2.43,3.0,-6882.072590352059,6882.072590352059,3138.0483456800653,15.0,116.83198947648592,14308.219178082192,0,1,0,0,0,0
5664,10.6403,30830.982557075862,-659.6383232550305,5.0,2.43,3.0,-7018.749650930501,7018.749650930501,3138.0483456800653,15.0,116.83198947648592,14308.219178082192,0,1,0,0,0,0
5665,10.2963,31057.89814027559,-659.6383232550305,5.0,2.43,3.0,-6791.834067730771,6791.834067730771,3138.0483456800653,15.0,116.83198947648592,14308.219178082192,0,1,0,0,0,0
5666,9.9021,31317.927567302722,-659.6383232550305,5.0,2.43,3.0,-6531.804640703638,6531.804640703638,3138.0483456800653,15.0,116.83198947648592,14308.219178082192,0,1,0,0,0,0
5667,9.1906,31787.26023429868,-659.6383232550305,5.0,2.43,3.0,-6062.471973707683,6062.471973707683,3138.0483456800653,15.0,116.83198947648592,14308.219178082192,0,1,0,0,0,0
5668,10.1624,31146.223711759438,-659.6383232550305,5.0,2.43,3.0,-6703.508496246922,6703.508496246922,3138.0483456800653,15.0,116.83198947648592,14308.219178082192,0,1,0,0,0,0
5669,9.9173,31307.901064789246,-659.6383232550305,5.0,2.43,3.0,-6541.831143217113,6541.831143217113,3138.0483456800653,15.0,116.83198947648592,14308.219178082192,0,1,0,0,0,0
5670,7.6608,32796.37494121422,-659.6383232550305,5.0,2.43,3.0,-5053.357266792138,5053.357266792138,3138.0483456800653,15.0,116.83198947648592,14308.219178082192,0,1,0,0,0,0
5671,10.6555,30820.956054562383,-659.6383232550305,5.0,2.43,3.0,-7028.776153443978,7028.776153443978,3138.0483456800653,15.0,116.83198947648592,14308.219178082192,0,1,0,0,0,0
5672,12.2894,29743.172998195987,-659.6383232550305,5.0,2.43,3.0,-8106.5592098103725,8106.5592098103725,3138.0483456800653,15.0,116.83198947648592,14308.219178082192,0,1,0,0,0,0
5673,12.8169,29395.213782678962,-659.6383232550305,5.0,2.43,3.0,-8454.5184253274,8454.5184253274,3138.0483456800653,15.0,116.83198947648592,14308.219178082192,0,1,0,0,0,0
5674,14.4365,28326.863554335112,-659.6383232550305,5.0,2.43,3.0,-9522.868653671248,9522.868653671248,3138.0483456800653,15.0,116.83198947648592,14308.219178082192,0,1,0,0,0,0
5675,18.4036,25710.01236215008,-659.6383232550305,5.0,2.43,3.0,-12139.71984585628,12139.71984585628,3138.0483456800653,15.0,116.83198947648592,14308.219178082192,0,1,0,0,0,0
5676,16.746,26803.42884677762,-659.6383232550305,5.0,2.43,3.0,-11046.30336122874,11046.30336122874,3138.0483456800653,15.0,116.83198947648592,14308.219178082192,0,1,0,0,0,0
5677,19.228,25166.206528458635,-659.6383232550305,5.0,2.43,3.0,-12683.525679547727,12683.525679547727,3138.0483456800653,15.0,116.83198947648592,14308.219178082192,0,1,0,0,0,0
5678,19.7489,24822.60092587509,-659.6383232550305,5.0,2.43,3.0,-13027.131282131271,13027.131282131271,3138.0483456800653,15.0,116.83198947648592,14308.219178082192,0,1,0,0,0,0
5679,19.5891,24928.01112993124,-659.6383232550305,5.0,2.43,3.0,-12921.721078075117,12921.721078075117,3138.0483456800653,15.0,116.83198947648592,14308.219178082192,0,1,0,0,0,0
5680,19.8068,24784.407866958623,-659.6383232550305,5.0,2.43,3.0,-13065.324341047737,13065.324341047737,3138.0483456800653,15.0,116.83198947648592,14308.219178082192,0,1,0,0,0,0
5681,19.8482,24757.098840375867,-659.6383232550305,5.0,2.43,3.0,-13092.633367630495,13092.633367630495,3138.0483456800653,15.0,116.83198947648592,14308.219178082192,0,1,0,0,0,0
5682,20.0693,24611.25280710418,-659.6383232550305,5.0,2.43,3.0,-13238.479400902183,13238.479400902183,3138.0483456800653,15.0,116.83198947648592,14308.219178082192,0,1,0,0,0,0
5683,19.528,24968.315031482125,-659.6383232550305,5.0,2.43,3.0,-12881.417176524235,12881.417176524235,3138.0483456800653,15.0,116.83198947648592,14308.219178082192,0,1,0,0,0,0
5684,16.6959,26836.476726772693,-659.6383232550305,5.0,2.43,3.0,-11013.255481233666,11013.255481233666,3138.0483456800653,15.0,116.83198947648592,14308.219178082192,0,1,0,0,0,0
5685,14.1126,28540.520407237418,-659.6383232550305,5.0,2.43,3.0,-9309.211800768944,9309.211800768944,3138.0483456800653,15.0,116.83198947648592,14308.219178082192,0,1,0,0,0,0
5686,12.5239,29588.487811392682,-659.6383232550305,5.0,2.43,3.0,-8261.244396613676,8261.244396613676,3138.0483456800653,15.0,116.83198947648592,14308.219178082192,0,1,0,0,0,0
5687,12.487,29612.828465520794,-659.6383232550305,5.0,2.43,3.0,-8236.903742485567,8236.903742485567,3138.0483456800653,15.0,116.83198947648592,14308.219178082192,0,1,0,0,0,0
5688,12.342,29708.476022392773,-659.6383232550305,5.0,2.43,3.0,-8141.256185613587,8141.256185613587,3138.0483456800653,15.0,116.83198947648592,14308.219178082192,0,1,0,0,0,0
5689,11.5329,30242.189389738418,-659.6383232550305,5.0,2.43,3.0,-7607.542818267942,7607.542818267942,3138.0483456800653,15.0,116.83198947648592,14308.219178082192,0,1,0,0,0,0
5690,11.3833,30340.871282897373,-659.6383232550305,5.0,2.43,3.0,-7508.860925108989,7508.860925108989,3138.0483456800653,15.0,116.83198947648592,14308.219178082192,0,1,0,0,0,0
5691,11.0972,30529.593807180634,-659.6383232550305,5.0,2.43,3.0,-7320.1384008257255,7320.1384008257255,3138.0483456800653,15.0,116.83198947648592,14308.219178082192,0,1,0,0,0,0
5692,12.5148,29594.490520134306,-659.6383232550305,5.0,2.43,3.0,-8255.241687872056,8255.241687872056,3138.0483456800653,15.0,116.83198947648592,14308.219178082192,0,1,0,0,0,0
5693,14.4637,28308.921391942575,-659.6383232550305,5.0,2.43,3.0,-9540.810816063784,9540.810816063784,3138.0483456800653,15.0,116.83198947648592,14308.219178082192,0,1,0,0,0,0
5694,14.2525,28448.237005814037,-659.6383232550305,5.0,2.43,3.0,-9401.495202192322,9401.495202192322,3138.0483456800653,15.0,116.83198947648592,14308.219178082192,0,1,0,0,0,0
5695,16.9405,26675.12919290452,-659.6383232550305,5.0,2.43,3.0,-11174.603015101844,11174.603015101844,3138.0483456800653,15.0,116.83198947648592,14308.219178082192,0,1,0,0,0,0
5696,17.8055,26104.542043288915,-659.6383232550305,5.0,2.43,3.0,-11745.190164717445,11745.190164717445,3138.0483456800653,15.0,116.83198947648592,14308.219178082192,0,1,0,0,0,0
5697,19.4836,24997.60297303465,-659.6383232550305,5.0,2.43,3.0,-12852.129234971711,12852.129234971711,3138.0483456800653,15.0,116.83198947648592,14308.219178082192,0,1,0,0,0,0
5698,19.4577,25014.687605606952,-659.6383232550305,5.0,2.43,3.0,-12835.044602399406,12835.044602399406,3138.0483456800653,15.0,116.83198947648592,14308.219178082192,0,1,0,0,0,0
5699,21.8074,23464.735437454605,-659.6383232550305,5.0,2.43,3.0,-14384.996770551754,14384.996770551754,3138.0483456800653,15.0,116.83198947648592,14308.219178082192,0,1,0,0,0,0
5700,20.721,24181.366511838874,-659.6383232550305,5.0,2.43,3.0,-13668.365696167488,13668.365696167488,3138.0483456800653,15.0,116.83198947648592,14308.219178082192,0,1,0,0,0,0
5701,20.0424,24628.99707799974,-659.6383232550305,5.0,2.43,3.0,-13220.735130006624,13220.735130006624,3138.0483456800653,15.0,116.83198947648592,14308.219178082192,0,1,0,0,0,0
5702,20.344,24430.05015970602,-659.6383232550305,5.0,2.43,3.0,-13419.682048300341,13419.682048300341,3138.0483456800653,15.0,116.83198947648592,14308.219178082192,0,1,0,0,0,0
5703,20.4702,24346.803803311235,-659.6383232550305,5.0,2.43,3.0,-13502.928404695125,13502.928404695125,3138.0483456800653,15.0,116.83198947648592,14308.219178082192,0,1,0,0,0,0
5704,20.1523,24556.50282627401,-659.6383232550305,5.0,2.43,3.0,-13293.229381732352,13293.229381732352,3138.0483456800653,15.0,116.83198947648592,14308.219178082192,0,1,0,0,0,0
5705,20.9981,23998.580732464907,-659.6383232550305,5.0,2.43,3.0,-13851.151475541457,13851.151475541457,3138.0483456800653,15.0,116.83198947648592,14308.219178082192,0,1,0,0,0,0
5706,20.9176,24051.681617486935,-659.6383232550305,5.0,2.43,3.0,-13798.050590519426,13798.050590519426,3138.0483456800653,15.0,116.83198947648592,14308.219178082192,0,1,0,0,0,0
5707,21.0653,23954.253037142167,-659.6383232550305,5.0,2.43,3.0,-13895.479170864195,13895.479170864195,3138.0483456800653,15.0,116.83198947648592,14308.219178082192,0,1,0,0,0,0
5708,19.9215,24708.747351281272,-659.6383232550305,5.0,2.43,3.0,-13140.984856725092,13140.984856725092,3138.0483456800653,15.0,116.83198947648592,14308.219178082192,0,1,0,0,0,0
5709,15.1018,27888.00617787354,-659.6383232550305,5.0,2.43,3.0,-9961.72603013282,9961.72603013282,3138.0483456800653,15.0,116.83198947648592,14308.219178082192,0,1,0,0,0,0
5710,14.1248,28532.472819693707,-659.6383232550305,5.0,2.43,3.0,-9317.259388312656,9317.259388312656,3138.0483456800653,15.0,116.83198947648592,14308.219178082192,0,1,0,0,0,0
5711,17.9082,26036.79718749062,-659.6383232550305,5.0,2.43,3.0,-11812.935020515739,11812.935020515739,3138.0483456800653,15.0,116.83198947648592,14308.219178082192,0,1,0,0,0,0
5712,14.3777,28365.65028774251,-659.6383232550305,5.0,2.43,3.0,-9484.081920263852,9484.081920263852,3138.0483456800653,15.0,116.83198947648592,14308.219178082192,0,1,0,0,0,0
5713,14.2149,28473.03940676843,-659.6383232550305,5.0,2.43,3.0,-9376.692801237934,9376.692801237934,3138.0483456800653,15.0,116.83198947648592,14308.219178082192,0,1,0,0,0,0
5714,13.163,29166.912959000394,-659.6383232550305,5.0,2.43,3.0,-8682.819249005966,8682.819249005966,3138.0483456800653,15.0,116.83198947648592,14308.219178082192,0,1,0,0,0,0
5715,13.8694,28700.94444745304,-659.6383232550305,5.0,2.43,3.0,-9148.787760553321,9148.787760553321,3138.0483456800653,15.0,116.83198947648592,14308.219178082192,0,1,0,0,0,0
5716,15.297,27759.244777174157,-659.6383232550305,5.0,2.43,3.0,-10090.487430832201,10090.487430832201,3138.0483456800653,15.0,116.83198947648592,14308.219178082192,0,1,0,0,0,0
5717,72.6623,24079.205744269024,650.0,0,2.43,3.0,47230.495,-47230.495,15071.972825128516,0,556.8949724310688,14308.219178082192,1,0,0,0,0,0
5718,16.5827,26911.147784965164,-659.6383232550305,5.0,2.43,3.0,-10938.584423041193,10938.584423041193,3138.0483456800653,15.0,116.83198947648592,14308.219178082192,0,1,0,0,0,0
5719,18.6374,25555.78892217306,-659.6383232550305,5.0,2.43,3.0,-12293.943285833306,12293.943285833306,3138.0483456800653,15.0,116.83198947648592,14308.219178082192,0,1,0,0,0,0
5720,20.3769,24408.348058870928,-659.6383232550305,5.0,2.43,3.0,-13441.38414913543,13441.38414913543,3138.0483456800653,15.0,116.83198947648592,14308.219178082192,0,1,0,0,0,0
5721,23.3605,22440.25115760722,-659.6383232550305,5.0,2.43,3.0,-15409.48105039914,15409.48105039914,3138.0483456800653,15.0,116.83198947648592,14308.219178082192,0,1,0,0,0,0
5722,39.4912,11799.823256677297,-659.6383232550305,5.0,2.43,3.0,-26049.90895132906,26049.90895132906,3138.0483456800653,15.0,116.83198947648592,14308.219178082192,0,1,0,0,0,0
5723,21.8719,23422.18876560466,-659.6383232550305,5.0,2.43,3.0,-14427.543442401702,14427.543442401702,3138.0483456800653,15.0,116.83198947648592,14308.219178082192,0,1,0,0,0,0
5724,24.934,21402.31025596543,-659.6383232550305,5.0,2.43,3.0,-16447.42195204093,16447.42195204093,3138.0483456800653,15.0,116.83198947648592,14308.219178082192,0,1,0,0,0,0
5725,23.0824,22623.696575304446,-659.6383232550305,5.0,2.43,3.0,-15226.035632701916,15226.035632701916,3138.0483456800653,15.0,116.83198947648592,14308.219178082192,0,1,0,0,0,0
5726,36.9544,13473.193755110664,-659.6383232550305,5.0,2.43,3.0,-24376.5384528957,24376.5384528957,3138.0483456800653,15.0,116.83198947648592,14308.219178082192,0,1,0,0,0,0
5727,22.7105,22869.01606772299,-659.6383232550305,5.0,2.43,3.0,-14980.71614028337,14980.71614028337,3138.0483456800653,15.0,116.83198947648592,14308.219178082192,0,1,0,0,0,0
5728,24.9278,21406.40001356961,-659.6383232550305,5.0,2.43,3.0,-16443.33219443675,16443.33219443675,3138.0483456800653,15.0,116.83198947648592,14308.219178082192,0,1,0,0,0,0
5729,29.8345,18169.752652854153,-659.6383232550305,5.0,2.43,3.0,-19679.979555152207,19679.979555152207,3138.0483456800653,15.0,116.83198947648592,14308.219178082192,0,1,0,0,0,0
5730,26.2306,20547.023206032958,-659.6383232550305,5.0,2.43,3.0,-17302.709001973402,17302.709001973402,3138.0483456800653,15.0,116.83198947648592,14308.219178082192,0,1,0,0,0,0
5731,33.5185,15739.64506998262,-659.6383232550305,5.0,2.43,3.0,-22110.087138023744,22110.087138023744,3138.0483456800653,15.0,116.83198947648592,14308.219178082192,0,1,0,0,0,0
5732,22.2976,23141.380731394995,-659.6383232550305,5.0,2.43,3.0,-14708.351476611368,14708.351476611368,3138.0483456800653,15.0,116.83198947648592,14308.219178082192,0,1,0,0,0,0
5733,18.103,25908.299642120543,-659.6383232550305,5.0,2.43,3.0,-11941.432565885818,11941.432565885818,3138.0483456800653,15.0,116.83198947648592,14308.219178082192,0,1,0,0,0,0
5734,19.1428,25222.40771359996,-659.6383232550305,5.0,2.43,3.0,-12627.324494406399,12627.324494406399,3138.0483456800653,15.0,116.83198947648592,14308.219178082192,0,1,0,0,0,0
5735,18.6355,25557.04223498724,-659.6383232550305,5.0,2.43,3.0,-12292.689973019122,12292.689973019122,3138.0483456800653,15.0,116.83198947648592,14308.219178082192,0,1,0,0,0,0
5736,15.9713,27314.450655803295,-659.6383232550305,5.0,2.43,3.0,-10535.281552203069,10535.281552203069,3138.0483456800653,15.0,116.83198947648592,14308.219178082192,0,1,0,0,0,0
5737,14.2994,28417.29996845338,-659.6383232550305,5.0,2.43,3.0,-9432.432239552983,9432.432239552983,3138.0483456800653,15.0,116.83198947648592,14308.219178082192,0,1,0,0,0,0
5738,14.0853,28558.528533462282,-659.6383232550305,5.0,2.43,3.0,-9291.203674544082,9291.203674544082,3138.0483456800653,15.0,116.83198947648592,14308.219178082192,0,1,0,0,0,0
5739,14.2775,28431.74604773266,-659.6383232550305,5.0,2.43,3.0,-9417.986160273698,9417.986160273698,3138.0483456800653,15.0,116.83198947648592,14308.219178082192,0,1,0,0,0,0
5740,16.8665,26723.94242882539,-659.6383232550305,5.0,2.43,3.0,-11125.789779180972,11125.789779180972,3138.0483456800653,15.0,116.83198947648592,14308.219178082192,0,1,0,0,0,0
5741,17.6651,26197.155263873923,-659.6383232550305,5.0,2.43,3.0,-11652.57694413244,11652.57694413244,3138.0483456800653,15.0,116.83198947648592,14308.219178082192,0,1,0,0,0,0
5742,17.3126,26429.67777282132,-659.6383232550305,5.0,2.43,3.0,-11420.05443518504,11420.05443518504,3138.0483456800653,15.0,116.83198947648592,14308.219178082192,0,1,0,0,0,0
5743,20.1732,24542.71638531798,-659.6383232550305,5.0,2.43,3.0,-13307.015822688383,13307.015822688383,3138.0483456800653,15.0,116.83198947648592,14308.219178082192,0,1,0,0,0,0
5744,25.4378,21069.984468709546,-659.6383232550305,5.0,2.43,3.0,-16779.747739296814,16779.747739296814,3138.0483456800653,15.0,116.83198947648592,14308.219178082192,0,1,0,0,0,0
5745,23.9157,22074.019960536025,-659.6383232550305,5.0,2.43,3.0,-15775.712247470334,15775.712247470334,3138.0483456800653,15.0,116.83198947648592,14308.219178082192,0,1,0,0,0,0
5746,22.8911,22749.88538654313,-659.6383232550305,5.0,2.43,3.0,-15099.84682146323,15099.84682146323,3138.0483456800653,15.0,116.83198947648592,14308.219178082192,0,1,0,0,0,0
5747,22.7552,22839.53023467349,-659.6383232550305,5.0,2.43,3.0,-15010.201973332869,15010.201973332869,3138.0483456800653,15.0,116.83198947648592,14308.219178082192,0,1,0,0,0,0
5748,23.9627,22043.01695934304,-659.6383232550305,5.0,2.43,3.0,-15806.71524866332,15806.71524866332,3138.0483456800653,15.0,116.83198947648592,14308.219178082192,0,1,0,0,0,0
5749,24.4157,21744.20079890851,-659.6383232550305,5.0,2.43,3.0,-16105.53140909785,16105.53140909785,3138.0483456800653,15.0,116.83198947648592,14308.219178082192,0,1,0,0,0,0
5750,22.5057,23004.10999632562,-659.6383232550305,5.0,2.43,3.0,-14845.62221168074,14845.62221168074,3138.0483456800653,15.0,116.83198947648592,14308.219178082192,0,1,0,0,0,0
5751,23.4193,22401.464424199825,-659.6383232550305,5.0,2.43,3.0,-15448.267783806536,15448.267783806536,3138.0483456800653,15.0,116.83198947648592,14308.219178082192,0,1,0,0,0,0
5752,25.4235,21079.417296732092,-659.6383232550305,5.0,2.43,3.0,-16770.31491127427,16770.31491127427,3138.0483456800653,15.0,116.83198947648592,14308.219178082192,0,1,0,0,0,0
5753,22.7185,22863.73896113695,-659.6383232550305,5.0,2.43,3.0,-14985.99324686941,14985.99324686941,3138.0483456800653,15.0,116.83198947648592,14308.219178082192,0,1,0,0,0,0
5754,22.897,22745.993520435928,-659.6383232550305,5.0,2.43,3.0,-15103.738687570432,15103.738687570432,3138.0483456800653,15.0,116.83198947648592,14308.219178082192,0,1,0,0,0,0
5755,23.5987,22283.12530900787,-659.6383232550305,5.0,2.43,3.0,-15566.606898998489,15566.606898998489,3138.0483456800653,15.0,116.83198947648592,14308.219178082192,0,1,0,0,0,0
5756,19.8574,24751.030167801917,-659.6383232550305,5.0,2.43,3.0,-13098.702040204442,13098.702040204442,3138.0483456800653,15.0,116.83198947648592,14308.219178082192,0,1,0,0,0,0
5757,16.967,26657.648777338258,-659.6383232550305,5.0,2.43,3.0,-11192.083430668103,11192.083430668103,3138.0483456800653,15.0,116.83198947648592,14308.219178082192,0,1,0,0,0,0
5758,15.7671,27449.148801411968,-659.6383232550305,5.0,2.43,3.0,-10400.58340659439,10400.58340659439,3138.0483456800653,15.0,116.83198947648592,14308.219178082192,0,1,0,0,0,0
5759,16.3493,27065.107369612888,-659.6383232550305,5.0,2.43,3.0,-10784.62483839347,10784.62483839347,3138.0483456800653,15.0,116.83198947648592,14308.219178082192,0,1,0,0,0,0
5760,14.5031,28282.931642006326,-659.6383232550305,5.0,2.43,3.0,-9566.800566000033,9566.800566000033,3138.0483456800653,15.0,116.83198947648592,14308.219178082192,0,1,0,0,0,0
5761,13.5234,28929.17930729928,-659.6383232550305,5.0,2.43,3.0,-8920.55290070708,8920.55290070708,3138.0483456800653,15.0,116.83198947648592,14308.219178082192,0,1,0,0,0,0
5762,12.9373,29315.793328559055,-659.6383232550305,5.0,2.43,3.0,-8533.938879447307,8533.938879447307,3138.0483456800653,15.0,116.83198947648592,14308.219178082192,0,1,0,0,0,0
5763,13.0998,29208.602101030112,-659.6383232550305,5.0,2.43,3.0,-8641.130106976248,8641.130106976248,3138.0483456800653,15.0,116.83198947648592,14308.219178082192,0,1,0,0,0,0
5764,14.6151,28209.052149801762,-659.6383232550305,5.0,2.43,3.0,-9640.680058204596,9640.680058204596,3138.0483456800653,15.0,116.83198947648592,14308.219178082192,0,1,0,0,0,0
5765,16.3614,27057.125745901503,-659.6383232550305,5.0,2.43,3.0,-10792.606462104855,10792.606462104855,3138.0483456800653,15.0,116.83198947648592,14308.219178082192,0,1,0,0,0,0
5766,16.1824,27175.201005764153,-659.6383232550305,5.0,2.43,3.0,-10674.531202242206,10674.531202242206,3138.0483456800653,15.0,116.83198947648592,14308.219178082192,0,1,0,0,0,0
5767,16.1861,27172.76034396811,-659.6383232550305,5.0,2.43,3.0,-10676.971864038249,10676.971864038249,3138.0483456800653,15.0,116.83198947648592,14308.219178082192,0,1,0,0,0,0
5768,17.7453,26144.25227034887,-659.6383232550305,5.0,2.43,3.0,-11705.479937657494,11705.479937657494,3138.0483456800653,15.0,116.83198947648592,14308.219178082192,0,1,0,0,0,0
5769,20.2486,24492.97965574455,-659.6383232550305,5.0,2.43,3.0,-13356.75255226181,13356.75255226181,3138.0483456800653,15.0,116.83198947648592,14308.219178082192,0,1,0,0,0,0
5770,20.2776,24473.850144370153,-659.6383232550305,5.0,2.43,3.0,-13375.882063636207,13375.882063636207,3138.0483456800653,15.0,116.83198947648592,14308.219178082192,0,1,0,0,0,0
5771,21.0786,23945.479847442875,-659.6383232550305,5.0,2.43,3.0,-13904.252360563487,13904.252360563487,3138.0483456800653,15.0,116.83198947648592,14308.219178082192,0,1,0,0,0,0
5772,21.7702,23489.273983079696,-659.6383232550305,5.0,2.43,3.0,-14360.458224926664,14360.458224926664,3138.0483456800653,15.0,116.83198947648592,14308.219178082192,0,1,0,0,0,0
5773,39.6252,11711.431721361125,-659.6383232550305,5.0,2.43,3.0,-26138.300486645236,26138.300486645236,3138.0483456800653,15.0,116.83198947648592,14308.219178082192,0,1,0,0,0,0
5774,114.2009,51079.29574426904,650.0,0,2.43,3.0,74230.585,-74230.585,15071.972825128516,0,556.8949724310688,14308.219178082192,1,0,0,0,0,0
5775,28.6644,18941.595454894865,-659.6383232550305,5.0,2.43,3.0,-18908.136753111496,18908.136753111496,3138.0483456800653,15.0,116.83198947648592,14308.219178082192,0,1,0,0,0,0
5776,41.1703,10692.22454809978,-659.6383232550305,5.0,2.43,3.0,-27157.50765990658,27157.50765990658,3138.0483456800653,15.0,116.83198947648592,14308.219178082192,0,1,0,0,0,0
5777,22.7554,22839.398307008836,-659.6383232550305,5.0,2.43,3.0,-15010.333900997523,15010.333900997523,3138.0483456800653,15.0,116.83198947648592,14308.219178082192,0,1,0,0,0,0
5778,23.2337,22523.89329699596,-659.6383232550305,5.0,2.43,3.0,-15325.838911010402,15325.838911010402,3138.0483456800653,15.0,116.83198947648592,14308.219178082192,0,1,0,0,0,0
5779,25.0633,21317.019020768552,-659.6383232550305,5.0,2.43,3.0,-16532.71318723781,16532.71318723781,3138.0483456800653,15.0,116.83198947648592,14308.219178082192,0,1,0,0,0,0
5780,19.5751,24937.246066456813,-659.6383232550305,5.0,2.43,3.0,-12912.486141549547,12912.486141549547,3138.0483456800653,15.0,116.83198947648592,14308.219178082192,0,1,0,0,0,0
5781,18.0892,25917.40265098146,-659.6383232550305,5.0,2.43,3.0,-11932.3295570249,11932.3295570249,3138.0483456800653,15.0,116.83198947648592,14308.219178082192,0,1,0,0,0,0
5782,17.7206,26160.545336933268,-659.6383232550305,5.0,2.43,3.0,-11689.186871073094,11689.186871073094,3138.0483456800653,15.0,116.83198947648592,14308.219178082192,0,1,0,0,0,0
5783,15.8871,27369.992202621368,-659.6383232550305,5.0,2.43,3.0,-10479.740005384996,10479.740005384996,3138.0483456800653,15.0,116.83198947648592,14308.219178082192,0,1,0,0,0,0
5784,14.5261,28267.759960571464,-659.6383232550305,5.0,2.43,3.0,-9581.972247434898,9581.972247434898,3138.0483456800653,15.0,116.83198947648592,14308.219178082192,0,1,0,0,0,0
5785,13.4772,28959.654597833665,-659.6383232550305,5.0,2.43,3.0,-8890.077610172697,8890.077610172697,3138.0483456800653,15.0,116.83198947648592,14308.219178082192,0,1,0,0,0,0
5786,13.165,29165.593682353887,-659.6383232550305,5.0,2.43,3.0,-8684.138525652475,8684.138525652475,3138.0483456800653,15.0,116.83198947648592,14308.219178082192,0,1,0,0,0,0
5787,13.5494,28912.02871089465,-659.6383232550305,5.0,2.43,3.0,-8937.70349711171,8937.70349711171,3138.0483456800653,15.0,116.83198947648592,14308.219178082192,0,1,0,0,0,0
5788,14.4401,28324.488856371398,-659.6383232550305,5.0,2.43,3.0,-9525.243351634967,9525.243351634967,3138.0483456800653,15.0,116.83198947648592,14308.219178082192,0,1,0,0,0,0
5789,15.9184,27349.345523103482,-659.6383232550305,5.0,2.43,3.0,-10500.386684902878,10500.386684902878,3138.0483456800653,15.0,116.83198947648592,14308.219178082192,0,1,0,0,0,0
5790,17.8036,26105.795356103103,-659.6383232550305,5.0,2.43,3.0,-11743.936851903261,11743.936851903261,3138.0483456800653,15.0,116.83198947648592,14308.219178082192,0,1,0,0,0,0
5791,16.6974,26835.487269287813,-659.6383232550305,5.0,2.43,3.0,-11014.244938718546,11014.244938718546,3138.0483456800653,15.0,116.83198947648592,14308.219178082192,0,1,0,0,0,0
5792,21.5012,23666.716692035297,-659.6383232550305,5.0,2.43,3.0,-14183.015515971063,14183.015515971063,3138.0483456800653,15.0,116.83198947648592,14308.219178082192,0,1,0,0,0,0
5793,28.1187,19301.560087895134,-659.6383232550305,5.0,2.43,3.0,-18548.172120111227,18548.172120111227,3138.0483456800653,15.0,116.83198947648592,14308.219178082192,0,1,0,0,0,0
5794,20.6792,24208.93939375093,-659.6383232550305,5.0,2.43,3.0,-13640.792814255428,13640.792814255428,3138.0483456800653,15.0,116.83198947648592,14308.219178082192,0,1,0,0,0,0
5795,23.3137,22471.122231135552,-659.6383232550305,5.0,2.43,3.0,-15378.609976870805,15378.609976870805,3138.0483456800653,15.0,116.83198947648592,14308.219178082192,0,1,0,0,0,0
5796,25.3795,21108.441382955316,-659.6383232550305,5.0,2.43,3.0,-16741.290825051048,16741.290825051048,3138.0483456800653,15.0,116.83198947648592,14308.219178082192,0,1,0,0,0,0
5797,24.2265,21869.004369668364,-659.6383232550305,5.0,2.43,3.0,-15980.727838337998,15980.727838337998,3138.0483456800653,15.0,116.83198947648592,14308.219178082192,0,1,0,0,0,0
5798,34.3415,15196.762729943726,-659.6383232550305,5.0,2.43,3.0,-22652.969478062634,22652.969478062634,3138.0483456800653,15.0,116.83198947648592,14308.219178082192,0,1,0,0,0,0
5799,41.0428,10776.328434314793,-659.6383232550305,5.0,2.43,3.0,-27073.403773691567,27073.403773691567,3138.0483456800653,15.0,116.83198947648592,14308.219178082192,0,1,0,0,0,0
5800,29.1782,18602.67328440643,-659.6383232550305,5.0,2.43,3.0,-19247.058923599932,19247.058923599932,3138.0483456800653,15.0,116.83198947648592,14308.219178082192,0,1,0,0,0,0
5801,21.7464,23504.973375173162,-659.6383232550305,5.0,2.43,3.0,-14344.758832833197,14344.758832833197,3138.0483456800653,15.0,116.83198947648592,14308.219178082192,0,1,0,0,0,0
5802,24.406,21750.599290644088,-659.6383232550305,5.0,2.43,3.0,-16099.132917362274,16099.132917362274,3138.0483456800653,15.0,116.83198947648592,14308.219178082192,0,1,0,0,0,0
5803,28.8037,18849.707836465437,-659.6383232550305,5.0,2.43,3.0,-19000.024371540923,19000.024371540923,3138.0483456800653,15.0,116.83198947648592,14308.219178082192,0,1,0,0,0,0
5804,23.0147,22668.35408978881,-659.6383232550305,5.0,2.43,3.0,-15181.378118217552,15181.378118217552,3138.0483456800653,15.0,116.83198947648592,14308.219178082192,0,1,0,0,0,0
5805,19.0116,25308.95226161102,-659.6383232550305,5.0,2.43,3.0,-12540.77994639534,12540.77994639534,3138.0483456800653,15.0,116.83198947648592,14308.219178082192,0,1,0,0,0,0
5806,18.9089,25376.697117409316,-659.6383232550305,5.0,2.43,3.0,-12473.035090597046,12473.035090597046,3138.0483456800653,15.0,116.83198947648592,14308.219178082192,0,1,0,0,0,0
5807,18.4639,25670.236171257806,-659.6383232550305,5.0,2.43,3.0,-12179.496036748556,12179.496036748556,3138.0483456800653,15.0,116.83198947648592,14308.219178082192,0,1,0,0,0,0
5808,17.7719,26126.705890950285,-659.6383232550305,5.0,2.43,3.0,-11723.026317056076,11723.026317056076,3138.0483456800653,15.0,116.83198947648592,14308.219178082192,0,1,0,0,0,0
5809,14.9316,28000.276620491546,-659.6383232550305,5.0,2.43,3.0,-9849.455587514813,9849.455587514813,3138.0483456800653,15.0,116.83198947648592,14308.219178082192,0,1,0,0,0,0
5810,14.2063,28478.71229634842,-659.6383232550305,5.0,2.43,3.0,-9371.01991165794,9371.01991165794,3138.0483456800653,15.0,116.83198947648592,14308.219178082192,0,1,0,0,0,0
5811,13.8732,28698.43782182467,-659.6383232550305,5.0,2.43,3.0,-9151.29438618169,9151.29438618169,3138.0483456800653,15.0,116.83198947648592,14308.219178082192,0,1,0,0,0,0
5812,13.7633,28770.9320735504,-659.6383232550305,5.0,2.43,3.0,-9078.800134455962,9078.800134455962,3138.0483456800653,15.0,116.83198947648592,14308.219178082192,0,1,0,0,0,0
5813,13.6533,28843.492289108453,-659.6383232550305,5.0,2.43,3.0,-9006.239918897909,9006.239918897909,3138.0483456800653,15.0,116.83198947648592,14308.219178082192,0,1,0,0,0,0
5814,14.0402,28588.27822184108,-659.6383232550305,5.0,2.43,3.0,-9261.45398616528,9261.45398616528,3138.0483456800653,15.0,116.83198947648592,14308.219178082192,0,1,0,0,0,0
5815,15.2204,27809.773072735494,-659.6383232550305,5.0,2.43,3.0,-10039.959135270867,10039.959135270867,3138.0483456800653,15.0,116.83198947648592,14308.219178082192,0,1,0,0,0,0
5816,17.0905,26576.18344441626,-659.6383232550305,5.0,2.43,3.0,-11273.548763590099,11273.548763590099,3138.0483456800653,15.0,116.83198947648592,14308.219178082192,0,1,0,0,0,0
5817,19.1173,25239.228490842965,-659.6383232550305,5.0,2.43,3.0,-12610.503717163396,12610.503717163396,3138.0483456800653,15.0,116.83198947648592,14308.219178082192,0,1,0,0,0,0
5818,21.5565,23630.238692759296,-659.6383232550305,5.0,2.43,3.0,-14219.493515247064,14219.493515247064,3138.0483456800653,15.0,116.83198947648592,14308.219178082192,0,1,0,0,0,0
5819,22.9745,22694.871550383665,-659.6383232550305,5.0,2.43,3.0,-15154.860657622698,15154.860657622698,3138.0483456800653,15.0,116.83198947648592,14308.219178082192,0,1,0,0,0,0
5820,23.5995,22282.597598349268,-659.6383232550305,5.0,2.43,3.0,-15567.134609657092,15567.134609657092,3138.0483456800653,15.0,116.83198947648592,14308.219178082192,0,1,0,0,0,0
5821,27.4247,19759.349084234123,-659.6383232550305,5.0,2.43,3.0,-18090.383123772237,18090.383123772237,3138.0483456800653,15.0,116.83198947648592,14308.219178082192,0,1,0,0,0,0
5822,24.8021,21489.316550802767,-659.6383232550305,5.0,2.43,3.0,-16360.415657203592,16360.415657203592,3138.0483456800653,15.0,116.83198947648592,14308.219178082192,0,1,0,0,0,0
5823,31.0251,17384.387265186713,-659.6383232550305,5.0,2.43,3.0,-20465.344942819647,20465.344942819647,3138.0483456800653,15.0,116.83198947648592,14308.219178082192,0,1,0,0,0,0
5824,25.0529,21323.879259330406,-659.6383232550305,5.0,2.43,3.0,-16525.852948675954,16525.852948675954,3138.0483456800653,15.0,116.83198947648592,14308.219178082192,0,1,0,0,0,0
5825,23.3161,22469.539099159745,-659.6383232550305,5.0,2.43,3.0,-15380.193108846615,15380.193108846615,3138.0483456800653,15.0,116.83198947648592,14308.219178082192,0,1,0,0,0,0
5826,20.4127,24384.733006898397,-659.6383232550305,5.0,2.43,3.0,-13464.999201107961,13464.999201107961,3138.0483456800653,15.0,116.83198947648592,14308.219178082192,0,1,0,0,0,0
5827,21.7706,23489.010127750393,-659.6383232550305,5.0,2.43,3.0,-14360.722080255968,14360.722080255968,3138.0483456800653,15.0,116.83198947648592,14308.219178082192,0,1,0,0,0,0
5828,18.642,25552.754585886083,-659.6383232550305,5.0,2.43,3.0,-12296.97762212028,12296.97762212028,3138.0483456800653,15.0,116.83198947648592,14308.219178082192,0,1,0,0,0,0
5829,18.2239,25828.54936883901,-659.6383232550305,5.0,2.43,3.0,-12021.182839167352,12021.182839167352,3138.0483456800653,15.0,116.83198947648592,14308.219178082192,0,1,0,0,0,0
5830,18.5218,25632.043112341336,-659.6383232550305,5.0,2.43,3.0,-12217.689095665024,12217.689095665024,3138.0483456800653,15.0,116.83198947648592,14308.219178082192,0,1,0,0,0,0
5831,16.3037,27095.18687715332,-659.6383232550305,5.0,2.43,3.0,-10754.54533085304,10754.54533085304,3138.0483456800653,15.0,116.83198947648592,14308.219178082192,0,1,0,0,0,0
5832,16.3205,27084.104953322636,-659.6383232550305,5.0,2.43,3.0,-10765.627254683724,10765.627254683724,3138.0483456800653,15.0,116.83198947648592,14308.219178082192,0,1,0,0,0,0
5833,15.0097,27948.75886744533,-659.6383232550305,5.0,2.43,3.0,-9900.973340561031,9900.973340561031,3138.0483456800653,15.0,116.83198947648592,14308.219178082192,0,1,0,0,0,0
5834,14.0119,28606.945986389197,-659.6383232550305,5.0,2.43,3.0,-9242.786221617163,9242.786221617163,3138.0483456800653,15.0,116.83198947648592,14308.219178082192,0,1,0,0,0,0
5835,13.1105,29201.54397097128,-659.6383232550305,5.0,2.43,3.0,-8648.188237035078,8648.188237035078,3138.0483456800653,15.0,116.83198947648592,14308.219178082192,0,1,0,0,0,0
5836,12.9774,29289.341831796526,-659.6383232550305,5.0,2.43,3.0,-8560.390376209833,8560.390376209833,3138.0483456800653,15.0,116.83198947648592,14308.219178082192,0,1,0,0,0,0
5837,13.5567,28907.213351134887,-659.6383232550305,5.0,2.43,3.0,-8942.518856871471,8942.518856871471,3138.0483456800653,15.0,116.83198947648592,14308.219178082192,0,1,0,0,0,0
5838,13.1896,29149.36657960181,-659.6383232550305,5.0,2.43,3.0,-8700.36562840455,8700.36562840455,3138.0483456800653,15.0,116.83198947648592,14308.219178082192,0,1,0,0,0,0
5839,13.7546,28776.670926962717,-659.6383232550305,5.0,2.43,3.0,-9073.061281043643,9073.061281043643,3138.0483456800653,15.0,116.83198947648592,14308.219178082192,0,1,0,0,0,0
5840,15.8997,27361.680759748353,-659.6383232550305,5.0,2.43,3.0,-10488.051448258007,10488.051448258007,3138.0483456800653,15.0,116.83198947648592,14308.219178082192,0,1,0,0,0,0
5841,16.2685,27118.406146131896,-659.6383232550305,5.0,2.43,3.0,-10731.326061874464,10731.326061874464,3138.0483456800653,15.0,116.83198947648592,14308.219178082192,0,1,0,0,0,0
5842,18.8696,25402.620903513238,-659.6383232550305,5.0,2.43,3.0,-12447.111304493123,12447.111304493123,3138.0483456800653,15.0,116.83198947648592,14308.219178082192,0,1,0,0,0,0
5843,20.2216,24510.789890472435,-659.6383232550305,5.0,2.43,3.0,-13338.942317533923,13338.942317533923,3138.0483456800653,15.0,116.83198947648592,14308.219178082192,0,1,0,0,0,0
5844,21.4788,23681.492590476213,-659.6383232550305,5.0,2.43,3.0,-14168.23961753015,14168.23961753015,3138.0483456800653,15.0,116.83198947648592,14308.219178082192,0,1,0,0,0,0
5845,21.158,23893.104564576424,-659.6383232550305,5.0,2.43,3.0,-13956.627643429936,13956.627643429936,3138.0483456800653,15.0,116.83198947648592,14308.219178082192,0,1,0,0,0,0
5846,19.7691,24809.276231745338,-659.6383232550305,5.0,2.43,3.0,-13040.455976261024,13040.455976261024,3138.0483456800653,15.0,116.83198947648592,14308.219178082192,0,1,0,0,0,0
5847,19.9856,24666.46453476062,-659.6383232550305,5.0,2.43,3.0,-13183.267673245738,13183.267673245738,3138.0483456800653,15.0,116.83198947648592,14308.219178082192,0,1,0,0,0,0
5848,20.1436,24562.241679686325,-659.6383232550305,5.0,2.43,3.0,-13287.490528320031,13287.490528320031,3138.0483456800653,15.0,116.83198947648592,14308.219178082192,0,1,0,0,0,0
5849,25.7021,20895.64205987324,-659.6383232550305,5.0,2.43,3.0,-16954.09014813312,16954.09014813312,3138.0483456800653,15.0,116.83198947648592,14308.219178082192,0,1,0,0,0,0
5850,20.6853,24204.915599979075,-659.6383232550305,5.0,2.43,3.0,-13644.816608027284,13644.816608027284,3138.0483456800653,15.0,116.83198947648592,14308.219178082192,0,1,0,0,0,0
5851,20.5908,24267.25142152668,-659.6383232550305,5.0,2.43,3.0,-13582.480786479684,13582.480786479684,3138.0483456800653,15.0,116.83198947648592,14308.219178082192,0,1,0,0,0,0
5852,18.5259,25629.338595215988,-659.6383232550305,5.0,2.43,3.0,-12220.393612790369,12220.393612790369,3138.0483456800653,15.0,116.83198947648592,14308.219178082192,0,1,0,0,0,0
5853,18.4633,25670.631954251756,-659.6383232550305,5.0,2.43,3.0,-12179.100253754605,12179.100253754605,3138.0483456800653,15.0,116.83198947648592,14308.219178082192,0,1,0,0,0,0
5854,17.5839,26250.717895722228,-659.6383232550305,5.0,2.43,3.0,-11599.014312284131,11599.014312284131,3138.0483456800653,15.0,116.83198947648592,14308.219178082192,0,1,0,0,0,0
5855,15.5347,27602.44874773644,-659.6383232550305,5.0,2.43,3.0,-10247.283460269922,10247.283460269922,3138.0483456800653,15.0,116.83198947648592,14308.219178082192,0,1,0,0,0,0
5856,15.4156,27681.01167203611,-659.6383232550305,5.0,2.43,3.0,-10168.720535970248,10168.720535970248,3138.0483456800653,15.0,116.83198947648592,14308.219178082192,0,1,0,0,0,0
5857,14.2356,28459.38489347705,-659.6383232550305,5.0,2.43,3.0,-9390.347314529312,9390.347314529312,3138.0483456800653,15.0,116.83198947648592,14308.219178082192,0,1,0,0,0,0
5858,14.7381,28127.916636041395,-659.6383232550305,5.0,2.43,3.0,-9721.815571964964,9721.815571964964,3138.0483456800653,15.0,116.83198947648592,14308.219178082192,0,1,0,0,0,0
5859,14.203,28480.889102815163,-659.6383232550305,5.0,2.43,3.0,-9368.843105191198,9368.843105191198,3138.0483456800653,15.0,116.83198947648592,14308.219178082192,0,1,0,0,0,0
5860,14.2754,28433.131288211498,-659.6383232550305,5.0,2.43,3.0,-9416.600919794862,9416.600919794862,3138.0483456800653,15.0,116.83198947648592,14308.219178082192,0,1,0,0,0,0
5861,12.8446,29376.941801124798,-659.6383232550305,5.0,2.43,3.0,-8472.790406881564,8472.790406881564,3138.0483456800653,15.0,116.83198947648592,14308.219178082192,0,1,0,0,0,0
5862,10.8357,30702.089228711826,-659.6383232550305,5.0,2.43,3.0,-7147.642979294534,7147.642979294534,3138.0483456800653,15.0,116.83198947648592,14308.219178082192,0,1,0,0,0,0
5863,12.7557,29435.58364806217,-659.6383232550305,5.0,2.43,3.0,-8414.148559944193,8414.148559944193,3138.0483456800653,15.0,116.83198947648592,14308.219178082192,0,1,0,0,0,0
5864,17.479,26319.913955831682,-659.6383232550305,5.0,2.43,3.0,-11529.818252174678,11529.818252174678,3138.0483456800653,15.0,116.83198947648592,14308.219178082192,0,1,0,0,0,0
5865,20.5627,24285.787258410146,-659.6383232550305,5.0,2.43,3.0,-13563.944949596216,13563.944949596216,3138.0483456800653,15.0,116.83198947648592,14308.219178082192,0,1,0,0,0,0
5866,28.7636,18876.159333227966,-659.6383232550305,5.0,2.43,3.0,-18973.572874778394,18973.572874778394,3138.0483456800653,15.0,116.83198947648592,14308.219178082192,0,1,0,0,0,0
5867,76.2139,26387.745744269017,650.0,0,2.43,3.0,49539.034999999996,-49539.034999999996,15071.972825128516,0,556.8949724310688,14308.219178082192,1,0,0,0,0,0
5868,25.4725,21047.095018892596,-659.6383232550305,5.0,2.43,3.0,-16802.637189113764,16802.637189113764,3138.0483456800653,15.0,116.83198947648592,14308.219178082192,0,1,0,0,0,0
5869,28.7616,18877.478609874473,-659.6383232550305,5.0,2.43,3.0,-18972.253598131887,18972.253598131887,3138.0483456800653,15.0,116.83198947648592,14308.219178082192,0,1,0,0,0,0
5870,63.644,18217.31074426902,650.0,0,2.43,3.0,41368.6,-41368.6,15071.972825128516,0,556.8949724310688,14308.219178082192,1,0,0,0,0,0
5871,33.0974,16017.418767905314,-659.6383232550305,5.0,2.43,3.0,-21832.313440101047,21832.313440101047,3138.0483456800653,15.0,116.83198947648592,14308.219178082192,0,1,0,0,0,0
5872,53.1085,11369.235744269025,650.0,0,2.43,3.0,34520.525,-34520.525,15071.972825128516,0,556.8949724310688,14308.219178082192,1,0,0,0,0,0
5873,26.7068,20232.90343649891,-659.6383232550305,5.0,2.43,3.0,-17616.82877150745,17616.82877150745,3138.0483456800653,15.0,116.83198947648592,14308.219178082192,0,1,0,0,0,0
5874,28.4192,19103.338771756997,-659.6383232550305,5.0,2.43,3.0,-18746.393436249364,18746.393436249364,3138.0483456800653,15.0,116.83198947648592,14308.219178082192,0,1,0,0,0,0
5875,39.4644,11817.501563740534,-659.6383232550305,5.0,2.43,3.0,-26032.230644265826,26032.230644265826,3138.0483456800653,15.0,116.83198947648592,14308.219178082192,0,1,0,0,0,0
5876,23.242,22518.41829891294,-659.6383232550305,5.0,2.43,3.0,-15331.31390909342,15331.31390909342,3138.0483456800653,15.0,116.83198947648592,14308.219178082192,0,1,0,0,0,0
5877,21.1084,23925.822625409877,-659.6383232550305,5.0,2.43,3.0,-13923.909582596485,13923.909582596485,3138.0483456800653,15.0,116.83198947648592,14308.219178082192,0,1,0,0,0,0
5878,19.6579,24882.628013291294,-659.6383232550305,5.0,2.43,3.0,-12967.104194715066,12967.104194715066,3138.0483456800653,15.0,116.83198947648592,14308.219178082192,0,1,0,0,0,0
5879,16.1506,27196.177504443665,-659.6383232550305,5.0,2.43,3.0,-10653.554703562697,10653.554703562697,3138.0483456800653,15.0,116.83198947648592,14308.219178082192,0,1,0,0,0,0
5880,16.334,27075.199835958694,-659.6383232550305,5.0,2.43,3.0,-10774.532372047668,10774.532372047668,3138.0483456800653,15.0,116.83198947648592,14308.219178082192,0,1,0,0,0,0
5881,14.5305,28264.85755194914,-659.6383232550305,5.0,2.43,3.0,-9584.874656057222,9584.874656057222,3138.0483456800653,15.0,116.83198947648592,14308.219178082192,0,1,0,0,0,0
5882,14.0869,28557.47311214507,-659.6383232550305,5.0,2.43,3.0,-9292.25909586129,9292.25909586129,3138.0483456800653,15.0,116.83198947648592,14308.219178082192,0,1,0,0,0,0
5883,14.0607,28574.75563621435,-659.6383232550305,5.0,2.43,3.0,-9274.976571792007,9274.976571792007,3138.0483456800653,15.0,116.83198947648592,14308.219178082192,0,1,0,0,0,0
5884,17.9317,26021.295686894133,-659.6383232550305,5.0,2.43,3.0,-11828.43652111223,11828.43652111223,3138.0483456800653,15.0,116.83198947648592,14308.219178082192,0,1,0,0,0,0
5885,21.0961,23933.93617678591,-659.6383232550305,5.0,2.43,3.0,-13915.796031220449,13915.796031220449,3138.0483456800653,15.0,116.83198947648592,14308.219178082192,0,1,0,0,0,0
5886,19.5167,24975.768944534906,-659.6383232550305,5.0,2.43,3.0,-12873.963263471454,12873.963263471454,3138.0483456800653,15.0,116.83198947648592,14308.219178082192,0,1,0,0,0,0
5887,19.0383,25291.339918380116,-659.6383232550305,5.0,2.43,3.0,-12558.392289626247,12558.392289626247,3138.0483456800653,15.0,116.83198947648592,14308.219178082192,0,1,0,0,0,0
5888,154.5527,77307.96574426902,650.0,0,2.43,3.0,100459.25499999999,-100459.25499999999,15071.972825128516,0,556.8949724310688,14308.219178082192,1,0,0,0,0,0
5889,27.738,19552.684397558325,-659.6383232550305,5.0,2.43,3.0,-18297.047810448035,18297.047810448035,3138.0483456800653,15.0,116.83198947648592,14308.219178082192,0,1,0,0,0,0
5890,23.4438,22385.303285280075,-659.6383232550305,5.0,2.43,3.0,-15464.428922726283,15464.428922726283,3138.0483456800653,15.0,116.83198947648592,14308.219178082192,0,1,0,0,0,0
5891,22.6576,22903.91093502318,-659.6383232550305,5.0,2.43,3.0,-14945.82127298318,14945.82127298318,3138.0483456800653,15.0,116.83198947648592,14308.219178082192,0,1,0,0,0,0
5892,32.2411,16582.267064108597,-659.6383232550305,5.0,2.43,3.0,-21267.465143897767,21267.465143897767,3138.0483456800653,15.0,116.83198947648592,14308.219178082192,0,1,0,0,0,0
5893,32.5469,16380.549664857208,-659.6383232550305,5.0,2.43,3.0,-21469.182543149152,21469.182543149152,3138.0483456800653,15.0,116.83198947648592,14308.219178082192,0,1,0,0,0,0
5894,32.0676,16696.714313193348,-659.6383232550305,5.0,2.43,3.0,-21153.017894813016,21153.017894813016,3138.0483456800653,15.0,116.83198947648592,14308.219178082192,0,1,0,0,0,0
5895,298.9785,171184.735744269,650.0,0,2.43,3.0,194336.025,-194336.025,15071.972825128516,0,556.8949724310688,14308.219178082192,1,0,0,0,0,0
5896,248.3702,138289.34074426902,650.0,0,2.43,3.0,161440.63,-161440.63,15071.972825128516,0,556.8949724310688,14308.219178082192,1,0,0,0,0,0
5897,28.1662,19270.22726754052,-659.6383232550305,5.0,2.43,3.0,-18579.504940465842,18579.504940465842,3138.0483456800653,15.0,116.83198947648592,14308.219178082192,0,1,0,0,0,0
5898,26.4374,20410.610000783818,-659.6383232550305,5.0,2.43,3.0,-17439.122207222543,17439.122207222543,3138.0483456800653,15.0,116.83198947648592,14308.219178082192,0,1,0,0,0,0
5899,31.2532,17233.923763652245,-659.6383232550305,5.0,2.43,3.0,-20615.80844435412,20615.80844435412,3138.0483456800653,15.0,116.83198947648592,14308.219178082192,0,1,0,0,0,0
5900,23.6845,22226.528340872588,-659.6383232550305,5.0,2.43,3.0,-15623.20386713377,15623.20386713377,3138.0483456800653,15.0,116.83198947648592,14308.219178082192,0,1,0,0,0,0
5901,21.386,23742.70702687428,-659.6383232550305,5.0,2.43,3.0,-14107.025181132081,14107.025181132081,3138.0483456800653,15.0,116.83198947648592,14308.219178082192,0,1,0,0,0,0
5902,20.3133,24450.301056229946,-659.6383232550305,5.0,2.43,3.0,-13399.431151776413,13399.431151776413,3138.0483456800653,15.0,116.83198947648592,14308.219178082192,0,1,0,0,0,0
5903,18.4697,25666.410268982923,-659.6383232550305,5.0,2.43,3.0,-12183.321939023437,12183.321939023437,3138.0483456800653,15.0,116.83198947648592,14308.219178082192,0,1,0,0,0,0
5904,17.8971,26044.119172878753,-659.6383232550305,5.0,2.43,3.0,-11805.613035127606,11805.613035127606,3138.0483456800653,15.0,116.83198947648592,14308.219178082192,0,1,0,0,0,0
5905,16.0157,27285.16271425077,-659.6383232550305,5.0,2.43,3.0,-10564.56949375559,10564.56949375559,3138.0483456800653,15.0,116.83198947648592,14308.219178082192,0,1,0,0,0,0
5906,14.3966,28353.183123432987,-659.6383232550305,5.0,2.43,3.0,-9496.549084573371,9496.549084573371,3138.0483456800653,15.0,116.83198947648592,14308.219178082192,0,1,0,0,0,0
5907,14.5089,28279.10573973145,-659.6383232550305,5.0,2.43,3.0,-9570.626468274913,9570.626468274913,3138.0483456800653,15.0,116.83198947648592,14308.219178082192,0,1,0,0,0,0
5908,19.5706,24940.214438911462,-659.6383232550305,5.0,2.43,3.0,-12909.517769094899,12909.517769094899,3138.0483456800653,15.0,116.83198947648592,14308.219178082192,0,1,0,0,0,0
5909,22.1852,23215.52407892886,-659.6383232550305,5.0,2.43,3.0,-14634.208129077502,14634.208129077502,3138.0483456800653,15.0,116.83198947648592,14308.219178082192,0,1,0,0,0,0
5910,19.0216,25302.355878378472,-659.6383232550305,5.0,2.43,3.0,-12547.376329627888,12547.376329627888,3138.0483456800653,15.0,116.83198947648592,14308.219178082192,0,1,0,0,0,0
5911,20.0288,24637.968159196003,-659.6383232550305,5.0,2.43,3.0,-13211.764048810355,13211.764048810355,3138.0483456800653,15.0,116.83198947648592,14308.219178082192,0,1,0,0,0,0
5912,24.0261,22001.195889648672,-659.6383232550305,5.0,2.43,3.0,-15848.536318357688,15848.536318357688,3138.0483456800653,15.0,116.83198947648592,14308.219178082192,0,1,0,0,0,0
5913,32.4641,16435.167718022723,-659.6383232550305,5.0,2.43,3.0,-21414.564489983637,21414.564489983637,3138.0483456800653,15.0,116.83198947648592,14308.219178082192,0,1,0,0,0,0
5914,27.2484,19875.64332062399,-659.6383232550305,5.0,2.43,3.0,-17974.088887382375,17974.088887382375,3138.0483456800653,15.0,116.83198947648592,14308.219178082192,0,1,0,0,0,0
5915,27.3705,19795.101481354548,-659.6383232550305,5.0,2.43,3.0,-18054.630726651812,18054.630726651812,3138.0483456800653,15.0,116.83198947648592,14308.219178082192,0,1,0,0,0,0
5916,30.5457,17700.617877355176,-659.6383232550305,5.0,2.43,3.0,-20149.114330651184,20149.114330651184,3138.0483456800653,15.0,116.83198947648592,14308.219178082192,0,1,0,0,0,0
5917,71.2591,23167.125744269022,650.0,0,2.43,3.0,46318.415,-46318.415,15071.972825128516,0,556.8949724310688,14308.219178082192,1,0,0,0,0,0
5918,49.7325,9174.835744269023,650.0,0,2.43,3.0,32326.125,-32326.125,15071.972825128516,0,556.8949724310688,14308.219178082192,1,0,0,0,0,0
5919,103.99,44442.21074426903,650.0,0,2.43,3.0,67593.5,-67593.5,15071.972825128516,0,556.8949724310688,14308.219178082192,1,0,0,0,0,0
5920,56.1924,13373.77074426902,650.0,0,2.43,3.0,36525.06,-36525.06,15071.972825128516,0,556.8949724310688,14308.219178082192,1,0,0,0,0,0
5921,33.7017,15618.799329162295,-659.6383232550305,5.0,2.43,3.0,-22230.932878844065,22230.932878844065,3138.0483456800653,15.0,116.83198947648592,14308.219178082192,0,1,0,0,0,0
5922,31.5802,17018.222031947847,-659.6383232550305,5.0,2.43,3.0,-20831.510176058517,20831.510176058517,3138.0483456800653,15.0,116.83198947648592,14308.219178082192,0,1,0,0,0,0
5923,33.557,15714.248994537302,-659.6383232550305,5.0,2.43,3.0,-22135.48321346906,22135.48321346906,3138.0483456800653,15.0,116.83198947648592,14308.219178082192,0,1,0,0,0,0
5924,22.9101,22737.352258401286,-659.6383232550305,5.0,2.43,3.0,-15112.379949605074,15112.379949605074,3138.0483456800653,15.0,116.83198947648592,14308.219178082192,0,1,0,0,0,0
5925,25.8838,20775.785776537803,-659.6383232550305,5.0,2.43,3.0,-17073.94643146856,17073.94643146856,3138.0483456800653,15.0,116.83198947648592,14308.219178082192,0,1,0,0,0,0
5926,35.9313,14148.069723632882,-659.6383232550305,5.0,2.43,3.0,-23701.66248437348,23701.66248437348,3138.0483456800653,15.0,116.83198947648592,14308.219178082192,0,1,0,0,0,0
5927,25.9612,20724.729770317863,-659.6383232550305,5.0,2.43,3.0,-17125.002437688498,17125.002437688498,3138.0483456800653,15.0,116.83198947648592,14308.219178082192,0,1,0,0,0,0
5928,20.5658,24283.742379608055,-659.6383232550305,5.0,2.43,3.0,-13565.989828398306,13565.989828398306,3138.0483456800653,15.0,116.83198947648592,14308.219178082192,0,1,0,0,0,0
5929,19.5536,24951.428290406795,-659.6383232550305,5.0,2.43,3.0,-12898.303917599564,12898.303917599564,3138.0483456800653,15.0,116.83198947648592,14308.219178082192,0,1,0,0,0,0
5930,21.2194,23852.602771528567,-659.6383232550305,5.0,2.43,3.0,-13997.129436477795,13997.129436477795,3138.0483456800653,15.0,116.83198947648592,14308.219178082192,0,1,0,0,0,0
5931,19.2158,25174.254116002347,-659.6383232550305,5.0,2.43,3.0,-12675.478092004016,12675.478092004016,3138.0483456800653,15.0,116.83198947648592,14308.219178082192,0,1,0,0,0,0
5932,21.1967,23867.576561466456,-659.6383232550305,5.0,2.43,3.0,-13982.155646539904,13982.155646539904,3138.0483456800653,15.0,116.83198947648592,14308.219178082192,0,1,0,0,0,0
5933,29.2716,18541.063065014412,-659.6383232550305,5.0,2.43,3.0,-19308.669142991952,19308.669142991952,3138.0483456800653,15.0,116.83198947648592,14308.219178082192,0,1,0,0,0,0
5934,24.2978,21821.972157220283,-659.6383232550305,5.0,2.43,3.0,-16027.760050786079,16027.760050786079,3138.0483456800653,15.0,116.83198947648592,14308.219178082192,0,1,0,0,0,0
5935,22.1918,23211.170465995376,-659.6383232550305,5.0,2.43,3.0,-14638.561742010987,14638.561742010987,3138.0483456800653,15.0,116.83198947648592,14308.219178082192,0,1,0,0,0,0
5936,25.4422,21067.082060087225,-659.6383232550305,5.0,2.43,3.0,-16782.650147919136,16782.650147919136,3138.0483456800653,15.0,116.83198947648592,14308.219178082192,0,1,0,0,0,0
5937,30.2942,17866.516915653814,-659.6383232550305,5.0,2.43,3.0,-19983.215292352546,19983.215292352546,3138.0483456800653,15.0,116.83198947648592,14308.219178082192,0,1,0,0,0,0
5938,24.2369,21862.144131106514,-659.6383232550305,5.0,2.43,3.0,-15987.588076899849,15987.588076899849,3138.0483456800653,15.0,116.83198947648592,14308.219178082192,0,1,0,0,0,0
5939,45.8536,7602.940388799496,-659.6383232550305,5.0,2.43,3.0,-30246.79181920687,30246.79181920687,3138.0483456800653,15.0,116.83198947648592,14308.219178082192,0,1,0,0,0,0
5940,30.8578,17494.74475666728,-659.6383232550305,5.0,2.43,3.0,-20354.987451339082,20354.987451339082,3138.0483456800653,15.0,116.83198947648592,14308.219178082192,0,1,0,0,0,0
5941,26.1873,20575.5855454299,-659.6383232550305,5.0,2.43,3.0,-17274.146662576462,17274.146662576462,3138.0483456800653,15.0,116.83198947648592,14308.219178082192,0,1,0,0,0,0
5942,52.1636,10755.050744269027,650.0,0,2.43,3.0,33906.340000000004,-33906.340000000004,15071.972825128516,0,556.8949724310688,14308.219178082192,1,0,0,0,0,0
5943,30.2354,17905.303649061214,-659.6383232550305,5.0,2.43,3.0,-19944.42855894515,19944.42855894515,3138.0483456800653,15.0,116.83198947648592,14308.219178082192,0,1,0,0,0,0
5944,35.3123,14556.385845727746,-659.6383232550305,5.0,2.43,3.0,-23293.346362278615,23293.346362278615,3138.0483456800653,15.0,116.83198947648592,14308.219178082192,0,1,0,0,0,0
5945,26.3395,20475.188592630486,-659.6383232550305,5.0,2.43,3.0,-17374.54361537588,17374.54361537588,3138.0483456800653,15.0,116.83198947648592,14308.219178082192,0,1,0,0,0,0
5946,26.2669,20523.0783348988,-659.6383232550305,5.0,2.43,3.0,-17326.65387310756,17326.65387310756,3138.0483456800653,15.0,116.83198947648592,14308.219178082192,0,1,0,0,0,0
5947,26.3763,20450.913902334698,-659.6383232550305,5.0,2.43,3.0,-17398.818305671663,17398.818305671663,3138.0483456800653,15.0,116.83198947648592,14308.219178082192,0,1,0,0,0,0
5948,22.6118,22934.122370228262,-659.6383232550305,5.0,2.43,3.0,-14915.609837778098,14915.609837778098,3138.0483456800653,15.0,116.83198947648592,14308.219178082192,0,1,0,0,0,0
5949,19.3571,25081.04722092641,-659.6383232550305,5.0,2.43,3.0,-12768.68498707995,12768.68498707995,3138.0483456800653,15.0,116.83198947648592,14308.219178082192,0,1,0,0,0,0
5950,19.4975,24988.434000341404,-659.6383232550305,5.0,2.43,3.0,-12861.298207664957,12861.298207664957,3138.0483456800653,15.0,116.83198947648592,14308.219178082192,0,1,0,0,0,0
5951,19.6686,24875.569883232463,-659.6383232550305,5.0,2.43,3.0,-12974.162324773893,12974.162324773893,3138.0483456800653,15.0,116.83198947648592,14308.219178082192,0,1,0,0,0,0
5952,19.2594,25145.493885108426,-659.6383232550305,5.0,2.43,3.0,-12704.238322897934,12704.238322897934,3138.0483456800653,15.0,116.83198947648592,14308.219178082192,0,1,0,0,0,0
5953,18.342,25750.646082862593,-659.6383232550305,5.0,2.43,3.0,-12099.08612514377,12099.08612514377,3138.0483456800653,15.0,116.83198947648592,14308.219178082192,0,1,0,0,0,0
5954,16.7491,26801.383967975533,-659.6383232550305,5.0,2.43,3.0,-11048.348240030831,11048.348240030831,3138.0483456800653,15.0,116.83198947648592,14308.219178082192,0,1,0,0,0,0
5955,16.6826,26845.249916471985,-659.6383232550305,5.0,2.43,3.0,-11004.482291534372,11004.482291534372,3138.0483456800653,15.0,116.83198947648592,14308.219178082192,0,1,0,0,0,0
5956,18.1548,25874.130376975932,-659.6383232550305,5.0,2.43,3.0,-11975.60183103043,11975.60183103043,3138.0483456800653,15.0,116.83198947648592,14308.219178082192,0,1,0,0,0,0
5957,45.4989,7836.914102058054,-659.6383232550305,5.0,2.43,3.0,-30012.818105948307,30012.818105948307,3138.0483456800653,15.0,116.83198947648592,14308.219178082192,0,1,0,0,0,0
5958,20.347,24428.071244736253,-659.6383232550305,5.0,2.43,3.0,-13421.660963270107,13421.660963270107,3138.0483456800653,15.0,116.83198947648592,14308.219178082192,0,1,0,0,0,0
5959,20.8369,24104.914430173616,-659.6383232550305,5.0,2.43,3.0,-13744.817777832744,13744.817777832744,3138.0483456800653,15.0,116.83198947648592,14308.219178082192,0,1,0,0,0,0
5960,21.1816,23877.53710014761,-659.6383232550305,5.0,2.43,3.0,-13972.195107858754,13972.195107858754,3138.0483456800653,15.0,116.83198947648592,14308.219178082192,0,1,0,0,0,0
5961,21.7181,23523.64113972128,-659.6383232550305,5.0,2.43,3.0,-14326.091068285077,14326.091068285077,3138.0483456800653,15.0,116.83198947648592,14308.219178082192,0,1,0,0,0,0
5962,21.8522,23435.18364057278,-659.6383232550305,5.0,2.43,3.0,-14414.548567433578,14414.548567433578,3138.0483456800653,15.0,116.83198947648592,14308.219178082192,0,1,0,0,0,0
5963,22.0168,23326.607172565004,-659.6383232550305,5.0,2.43,3.0,-14523.125035441355,14523.125035441355,3138.0483456800653,15.0,116.83198947648592,14308.219178082192,0,1,0,0,0,0
5964,23.2373,22521.51859903224,-659.6383232550305,5.0,2.43,3.0,-15328.213608974122,15328.213608974122,3138.0483456800653,15.0,116.83198947648592,14308.219178082192,0,1,0,0,0,0
5965,24.4405,21727.841768491788,-659.6383232550305,5.0,2.43,3.0,-16121.890439514573,16121.890439514573,3138.0483456800653,15.0,116.83198947648592,14308.219178082192,0,1,0,0,0,0
5966,23.6002,22282.135851522988,-659.6383232550305,5.0,2.43,3.0,-15567.596356483371,15567.596356483371,3138.0483456800653,15.0,116.83198947648592,14308.219178082192,0,1,0,0,0,0
5967,23.8058,22146.514212261754,-659.6383232550305,5.0,2.43,3.0,-15703.217995744606,15703.217995744606,3138.0483456800653,15.0,116.83198947648592,14308.219178082192,0,1,0,0,0,0
5968,36.6566,13669.63404777601,-659.6383232550305,5.0,2.43,3.0,-24180.09816023035,24180.09816023035,3138.0483456800653,15.0,116.83198947648592,14308.219178082192,0,1,0,0,0,0
5969,27.232,19886.461389125372,-659.6383232550305,5.0,2.43,3.0,-17963.270818880992,17963.270818880992,3138.0483456800653,15.0,116.83198947648592,14308.219178082192,0,1,0,0,0,0
5970,22.6208,22928.18562531897,-659.6383232550305,5.0,2.43,3.0,-14921.546582687393,14921.546582687393,3138.0483456800653,15.0,116.83198947648592,14308.219178082192,0,1,0,0,0,0
5971,21.4865,23676.41337538715,-659.6383232550305,5.0,2.43,3.0,-14173.318832619212,14173.318832619212,3138.0483456800653,15.0,116.83198947648592,14308.219178082192,0,1,0,0,0,0
5972,19.9971,24658.87869404319,-659.6383232550305,5.0,2.43,3.0,-13190.853513963171,13190.853513963171,3138.0483456800653,15.0,116.83198947648592,14308.219178082192,0,1,0,0,0,0
5973,19.7562,24817.785566115326,-659.6383232550305,5.0,2.43,3.0,-13031.946641891034,13031.946641891034,3138.0483456800653,15.0,116.83198947648592,14308.219178082192,0,1,0,0,0,0
5974,18.8172,25437.1859516518,-659.6383232550305,5.0,2.43,3.0,-12412.54625635456,12412.54625635456,3138.0483456800653,15.0,116.83198947648592,14308.219178082192,0,1,0,0,0,0
5975,18.3251,25761.793970525603,-659.6383232550305,5.0,2.43,3.0,-12087.93823748076,12087.93823748076,3138.0483456800653,15.0,116.83198947648592,14308.219178082192,0,1,0,0,0,0
5976,17.4308,26351.708523012574,-659.6383232550305,5.0,2.43,3.0,-11498.023684993786,11498.023684993786,3138.0483456800653,15.0,116.83198947648592,14308.219178082192,0,1,0,0,0,0
5977,15.3003,27757.067970707416,-659.6383232550305,5.0,2.43,3.0,-10092.664237298943,10092.664237298943,3138.0483456800653,15.0,116.83198947648592,14308.219178082192,0,1,0,0,0,0
5978,14.7506,28119.67115700071,-659.6383232550305,5.0,2.43,3.0,-9730.061051005654,9730.061051005654,3138.0483456800653,15.0,116.83198947648592,14308.219178082192,0,1,0,0,0,0
5979,14.5796,28232.469310277316,-659.6383232550305,5.0,2.43,3.0,-9617.262897729042,9617.262897729042,3138.0483456800653,15.0,116.83198947648592,14308.219178082192,0,1,0,0,0,0
5980,17.1544,26534.03255556027,-659.6383232550305,5.0,2.43,3.0,-11315.699652446096,11315.699652446096,3138.0483456800653,15.0,116.83198947648592,14308.219178082192,0,1,0,0,0,0
5981,17.6346,26217.2742327332,-659.6383232550305,5.0,2.43,3.0,-11632.45797527316,11632.45797527316,3138.0483456800653,15.0,116.83198947648592,14308.219178082192,0,1,0,0,0,0
5982,16.3619,27056.795926739876,-659.6383232550305,5.0,2.43,3.0,-10792.936281266482,10792.936281266482,3138.0483456800653,15.0,116.83198947648592,14308.219178082192,0,1,0,0,0,0
5983,17.1801,26517.07985065261,-659.6383232550305,5.0,2.43,3.0,-11332.652357353749,11332.652357353749,3138.0483456800653,15.0,116.83198947648592,14308.219178082192,0,1,0,0,0,0
5984,19.3763,25068.38216511991,-659.6383232550305,5.0,2.43,3.0,-12781.350042886448,12781.350042886448,3138.0483456800653,15.0,116.83198947648592,14308.219178082192,0,1,0,0,0,0
5985,20.2903,24465.472737664815,-659.6383232550305,5.0,2.43,3.0,-13384.259470341545,13384.259470341545,3138.0483456800653,15.0,116.83198947648592,14308.219178082192,0,1,0,0,0,0
5986,21.547,23636.505256830216,-659.6383232550305,5.0,2.43,3.0,-14213.226951176142,14213.226951176142,3138.0483456800653,15.0,116.83198947648592,14308.219178082192,0,1,0,0,0,0
5987,23.4662,22370.527386839163,-659.6383232550305,5.0,2.43,3.0,-15479.204821167197,15479.204821167197,3138.0483456800653,15.0,116.83198947648592,14308.219178082192,0,1,0,0,0,0
5988,42.9179,9539.440614379284,-659.6383232550305,5.0,2.43,3.0,-28310.291593627077,28310.291593627077,3138.0483456800653,15.0,116.83198947648592,14308.219178082192,0,1,0,0,0,0
5989,24.7693,21510.952687805533,-659.6383232550305,5.0,2.43,3.0,-16338.779520200827,16338.779520200827,3138.0483456800653,15.0,116.83198947648592,14308.219178082192,0,1,0,0,0,0
5990,625.3198,383306.580744269,650.0,0,2.43,3.0,406457.87,-406457.87,15071.972825128516,0,556.8949724310688,14308.219178082192,1,0,0,0,0,0
5991,37.5587,13074.574316367649,-659.6383232550305,5.0,2.43,3.0,-24775.157891638715,24775.157891638715,3138.0483456800653,15.0,116.83198947648592,14308.219178082192,0,1,0,0,0,0
5992,24.1237,21936.81518929898,-659.6383232550305,5.0,2.43,3.0,-15912.91701870738,15912.91701870738,3138.0483456800653,15.0,116.83198947648592,14308.219178082192,0,1,0,0,0,0
5993,38.4344,12496.929036693222,-659.6383232550305,5.0,2.43,3.0,-25352.803171313142,25352.803171313142,3138.0483456800653,15.0,116.83198947648592,14308.219178082192,0,1,0,0,0,0
5994,22.427,23056.02353236579,-659.6383232550305,5.0,2.43,3.0,-14793.70867564057,14793.70867564057,3138.0483456800653,15.0,116.83198947648592,14308.219178082192,0,1,0,0,0,0
5995,24.9211,21410.81959033542,-659.6383232550305,5.0,2.43,3.0,-16438.91261767094,16438.91261767094,3138.0483456800653,15.0,116.83198947648592,14308.219178082192,0,1,0,0,0,0
5996,19.0221,25302.02605921685,-659.6383232550305,5.0,2.43,3.0,-12547.706148789515,12547.706148789515,3138.0483456800653,15.0,116.83198947648592,14308.219178082192,0,1,0,0,0,0
5997,21.1335,23909.265703496174,-659.6383232550305,5.0,2.43,3.0,-13940.466504510188,13940.466504510188,3138.0483456800653,15.0,116.83198947648592,14308.219178082192,0,1,0,0,0,0
5998,18.8018,25447.344381829927,-659.6383232550305,5.0,2.43,3.0,-12402.387826176433,12402.387826176433,3138.0483456800653,15.0,116.83198947648592,14308.219178082192,0,1,0,0,0,0
5999,18.6029,25578.54644432535,-659.6383232550305,5.0,2.43,3.0,-12271.18576368101,12271.18576368101,3138.0483456800653,15.0,116.83198947648592,14308.219178082192,0,1,0,0,0,0
6000,20.1848,24535.06458076822,-659.6383232550305,5.0,2.43,3.0,-13314.66762723814,13314.66762723814,3138.0483456800653,15.0,116.83198947648592,14308.219178082192,0,1,0,0,0,0
6001,18.2819,25790.290346090216,-659.6383232550305,5.0,2.43,3.0,-12059.441861916142,12059.441861916142,3138.0483456800653,15.0,116.83198947648592,14308.219178082192,0,1,0,0,0,0
6002,17.2194,26491.15606454869,-659.6383232550305,5.0,2.43,3.0,-11358.576143457673,11358.576143457673,3138.0483456800653,15.0,116.83198947648592,14308.219178082192,0,1,0,0,0,0
6003,16.3195,27084.76459164589,-659.6383232550305,5.0,2.43,3.0,-10764.96761636047,10764.96761636047,3138.0483456800653,15.0,116.83198947648592,14308.219178082192,0,1,0,0,0,0
6004,16.7186,26821.50293683481,-659.6383232550305,5.0,2.43,3.0,-11028.229271171553,11028.229271171553,3138.0483456800653,15.0,116.83198947648592,14308.219178082192,0,1,0,0,0,0
6005,17.2748,26454.61210144036,-659.6383232550305,5.0,2.43,3.0,-11395.120106566,11395.120106566,3138.0483456800653,15.0,116.83198947648592,14308.219178082192,0,1,0,0,0,0
6006,16.4586,26993.008900881116,-659.6383232550305,5.0,2.43,3.0,-10856.723307125245,10856.723307125245,3138.0483456800653,15.0,116.83198947648592,14308.219178082192,0,1,0,0,0,0
6007,18.5227,25631.44943785041,-659.6383232550305,5.0,2.43,3.0,-12218.282770155954,12218.282770155954,3138.0483456800653,15.0,116.83198947648592,14308.219178082192,0,1,0,0,0,0
6008,21.3285,23780.636230461445,-659.6383232550305,5.0,2.43,3.0,-14069.095977544917,14069.095977544917,3138.0483456800653,15.0,116.83198947648592,14308.219178082192,0,1,0,0,0,0
6009,20.5718,24279.784549668526,-659.6383232550305,5.0,2.43,3.0,-13569.947658337836,13569.947658337836,3138.0483456800653,15.0,116.83198947648592,14308.219178082192,0,1,0,0,0,0
6010,22.3069,23135.246094988725,-659.6383232550305,5.0,2.43,3.0,-14714.48611301764,14714.48611301764,3138.0483456800653,15.0,116.83198947648592,14308.219178082192,0,1,0,0,0,0
6011,23.3707,22433.52284671002,-659.6383232550305,5.0,2.43,3.0,-15416.209361296342,15416.209361296342,3138.0483456800653,15.0,116.83198947648592,14308.219178082192,0,1,0,0,0,0
6012,30.7498,17565.98569557882,-659.6383232550305,5.0,2.43,3.0,-20283.746512427537,20283.746512427537,3138.0483456800653,15.0,116.83198947648592,14308.219178082192,0,1,0,0,0,0
6013,26.0525,20664.50479140468,-659.6383232550305,5.0,2.43,3.0,-17185.227416601683,17185.227416601683,3138.0483456800653,15.0,116.83198947648592,14308.219178082192,0,1,0,0,0,0
6014,25.3722,21113.256742715075,-659.6383232550305,5.0,2.43,3.0,-16736.475465291285,16736.475465291285,3138.0483456800653,15.0,116.83198947648592,14308.219178082192,0,1,0,0,0,0
6015,26.4268,20417.602167010322,-659.6383232550305,5.0,2.43,3.0,-17432.130040996042,17432.130040996042,3138.0483456800653,15.0,116.83198947648592,14308.219178082192,0,1,0,0,0,0
6016,26.2509,20533.63254807088,-659.6383232550305,5.0,2.43,3.0,-17316.09965993548,17316.09965993548,3138.0483456800653,15.0,116.83198947648592,14308.219178082192,0,1,0,0,0,0
6017,36.3236,13889.293609419936,-659.6383232550305,5.0,2.43,3.0,-23960.438598586425,23960.438598586425,3138.0483456800653,15.0,116.83198947648592,14308.219178082192,0,1,0,0,0,0
6018,31.9993,16741.76761067166,-659.6383232550305,5.0,2.43,3.0,-21107.9645973347,21107.9645973347,3138.0483456800653,15.0,116.83198947648592,14308.219178082192,0,1,0,0,0,0
6019,32.249,16577.055921354884,-659.6383232550305,5.0,2.43,3.0,-21272.67628665148,21272.67628665148,3138.0483456800653,15.0,116.83198947648592,14308.219178082192,0,1,0,0,0,0
6020,21.8127,23461.239354341356,-659.6383232550305,5.0,2.43,3.0,-14388.492853665004,14388.492853665004,3138.0483456800653,15.0,116.83198947648592,14308.219178082192,0,1,0,0,0,0
6021,23.7375,22191.567509740074,-659.6383232550305,5.0,2.43,3.0,-15658.164698266288,15658.164698266288,3138.0483456800653,15.0,116.83198947648592,14308.219178082192,0,1,0,0,0,0
6022,19.3861,25061.917709552014,-659.6383232550305,5.0,2.43,3.0,-12787.814498454347,12787.814498454347,3138.0483456800653,15.0,116.83198947648592,14308.219178082192,0,1,0,0,0,0
6023,16.7859,26777.10927767974,-659.6383232550305,5.0,2.43,3.0,-11072.622930326617,11072.622930326617,3138.0483456800653,15.0,116.83198947648592,14308.219178082192,0,1,0,0,0,0
6024,17.9711,25995.305936957884,-659.6383232550305,5.0,2.43,3.0,-11854.426271048478,11854.426271048478,3138.0483456800653,15.0,116.83198947648592,14308.219178082192,0,1,0,0,0,0
6025,16.5642,26923.351093945384,-659.6383232550305,5.0,2.43,3.0,-10926.381114060976,10926.381114060976,3138.0483456800653,15.0,116.83198947648592,14308.219178082192,0,1,0,0,0,0
6026,15.7544,27457.526208117306,-659.6383232550305,5.0,2.43,3.0,-10392.205999889053,10392.205999889053,3138.0483456800653,15.0,116.83198947648592,14308.219178082192,0,1,0,0,0,0
6027,16.0916,27235.09616551571,-659.6383232550305,5.0,2.43,3.0,-10614.636042490649,10614.636042490649,3138.0483456800653,15.0,116.83198947648592,14308.219178082192,0,1,0,0,0,0
6028,19.3879,25060.730360570153,-659.6383232550305,5.0,2.43,3.0,-12789.001847436204,12789.001847436204,3138.0483456800653,15.0,116.83198947648592,14308.219178082192,0,1,0,0,0,0
6029,21.4524,23698.907042210143,-659.6383232550305,5.0,2.43,3.0,-14150.825165796217,14150.825165796217,3138.0483456800653,15.0,116.83198947648592,14308.219178082192,0,1,0,0,0,0
6030,22.1622,23230.695760363724,-659.6383232550305,5.0,2.43,3.0,-14619.036447642637,14619.036447642637,3138.0483456800653,15.0,116.83198947648592,14308.219178082192,0,1,0,0,0,0
6031,23.6785,22230.48617081212,-659.6383232550305,5.0,2.43,3.0,-15619.24603719424,15619.24603719424,3138.0483456800653,15.0,116.83198947648592,14308.219178082192,0,1,0,0,0,0
6032,29.3773,18471.33929424635,-659.6383232550305,5.0,2.43,3.0,-19378.39291376001,19378.39291376001,3138.0483456800653,15.0,116.83198947648592,14308.219178082192,0,1,0,0,0,0
6033,35.7355,14277.226907326214,-659.6383232550305,5.0,2.43,3.0,-23572.505300680143,23572.505300680143,3138.0483456800653,15.0,116.83198947648592,14308.219178082192,0,1,0,0,0,0
6034,39.6112,11720.6666578867,-659.6383232550305,5.0,2.43,3.0,-26129.065550119663,26129.065550119663,3138.0483456800653,15.0,116.83198947648592,14308.219178082192,0,1,0,0,0,0
6035,24.3588,21781.734219501726,-659.6383232550305,5.0,2.43,3.0,-16067.997988504636,16067.997988504636,3138.0483456800653,15.0,116.83198947648592,14308.219178082192,0,1,0,0,0,0
6036,34.8753,14844.647792990192,-659.6383232550305,5.0,2.43,3.0,-23005.08441501617,23005.08441501617,3138.0483456800653,15.0,116.83198947648592,14308.219178082192,0,1,0,0,0,0
6037,47.068,7442.910744269021,650.0,0,2.43,3.0,30594.199999999997,-30594.199999999997,15071.972825128516,0,556.8949724310688,14308.219178082192,1,0,0,0,0,0
6038,57.1342,13985.940744269026,650.0,0,2.43,3.0,37137.23,-37137.23,15071.972825128516,0,556.8949724310688,14308.219178082192,1,0,0,0,0,0
6039,51.7367,10477.565744269019,650.0,0,2.43,3.0,33628.854999999996,-33628.854999999996,15071.972825128516,0,556.8949724310688,14308.219178082192,1,0,0,0,0,0
6040,31.4569,17099.555437205192,-659.6383232550305,5.0,2.43,3.0,-20750.17677080117,20750.17677080117,3138.0483456800653,15.0,116.83198947648592,14308.219178082192,0,1,0,0,0,0
6041,32.7546,16243.542785117137,-659.6383232550305,5.0,2.43,3.0,-21606.189422889223,21606.189422889223,3138.0483456800653,15.0,116.83198947648592,14308.219178082192,0,1,0,0,0,0
6042,32.7327,16257.988864396422,-659.6383232550305,5.0,2.43,3.0,-21591.743343609938,21591.743343609938,3138.0483456800653,15.0,116.83198947648592,14308.219178082192,0,1,0,0,0,0
6043,36.0618,14061.986922448104,-659.6383232550305,5.0,2.43,3.0,-23787.74528555826,23787.74528555826,3138.0483456800653,15.0,116.83198947648592,14308.219178082192,0,1,0,0,0,0
6044,27.4736,19727.092770226955,-659.6383232550305,5.0,2.43,3.0,-18122.639437779406,18122.639437779406,3138.0483456800653,15.0,116.83198947648592,14308.219178082192,0,1,0,0,0,0
6045,20.2736,24476.488697663175,-659.6383232550305,5.0,2.43,3.0,-13373.243510343185,13373.243510343185,3138.0483456800653,15.0,116.83198947648592,14308.219178082192,0,1,0,0,0,0
6046,19.7658,24811.45303821208,-659.6383232550305,5.0,2.43,3.0,-13038.279169794281,13038.279169794281,3138.0483456800653,15.0,116.83198947648592,14308.219178082192,0,1,0,0,0,0
6047,18.762,25473.59798709548,-659.6383232550305,5.0,2.43,3.0,-12376.134220910883,12376.134220910883,3138.0483456800653,15.0,116.83198947648592,14308.219178082192,0,1,0,0,0,0
6048,19.0072,25311.854670233344,-659.6383232550305,5.0,2.43,3.0,-12537.877537773016,12537.877537773016,3138.0483456800653,15.0,116.83198947648592,14308.219178082192,0,1,0,0,0,0
6049,16.8648,26725.06381397492,-659.6383232550305,5.0,2.43,3.0,-11124.668394031438,11124.668394031438,3138.0483456800653,15.0,116.83198947648592,14308.219178082192,0,1,0,0,0,0
6050,16.3372,27073.088993324276,-659.6383232550305,5.0,2.43,3.0,-10776.643214682084,10776.643214682084,3138.0483456800653,15.0,116.83198947648592,14308.219178082192,0,1,0,0,0,0
6051,15.4864,27634.309278749657,-659.6383232550305,5.0,2.43,3.0,-10215.422929256705,10215.422929256705,3138.0483456800653,15.0,116.83198947648592,14308.219178082192,0,1,0,0,0,0
6052,16.4468,27000.792633095523,-659.6383232550305,5.0,2.43,3.0,-10848.939574910835,10848.939574910835,3138.0483456800653,15.0,116.83198947648592,14308.219178082192,0,1,0,0,0,0
6053,18.8924,25387.581149743026,-659.6383232550305,5.0,2.43,3.0,-12462.151058263338,12462.151058263338,3138.0483456800653,15.0,116.83198947648592,14308.219178082192,0,1,0,0,0,0
6054,19.5738,24938.103596277047,-659.6383232550305,5.0,2.43,3.0,-12911.628611729315,12911.628611729315,3138.0483456800653,15.0,116.83198947648592,14308.219178082192,0,1,0,0,0,0
6055,20.0035,24654.65700877436,-659.6383232550305,5.0,2.43,3.0,-13195.075199232002,13195.075199232002,3138.0483456800653,15.0,116.83198947648592,14308.219178082192,0,1,0,0,0,0
6056,22.7793,22823.632951083047,-659.6383232550305,5.0,2.43,3.0,-15026.099256923317,15026.099256923317,3138.0483456800653,15.0,116.83198947648592,14308.219178082192,0,1,0,0,0,0
6057,27.7562,19540.678980075085,-659.6383232550305,5.0,2.43,3.0,-18309.05322793128,18309.05322793128,3138.0483456800653,15.0,116.83198947648592,14308.219178082192,0,1,0,0,0,0
6058,25.1473,21261.609401615133,-659.6383232550305,5.0,2.43,3.0,-16588.12280639123,16588.12280639123,3138.0483456800653,15.0,116.83198947648592,14308.219178082192,0,1,0,0,0,0
6059,26.5662,20325.64858474857,-659.6383232550305,5.0,2.43,3.0,-17524.08362325779,17524.08362325779,3138.0483456800653,15.0,116.83198947648592,14308.219178082192,0,1,0,0,0,0
6060,30.5487,17698.638962385412,-659.6383232550305,5.0,2.43,3.0,-20151.093245620952,20151.093245620952,3138.0483456800653,15.0,116.83198947648592,14308.219178082192,0,1,0,0,0,0
6061,75.6992,26053.190744269024,650.0,0,2.43,3.0,49204.48,-49204.48,15071.972825128516,0,556.8949724310688,14308.219178082192,1,0,0,0,0,0
6062,42.8482,9585.417405510165,-659.6383232550305,5.0,2.43,3.0,-28264.3148024962,28264.3148024962,3138.0483456800653,15.0,116.83198947648592,14308.219178082192,0,1,0,0,0,0
6063,126.7708,59249.73074426902,650.0,0,2.43,3.0,82401.01999999999,-82401.01999999999,15071.972825128516,0,556.8949724310688,14308.219178082192,1,0,0,0,0,0
6064,34.2553,15253.623553408313,-659.6383232550305,5.0,2.43,3.0,-22596.108654598047,22596.108654598047,3138.0483456800653,15.0,116.83198947648592,14308.219178082192,0,1,0,0,0,0
6065,27.0156,20029.20712227776,-659.6383232550305,5.0,2.43,3.0,-17820.5250857286,17820.5250857286,3138.0483456800653,15.0,116.83198947648592,14308.219178082192,0,1,0,0,0,0
6066,44.3072,8623.00509188107,-659.6383232550305,5.0,2.43,3.0,-29226.72711612529,29226.72711612529,3138.0483456800653,15.0,116.83198947648592,14308.219178082192,0,1,0,0,0,0
6067,40.857,10898.889234775583,-659.6383232550305,5.0,2.43,3.0,-26950.84297323078,26950.84297323078,3138.0483456800653,15.0,116.83198947648592,14308.219178082192,0,1,0,0,0,0
6068,27.7469,19546.813616481355,-659.6383232550305,5.0,2.43,3.0,-18302.918591525005,18302.918591525005,3138.0483456800653,15.0,116.83198947648592,14308.219178082192,0,1,0,0,0,0
6069,23.9299,22064.653096345806,-659.6383232550305,5.0,2.43,3.0,-15785.079111660554,15785.079111660554,3138.0483456800653,15.0,116.83198947648592,14308.219178082192,0,1,0,0,0,0
6070,21.7576,23497.58542595271,-659.6383232550305,5.0,2.43,3.0,-14352.146782053653,14352.146782053653,3138.0483456800653,15.0,116.83198947648592,14308.219178082192,0,1,0,0,0,0
6071,21.0459,23967.050020613315,-659.6383232550305,5.0,2.43,3.0,-13882.682187393046,13882.682187393046,3138.0483456800653,15.0,116.83198947648592,14308.219178082192,0,1,0,0,0,0
6072,20.8632,24087.56594227201,-659.6383232550305,5.0,2.43,3.0,-13762.166265734351,13762.166265734351,3138.0483456800653,15.0,116.83198947648592,14308.219178082192,0,1,0,0,0,0
6073,18.5391,25620.631369349023,-659.6383232550305,5.0,2.43,3.0,-12229.100838657338,12229.100838657338,3138.0483456800653,15.0,116.83198947648592,14308.219178082192,0,1,0,0,0,0
6074,17.7524,26139.568838253756,-659.6383232550305,5.0,2.43,3.0,-11710.163369752605,11710.163369752605,3138.0483456800653,15.0,116.83198947648592,14308.219178082192,0,1,0,0,0,0
6075,18.4538,25676.898518322676,-659.6383232550305,5.0,2.43,3.0,-12172.833689683683,12172.833689683683,3138.0483456800653,15.0,116.83198947648592,14308.219178082192,0,1,0,0,0,0
6076,22.0932,23276.21080466832,-659.6383232550305,5.0,2.43,3.0,-14573.52140333804,14573.52140333804,3138.0483456800653,15.0,116.83198947648592,14308.219178082192,0,1,0,0,0,0
6077,24.0463,21987.87119551892,-659.6383232550305,5.0,2.43,3.0,-15861.86101248744,15861.86101248744,3138.0483456800653,15.0,116.83198947648592,14308.219178082192,0,1,0,0,0,0
6078,24.7013,21555.808093786876,-659.6383232550305,5.0,2.43,3.0,-16293.924114219486,16293.924114219486,3138.0483456800653,15.0,116.83198947648592,14308.219178082192,0,1,0,0,0,0
6079,23.7601,22176.65968363451,-659.6383232550305,5.0,2.43,3.0,-15673.072524371852,15673.072524371852,3138.0483456800653,15.0,116.83198947648592,14308.219178082192,0,1,0,0,0,0
6080,28.5348,19027.084581588715,-659.6383232550305,5.0,2.43,3.0,-18822.647626417645,18822.647626417645,3138.0483456800653,15.0,116.83198947648592,14308.219178082192,0,1,0,0,0,0
6081,34.2846,15234.296150536942,-659.6383232550305,5.0,2.43,3.0,-22615.43605746942,22615.43605746942,3138.0483456800653,15.0,116.83198947648592,14308.219178082192,0,1,0,0,0,0
6082,29.4594,18417.182987907116,-659.6383232550305,5.0,2.43,3.0,-19432.549220099245,19432.549220099245,3138.0483456800653,15.0,116.83198947648592,14308.219178082192,0,1,0,0,0,0
6083,61.5674,16867.52074426902,650.0,0,2.43,3.0,40018.81,-40018.81,15071.972825128516,0,556.8949724310688,14308.219178082192,1,0,0,0,0,0
6084,53.0633,11339.85574426902,650.0,0,2.43,3.0,34491.145,-34491.145,15071.972825128516,0,556.8949724310688,14308.219178082192,1,0,0,0,0,0
6085,113.9741,50931.87574426904,650.0,0,2.43,3.0,74083.16500000001,-74083.16500000001,15071.972825128516,0,556.8949724310688,14308.219178082192,1,0,0,0,0,0
6086,143.3178,70005.28074426904,650.0,0,2.43,3.0,93156.57,-93156.57,15071.972825128516,0,556.8949724310688,14308.219178082192,1,0,0,0,0,0
6087,119.0227,54213.46574426904,650.0,0,2.43,3.0,77364.755,-77364.755,15071.972825128516,0,556.8949724310688,14308.219178082192,1,0,0,0,0,0
6088,129.1385,60788.735744269026,650.0,0,2.43,3.0,83940.025,-83940.025,15071.972825128516,0,556.8949724310688,14308.219178082192,1,0,0,0,0,0
6089,60.857,16405.760744269024,650.0,0,2.43,3.0,39557.05,-39557.05,15071.972825128516,0,556.8949724310688,14308.219178082192,1,0,0,0,0,0
6090,50.7715,9850.185744269022,650.0,0,2.43,3.0,33001.475,-33001.475,15071.972825128516,0,556.8949724310688,14308.219178082192,1,0,0,0,0,0
6091,43.1339,9396.9587365562,-659.6383232550305,5.0,2.43,3.0,-28452.77347145016,28452.77347145016,3138.0483456800653,15.0,116.83198947648592,14308.219178082192,0,1,0,0,0,0
6092,34.1602,15316.355157949867,-659.6383232550305,5.0,2.43,3.0,-22533.377050056497,22533.377050056497,3138.0483456800653,15.0,116.83198947648592,14308.219178082192,0,1,0,0,0,0
6093,26.0329,20677.43370254048,-659.6383232550305,5.0,2.43,3.0,-17172.298505465886,17172.298505465886,3138.0483456800653,15.0,116.83198947648592,14308.219178082192,0,1,0,0,0,0
6094,24.727,21538.855388879223,-659.6383232550305,5.0,2.43,3.0,-16310.87681912714,16310.87681912714,3138.0483456800653,15.0,116.83198947648592,14308.219178082192,0,1,0,0,0,0
6095,21.1143,23921.930759302668,-659.6383232550305,5.0,2.43,3.0,-13927.80144870369,13927.80144870369,3138.0483456800653,15.0,116.83198947648592,14308.219178082192,0,1,0,0,0,0
6096,21.0621,23956.36387977658,-659.6383232550305,5.0,2.43,3.0,-13893.368328229779,13893.368328229779,3138.0483456800653,15.0,116.83198947648592,14308.219178082192,0,1,0,0,0,0
6097,18.7934,25452.88534374527,-659.6383232550305,5.0,2.43,3.0,-12396.84686426109,12396.84686426109,3138.0483456800653,15.0,116.83198947648592,14308.219178082192,0,1,0,0,0,0
6098,18.348,25746.688252923064,-659.6383232550305,5.0,2.43,3.0,-12103.0439550833,12103.0439550833,3138.0483456800653,15.0,116.83198947648592,14308.219178082192,0,1,0,0,0,0
6099,18.9487,25350.443512143764,-659.6383232550305,5.0,2.43,3.0,-12499.288695862595,12499.288695862595,3138.0483456800653,15.0,116.83198947648592,14308.219178082192,0,1,0,0,0,0
6100,20.5276,24308.940563556396,-659.6383232550305,5.0,2.43,3.0,-13540.791644449964,13540.791644449964,3138.0483456800653,15.0,116.83198947648592,14308.219178082192,0,1,0,0,0,0
6101,32.1911,16615.24898027135,-659.6383232550305,5.0,2.43,3.0,-21234.48322773501,21234.48322773501,3138.0483456800653,15.0,116.83198947648592,14308.219178082192,0,1,0,0,0,0
6102,23.5039,22345.659022052445,-659.6383232550305,5.0,2.43,3.0,-15504.073185953912,15504.073185953912,3138.0483456800653,15.0,116.83198947648592,14308.219178082192,0,1,0,0,0,0
6103,26.4071,20430.597041978443,-659.6383232550305,5.0,2.43,3.0,-17419.135166027918,17419.135166027918,3138.0483456800653,15.0,116.83198947648592,14308.219178082192,0,1,0,0,0,0
6104,29.0763,18669.890429546118,-659.6383232550305,5.0,2.43,3.0,-19179.841778460242,19179.841778460242,3138.0483456800653,15.0,116.83198947648592,14308.219178082192,0,1,0,0,0,0
6105,38.4112,12512.232645792734,-659.6383232550305,5.0,2.43,3.0,-25337.49956221363,25337.49956221363,3138.0483456800653,15.0,116.83198947648592,14308.219178082192,0,1,0,0,0,0
6106,34.4324,15136.801606359848,-659.6383232550305,5.0,2.43,3.0,-22712.930601646513,22712.930601646513,3138.0483456800653,15.0,116.83198947648592,14308.219178082192,0,1,0,0,0,0
6107,34.0838,15366.751525846554,-659.6383232550305,5.0,2.43,3.0,-22482.980682159807,22482.980682159807,3138.0483456800653,15.0,116.83198947648592,14308.219178082192,0,1,0,0,0,0
6108,56.6598,13677.580744269018,650.0,0,2.43,3.0,36828.869999999995,-36828.869999999995,15071.972825128516,0,556.8949724310688,14308.219178082192,1,0,0,0,0,0
6109,67.966,21026.610744269015,650.0,0,2.43,3.0,44177.899999999994,-44177.899999999994,15071.972825128516,0,556.8949724310688,14308.219178082192,1,0,0,0,0,0
6110,152.5531,76008.22574426903,650.0,0,2.43,3.0,99159.515,-99159.515,15071.972825128516,0,556.8949724310688,14308.219178082192,1,0,0,0,0,0
6111,224.419,122721.06074426904,650.0,0,2.43,3.0,145872.35,-145872.35,15071.972825128516,0,556.8949724310688,14308.219178082192,1,0,0,0,0,0
6112,47.965,8025.960744269028,650.0,0,2.43,3.0,31177.250000000004,-31177.250000000004,15071.972825128516,0,556.8949724310688,14308.219178082192,1,0,0,0,0,0
6113,34.8581,14855.993572150182,-659.6383232550305,5.0,2.43,3.0,-22993.738635856178,22993.738635856178,3138.0483456800653,15.0,116.83198947648592,14308.219178082192,0,1,0,0,0,0
6114,27.8876,19454.00250439937,-659.6383232550305,5.0,2.43,3.0,-18395.729703606987,18395.729703606987,3138.0483456800653,15.0,116.83198947648592,14308.219178082192,0,1,0,0,0,0
6115,32.6255,16328.70209264936,-659.6383232550305,5.0,2.43,3.0,-21521.030115357,21521.030115357,3138.0483456800653,15.0,116.83198947648592,14308.219178082192,0,1,0,0,0,0
6116,26.732,20216.280550752886,-659.6383232550305,5.0,2.43,3.0,-17633.451657253474,17633.451657253474,3138.0483456800653,15.0,116.83198947648592,14308.219178082192,0,1,0,0,0,0
6117,26.7036,20235.014279133327,-659.6383232550305,5.0,2.43,3.0,-17614.717928873033,17614.717928873033,3138.0483456800653,15.0,116.83198947648592,14308.219178082192,0,1,0,0,0,0
6118,23.9183,22072.304900895564,-659.6383232550305,5.0,2.43,3.0,-15777.427307110795,15777.427307110795,3138.0483456800653,15.0,116.83198947648592,14308.219178082192,0,1,0,0,0,0
6119,22.6184,22929.768757294776,-659.6383232550305,5.0,2.43,3.0,-14919.963450711582,14919.963450711582,3138.0483456800653,15.0,116.83198947648592,14308.219178082192,0,1,0,0,0,0
6120,20.8948,24066.72137125715,-659.6383232550305,5.0,2.43,3.0,-13783.010836749212,13783.010836749212,3138.0483456800653,15.0,116.83198947648592,14308.219178082192,0,1,0,0,0,0
6121,18.7884,25456.183535361546,-659.6383232550305,5.0,2.43,3.0,-12393.548672644814,12393.548672644814,3138.0483456800653,15.0,116.83198947648592,14308.219178082192,0,1,0,0,0,0
6122,18.2748,25794.973778185333,-659.6383232550305,5.0,2.43,3.0,-12054.758429821031,12054.758429821031,3138.0483456800653,15.0,116.83198947648592,14308.219178082192,0,1,0,0,0,0
6123,19.4102,25046.020425961568,-659.6383232550305,5.0,2.43,3.0,-12803.711782044793,12803.711782044793,3138.0483456800653,15.0,116.83198947648592,14308.219178082192,0,1,0,0,0,0
6124,21.1969,23867.444633801802,-659.6383232550305,5.0,2.43,3.0,-13982.287574204556,13982.287574204556,3138.0483456800653,15.0,116.83198947648592,14308.219178082192,0,1,0,0,0,0
6125,29.5718,18343.03964037325,-659.6383232550305,5.0,2.43,3.0,-19506.692567633112,19506.692567633112,3138.0483456800653,15.0,116.83198947648592,14308.219178082192,0,1,0,0,0,0
6126,23.5782,22296.647894634603,-659.6383232550305,5.0,2.43,3.0,-15553.084313371759,15553.084313371759,3138.0483456800653,15.0,116.83198947648592,14308.219178082192,0,1,0,0,0,0
6127,22.6327,22920.33592927223,-659.6383232550305,5.0,2.43,3.0,-14929.39627873413,14929.39627873413,3138.0483456800653,15.0,116.83198947648592,14308.219178082192,0,1,0,0,0,0
6128,24.4337,21732.32730908992,-659.6383232550305,5.0,2.43,3.0,-16117.40489891644,16117.40489891644,3138.0483456800653,15.0,116.83198947648592,14308.219178082192,0,1,0,0,0,0
6129,28.0008,19379.3314462069,-659.6383232550305,5.0,2.43,3.0,-18470.40076179946,18470.40076179946,3138.0483456800653,15.0,116.83198947648592,14308.219178082192,0,1,0,0,0,0
6130,31.5503,17037.945217813172,-659.6383232550305,5.0,2.43,3.0,-20811.786990193188,20811.786990193188,3138.0483456800653,15.0,116.83198947648592,14308.219178082192,0,1,0,0,0,0
6131,22.2826,23151.27530624382,-659.6383232550305,5.0,2.43,3.0,-14698.456901762542,14698.456901762542,3138.0483456800653,15.0,116.83198947648592,14308.219178082192,0,1,0,0,0,0
6132,25.467,21050.7230296705,-659.6383232550305,5.0,2.43,3.0,-16799.009178335862,16799.009178335862,3138.0483456800653,15.0,116.83198947648592,14308.219178082192,0,1,0,0,0,0
6133,20.7131,24186.577654592587,-659.6383232550305,5.0,2.43,3.0,-13663.154553413773,13663.154553413773,3138.0483456800653,15.0,116.83198947648592,14308.219178082192,0,1,0,0,0,0
6134,21.781,23482.149889188542,-659.6383232550305,5.0,2.43,3.0,-14367.582318817818,14367.582318817818,3138.0483456800653,15.0,116.83198947648592,14308.219178082192,0,1,0,0,0,0
6135,22.4324,23052.461485420215,-659.6383232550305,5.0,2.43,3.0,-14797.270722586147,14797.270722586147,3138.0483456800653,15.0,116.83198947648592,14308.219178082192,0,1,0,0,0,0
6136,22.631,22921.457314421765,-659.6383232550305,5.0,2.43,3.0,-14928.274893584596,14928.274893584596,3138.0483456800653,15.0,116.83198947648592,14308.219178082192,0,1,0,0,0,0
6137,23.5213,22334.181315227812,-659.6383232550305,5.0,2.43,3.0,-15515.550892778549,15515.550892778549,3138.0483456800653,15.0,116.83198947648592,14308.219178082192,0,1,0,0,0,0
6138,21.696,23538.219146665215,-659.6383232550305,5.0,2.43,3.0,-14311.513061341144,14311.513061341144,3138.0483456800653,15.0,116.83198947648592,14308.219178082192,0,1,0,0,0,0
6139,21.9358,23380.03787674866,-659.6383232550305,5.0,2.43,3.0,-14469.694331257699,14469.694331257699,3138.0483456800653,15.0,116.83198947648592,14308.219178082192,0,1,0,0,0,0
6140,19.7882,24796.677139771164,-659.6383232550305,5.0,2.43,3.0,-13053.055068235195,13053.055068235195,3138.0483456800653,15.0,116.83198947648592,14308.219178082192,0,1,0,0,0,0
6141,19.8973,24724.71059870404,-659.6383232550305,5.0,2.43,3.0,-13125.02160930232,13125.02160930232,3138.0483456800653,15.0,116.83198947648592,14308.219178082192,0,1,0,0,0,0
6142,18.459,25673.468399041754,-659.6383232550305,5.0,2.43,3.0,-12176.263808964608,12176.263808964608,3138.0483456800653,15.0,116.83198947648592,14308.219178082192,0,1,0,0,0,0
6143,19.6379,24895.820779756395,-659.6383232550305,5.0,2.43,3.0,-12953.911428249963,12953.911428249963,3138.0483456800653,15.0,116.83198947648592,14308.219178082192,0,1,0,0,0,0
6144,20.1449,24561.3841498661,-659.6383232550305,5.0,2.43,3.0,-13288.348058140264,13288.348058140264,3138.0483456800653,15.0,116.83198947648592,14308.219178082192,0,1,0,0,0,0
6145,17.3989,26372.75098552441,-659.6383232550305,5.0,2.43,3.0,-11476.98122248195,11476.98122248195,3138.0483456800653,15.0,116.83198947648592,14308.219178082192,0,1,0,0,0,0
6146,16.9013,26700.987015176113,-659.6383232550305,5.0,2.43,3.0,-11148.745192830247,11148.745192830247,3138.0483456800653,15.0,116.83198947648592,14308.219178082192,0,1,0,0,0,0
6147,17.3163,26427.23711102528,-659.6383232550305,5.0,2.43,3.0,-11422.495096981083,11422.495096981083,3138.0483456800653,15.0,116.83198947648592,14308.219178082192,0,1,0,0,0,0
6148,17.4229,26356.91966576629,-659.6383232550305,5.0,2.43,3.0,-11492.81254224007,11492.81254224007,3138.0483456800653,15.0,116.83198947648592,14308.219178082192,0,1,0,0,0,0
6149,18.908,25377.290791900243,-659.6383232550305,5.0,2.43,3.0,-12472.441416106118,12472.441416106118,3138.0483456800653,15.0,116.83198947648592,14308.219178082192,0,1,0,0,0,0
6150,18.6186,25568.19012265025,-659.6383232550305,5.0,2.43,3.0,-12281.542085356112,12281.542085356112,3138.0483456800653,15.0,116.83198947648592,14308.219178082192,0,1,0,0,0,0
6151,20.1643,24548.58716639495,-659.6383232550305,5.0,2.43,3.0,-13301.145041611413,13301.145041611413,3138.0483456800653,15.0,116.83198947648592,14308.219178082192,0,1,0,0,0,0
6152,22.8139,22800.80946509842,-659.6383232550305,5.0,2.43,3.0,-15048.92274290794,15048.92274290794,3138.0483456800653,15.0,116.83198947648592,14308.219178082192,0,1,0,0,0,0
6153,21.3626,23758.142563638445,-659.6383232550305,5.0,2.43,3.0,-14091.589644367916,14091.589644367916,3138.0483456800653,15.0,116.83198947648592,14308.219178082192,0,1,0,0,0,0
6154,23.5702,22301.92500122064,-659.6383232550305,5.0,2.43,3.0,-15547.80720678572,15547.80720678572,3138.0483456800653,15.0,116.83198947648592,14308.219178082192,0,1,0,0,0,0
6155,24.5529,21653.698420957924,-659.6383232550305,5.0,2.43,3.0,-16196.03378704844,16196.03378704844,3138.0483456800653,15.0,116.83198947648592,14308.219178082192,0,1,0,0,0,0
6156,25.6116,20955.339328127822,-659.6383232550305,5.0,2.43,3.0,-16894.39287987854,16894.39287987854,3138.0483456800653,15.0,116.83198947648592,14308.219178082192,0,1,0,0,0,0
6157,24.2696,21840.573957936074,-659.6383232550305,5.0,2.43,3.0,-16009.15825007029,16009.15825007029,3138.0483456800653,15.0,116.83198947648592,14308.219178082192,0,1,0,0,0,0
6158,35.3423,14536.596696030098,-659.6383232550305,5.0,2.43,3.0,-23313.135511976267,23313.135511976267,3138.0483456800653,15.0,116.83198947648592,14308.219178082192,0,1,0,0,0,0
6159,23.6016,22281.21235787043,-659.6383232550305,5.0,2.43,3.0,-15568.519850135928,15568.519850135928,3138.0483456800653,15.0,116.83198947648592,14308.219178082192,0,1,0,0,0,0
6160,26.8058,20167.599242496664,-659.6383232550305,5.0,2.43,3.0,-17682.132965509696,17682.132965509696,3138.0483456800653,15.0,116.83198947648592,14308.219178082192,0,1,0,0,0,0
6161,25.7625,20855.799905148637,-659.6383232550305,5.0,2.43,3.0,-16993.932302857724,16993.932302857724,3138.0483456800653,15.0,116.83198947648592,14308.219178082192,0,1,0,0,0,0
6162,24.9509,21391.16236830242,-659.6383232550305,5.0,2.43,3.0,-16458.56983970394,16458.56983970394,3138.0483456800653,15.0,116.83198947648592,14308.219178082192,0,1,0,0,0,0
6163,22.3649,23096.98707223993,-659.6383232550305,5.0,2.43,3.0,-14752.74513576643,14752.74513576643,3138.0483456800653,15.0,116.83198947648592,14308.219178082192,0,1,0,0,0,0
6164,21.8981,23404.906241535376,-659.6383232550305,5.0,2.43,3.0,-14444.825966470984,14444.825966470984,3138.0483456800653,15.0,116.83198947648592,14308.219178082192,0,1,0,0,0,0
6165,22.3371,23115.32501762642,-659.6383232550305,5.0,2.43,3.0,-14734.407190379941,14734.407190379941,3138.0483456800653,15.0,116.83198947648592,14308.219178082192,0,1,0,0,0,0
6166,20.2842,24469.49653143667,-659.6383232550305,5.0,2.43,3.0,-13380.23567656969,13380.23567656969,3138.0483456800653,15.0,116.83198947648592,14308.219178082192,0,1,0,0,0,0
6167,17.2578,26465.825952935695,-659.6383232550305,5.0,2.43,3.0,-11383.906255070666,11383.906255070666,3138.0483456800653,15.0,116.83198947648592,14308.219178082192,0,1,0,0,0,0
6168,16.7332,26811.872217315286,-659.6383232550305,5.0,2.43,3.0,-11037.859990691077,11037.859990691077,3138.0483456800653,15.0,116.83198947648592,14308.219178082192,0,1,0,0,0,0
6169,15.3482,27725.4712950235,-659.6383232550305,5.0,2.43,3.0,-10124.26091298286,10124.26091298286,3138.0483456800653,15.0,116.83198947648592,14308.219178082192,0,1,0,0,0,0
6170,14.9784,27969.40554696321,-659.6383232550305,5.0,2.43,3.0,-9880.32666104315,9880.32666104315,3138.0483456800653,15.0,116.83198947648592,14308.219178082192,0,1,0,0,0,0
6171,14.7806,28099.88200730306,-659.6383232550305,5.0,2.43,3.0,-9749.850200703304,9749.850200703304,3138.0483456800653,15.0,116.83198947648592,14308.219178082192,0,1,0,0,0,0
6172,15.0092,27949.088686606956,-659.6383232550305,5.0,2.43,3.0,-9900.643521399405,9900.643521399405,3138.0483456800653,15.0,116.83198947648592,14308.219178082192,0,1,0,0,0,0
6173,14.9533,27985.96246887691,-659.6383232550305,5.0,2.43,3.0,-9863.769739129448,9863.769739129448,3138.0483456800653,15.0,116.83198947648592,14308.219178082192,0,1,0,0,0,0
6174,14.0845,28559.056244120882,-659.6383232550305,5.0,2.43,3.0,-9290.675963885478,9290.675963885478,3138.0483456800653,15.0,116.83198947648592,14308.219178082192,0,1,0,0,0,0
6175,15.8822,27373.224430405317,-659.6383232550305,5.0,2.43,3.0,-10476.507777601046,10476.507777601046,3138.0483456800653,15.0,116.83198947648592,14308.219178082192,0,1,0,0,0,0
6176,18.9043,25379.731453696288,-659.6383232550305,5.0,2.43,3.0,-12470.000754310073,12470.000754310073,3138.0483456800653,15.0,116.83198947648592,14308.219178082192,0,1,0,0,0,0
6177,20.7741,24146.33971687403,-659.6383232550305,5.0,2.43,3.0,-13703.39249113233,13703.39249113233,3138.0483456800653,15.0,116.83198947648592,14308.219178082192,0,1,0,0,0,0
6178,19.8308,24768.5765472005,-659.6383232550305,5.0,2.43,3.0,-13081.15566080586,13081.15566080586,3138.0483456800653,15.0,116.83198947648592,14308.219178082192,0,1,0,0,0,0
6179,23.0528,22643.221869672794,-659.6383232550305,5.0,2.43,3.0,-15206.510338333568,15206.510338333568,3138.0483456800653,15.0,116.83198947648592,14308.219178082192,0,1,0,0,0,0
6180,24.041,21991.36727863217,-659.6383232550305,5.0,2.43,3.0,-15858.36492937419,15858.36492937419,3138.0483456800653,15.0,116.83198947648592,14308.219178082192,0,1,0,0,0,0
6181,37.3388,13219.628783651431,-659.6383232550305,5.0,2.43,3.0,-24630.103424354933,24630.103424354933,3138.0483456800653,15.0,116.83198947648592,14308.219178082192,0,1,0,0,0,0
6182,27.3506,19808.228283987322,-659.6383232550305,5.0,2.43,3.0,-18041.503924019038,18041.503924019038,3138.0483456800653,15.0,116.83198947648592,14308.219178082192,0,1,0,0,0,0
6183,51.0512,10031.990744269022,650.0,0,2.43,3.0,33183.28,-33183.28,15071.972825128516,0,556.8949724310688,14308.219178082192,1,0,0,0,0,0
6184,79.9715,28830.185744269034,650.0,0,2.43,3.0,51981.475000000006,-51981.475000000006,15071.972825128516,0,556.8949724310688,14308.219178082192,1,0,0,0,0,0
6185,39.7737,11613.475430357754,-659.6383232550305,5.0,2.43,3.0,-26236.256777648607,26236.256777648607,3138.0483456800653,15.0,116.83198947648592,14308.219178082192,0,1,0,0,0,0
6186,61.5805,16876.03574426902,650.0,0,2.43,3.0,40027.325,-40027.325,15071.972825128516,0,556.8949724310688,14308.219178082192,1,0,0,0,0,0
6187,64.0507,18481.665744269023,650.0,0,2.43,3.0,41632.955,-41632.955,15071.972825128516,0,556.8949724310688,14308.219178082192,1,0,0,0,0,0
6188,25.4803,21041.949839971207,-659.6383232550305,5.0,2.43,3.0,-16807.782368035154,16807.782368035154,3138.0483456800653,15.0,116.83198947648592,14308.219178082192,0,1,0,0,0,0
6189,20.7467,24164.413806931218,-659.6383232550305,5.0,2.43,3.0,-13685.318401075141,13685.318401075141,3138.0483456800653,15.0,116.83198947648592,14308.219178082192,0,1,0,0,0,0
6190,18.4865,25655.32834515224,-659.6383232550305,5.0,2.43,3.0,-12194.403862854122,12194.403862854122,3138.0483456800653,15.0,116.83198947648592,14308.219178082192,0,1,0,0,0,0
6191,18.2001,25844.24876093248,-659.6383232550305,5.0,2.43,3.0,-12005.48344707388,12005.48344707388,3138.0483456800653,15.0,116.83198947648592,14308.219178082192,0,1,0,0,0,0
6192,18.9907,25322.738702567054,-659.6383232550305,5.0,2.43,3.0,-12526.993505439308,12526.993505439308,3138.0483456800653,15.0,116.83198947648592,14308.219178082192,0,1,0,0,0,0
6193,17.0943,26573.67681878789,-659.6383232550305,5.0,2.43,3.0,-11276.055389218469,11276.055389218469,3138.0483456800653,15.0,116.83198947648592,14308.219178082192,0,1,0,0,0,0
6194,16.1872,27172.03474181253,-659.6383232550305,5.0,2.43,3.0,-10677.697466193831,10677.697466193831,3138.0483456800653,15.0,116.83198947648592,14308.219178082192,0,1,0,0,0,0
6195,16.1439,27200.597081209475,-659.6383232550305,5.0,2.43,3.0,-10649.135126796886,10649.135126796886,3138.0483456800653,15.0,116.83198947648592,14308.219178082192,0,1,0,0,0,0
6196,18.2131,25835.673462730163,-659.6383232550305,5.0,2.43,3.0,-12014.058745276197,12014.058745276197,3138.0483456800653,15.0,116.83198947648592,14308.219178082192,0,1,0,0,0,0
6197,22.1057,23267.965325627636,-659.6383232550305,5.0,2.43,3.0,-14581.766882378728,14581.766882378728,3138.0483456800653,15.0,116.83198947648592,14308.219178082192,0,1,0,0,0,0
6198,20.574,24278.33334535736,-659.6383232550305,5.0,2.43,3.0,-13571.398862648999,13571.398862648999,3138.0483456800653,15.0,116.83198947648592,14308.219178082192,0,1,0,0,0,0
6199,22.2836,23150.61566792056,-659.6383232550305,5.0,2.43,3.0,-14699.116540085797,14699.116540085797,3138.0483456800653,15.0,116.83198947648592,14308.219178082192,0,1,0,0,0,0
6200,24.2125,21878.239306193936,-659.6383232550305,5.0,2.43,3.0,-15971.492901812426,15971.492901812426,3138.0483456800653,15.0,116.83198947648592,14308.219178082192,0,1,0,0,0,0
6201,26.5935,20307.640458523707,-659.6383232550305,5.0,2.43,3.0,-17542.091749482654,17542.091749482654,3138.0483456800653,15.0,116.83198947648592,14308.219178082192,0,1,0,0,0,0
6202,25.5729,20980.86733123779,-659.6383232550305,5.0,2.43,3.0,-16868.86487676857,16868.86487676857,3138.0483456800653,15.0,116.83198947648592,14308.219178082192,0,1,0,0,0,0
6203,30.086,18003.853614555515,-659.6383232550305,5.0,2.43,3.0,-19845.87859345085,19845.87859345085,3138.0483456800653,15.0,116.83198947648592,14308.219178082192,0,1,0,0,0,0
6204,30.202,17927.335569057926,-659.6383232550305,5.0,2.43,3.0,-19922.396638948434,19922.396638948434,3138.0483456800653,15.0,116.83198947648592,14308.219178082192,0,1,0,0,0,0
6205,31.4571,17099.423509540542,-659.6383232550305,5.0,2.43,3.0,-20750.308698465822,20750.308698465822,3138.0483456800653,15.0,116.83198947648592,14308.219178082192,0,1,0,0,0,0
6206,44.8794,8245.560043314548,-659.6383232550305,5.0,2.43,3.0,-29604.172164691816,29604.172164691816,3138.0483456800653,15.0,116.83198947648592,14308.219178082192,0,1,0,0,0,0
6207,88.3158,34253.98074426902,650.0,0,2.43,3.0,57405.27,-57405.27,15071.972825128516,0,556.8949724310688,14308.219178082192,1,0,0,0,0,0
6208,41.8857,10220.319291643129,-659.6383232550305,5.0,2.43,3.0,-27629.41291636323,27629.41291636323,3138.0483456800653,15.0,116.83198947648592,14308.219178082192,0,1,0,0,0,0
6209,29.3902,18462.829959876362,-659.6383232550305,5.0,2.43,3.0,-19386.902248129998,19386.902248129998,3138.0483456800653,15.0,116.83198947648592,14308.219178082192,0,1,0,0,0,0
6210,28.904,18783.546112642958,-659.6383232550305,5.0,2.43,3.0,-19066.186095363402,19066.186095363402,3138.0483456800653,15.0,116.83198947648592,14308.219178082192,0,1,0,0,0,0
6211,28.4285,19097.204135350727,-659.6383232550305,5.0,2.43,3.0,-18752.528072655634,18752.528072655634,3138.0483456800653,15.0,116.83198947648592,14308.219178082192,0,1,0,0,0,0
6212,24.7265,21539.18520804085,-659.6383232550305,5.0,2.43,3.0,-16310.546999965512,16310.546999965512,3138.0483456800653,15.0,116.83198947648592,14308.219178082192,0,1,0,0,0,0
6213,25.4587,21056.198027753515,-659.6383232550305,5.0,2.43,3.0,-16793.534180252846,16793.534180252846,3138.0483456800653,15.0,116.83198947648592,14308.219178082192,0,1,0,0,0,0
6214,20.5441,24298.05653122269,-659.6383232550305,5.0,2.43,3.0,-13551.675676783672,13551.675676783672,3138.0483456800653,15.0,116.83198947648592,14308.219178082192,0,1,0,0,0,0
6215,19.2505,25151.364666185396,-659.6383232550305,5.0,2.43,3.0,-12698.367541820964,12698.367541820964,3138.0483456800653,15.0,116.83198947648592,14308.219178082192,0,1,0,0,0,0
6216,20.3697,24413.097454798364,-659.6383232550305,5.0,2.43,3.0,-13436.634753207996,13436.634753207996,3138.0483456800653,15.0,116.83198947648592,14308.219178082192,0,1,0,0,0,0
6217,18.845,25418.84800626531,-659.6383232550305,5.0,2.43,3.0,-12430.88420174105,12430.88420174105,3138.0483456800653,15.0,116.83198947648592,14308.219178082192,0,1,0,0,0,0
6218,18.3838,25723.07320095053,-659.6383232550305,5.0,2.43,3.0,-12126.65900705583,12126.65900705583,3138.0483456800653,15.0,116.83198947648592,14308.219178082192,0,1,0,0,0,0
6219,18.9148,25372.80525130211,-659.6383232550305,5.0,2.43,3.0,-12476.92695670425,12476.92695670425,3138.0483456800653,15.0,116.83198947648592,14308.219178082192,0,1,0,0,0,0
6220,20.8444,24099.967142749203,-659.6383232550305,5.0,2.43,3.0,-13749.765065257157,13749.765065257157,3138.0483456800653,15.0,116.83198947648592,14308.219178082192,0,1,0,0,0,0
6221,24.444,21725.533034360393,-659.6383232550305,5.0,2.43,3.0,-16124.199173645966,16124.199173645966,3138.0483456800653,15.0,116.83198947648592,14308.219178082192,0,1,0,0,0,0
6222,24.0896,21959.308856121977,-659.6383232550305,5.0,2.43,3.0,-15890.423351884383,15890.423351884383,3138.0483456800653,15.0,116.83198947648592,14308.219178082192,0,1,0,0,0,0
6223,23.1968,22548.23395112407,-659.6383232550305,5.0,2.43,3.0,-15301.498256882292,15301.498256882292,3138.0483456800653,15.0,116.83198947648592,14308.219178082192,0,1,0,0,0,0
6224,23.4423,22386.29274276496,-659.6383232550305,5.0,2.43,3.0,-15463.439465241401,15463.439465241401,3138.0483456800653,15.0,116.83198947648592,14308.219178082192,0,1,0,0,0,0
6225,24.4708,21707.85472729716,-659.6383232550305,5.0,2.43,3.0,-16141.877480709201,16141.877480709201,3138.0483456800653,15.0,116.83198947648592,14308.219178082192,0,1,0,0,0,0
6226,36.2108,13963.700812283103,-659.6383232550305,5.0,2.43,3.0,-23886.031395723257,23886.031395723257,3138.0483456800653,15.0,116.83198947648592,14308.219178082192,0,1,0,0,0,0
6227,26.8847,20115.553778791844,-659.6383232550305,5.0,2.43,3.0,-17734.178429214517,17734.178429214517,3138.0483456800653,15.0,116.83198947648592,14308.219178082192,0,1,0,0,0,0
6228,31.0038,17398.43756147205,-659.6383232550305,5.0,2.43,3.0,-20451.294646534316,20451.294646534316,3138.0483456800653,15.0,116.83198947648592,14308.219178082192,0,1,0,0,0,0
6229,31.3719,17155.62469468187,-659.6383232550305,5.0,2.43,3.0,-20694.107513324492,20694.107513324492,3138.0483456800653,15.0,116.83198947648592,14308.219178082192,0,1,0,0,0,0
6230,31.6111,16997.839207759265,-659.6383232550305,5.0,2.43,3.0,-20851.893000247095,20851.893000247095,3138.0483456800653,15.0,116.83198947648592,14308.219178082192,0,1,0,0,0,0
6231,29.8285,18173.710482793686,-659.6383232550305,5.0,2.43,3.0,-19676.021725212675,19676.021725212675,3138.0483456800653,15.0,116.83198947648592,14308.219178082192,0,1,0,0,0,0
6232,27.5594,19670.495802091675,-659.6383232550305,5.0,2.43,3.0,-18179.23640591469,18179.23640591469,3138.0483456800653,15.0,116.83198947648592,14308.219178082192,0,1,0,0,0,0
6233,24.6998,21556.79755127176,-659.6383232550305,5.0,2.43,3.0,-16292.934656734602,16292.934656734602,3138.0483456800653,15.0,116.83198947648592,14308.219178082192,0,1,0,0,0,0
6234,23.775,22166.83107261801,-659.6383232550305,5.0,2.43,3.0,-15682.901135388349,15682.901135388349,3138.0483456800653,15.0,116.83198947648592,14308.219178082192,0,1,0,0,0,0
6235,22.9432,22715.518229901543,-659.6383232550305,5.0,2.43,3.0,-15134.213978104817,15134.213978104817,3138.0483456800653,15.0,116.83198947648592,14308.219178082192,0,1,0,0,0,0
6236,21.5865,23610.449543061644,-659.6383232550305,5.0,2.43,3.0,-14239.282664944716,14239.282664944716,3138.0483456800653,15.0,116.83198947648592,14308.219178082192,0,1,0,0,0,0
6237,20.3462,24428.59895539486,-659.6383232550305,5.0,2.43,3.0,-13421.133252611502,13421.133252611502,3138.0483456800653,15.0,116.83198947648592,14308.219178082192,0,1,0,0,0,0
6238,19.0339,25294.242327002437,-659.6383232550305,5.0,2.43,3.0,-12555.489881003925,12555.489881003925,3138.0483456800653,15.0,116.83198947648592,14308.219178082192,0,1,0,0,0,0
6239,17.728,26155.66401334118,-659.6383232550305,5.0,2.43,3.0,-11694.068194665182,11694.068194665182,3138.0483456800653,15.0,116.83198947648592,14308.219178082192,0,1,0,0,0,0
6240,16.7567,26796.370716718793,-659.6383232550305,5.0,2.43,3.0,-11053.36149128757,11053.36149128757,3138.0483456800653,15.0,116.83198947648592,14308.219178082192,0,1,0,0,0,0
6241,15.465,27648.425538867312,-659.6383232550305,5.0,2.43,3.0,-10201.306669139047,10201.306669139047,3138.0483456800653,15.0,116.83198947648592,14308.219178082192,0,1,0,0,0,0
6242,15.1003,27888.99563535842,-659.6383232550305,5.0,2.43,3.0,-9960.736572647938,9960.736572647938,3138.0483456800653,15.0,116.83198947648592,14308.219178082192,0,1,0,0,0,0
6243,15.1232,27873.889917755885,-659.6383232550305,5.0,2.43,3.0,-9975.842290250477,9975.842290250477,3138.0483456800653,15.0,116.83198947648592,14308.219178082192,0,1,0,0,0,0
6244,16.7611,26793.468308096468,-659.6383232550305,5.0,2.43,3.0,-11056.26389990989,11056.26389990989,3138.0483456800653,15.0,116.83198947648592,14308.219178082192,0,1,0,0,0,0
6245,18.6476,25549.060611275854,-659.6383232550305,5.0,2.43,3.0,-12300.671596730508,12300.671596730508,3138.0483456800653,15.0,116.83198947648592,14308.219178082192,0,1,0,0,0,0
6246,18.5956,25583.361804085114,-659.6383232550305,5.0,2.43,3.0,-12266.370403921246,12266.370403921246,3138.0483456800653,15.0,116.83198947648592,14308.219178082192,0,1,0,0,0,0
6247,19.1432,25222.14385827066,-659.6383232550305,5.0,2.43,3.0,-12627.5883497357,12627.5883497357,3138.0483456800653,15.0,116.83198947648592,14308.219178082192,0,1,0,0,0,0
6248,20.2097,24518.63958651917,-659.6383232550305,5.0,2.43,3.0,-13331.09262148719,13331.09262148719,3138.0483456800653,15.0,116.83198947648592,14308.219178082192,0,1,0,0,0,0
6249,22.1123,23263.611712694146,-659.6383232550305,5.0,2.43,3.0,-14586.120495312212,14586.120495312212,3138.0483456800653,15.0,116.83198947648592,14308.219178082192,0,1,0,0,0,0
6250,22.143,23243.36081617022,-659.6383232550305,5.0,2.43,3.0,-14606.37139183614,14606.37139183614,3138.0483456800653,15.0,116.83198947648592,14308.219178082192,0,1,0,0,0,0
6251,23.8324,22128.96783286317,-659.6383232550305,5.0,2.43,3.0,-15720.76437514319,15720.76437514319,3138.0483456800653,15.0,116.83198947648592,14308.219178082192,0,1,0,0,0,0
6252,25.5244,21012.85978991566,-659.6383232550305,5.0,2.43,3.0,-16836.8724180907,16836.8724180907,3138.0483456800653,15.0,116.83198947648592,14308.219178082192,0,1,0,0,0,0
6253,22.8174,22798.50073096703,-659.6383232550305,5.0,2.43,3.0,-15051.231477039333,15051.231477039333,3138.0483456800653,15.0,116.83198947648592,14308.219178082192,0,1,0,0,0,0
6254,22.2504,23172.51566025263,-659.6383232550305,5.0,2.43,3.0,-14677.216547753731,14677.216547753731,3138.0483456800653,15.0,116.83198947648592,14308.219178082192,0,1,0,0,0,0
6255,31.4678,17092.365379481715,-659.6383232550305,5.0,2.43,3.0,-20757.36682852465,20757.36682852465,3138.0483456800653,15.0,116.83198947648592,14308.219178082192,0,1,0,0,0,0
6256,20.871,24082.42076335062,-659.6383232550305,5.0,2.43,3.0,-13767.311444655741,13767.311444655741,3138.0483456800653,15.0,116.83198947648592,14308.219178082192,0,1,0,0,0,0
6257,20.6028,24259.33576164762,-659.6383232550305,5.0,2.43,3.0,-13590.396446358742,13590.396446358742,3138.0483456800653,15.0,116.83198947648592,14308.219178082192,0,1,0,0,0,0
6258,21.0867,23940.13677702451,-659.6383232550305,5.0,2.43,3.0,-13909.595430981852,13909.595430981852,3138.0483456800653,15.0,116.83198947648592,14308.219178082192,0,1,0,0,0,0
6259,19.9568,24685.462118470365,-659.6383232550305,5.0,2.43,3.0,-13164.270089535994,13164.270089535994,3138.0483456800653,15.0,116.83198947648592,14308.219178082192,0,1,0,0,0,0
6260,19.1504,25217.394462343225,-659.6383232550305,5.0,2.43,3.0,-12632.337745663137,12632.337745663137,3138.0483456800653,15.0,116.83198947648592,14308.219178082192,0,1,0,0,0,0
6261,18.8945,25386.195909264185,-659.6383232550305,5.0,2.43,3.0,-12463.536298742174,12463.536298742174,3138.0483456800653,15.0,116.83198947648592,14308.219178082192,0,1,0,0,0,0
6262,16.547,26934.69687310537,-659.6383232550305,5.0,2.43,3.0,-10915.035334900991,10915.035334900991,3138.0483456800653,15.0,116.83198947648592,14308.219178082192,0,1,0,0,0,0
6263,16.2064,27159.369686006034,-659.6383232550305,5.0,2.43,3.0,-10690.362522000325,10690.362522000325,3138.0483456800653,15.0,116.83198947648592,14308.219178082192,0,1,0,0,0,0
6264,16.1338,27207.25942827435,-659.6383232550305,5.0,2.43,3.0,-10642.472779732012,10642.472779732012,3138.0483456800653,15.0,116.83198947648592,14308.219178082192,0,1,0,0,0,0
6265,15.671,27512.54004427678,-659.6383232550305,5.0,2.43,3.0,-10337.192163729584,10337.192163729584,3138.0483456800653,15.0,116.83198947648592,14308.219178082192,0,1,0,0,0,0
6266,15.2069,27818.67819009944,-659.6383232550305,5.0,2.43,3.0,-10031.054017906923,10031.054017906923,3138.0483456800653,15.0,116.83198947648592,14308.219178082192,0,1,0,0,0,0
6267,15.4125,27683.056550838206,-659.6383232550305,5.0,2.43,3.0,-10166.675657168158,10166.675657168158,3138.0483456800653,15.0,116.83198947648592,14308.219178082192,0,1,0,0,0,0
6268,16.1294,27210.16183689667,-659.6383232550305,5.0,2.43,3.0,-10639.57037110969,10639.57037110969,3138.0483456800653,15.0,116.83198947648592,14308.219178082192,0,1,0,0,0,0
6269,19.2613,25144.240572294242,-659.6383232550305,5.0,2.43,3.0,-12705.491635712118,12705.491635712118,3138.0483456800653,15.0,116.83198947648592,14308.219178082192,0,1,0,0,0,0
6270,18.5311,25625.908475935066,-659.6383232550305,5.0,2.43,3.0,-12223.823732071294,12223.823732071294,3138.0483456800653,15.0,116.83198947648592,14308.219178082192,0,1,0,0,0,0
6271,18.3812,25724.788260590994,-659.6383232550305,5.0,2.43,3.0,-12124.943947415366,12124.943947415366,3138.0483456800653,15.0,116.83198947648592,14308.219178082192,0,1,0,0,0,0
6272,20.4563,24355.972776004484,-659.6383232550305,5.0,2.43,3.0,-13493.75943200188,13493.75943200188,3138.0483456800653,15.0,116.83198947648592,14308.219178082192,0,1,0,0,0,0
6273,20.1088,24585.197093335606,-659.6383232550305,5.0,2.43,3.0,-13264.535114670756,13264.535114670756,3138.0483456800653,15.0,116.83198947648592,14308.219178082192,0,1,0,0,0,0
6274,20.7034,24192.97614632816,-659.6383232550305,5.0,2.43,3.0,-13656.756061678198,13656.756061678198,3138.0483456800653,15.0,116.83198947648592,14308.219178082192,0,1,0,0,0,0
6275,20.558,24288.887558529445,-659.6383232550305,5.0,2.43,3.0,-13560.844649476918,13560.844649476918,3138.0483456800653,15.0,116.83198947648592,14308.219178082192,0,1,0,0,0,0
6276,21.4809,23680.10734999738,-659.6383232550305,5.0,2.43,3.0,-14169.624858008983,14169.624858008983,3138.0483456800653,15.0,116.83198947648592,14308.219178082192,0,1,0,0,0,0
6277,20.8798,24076.615946105972,-659.6383232550305,5.0,2.43,3.0,-13773.116261900386,13773.116261900386,3138.0483456800653,15.0,116.83198947648592,14308.219178082192,0,1,0,0,0,0
6278,21.8347,23446.727311229744,-659.6383232550305,5.0,2.43,3.0,-14403.004896776616,14403.004896776616,3138.0483456800653,15.0,116.83198947648592,14308.219178082192,0,1,0,0,0,0
6279,23.5359,22324.550595708286,-659.6383232550305,5.0,2.43,3.0,-15525.181612298074,15525.181612298074,3138.0483456800653,15.0,116.83198947648592,14308.219178082192,0,1,0,0,0,0
6280,22.9818,22690.0561906239,-659.6383232550305,5.0,2.43,3.0,-15159.67601738246,15159.67601738246,3138.0483456800653,15.0,116.83198947648592,14308.219178082192,0,1,0,0,0,0
6281,22.9277,22725.742623911996,-659.6383232550305,5.0,2.43,3.0,-15123.989584094365,15123.989584094365,3138.0483456800653,15.0,116.83198947648592,14308.219178082192,0,1,0,0,0,0
6282,23.8199,22137.21331190386,-659.6383232550305,5.0,2.43,3.0,-15712.518896102501,15712.518896102501,3138.0483456800653,15.0,116.83198947648592,14308.219178082192,0,1,0,0,0,0
6283,22.2433,23177.199092347742,-659.6383232550305,5.0,2.43,3.0,-14672.533115658622,14672.533115658622,3138.0483456800653,15.0,116.83198947648592,14308.219178082192,0,1,0,0,0,0
6284,19.4765,25002.28640512976,-659.6383232550305,5.0,2.43,3.0,-12847.445802876602,12847.445802876602,3138.0483456800653,15.0,116.83198947648592,14308.219178082192,0,1,0,0,0,0
6285,18.3478,25746.82018058771,-659.6383232550305,5.0,2.43,3.0,-12102.912027418648,12102.912027418648,3138.0483456800653,15.0,116.83198947648592,14308.219178082192,0,1,0,0,0,0
6286,17.4439,26343.067260977936,-659.6383232550305,5.0,2.43,3.0,-11506.664947028426,11506.664947028426,3138.0483456800653,15.0,116.83198947648592,14308.219178082192,0,1,0,0,0,0
6287,16.9812,26648.281913148036,-659.6383232550305,5.0,2.43,3.0,-11201.450294858325,11201.450294858325,3138.0483456800653,15.0,116.83198947648592,14308.219178082192,0,1,0,0,0,0
6288,16.1035,27227.246469468977,-659.6383232550305,5.0,2.43,3.0,-10622.485738537383,10622.485738537383,3138.0483456800653,15.0,116.83198947648592,14308.219178082192,0,1,0,0,0,0
6289,15.6847,27503.502999248183,-659.6383232550305,5.0,2.43,3.0,-10346.229208758177,10346.229208758177,3138.0483456800653,15.0,116.83198947648592,14308.219178082192,0,1,0,0,0,0
6290,15.1783,27837.54384614453,-659.6383232550305,5.0,2.43,3.0,-10012.18836186183,10012.18836186183,3138.0483456800653,15.0,116.83198947648592,14308.219178082192,0,1,0,0,0,0
6291,15.5393,27599.414411449463,-659.6383232550305,5.0,2.43,3.0,-10250.317796556896,10250.317796556896,3138.0483456800653,15.0,116.83198947648592,14308.219178082192,0,1,0,0,0,0
6292,16.4282,27013.061905908067,-659.6383232550305,5.0,2.43,3.0,-10836.670302098293,10836.670302098293,3138.0483456800653,15.0,116.83198947648592,14308.219178082192,0,1,0,0,0,0
6293,19.3658,25075.308367514088,-659.6383232550305,5.0,2.43,3.0,-12774.42384049227,12774.42384049227,3138.0483456800653,15.0,116.83198947648592,14308.219178082192,0,1,0,0,0,0
6294,19.6497,24888.037047541988,-659.6383232550305,5.0,2.43,3.0,-12961.695160464373,12961.695160464373,3138.0483456800653,15.0,116.83198947648592,14308.219178082192,0,1,0,0,0,0
6295,19.5417,24959.277986453533,-659.6383232550305,5.0,2.43,3.0,-12890.454221552829,12890.454221552829,3138.0483456800653,15.0,116.83198947648592,14308.219178082192,0,1,0,0,0,0
6296,20.7734,24146.80146370031,-659.6383232550305,5.0,2.43,3.0,-13702.93074430605,13702.93074430605,3138.0483456800653,15.0,116.83198947648592,14308.219178082192,0,1,0,0,0,0
6297,22.2568,23168.293974983797,-659.6383232550305,5.0,2.43,3.0,-14681.438233022562,14681.438233022562,3138.0483456800653,15.0,116.83198947648592,14308.219178082192,0,1,0,0,0,0
6298,20.9446,24033.871382759047,-659.6383232550305,5.0,2.43,3.0,-13815.860825247313,13815.860825247313,3138.0483456800653,15.0,116.83198947648592,14308.219178082192,0,1,0,0,0,0
6299,22.433,23052.065702426262,-659.6383232550305,5.0,2.43,3.0,-14797.666505580099,14797.666505580099,3138.0483456800653,15.0,116.83198947648592,14308.219178082192,0,1,0,0,0,0
6300,22.6758,22891.90551753994,-659.6383232550305,5.0,2.43,3.0,-14957.82669046642,14957.82669046642,3138.0483456800653,15.0,116.83198947648592,14308.219178082192,0,1,0,0,0,0
6301,22.1656,23228.452990064656,-659.6383232550305,5.0,2.43,3.0,-14621.279217941705,14621.279217941705,3138.0483456800653,15.0,116.83198947648592,14308.219178082192,0,1,0,0,0,0
6302,24.4743,21705.545993165768,-659.6383232550305,5.0,2.43,3.0,-16144.186214840593,16144.186214840593,3138.0483456800653,15.0,116.83198947648592,14308.219178082192,0,1,0,0,0,0
6303,25.0893,21299.86842436392,-659.6383232550305,5.0,2.43,3.0,-16549.86378364244,16549.86378364244,3138.0483456800653,15.0,116.83198947648592,14308.219178082192,0,1,0,0,0,0
6304,26.6243,20287.32359816745,-659.6383232550305,5.0,2.43,3.0,-17562.40860983891,17562.40860983891,3138.0483456800653,15.0,116.83198947648592,14308.219178082192,0,1,0,0,0,0
6305,26.5489,20337.06032774088,-659.6383232550305,5.0,2.43,3.0,-17512.67188026548,17512.67188026548,3138.0483456800653,15.0,116.83198947648592,14308.219178082192,0,1,0,0,0,0
6306,23.7289,22197.240399320064,-659.6383232550305,5.0,2.43,3.0,-15652.491808686293,15652.491808686293,3138.0483456800653,15.0,116.83198947648592,14308.219178082192,0,1,0,0,0,0
6307,22.1345,23248.967741917888,-659.6383232550305,5.0,2.43,3.0,-14600.764466088473,14600.764466088473,3138.0483456800653,15.0,116.83198947648592,14308.219178082192,0,1,0,0,0,0
6308,20.4417,24365.603495524003,-659.6383232550305,5.0,2.43,3.0,-13484.128712482358,13484.128712482358,3138.0483456800653,15.0,116.83198947648592,14308.219178082192,0,1,0,0,0,0
6309,20.4208,24379.38993648003,-659.6383232550305,5.0,2.43,3.0,-13470.342271526328,13470.342271526328,3138.0483456800653,15.0,116.83198947648592,14308.219178082192,0,1,0,0,0,0
6310,19.2412,25157.499302591666,-659.6383232550305,5.0,2.43,3.0,-12692.232905414692,12692.232905414692,3138.0483456800653,15.0,116.83198947648592,14308.219178082192,0,1,0,0,0,0
6311,20.1057,24587.241972137694,-659.6383232550305,5.0,2.43,3.0,-13262.490235868667,13262.490235868667,3138.0483456800653,15.0,116.83198947648592,14308.219178082192,0,1,0,0,0,0
6312,18.3106,25771.3587262128,-659.6383232550305,5.0,2.43,3.0,-12078.373481793562,12078.373481793562,3138.0483456800653,15.0,116.83198947648592,14308.219178082192,0,1,0,0,0,0
6313,18.411,25705.131038557993,-659.6383232550305,5.0,2.43,3.0,-12144.601169448368,12144.601169448368,3138.0483456800653,15.0,116.83198947648592,14308.219178082192,0,1,0,0,0,0
6314,17.4249,26355.600389119776,-659.6383232550305,5.0,2.43,3.0,-11494.131818886583,11494.131818886583,3138.0483456800653,15.0,116.83198947648592,14308.219178082192,0,1,0,0,0,0
6315,16.4245,27015.502567704112,-659.6383232550305,5.0,2.43,3.0,-10834.229640302248,10834.229640302248,3138.0483456800653,15.0,116.83198947648592,14308.219178082192,0,1,0,0,0,0
6316,17.147,26538.913879152355,-659.6383232550305,5.0,2.43,3.0,-11310.818328854008,11310.818328854008,3138.0483456800653,15.0,116.83198947648592,14308.219178082192,0,1,0,0,0,0
6317,17.6654,26196.957372376943,-659.6383232550305,5.0,2.43,3.0,-11652.774835629418,11652.774835629418,3138.0483456800653,15.0,116.83198947648592,14308.219178082192,0,1,0,0,0,0
6318,16.9909,26641.883421412465,-659.6383232550305,5.0,2.43,3.0,-11207.848786593899,11207.848786593899,3138.0483456800653,15.0,116.83198947648592,14308.219178082192,0,1,0,0,0,0
6319,18.3593,25739.23433987028,-659.6383232550305,5.0,2.43,3.0,-12110.497868136083,12110.497868136083,3138.0483456800653,15.0,116.83198947648592,14308.219178082192,0,1,0,0,0,0
6320,19.8955,24725.897947685902,-659.6383232550305,5.0,2.43,3.0,-13123.834260320458,13123.834260320458,3138.0483456800653,15.0,116.83198947648592,14308.219178082192,0,1,0,0,0,0
6321,21.3735,23750.952505914967,-659.6383232550305,5.0,2.43,3.0,-14098.779702091395,14098.779702091395,3138.0483456800653,15.0,116.83198947648592,14308.219178082192,0,1,0,0,0,0
6322,25.4173,21083.507054336274,-659.6383232550305,5.0,2.43,3.0,-16766.225153670086,16766.225153670086,3138.0483456800653,15.0,116.83198947648592,14308.219178082192,0,1,0,0,0,0
6323,28.1634,19272.074254845636,-659.6383232550305,5.0,2.43,3.0,-18577.657953160728,18577.657953160728,3138.0483456800653,15.0,116.83198947648592,14308.219178082192,0,1,0,0,0,0
6324,28.8247,18835.855431677082,-659.6383232550305,5.0,2.43,3.0,-19013.876776329278,19013.876776329278,3138.0483456800653,15.0,116.83198947648592,14308.219178082192,0,1,0,0,0,0
6325,29.3452,18492.51368442284,-659.6383232550305,5.0,2.43,3.0,-19357.21852358352,19357.21852358352,3138.0483456800653,15.0,116.83198947648592,14308.219178082192,0,1,0,0,0,0
6326,32.1485,16643.349572842013,-659.6383232550305,5.0,2.43,3.0,-21206.382635164347,21206.382635164347,3138.0483456800653,15.0,116.83198947648592,14308.219178082192,0,1,0,0,0,0
6327,32.8151,16203.634666560207,-659.6383232550305,5.0,2.43,3.0,-21646.097541446154,21646.097541446154,3138.0483456800653,15.0,116.83198947648592,14308.219178082192,0,1,0,0,0,0
6328,31.9966,16743.548634144452,-659.6383232550305,5.0,2.43,3.0,-21106.18357386191,21106.18357386191,3138.0483456800653,15.0,116.83198947648592,14308.219178082192,0,1,0,0,0,0
6329,27.7296,19558.225359473665,-659.6383232550305,5.0,2.43,3.0,-18291.506848532696,18291.506848532696,3138.0483456800653,15.0,116.83198947648592,14308.219178082192,0,1,0,0,0,0
6330,26.7898,20178.153455668744,-659.6383232550305,5.0,2.43,3.0,-17671.578752337617,17671.578752337617,3138.0483456800653,15.0,116.83198947648592,14308.219178082192,0,1,0,0,0,0
6331,25.3955,21097.887169783236,-659.6383232550305,5.0,2.43,3.0,-16751.845038223128,16751.845038223128,3138.0483456800653,15.0,116.83198947648592,14308.219178082192,0,1,0,0,0,0
6332,26.4404,20408.631085814053,-659.6383232550305,5.0,2.43,3.0,-17441.101122192307,17441.101122192307,3138.0483456800653,15.0,116.83198947648592,14308.219178082192,0,1,0,0,0,0
6333,23.9237,22068.74285394999,-659.6383232550305,5.0,2.43,3.0,-15780.989354056373,15780.989354056373,3138.0483456800653,15.0,116.83198947648592,14308.219178082192,0,1,0,0,0,0
6334,21.5463,23636.9670036565,-659.6383232550305,5.0,2.43,3.0,-14212.765204349864,14212.765204349864,3138.0483456800653,15.0,116.83198947648592,14308.219178082192,0,1,0,0,0,0
6335,17.2813,26450.324452339202,-659.6383232550305,5.0,2.43,3.0,-11399.40775566716,11399.40775566716,3138.0483456800653,15.0,116.83198947648592,14308.219178082192,0,1,0,0,0,0
6336,17.093,26574.534348608126,-659.6383232550305,5.0,2.43,3.0,-11275.197859398237,11275.197859398237,3138.0483456800653,15.0,116.83198947648592,14308.219178082192,0,1,0,0,0,0
6337,18.3709,25731.582535320522,-659.6383232550305,5.0,2.43,3.0,-12118.149672685839,12118.149672685839,3138.0483456800653,15.0,116.83198947648592,14308.219178082192,0,1,0,0,0,0
6338,15.2761,27773.03121813019,-659.6383232550305,5.0,2.43,3.0,-10076.700989876172,10076.700989876172,3138.0483456800653,15.0,116.83198947648592,14308.219178082192,0,1,0,0,0,0
6339,14.8382,28061.886839883566,-659.6383232550305,5.0,2.43,3.0,-9787.845368122795,9787.845368122795,3138.0483456800653,15.0,116.83198947648592,14308.219178082192,0,1,0,0,0,0
6340,14.5327,28263.40634763798,-659.6383232550305,5.0,2.43,3.0,-9586.325860368383,9586.325860368383,3138.0483456800653,15.0,116.83198947648592,14308.219178082192,0,1,0,0,0,0
6341,14.162,28507.93427406862,-659.6383232550305,5.0,2.43,3.0,-9341.797933937743,9341.797933937743,3138.0483456800653,15.0,116.83198947648592,14308.219178082192,0,1,0,0,0,0
6342,13.9801,28627.92248506871,-659.6383232550305,5.0,2.43,3.0,-9221.809722937653,9221.809722937653,3138.0483456800653,15.0,116.83198947648592,14308.219178082192,0,1,0,0,0,0
6343,16.4824,26977.309508787646,-659.6383232550305,5.0,2.43,3.0,-10872.422699218714,10872.422699218714,3138.0483456800653,15.0,116.83198947648592,14308.219178082192,0,1,0,0,0,0
6344,19.5675,24942.25931771355,-659.6383232550305,5.0,2.43,3.0,-12907.47289029281,12907.47289029281,3138.0483456800653,15.0,116.83198947648592,14308.219178082192,0,1,0,0,0,0
6345,24.0879,21960.43024127151,-659.6383232550305,5.0,2.43,3.0,-15889.30196673485,15889.30196673485,3138.0483456800653,15.0,116.83198947648592,14308.219178082192,0,1,0,0,0,0
6346,36.7102,13634.277433649539,-659.6383232550305,5.0,2.43,3.0,-24215.454774356822,24215.454774356822,3138.0483456800653,15.0,116.83198947648592,14308.219178082192,0,1,0,0,0,0
6347,42.2492,9980.540761139924,-659.6383232550305,5.0,2.43,3.0,-27869.191446866436,27869.191446866436,3138.0483456800653,15.0,116.83198947648592,14308.219178082192,0,1,0,0,0,0
6348,29.9618,18085.780694303787,-659.6383232550305,5.0,2.43,3.0,-19763.951513702574,19763.951513702574,3138.0483456800653,15.0,116.83198947648592,14308.219178082192,0,1,0,0,0,0
6349,42.4232,9865.76369289355,-659.6383232550305,5.0,2.43,3.0,-27983.96851511281,27983.96851511281,3138.0483456800653,15.0,116.83198947648592,14308.219178082192,0,1,0,0,0,0
6350,40.0664,11420.399293141007,-659.6383232550305,5.0,2.43,3.0,-26429.332914865354,26429.332914865354,3138.0483456800653,15.0,116.83198947648592,14308.219178082192,0,1,0,0,0,0
6351,47.4975,7722.085744269024,650.0,0,2.43,3.0,30873.375,-30873.375,15071.972825128516,0,556.8949724310688,14308.219178082192,1,0,0,0,0,0
6352,44.3953,8564.890955602306,-659.6383232550305,5.0,2.43,3.0,-29284.841252404054,29284.841252404054,3138.0483456800653,15.0,116.83198947648592,14308.219178082192,0,1,0,0,0,0
6353,31.7702,16892.89075052939,-659.6383232550305,5.0,2.43,3.0,-20956.84145747697,20956.84145747697,3138.0483456800653,15.0,116.83198947648592,14308.219178082192,0,1,0,0,0,0
6354,31.3177,17191.377091802293,-659.6383232550305,5.0,2.43,3.0,-20658.355116204068,20658.355116204068,3138.0483456800653,15.0,116.83198947648592,14308.219178082192,0,1,0,0,0,0
6355,27.0748,19990.156533541063,-659.6383232550305,5.0,2.43,3.0,-17859.5756744653,17859.5756744653,3138.0483456800653,15.0,116.83198947648592,14308.219178082192,0,1,0,0,0,0
6356,25.3782,21109.298912775546,-659.6383232550305,5.0,2.43,3.0,-16740.433295230814,16740.433295230814,3138.0483456800653,15.0,116.83198947648592,14308.219178082192,0,1,0,0,0,0
6357,24.2036,21884.110087270907,-659.6383232550305,5.0,2.43,3.0,-15965.622120735457,15965.622120735457,3138.0483456800653,15.0,116.83198947648592,14308.219178082192,0,1,0,0,0,0
6358,22.1,23271.725264070184,-659.6383232550305,5.0,2.43,3.0,-14578.006943936176,14578.006943936176,3138.0483456800653,15.0,116.83198947648592,14308.219178082192,0,1,0,0,0,0
6359,21.7918,23475.025795297388,-659.6383232550305,5.0,2.43,3.0,-14374.706412708972,14374.706412708972,3138.0483456800653,15.0,116.83198947648592,14308.219178082192,0,1,0,0,0,0
6360,19.2179,25172.86887552351,-659.6383232550305,5.0,2.43,3.0,-12676.863332482852,12676.863332482852,3138.0483456800653,15.0,116.83198947648592,14308.219178082192,0,1,0,0,0,0
6361,17.6579,26201.90465980136,-659.6383232550305,5.0,2.43,3.0,-11647.827548205005,11647.827548205005,3138.0483456800653,15.0,116.83198947648592,14308.219178082192,0,1,0,0,0,0
6362,16.2352,27140.372102296293,-659.6383232550305,5.0,2.43,3.0,-10709.360105710071,10709.360105710071,3138.0483456800653,15.0,116.83198947648592,14308.219178082192,0,1,0,0,0,0
6363,17.9118,26034.422489526907,-659.6383232550305,5.0,2.43,3.0,-11815.309718479455,11815.309718479455,3138.0483456800653,15.0,116.83198947648592,14308.219178082192,0,1,0,0,0,0
6364,21.7346,23512.757107387573,-659.6383232550305,5.0,2.43,3.0,-14336.975100618787,14336.975100618787,3138.0483456800653,15.0,116.83198947648592,14308.219178082192,0,1,0,0,0,0
6365,23.791,22156.276859445927,-659.6383232550305,5.0,2.43,3.0,-15693.455348560432,15693.455348560432,3138.0483456800653,15.0,116.83198947648592,14308.219178082192,0,1,0,0,0,0
6366,20.7222,24180.574945850967,-659.6383232550305,5.0,2.43,3.0,-13669.157262155393,13669.157262155393,3138.0483456800653,15.0,116.83198947648592,14308.219178082192,0,1,0,0,0,0
6367,20.6778,24209.86288740349,-659.6383232550305,5.0,2.43,3.0,-13639.869320602871,13639.869320602871,3138.0483456800653,15.0,116.83198947648592,14308.219178082192,0,1,0,0,0,0
6368,23.8384,22125.010002923642,-659.6383232550305,5.0,2.43,3.0,-15724.722205082719,15724.722205082719,3138.0483456800653,15.0,116.83198947648592,14308.219178082192,0,1,0,0,0,0
6369,24.4218,21740.177005136655,-659.6383232550305,5.0,2.43,3.0,-16109.555202869706,16109.555202869706,3138.0483456800653,15.0,116.83198947648592,14308.219178082192,0,1,0,0,0,0
6370,24.0277,22000.140468331465,-659.6383232550305,5.0,2.43,3.0,-15849.591739674896,15849.591739674896,3138.0483456800653,15.0,116.83198947648592,14308.219178082192,0,1,0,0,0,0
6371,43.2694,9307.577743755144,-659.6383232550305,5.0,2.43,3.0,-28542.154464251216,28542.154464251216,3138.0483456800653,15.0,116.83198947648592,14308.219178082192,0,1,0,0,0,0
6372,40.0436,11435.439046911222,-659.6383232550305,5.0,2.43,3.0,-26414.29316109514,26414.29316109514,3138.0483456800653,15.0,116.83198947648592,14308.219178082192,0,1,0,0,0,0
6373,37.2458,13280.975147714144,-659.6383232550305,5.0,2.43,3.0,-24568.757060292217,24568.757060292217,3138.0483456800653,15.0,116.83198947648592,14308.219178082192,0,1,0,0,0,0
6374,42.8383,9591.947824910392,-659.6383232550305,5.0,2.43,3.0,-28257.784383095972,28257.784383095972,3138.0483456800653,15.0,116.83198947648592,14308.219178082192,0,1,0,0,0,0
6375,36.5498,13740.083420699648,-659.6383232550305,5.0,2.43,3.0,-24109.648787306713,24109.648787306713,3138.0483456800653,15.0,116.83198947648592,14308.219178082192,0,1,0,0,0,0
6376,34.8003,14894.120667234321,-659.6383232550305,5.0,2.43,3.0,-22955.61154077204,22955.61154077204,3138.0483456800653,15.0,116.83198947648592,14308.219178082192,0,1,0,0,0,0
6377,33.2229,15934.634158336805,-659.6383232550305,5.0,2.43,3.0,-21915.098049669556,21915.098049669556,3138.0483456800653,15.0,116.83198947648592,14308.219178082192,0,1,0,0,0,0
6378,50.7827,9857.46574426902,650.0,0,2.43,3.0,33008.755,-33008.755,15071.972825128516,0,556.8949724310688,14308.219178082192,1,0,0,0,0,0
6379,34.5063,15088.054334271299,-659.6383232550305,5.0,2.43,3.0,-22761.67787373506,22761.67787373506,3138.0483456800653,15.0,116.83198947648592,14308.219178082192,0,1,0,0,0,0
6380,31.7294,16919.803994118196,-659.6383232550305,5.0,2.43,3.0,-20929.928213888164,20929.928213888164,3138.0483456800653,15.0,116.83198947648592,14308.219178082192,0,1,0,0,0,0
6381,21.4281,23714.936253465243,-659.6383232550305,5.0,2.43,3.0,-14134.79595454112,14134.79595454112,3138.0483456800653,15.0,116.83198947648592,14308.219178082192,0,1,0,0,0,0
6382,21.4383,23708.20794256804,-659.6383232550305,5.0,2.43,3.0,-14141.524265438322,14141.524265438322,3138.0483456800653,15.0,116.83198947648592,14308.219178082192,0,1,0,0,0,0
6383,20.3114,24451.554369044134,-659.6383232550305,5.0,2.43,3.0,-13398.177838962227,13398.177838962227,3138.0483456800653,15.0,116.83198947648592,14308.219178082192,0,1,0,0,0,0
6384,20.0043,24654.129298115753,-659.6383232550305,5.0,2.43,3.0,-13195.602909890607,13195.602909890607,3138.0483456800653,15.0,116.83198947648592,14308.219178082192,0,1,0,0,0,0
6385,20.2047,24521.93777813545,-659.6383232550305,5.0,2.43,3.0,-13327.794429870914,13327.794429870914,3138.0483456800653,15.0,116.83198947648592,14308.219178082192,0,1,0,0,0,0
6386,18.8285,25429.73203859902,-659.6383232550305,5.0,2.43,3.0,-12420.000169407342,12420.000169407342,3138.0483456800653,15.0,116.83198947648592,14308.219178082192,0,1,0,0,0,0
6387,20.0192,24644.300687099254,-659.6383232550305,5.0,2.43,3.0,-13205.431520907108,13205.431520907108,3138.0483456800653,15.0,116.83198947648592,14308.219178082192,0,1,0,0,0,0
6388,27.1404,19946.88425953553,-659.6383232550305,5.0,2.43,3.0,-17902.84794847083,17902.84794847083,3138.0483456800653,15.0,116.83198947648592,14308.219178082192,0,1,0,0,0,0
6389,36.6078,13701.824397950855,-659.6383232550305,5.0,2.43,3.0,-24147.907810055505,24147.907810055505,3138.0483456800653,15.0,116.83198947648592,14308.219178082192,0,1,0,0,0,0
6390,23.3112,22472.771326943694,-659.6383232550305,5.0,2.43,3.0,-15376.960881062667,15376.960881062667,3138.0483456800653,15.0,116.83198947648592,14308.219178082192,0,1,0,0,0,0
6391,22.334,23117.36989642851,-659.6383232550305,5.0,2.43,3.0,-14732.362311577852,14732.362311577852,3138.0483456800653,15.0,116.83198947648592,14308.219178082192,0,1,0,0,0,0
6392,51.6178,10400.280744269023,650.0,0,2.43,3.0,33551.57,-33551.57,15071.972825128516,0,556.8949724310688,14308.219178082192,1,0,0,0,0,0
6393,41.4287,10521.77400537068,-659.6383232550305,5.0,2.43,3.0,-27327.958202635684,27327.958202635684,3138.0483456800653,15.0,116.83198947648592,14308.219178082192,0,1,0,0,0,0
6394,26.2663,20523.474117892754,-659.6383232550305,5.0,2.43,3.0,-17326.25809011361,17326.25809011361,3138.0483456800653,15.0,116.83198947648592,14308.219178082192,0,1,0,0,0,0
6395,25.7251,20880.470378438375,-659.6383232550305,5.0,2.43,3.0,-16969.261829567986,16969.261829567986,3138.0483456800653,15.0,116.83198947648592,14308.219178082192,0,1,0,0,0,0
6396,28.8928,18790.934061863416,-659.6383232550305,5.0,2.43,3.0,-19058.798146142948,19058.798146142948,3138.0483456800653,15.0,116.83198947648592,14308.219178082192,0,1,0,0,0,0
6397,30.6413,17637.556453651996,-659.6383232550305,5.0,2.43,3.0,-20212.175754354368,20212.175754354368,3138.0483456800653,15.0,116.83198947648592,14308.219178082192,0,1,0,0,0,0
6398,27.6847,19587.84312018782,-659.6383232550305,5.0,2.43,3.0,-18261.88908781854,18261.88908781854,3138.0483456800653,15.0,116.83198947648592,14308.219178082192,0,1,0,0,0,0
6399,32.4765,16426.98820281436,-659.6383232550305,5.0,2.43,3.0,-21422.744005192,21422.744005192,3138.0483456800653,15.0,116.83198947648592,14308.219178082192,0,1,0,0,0,0
6400,56.5309,13593.795744269022,650.0,0,2.43,3.0,36745.085,-36745.085,15071.972825128516,0,556.8949724310688,14308.219178082192,1,0,0,0,0,0
6401,37.0082,13437.70521331954,-659.6383232550305,5.0,2.43,3.0,-24412.02699468682,24412.02699468682,3138.0483456800653,15.0,116.83198947648592,14308.219178082192,0,1,0,0,0,0
6402,55.0232,12613.790744269025,650.0,0,2.43,3.0,35765.08,-35765.08,15071.972825128516,0,556.8949724310688,14308.219178082192,1,0,0,0,0,0
6403,72.8838,24223.180744269015,650.0,0,2.43,3.0,47374.469999999994,-47374.469999999994,15071.972825128516,0,556.8949724310688,14308.219178082192,1,0,0,0,0,0
6404,22.5662,22964.201877768694,-659.6383232550305,5.0,2.43,3.0,-14885.530330237669,14885.530330237669,3138.0483456800653,15.0,116.83198947648592,14308.219178082192,0,1,0,0,0,0
6405,21.2893,23806.49405273304,-659.6383232550305,5.0,2.43,3.0,-14043.238155273322,14043.238155273322,3138.0483456800653,15.0,116.83198947648592,14308.219178082192,0,1,0,0,0,0
6406,20.5291,24307.951106071516,-659.6383232550305,5.0,2.43,3.0,-13541.781101934846,13541.781101934846,3138.0483456800653,15.0,116.83198947648592,14308.219178082192,0,1,0,0,0,0
6407,17.0696,26589.969885372288,-659.6383232550305,5.0,2.43,3.0,-11259.76232263407,11259.76232263407,3138.0483456800653,15.0,116.83198947648592,14308.219178082192,0,1,0,0,0,0
6408,17.6181,26228.158265066908,-659.6383232550305,5.0,2.43,3.0,-11621.573942939453,11621.573942939453,3138.0483456800653,15.0,116.83198947648592,14308.219178082192,0,1,0,0,0,0
6409,15.4596,27651.98758581289,-659.6383232550305,5.0,2.43,3.0,-10197.74462219347,10197.74462219347,3138.0483456800653,15.0,116.83198947648592,14308.219178082192,0,1,0,0,0,0
6410,14.5063,28280.82079937191,-659.6383232550305,5.0,2.43,3.0,-9568.911408634449,9568.911408634449,3138.0483456800653,15.0,116.83198947648592,14308.219178082192,0,1,0,0,0,0
6411,15.9474,27330.216011729088,-659.6383232550305,5.0,2.43,3.0,-10519.516196277275,10519.516196277275,3138.0483456800653,15.0,116.83198947648592,14308.219178082192,0,1,0,0,0,0
6412,18.83,25428.742581114137,-659.6383232550305,5.0,2.43,3.0,-12420.989626892224,12420.989626892224,3138.0483456800653,15.0,116.83198947648592,14308.219178082192,0,1,0,0,0,0
6413,20.7876,24137.43459951009,-659.6383232550305,5.0,2.43,3.0,-13712.297608496274,13712.297608496274,3138.0483456800653,15.0,116.83198947648592,14308.219178082192,0,1,0,0,0,0
6414,19.4825,24998.32857519023,-659.6383232550305,5.0,2.43,3.0,-12851.403632816133,12851.403632816133,3138.0483456800653,15.0,116.83198947648592,14308.219178082192,0,1,0,0,0,0
6415,18.9436,25353.807667592366,-659.6383232550305,5.0,2.43,3.0,-12495.924540413997,12495.924540413997,3138.0483456800653,15.0,116.83198947648592,14308.219178082192,0,1,0,0,0,0
6416,22.9262,22726.73208139688,-659.6383232550305,5.0,2.43,3.0,-15123.000126609482,15123.000126609482,3138.0483456800653,15.0,116.83198947648592,14308.219178082192,0,1,0,0,0,0
6417,22.3276,23121.591581697343,-659.6383232550305,5.0,2.43,3.0,-14728.14062630902,14728.14062630902,3138.0483456800653,15.0,116.83198947648592,14308.219178082192,0,1,0,0,0,0
6418,22.8505,22776.666702467286,-659.6383232550305,5.0,2.43,3.0,-15073.065505539074,15073.065505539074,3138.0483456800653,15.0,116.83198947648592,14308.219178082192,0,1,0,0,0,0
6419,24.2744,21837.407693984445,-659.6383232550305,5.0,2.43,3.0,-16012.324514021913,16012.324514021913,3138.0483456800653,15.0,116.83198947648592,14308.219178082192,0,1,0,0,0,0
6420,26.4902,20375.78109731595,-659.6383232550305,5.0,2.43,3.0,-17473.95111069041,17473.95111069041,3138.0483456800653,15.0,116.83198947648592,14308.219178082192,0,1,0,0,0,0
6421,26.637,20278.946191462113,-659.6383232550305,5.0,2.43,3.0,-17570.786016544247,17570.786016544247,3138.0483456800653,15.0,116.83198947648592,14308.219178082192,0,1,0,0,0,0
6422,34.4838,15102.896196544538,-659.6383232550305,5.0,2.43,3.0,-22746.836011461823,22746.836011461823,3138.0483456800653,15.0,116.83198947648592,14308.219178082192,0,1,0,0,0,0
6423,61.0651,16541.025744269024,650.0,0,2.43,3.0,39692.315,-39692.315,15071.972825128516,0,556.8949724310688,14308.219178082192,1,0,0,0,0,0
6424,32.1117,16667.624263137797,-659.6383232550305,5.0,2.43,3.0,-21182.107944868563,21182.107944868563,3138.0483456800653,15.0,116.83198947648592,14308.219178082192,0,1,0,0,0,0
6425,29.6452,18294.622187446334,-659.6383232550305,5.0,2.43,3.0,-19555.11002056003,19555.11002056003,3138.0483456800653,15.0,116.83198947648592,14308.219178082192,0,1,0,0,0,0
6426,28.2668,19203.867652221063,-659.6383232550305,5.0,2.43,3.0,-18645.864555785298,18645.864555785298,3138.0483456800653,15.0,116.83198947648592,14308.219178082192,0,1,0,0,0,0
6427,31.0024,17399.361055124602,-659.6383232550305,5.0,2.43,3.0,-20450.37115288176,20450.37115288176,3138.0483456800653,15.0,116.83198947648592,14308.219178082192,0,1,0,0,0,0
6428,24.7796,21504.15841307601,-659.6383232550305,5.0,2.43,3.0,-16345.573794930353,16345.573794930353,3138.0483456800653,15.0,116.83198947648592,14308.219178082192,0,1,0,0,0,0
6429,21.1627,23890.004264457126,-659.6383232550305,5.0,2.43,3.0,-13959.727943549235,13959.727943549235,3138.0483456800653,15.0,116.83198947648592,14308.219178082192,0,1,0,0,0,0
6430,18.9269,25364.823627590726,-659.6383232550305,5.0,2.43,3.0,-12484.908580415637,12484.908580415637,3138.0483456800653,15.0,116.83198947648592,14308.219178082192,0,1,0,0,0,0
6431,18.5124,25638.243712579933,-659.6383232550305,5.0,2.43,3.0,-12211.488495426427,12211.488495426427,3138.0483456800653,15.0,116.83198947648592,14308.219178082192,0,1,0,0,0,0
6432,19.9518,24688.760310086644,-659.6383232550305,5.0,2.43,3.0,-13160.971897919717,13160.971897919717,3138.0483456800653,15.0,116.83198947648592,14308.219178082192,0,1,0,0,0,0
6433,17.185,26513.847622868663,-659.6383232550305,5.0,2.43,3.0,-11335.8845851377,11335.8845851377,3138.0483456800653,15.0,116.83198947648592,14308.219178082192,0,1,0,0,0,0
6434,17.6498,26207.247730219722,-659.6383232550305,5.0,2.43,3.0,-11642.484477786636,11642.484477786636,3138.0483456800653,15.0,116.83198947648592,14308.219178082192,0,1,0,0,0,0
6435,19.6153,24910.72860586196,-659.6383232550305,5.0,2.43,3.0,-12939.003602144401,12939.003602144401,3138.0483456800653,15.0,116.83198947648592,14308.219178082192,0,1,0,0,0,0
6436,22.4046,23070.799430806706,-659.6383232550305,5.0,2.43,3.0,-14778.932777199656,14778.932777199656,3138.0483456800653,15.0,116.83198947648592,14308.219178082192,0,1,0,0,0,0
6437,24.5492,21656.139082753965,-659.6383232550305,5.0,2.43,3.0,-16193.593125252395,16193.593125252395,3138.0483456800653,15.0,116.83198947648592,14308.219178082192,0,1,0,0,0,0
6438,32.8642,16171.246424888388,-659.6383232550305,5.0,2.43,3.0,-21678.485783117972,21678.485783117972,3138.0483456800653,15.0,116.83198947648592,14308.219178082192,0,1,0,0,0,0
6439,22.5701,22961.629288307995,-659.6383232550305,5.0,2.43,3.0,-14888.102919698364,14888.102919698364,3138.0483456800653,15.0,116.83198947648592,14308.219178082192,0,1,0,0,0,0
6440,32.5568,16374.01924545698,-659.6383232550305,5.0,2.43,3.0,-21475.71296254938,21475.71296254938,3138.0483456800653,15.0,116.83198947648592,14308.219178082192,0,1,0,0,0,0
6441,24.8042,21487.931310323933,-659.6383232550305,5.0,2.43,3.0,-16361.80089768243,16361.80089768243,3138.0483456800653,15.0,116.83198947648592,14308.219178082192,0,1,0,0,0,0
6442,60.2304,15998.470744269023,650.0,0,2.43,3.0,39149.76,-39149.76,15071.972825128516,0,556.8949724310688,14308.219178082192,1,0,0,0,0,0
6443,33.331,15863.32725559294,-659.6383232550305,5.0,2.43,3.0,-21986.404952413424,21986.404952413424,3138.0483456800653,15.0,116.83198947648592,14308.219178082192,0,1,0,0,0,0
6444,38.0549,12747.261780368495,-659.6383232550305,5.0,2.43,3.0,-25102.47042763786,25102.47042763786,3138.0483456800653,15.0,116.83198947648592,14308.219178082192,0,1,0,0,0,0
6445,29.077,18669.428682719838,-659.6383232550305,5.0,2.43,3.0,-19180.303525286523,19180.303525286523,3138.0483456800653,15.0,116.83198947648592,14308.219178082192,0,1,0,0,0,0
6446,50.0097,9355.015744269023,650.0,0,2.43,3.0,32506.305,-32506.305,15071.972825128516,0,556.8949724310688,14308.219178082192,1,0,0,0,0,0
6447,210.0262,113365.74074426903,650.0,0,2.43,3.0,136517.03,-136517.03,15071.972825128516,0,556.8949724310688,14308.219178082192,1,0,0,0,0,0
6448,43.5242,9139.501898989762,-659.6383232550305,5.0,2.43,3.0,-28710.2303090166,28710.2303090166,3138.0483456800653,15.0,116.83198947648592,14308.219178082192,0,1,0,0,0,0
6449,26.5412,20342.139542829944,-659.6383232550305,5.0,2.43,3.0,-17507.592665176417,17507.592665176417,3138.0483456800653,15.0,116.83198947648592,14308.219178082192,0,1,0,0,0,0
6450,33.8303,15533.969840791702,-659.6383232550305,5.0,2.43,3.0,-22315.76236721466,22315.76236721466,3138.0483456800653,15.0,116.83198947648592,14308.219178082192,0,1,0,0,0,0
6451,27.9431,19417.39257745872,-659.6383232550305,5.0,2.43,3.0,-18432.339630547645,18432.339630547645,3138.0483456800653,15.0,116.83198947648592,14308.219178082192,0,1,0,0,0,0
6452,23.9422,22056.539544969768,-659.6383232550305,5.0,2.43,3.0,-15793.19266303659,15793.19266303659,3138.0483456800653,15.0,116.83198947648592,14308.219178082192,0,1,0,0,0,0
6453,21.8866,23412.492082252807,-659.6383232550305,5.0,2.43,3.0,-14437.240125753551,14437.240125753551,3138.0483456800653,15.0,116.83198947648592,14308.219178082192,0,1,0,0,0,0
6454,20.3285,24440.274553716474,-659.6383232550305,5.0,2.43,3.0,-13409.457654289887,13409.457654289887,3138.0483456800653,15.0,116.83198947648592,14308.219178082192,0,1,0,0,0,0
6455,20.8696,24083.344257003177,-659.6383232550305,5.0,2.43,3.0,-13766.387951003184,13766.387951003184,3138.0483456800653,15.0,116.83198947648592,14308.219178082192,0,1,0,0,0,0
6456,20.8994,24063.68703497018,-659.6383232550305,5.0,2.43,3.0,-13786.045173036186,13786.045173036186,3138.0483456800653,15.0,116.83198947648592,14308.219178082192,0,1,0,0,0,0
6457,16.8802,26714.905383796795,-659.6383232550305,5.0,2.43,3.0,-11134.826824209566,11134.826824209566,3138.0483456800653,15.0,116.83198947648592,14308.219178082192,0,1,0,0,0,0
6458,15.3692,27711.618890235146,-659.6383232550305,5.0,2.43,3.0,-10138.113317771214,10138.113317771214,3138.0483456800653,15.0,116.83198947648592,14308.219178082192,0,1,0,0,0,0
6459,16.0233,27280.149462994028,-659.6383232550305,5.0,2.43,3.0,-10569.58274501233,10569.58274501233,3138.0483456800653,15.0,116.83198947648592,14308.219178082192,0,1,0,0,0,0
6460,19.264,25142.459548821455,-659.6383232550305,5.0,2.43,3.0,-12707.272659184908,12707.272659184908,3138.0483456800653,15.0,116.83198947648592,14308.219178082192,0,1,0,0,0,0
6461,21.0454,23967.37983977494,-659.6383232550305,5.0,2.43,3.0,-13882.352368231419,13882.352368231419,3138.0483456800653,15.0,116.83198947648592,14308.219178082192,0,1,0,0,0,0
6462,21.8654,23426.476414705816,-659.6383232550305,5.0,2.43,3.0,-14423.255793300545,14423.255793300545,3138.0483456800653,15.0,116.83198947648592,14308.219178082192,0,1,0,0,0,0
6463,20.6353,24237.897516141828,-659.6383232550305,5.0,2.43,3.0,-13611.834691864531,13611.834691864531,3138.0483456800653,15.0,116.83198947648592,14308.219178082192,0,1,0,0,0,0
6464,22.2855,23149.36235510638,-659.6383232550305,5.0,2.43,3.0,-14700.369852899981,14700.369852899981,3138.0483456800653,15.0,116.83198947648592,14308.219178082192,0,1,0,0,0,0
6465,24.3578,21782.39385782498,-659.6383232550305,5.0,2.43,3.0,-16067.338350181382,16067.338350181382,3138.0483456800653,15.0,116.83198947648592,14308.219178082192,0,1,0,0,0,0
6466,37.4612,13138.889052885013,-659.6383232550305,5.0,2.43,3.0,-24710.843155121347,24710.843155121347,3138.0483456800653,15.0,116.83198947648592,14308.219178082192,0,1,0,0,0,0
6467,34.6886,14967.802267941908,-659.6383232550305,5.0,2.43,3.0,-22881.929940064452,22881.929940064452,3138.0483456800653,15.0,116.83198947648592,14308.219178082192,0,1,0,0,0,0
6468,33.2726,15901.850133671036,-659.6383232550305,5.0,2.43,3.0,-21947.882074335328,21947.882074335328,3138.0483456800653,15.0,116.83198947648592,14308.219178082192,0,1,0,0,0,0
6469,48.2652,8221.090744269024,650.0,0,2.43,3.0,31372.38,-31372.38,15071.972825128516,0,556.8949724310688,14308.219178082192,1,0,0,0,0,0
6470,46.8291,7287.625744269021,650.0,0,2.43,3.0,30438.914999999997,-30438.914999999997,15071.972825128516,0,556.8949724310688,14308.219178082192,1,0,0,0,0,0
6471,42.9418,9523.675258453492,-659.6383232550305,5.0,2.43,3.0,-28326.05694955287,28326.05694955287,3138.0483456800653,15.0,116.83198947648592,14308.219178082192,0,1,0,0,0,0
6472,51.2151,10138.525744269025,650.0,0,2.43,3.0,33289.815,-33289.815,15071.972825128516,0,556.8949724310688,14308.219178082192,1,0,0,0,0,0
6473,28.8715,18804.984358148748,-659.6383232550305,5.0,2.43,3.0,-19044.747849857613,19044.747849857613,3138.0483456800653,15.0,116.83198947648592,14308.219178082192,0,1,0,0,0,0
6474,23.9457,22054.230810838377,-659.6383232550305,5.0,2.43,3.0,-15795.501397167984,15795.501397167984,3138.0483456800653,15.0,116.83198947648592,14308.219178082192,0,1,0,0,0,0
6475,24.0942,21956.274519835006,-659.6383232550305,5.0,2.43,3.0,-15893.457688171356,15893.457688171356,3138.0483456800653,15.0,116.83198947648592,14308.219178082192,0,1,0,0,0,0
6476,24.4322,21733.316766574804,-659.6383232550305,5.0,2.43,3.0,-16116.415441431558,16116.415441431558,3138.0483456800653,15.0,116.83198947648592,14308.219178082192,0,1,0,0,0,0
6477,23.1023,22610.569772671668,-659.6383232550305,5.0,2.43,3.0,-15239.16243533469,15239.16243533469,3138.0483456800653,15.0,116.83198947648592,14308.219178082192,0,1,0,0,0,0
6478,20.5845,24271.407142963188,-659.6383232550305,5.0,2.43,3.0,-13578.325065043175,13578.325065043175,3138.0483456800653,15.0,116.83198947648592,14308.219178082192,0,1,0,0,0,0
6479,18.9196,25369.63898735049,-659.6383232550305,5.0,2.43,3.0,-12480.093220655875,12480.093220655875,3138.0483456800653,15.0,116.83198947648592,14308.219178082192,0,1,0,0,0,0
6480,18.4653,25669.312677605245,-659.6383232550305,5.0,2.43,3.0,-12180.419530401114,12180.419530401114,3138.0483456800653,15.0,116.83198947648592,14308.219178082192,0,1,0,0,0,0
6481,17.0567,26598.479219742283,-659.6383232550305,5.0,2.43,3.0,-11251.25298826408,11251.25298826408,3138.0483456800653,15.0,116.83198947648592,14308.219178082192,0,1,0,0,0,0
6482,16.4492,26999.20950111971,-659.6383232550305,5.0,2.43,3.0,-10850.522706886648,10850.522706886648,3138.0483456800653,15.0,116.83198947648592,14308.219178082192,0,1,0,0,0,0
6483,15.4552,27654.889994435216,-659.6383232550305,5.0,2.43,3.0,-10194.842213571148,10194.842213571148,3138.0483456800653,15.0,116.83198947648592,14308.219178082192,0,1,0,0,0,0
6484,17.3263,26420.64072779273,-659.6383232550305,5.0,2.43,3.0,-11429.091480213636,11429.091480213636,3138.0483456800653,15.0,116.83198947648592,14308.219178082192,0,1,0,0,0,0
6485,16.6872,26842.215580185017,-659.6383232550305,5.0,2.43,3.0,-11007.516627821346,11007.516627821346,3138.0483456800653,15.0,116.83198947648592,14308.219178082192,0,1,0,0,0,0
6486,19.6361,24897.008128738256,-659.6383232550305,5.0,2.43,3.0,-12952.724079268104,12952.724079268104,3138.0483456800653,15.0,116.83198947648592,14308.219178082192,0,1,0,0,0,0
6487,21.3052,23796.005803393287,-659.6383232550305,5.0,2.43,3.0,-14053.726404613075,14053.726404613075,3138.0483456800653,15.0,116.83198947648592,14308.219178082192,0,1,0,0,0,0
6488,26.2347,20544.318688907613,-659.6383232550305,5.0,2.43,3.0,-17305.41351909875,17305.41351909875,3138.0483456800653,15.0,116.83198947648592,14308.219178082192,0,1,0,0,0,0
6489,23.5873,22290.64518589298,-659.6383232550305,5.0,2.43,3.0,-15559.087022113381,15559.087022113381,3138.0483456800653,15.0,116.83198947648592,14308.219178082192,0,1,0,0,0,0
6490,24.6208,21608.908978808904,-659.6383232550305,5.0,2.43,3.0,-16240.823229197455,16240.823229197455,3138.0483456800653,15.0,116.83198947648592,14308.219178082192,0,1,0,0,0,0
6491,22.6774,22890.850096222734,-659.6383232550305,5.0,2.43,3.0,-14958.882111783629,14958.882111783629,3138.0483456800653,15.0,116.83198947648592,14308.219178082192,0,1,0,0,0,0
6492,29.3314,18501.61669328376,-659.6383232550305,5.0,2.43,3.0,-19348.1155147226,19348.1155147226,3138.0483456800653,15.0,116.83198947648592,14308.219178082192,0,1,0,0,0,0
6493,26.0912,20638.97678829471,-659.6383232550305,5.0,2.43,3.0,-17210.75541971165,17210.75541971165,3138.0483456800653,15.0,116.83198947648592,14308.219178082192,0,1,0,0,0,0
6494,32.5915,16351.12979564003,-659.6383232550305,5.0,2.43,3.0,-21498.60241236633,21498.60241236633,3138.0483456800653,15.0,116.83198947648592,14308.219178082192,0,1,0,0,0,0
6495,31.645,16975.477468600922,-659.6383232550305,5.0,2.43,3.0,-20874.25473940544,20874.25473940544,3138.0483456800653,15.0,116.83198947648592,14308.219178082192,0,1,0,0,0,0
6496,28.5357,19026.49090709779,-659.6383232550305,5.0,2.43,3.0,-18823.241300908572,18823.241300908572,3138.0483456800653,15.0,116.83198947648592,14308.219178082192,0,1,0,0,0,0
6497,22.9627,22702.65528259807,-659.6383232550305,5.0,2.43,3.0,-15147.07692540829,15147.07692540829,3138.0483456800653,15.0,116.83198947648592,14308.219178082192,0,1,0,0,0,0
6498,37.3699,13199.114031798195,-659.6383232550305,5.0,2.43,3.0,-24650.618176208165,24650.618176208165,3138.0483456800653,15.0,116.83198947648592,14308.219178082192,0,1,0,0,0,0
6499,25.0114,21351.254249745492,-659.6383232550305,5.0,2.43,3.0,-16498.477958260868,16498.477958260868,3138.0483456800653,15.0,116.83198947648592,14308.219178082192,0,1,0,0,0,0
6500,29.5446,18360.98180276579,-659.6383232550305,5.0,2.43,3.0,-19488.750405240575,19488.750405240575,3138.0483456800653,15.0,116.83198947648592,14308.219178082192,0,1,0,0,0,0
6501,25.479,21042.80736979144,-659.6383232550305,5.0,2.43,3.0,-16806.924838214924,16806.924838214924,3138.0483456800653,15.0,116.83198947648592,14308.219178082192,0,1,0,0,0,0
6502,21.5086,23661.83536844321,-659.6383232550305,5.0,2.43,3.0,-14187.896839563151,14187.896839563151,3138.0483456800653,15.0,116.83198947648592,14308.219178082192,0,1,0,0,0,0
6503,16.6294,26880.342675269156,-659.6383232550305,5.0,2.43,3.0,-10969.389532737205,10969.389532737205,3138.0483456800653,15.0,116.83198947648592,14308.219178082192,0,1,0,0,0,0
6504,18.1854,25853.945444284327,-659.6383232550305,5.0,2.43,3.0,-11995.786763722033,11995.786763722033,3138.0483456800653,15.0,116.83198947648592,14308.219178082192,0,1,0,0,0,0
6505,18.0816,25922.4159022382,-659.6383232550305,5.0,2.43,3.0,-11927.316305768161,11927.316305768161,3138.0483456800653,15.0,116.83198947648592,14308.219178082192,0,1,0,0,0,0
6506,15.6435,27530.68009816629,-659.6383232550305,5.0,2.43,3.0,-10319.05210984007,10319.05210984007,3138.0483456800653,15.0,116.83198947648592,14308.219178082192,0,1,0,0,0,0
6507,15.9275,27343.342814361862,-659.6383232550305,5.0,2.43,3.0,-10506.389393644498,10506.389393644498,3138.0483456800653,15.0,116.83198947648592,14308.219178082192,0,1,0,0,0,0
6508,15.3122,27749.21827466068,-659.6383232550305,5.0,2.43,3.0,-10100.51393334568,10100.51393334568,3138.0483456800653,15.0,116.83198947648592,14308.219178082192,0,1,0,0,0,0
6509,14.0922,28553.97702903182,-659.6383232550305,5.0,2.43,3.0,-9295.755178974541,9295.755178974541,3138.0483456800653,15.0,116.83198947648592,14308.219178082192,0,1,0,0,0,0
6510,13.7997,28746.921238583916,-659.6383232550305,5.0,2.43,3.0,-9102.810969422444,9102.810969422444,3138.0483456800653,15.0,116.83198947648592,14308.219178082192,0,1,0,0,0,0
6511,19.063,25275.046851795712,-659.6383232550305,5.0,2.43,3.0,-12574.685356210646,12574.685356210646,3138.0483456800653,15.0,116.83198947648592,14308.219178082192,0,1,0,0,0,0
6512,23.7913,22156.078967948954,-659.6383232550305,5.0,2.43,3.0,-15693.653240057407,15693.653240057407,3138.0483456800653,15.0,116.83198947648592,14308.219178082192,0,1,0,0,0,0
6513,22.8106,22802.98627156516,-659.6383232550305,5.0,2.43,3.0,-15046.745936441199,15046.745936441199,3138.0483456800653,15.0,116.83198947648592,14308.219178082192,0,1,0,0,0,0
6514,28.4519,19081.76859858656,-659.6383232550305,5.0,2.43,3.0,-18767.963609419803,18767.963609419803,3138.0483456800653,15.0,116.83198947648592,14308.219178082192,0,1,0,0,0,0
6515,25.6862,20906.130309212997,-659.6383232550305,5.0,2.43,3.0,-16943.601898793364,16943.601898793364,3138.0483456800653,15.0,116.83198947648592,14308.219178082192,0,1,0,0,0,0
6516,26.6754,20253.616079849122,-659.6383232550305,5.0,2.43,3.0,-17596.116128157242,17596.116128157242,3138.0483456800653,15.0,116.83198947648592,14308.219178082192,0,1,0,0,0,0
6517,25.8924,20770.11288695781,-659.6383232550305,5.0,2.43,3.0,-17079.61932104855,17079.61932104855,3138.0483456800653,15.0,116.83198947648592,14308.219178082192,0,1,0,0,0,0
6518,33.3168,15872.694119783162,-659.6383232550305,5.0,2.43,3.0,-21977.038088223202,21977.038088223202,3138.0483456800653,15.0,116.83198947648592,14308.219178082192,0,1,0,0,0,0
6519,46.3426,7280.377248727786,-659.6383232550305,5.0,2.43,3.0,-30569.354959278575,30569.354959278575,3138.0483456800653,15.0,116.83198947648592,14308.219178082192,0,1,0,0,0,0
6520,26.831,20150.976356750638,-659.6383232550305,5.0,2.43,3.0,-17698.755851255723,17698.755851255723,3138.0483456800653,15.0,116.83198947648592,14308.219178082192,0,1,0,0,0,0
6521,23.8452,22120.524462325506,-659.6383232550305,5.0,2.43,3.0,-15729.207745680853,15729.207745680853,3138.0483456800653,15.0,116.83198947648592,14308.219178082192,0,1,0,0,0,0
6522,44.1759,8709.615603724462,-659.6383232550305,5.0,2.43,3.0,-29140.116604281902,29140.116604281902,3138.0483456800653,15.0,116.83198947648592,14308.219178082192,0,1,0,0,0,0
6523,25.3033,21158.70582318735,-659.6383232550305,5.0,2.43,3.0,-16691.026384819015,16691.026384819015,3138.0483456800653,15.0,116.83198947648592,14308.219178082192,0,1,0,0,0,0
6524,24.3887,21762.011033636398,-659.6383232550305,5.0,2.43,3.0,-16087.721174369963,16087.721174369963,3138.0483456800653,15.0,116.83198947648592,14308.219178082192,0,1,0,0,0,0
6525,21.8758,23419.616176143965,-659.6383232550305,5.0,2.43,3.0,-14430.116031862397,14430.116031862397,3138.0483456800653,15.0,116.83198947648592,14308.219178082192,0,1,0,0,0,0
6526,20.6278,24242.84480356624,-659.6383232550305,5.0,2.43,3.0,-13606.887404440118,13606.887404440118,3138.0483456800653,15.0,116.83198947648592,14308.219178082192,0,1,0,0,0,0
6527,20.5672,24282.818885955494,-659.6383232550305,5.0,2.43,3.0,-13566.913322050863,13566.913322050863,3138.0483456800653,15.0,116.83198947648592,14308.219178082192,0,1,0,0,0,0
6528,19.8765,24738.43107582775,-659.6383232550305,5.0,2.43,3.0,-13111.301132178614,13111.301132178614,3138.0483456800653,15.0,116.83198947648592,14308.219178082192,0,1,0,0,0,0
6529,17.2145,26494.38829233264,-659.6383232550305,5.0,2.43,3.0,-11355.343915673724,11355.343915673724,3138.0483456800653,15.0,116.83198947648592,14308.219178082192,0,1,0,0,0,0
6530,17.6171,26228.81790339016,-659.6383232550305,5.0,2.43,3.0,-11620.914304616199,11620.914304616199,3138.0483456800653,15.0,116.83198947648592,14308.219178082192,0,1,0,0,0,0
6531,18.3768,25727.690669213316,-659.6383232550305,5.0,2.43,3.0,-12122.041538793044,12122.041538793044,3138.0483456800653,15.0,116.83198947648592,14308.219178082192,0,1,0,0,0,0
6532,24.318,21808.64746309053,-659.6383232550305,5.0,2.43,3.0,-16041.084744915834,16041.084744915834,3138.0483456800653,15.0,116.83198947648592,14308.219178082192,0,1,0,0,0,0
6533,29.3142,18512.962472443745,-659.6383232550305,5.0,2.43,3.0,-19336.769735562615,19336.769735562615,3138.0483456800653,15.0,116.83198947648592,14308.219178082192,0,1,0,0,0,0
6534,22.7403,22849.35884568999,-659.6383232550305,5.0,2.43,3.0,-15000.373362316372,15000.373362316372,3138.0483456800653,15.0,116.83198947648592,14308.219178082192,0,1,0,0,0,0
6535,21.9179,23391.84540273493,-659.6383232550305,5.0,2.43,3.0,-14457.886805271433,14457.886805271433,3138.0483456800653,15.0,116.83198947648592,14308.219178082192,0,1,0,0,0,0
6536,24.4845,21698.817682268564,-659.6383232550305,5.0,2.43,3.0,-16150.914525737795,16150.914525737795,3138.0483456800653,15.0,116.83198947648592,14308.219178082192,0,1,0,0,0,0
6537,23.0978,22613.538145126317,-659.6383232550305,5.0,2.43,3.0,-15236.194062880044,15236.194062880044,3138.0483456800653,15.0,116.83198947648592,14308.219178082192,0,1,0,0,0,0
6538,23.0436,22649.290542246737,-659.6383232550305,5.0,2.43,3.0,-15200.441665759621,15200.441665759621,3138.0483456800653,15.0,116.83198947648592,14308.219178082192,0,1,0,0,0,0
6539,21.8374,23444.94628775696,-659.6383232550305,5.0,2.43,3.0,-14404.785920249402,14404.785920249402,3138.0483456800653,15.0,116.83198947648592,14308.219178082192,0,1,0,0,0,0
6540,20.1147,24581.3052272284,-659.6383232550305,5.0,2.43,3.0,-13268.426980777962,13268.426980777962,3138.0483456800653,15.0,116.83198947648592,14308.219178082192,0,1,0,0,0,0
6541,28.5185,19037.83668625777,-659.6383232550305,5.0,2.43,3.0,-18811.89552174859,18811.89552174859,3138.0483456800653,15.0,116.83198947648592,14308.219178082192,0,1,0,0,0,0
6542,24.9687,21379.420806148482,-659.6383232550305,5.0,2.43,3.0,-16470.311401857878,16470.311401857878,3138.0483456800653,15.0,116.83198947648592,14308.219178082192,0,1,0,0,0,0
6543,23.2476,22514.724324302715,-659.6383232550305,5.0,2.43,3.0,-15335.007883703647,15335.007883703647,3138.0483456800653,15.0,116.83198947648592,14308.219178082192,0,1,0,0,0,0
6544,26.4746,20386.07145515873,-659.6383232550305,5.0,2.43,3.0,-17463.66075284763,17463.66075284763,3138.0483456800653,15.0,116.83198947648592,14308.219178082192,0,1,0,0,0,0
6545,29.6629,18282.946589124716,-659.6383232550305,5.0,2.43,3.0,-19566.785618881644,19566.785618881644,3138.0483456800653,15.0,116.83198947648592,14308.219178082192,0,1,0,0,0,0
6546,32.3131,16534.773104834236,-659.6383232550305,5.0,2.43,3.0,-21314.959103172125,21314.959103172125,3138.0483456800653,15.0,116.83198947648592,14308.219178082192,0,1,0,0,0,0
6547,25.7728,20849.00563041911,-659.6383232550305,5.0,2.43,3.0,-17000.72657758725,17000.72657758725,3138.0483456800653,15.0,116.83198947648592,14308.219178082192,0,1,0,0,0,0
6548,23.207,22541.505640226867,-659.6383232550305,5.0,2.43,3.0,-15308.226567779493,15308.226567779493,3138.0483456800653,15.0,116.83198947648592,14308.219178082192,0,1,0,0,0,0
6549,21.6927,23540.395953131963,-659.6383232550305,5.0,2.43,3.0,-14309.336254874399,14309.336254874399,3138.0483456800653,15.0,116.83198947648592,14308.219178082192,0,1,0,0,0,0
6550,17.785,26118.064628915643,-659.6383232550305,5.0,2.43,3.0,-11731.667579090717,11731.667579090717,3138.0483456800653,15.0,116.83198947648592,14308.219178082192,0,1,0,0,0,0
6551,17.9288,26023.20863803157,-659.6383232550305,5.0,2.43,3.0,-11826.52356997479,11826.52356997479,3138.0483456800653,15.0,116.83198947648592,14308.219178082192,0,1,0,0,0,0
6552,18.8318,25427.555232132276,-659.6383232550305,5.0,2.43,3.0,-12422.176975874085,12422.176975874085,3138.0483456800653,15.0,116.83198947648592,14308.219178082192,0,1,0,0,0,0
6553,16.869,26722.293333017253,-659.6383232550305,5.0,2.43,3.0,-11127.43887498911,11127.43887498911,3138.0483456800653,15.0,116.83198947648592,14308.219178082192,0,1,0,0,0,0
6554,16.5962,26902.242667601226,-659.6383232550305,5.0,2.43,3.0,-10947.489540405137,10947.489540405137,3138.0483456800653,15.0,116.83198947648592,14308.219178082192,0,1,0,0,0,0
6555,17.5432,26277.56517547871,-659.6383232550305,5.0,2.43,3.0,-11572.16703252765,11572.16703252765,3138.0483456800653,15.0,116.83198947648592,14308.219178082192,0,1,0,0,0,0
6556,21.9516,23369.615591241236,-659.6383232550305,5.0,2.43,3.0,-14480.116616765128,14480.116616765128,3138.0483456800653,15.0,116.83198947648592,14308.219178082192,0,1,0,0,0,0
6557,38.5685,12408.471537544716,-659.6383232550305,5.0,2.43,3.0,-25441.260670461645,25441.260670461645,3138.0483456800653,15.0,116.83198947648592,14308.219178082192,0,1,0,0,0,0
6558,21.9749,23354.24601830939,-659.6383232550305,5.0,2.43,3.0,-14495.48618969697,14495.48618969697,3138.0483456800653,15.0,116.83198947648592,14308.219178082192,0,1,0,0,0,0
6559,21.0672,23952.999724327983,-659.6383232550305,5.0,2.43,3.0,-13896.73248367838,13896.73248367838,3138.0483456800653,15.0,116.83198947648592,14308.219178082192,0,1,0,0,0,0
6560,26.4036,20432.905776109837,-659.6383232550305,5.0,2.43,3.0,-17416.826431896523,17416.826431896523,3138.0483456800653,15.0,116.83198947648592,14308.219178082192,0,1,0,0,0,0
6561,27.4051,19772.277995369925,-659.6383232550305,5.0,2.43,3.0,-18077.454212636436,18077.454212636436,3138.0483456800653,15.0,116.83198947648592,14308.219178082192,0,1,0,0,0,0
6562,31.1725,17287.156576338923,-659.6383232550305,5.0,2.43,3.0,-20562.575631667438,20562.575631667438,3138.0483456800653,15.0,116.83198947648592,14308.219178082192,0,1,0,0,0,0
6563,44.8824,8243.581128344784,-659.6383232550305,5.0,2.43,3.0,-29606.15107966158,29606.15107966158,3138.0483456800653,15.0,116.83198947648592,14308.219178082192,0,1,0,0,0,0
6564,43.1993,9353.818390215321,-659.6383232550305,5.0,2.43,3.0,-28495.91381779104,28495.91381779104,3138.0483456800653,15.0,116.83198947648592,14308.219178082192,0,1,0,0,0,0
6565,746.5853,462129.15574426897,650.0,0,2.43,3.0,485280.44499999995,-485280.44499999995,15071.972825128516,0,556.8949724310688,14308.219178082192,1,0,0,0,0,0
6566,739.5428,457551.5307442691,650.0,0,2.43,3.0,480702.82000000007,-480702.82000000007,15071.972825128516,0,556.8949724310688,14308.219178082192,1,0,0,0,0,0
6567,382.3311,225363.925744269,650.0,0,2.43,3.0,248515.215,-248515.215,15071.972825128516,0,556.8949724310688,14308.219178082192,1,0,0,0,0,0
6568,471.2632,283169.79074426903,650.0,0,2.43,3.0,306321.08,-306321.08,15071.972825128516,0,556.8949724310688,14308.219178082192,1,0,0,0,0,0
6569,30.5867,17673.57270610172,-659.6383232550305,5.0,2.43,3.0,-20176.159501904644,20176.159501904644,3138.0483456800653,15.0,116.83198947648592,14308.219178082192,0,1,0,0,0,0
6570,29.3714,18475.231160353556,-659.6383232550305,5.0,2.43,3.0,-19374.501047652804,19374.501047652804,3138.0483456800653,15.0,116.83198947648592,14308.219178082192,0,1,0,0,0,0
6571,28.1482,19282.100757359112,-659.6383232550305,5.0,2.43,3.0,-18567.631450647248,18567.631450647248,3138.0483456800653,15.0,116.83198947648592,14308.219178082192,0,1,0,0,0,0
6572,25.5317,21008.044430155896,-659.6383232550305,5.0,2.43,3.0,-16841.687777850464,16841.687777850464,3138.0483456800653,15.0,116.83198947648592,14308.219178082192,0,1,0,0,0,0
6573,24.2811,21832.988117218643,-659.6383232550305,5.0,2.43,3.0,-16016.74409078772,16016.74409078772,3138.0483456800653,15.0,116.83198947648592,14308.219178082192,0,1,0,0,0,0
6574,23.0604,22638.208618416054,-659.6383232550305,5.0,2.43,3.0,-15211.523589590306,15211.523589590306,3138.0483456800653,15.0,116.83198947648592,14308.219178082192,0,1,0,0,0,0
6575,19.3976,25054.331868834583,-659.6383232550305,5.0,2.43,3.0,-12795.40033917178,12795.40033917178,3138.0483456800653,15.0,116.83198947648592,14308.219178082192,0,1,0,0,0,0
6576,19.1353,25227.355001024378,-659.6383232550305,5.0,2.43,3.0,-12622.377206981986,12622.377206981986,3138.0483456800653,15.0,116.83198947648592,14308.219178082192,0,1,0,0,0,0
6577,17.2206,26490.364498560783,-659.6383232550305,5.0,2.43,3.0,-11359.36770944558,11359.36770944558,3138.0483456800653,15.0,116.83198947648592,14308.219178082192,0,1,0,0,0,0
6578,16.8627,26726.44905445376,-659.6383232550305,5.0,2.43,3.0,-11123.283153552604,11123.283153552604,3138.0483456800653,15.0,116.83198947648592,14308.219178082192,0,1,0,0,0,0
6579,18.3443,25749.128914719106,-659.6383232550305,5.0,2.43,3.0,-12100.603293287257,12100.603293287257,3138.0483456800653,15.0,116.83198947648592,14308.219178082192,0,1,0,0,0,0
6580,21.137,23906.95696936478,-659.6383232550305,5.0,2.43,3.0,-13942.77523864158,13942.77523864158,3138.0483456800653,15.0,116.83198947648592,14308.219178082192,0,1,0,0,0,0
6581,27.0026,20037.782420480075,-659.6383232550305,5.0,2.43,3.0,-17811.949787526286,17811.949787526286,3138.0483456800653,15.0,116.83198947648592,14308.219178082192,0,1,0,0,0,0
6582,23.5421,22320.460838104103,-659.6383232550305,5.0,2.43,3.0,-15529.271369902255,15529.271369902255,3138.0483456800653,15.0,116.83198947648592,14308.219178082192,0,1,0,0,0,0
6583,22.4701,23027.5931206335,-659.6383232550305,5.0,2.43,3.0,-14822.13908737286,14822.13908737286,3138.0483456800653,15.0,116.83198947648592,14308.219178082192,0,1,0,0,0,0
6584,23.1909,22552.125817231274,-659.6383232550305,5.0,2.43,3.0,-15297.606390775087,15297.606390775087,3138.0483456800653,15.0,116.83198947648592,14308.219178082192,0,1,0,0,0,0
6585,23.4752,22364.59064192987,-659.6383232550305,5.0,2.43,3.0,-15485.141566076492,15485.141566076492,3138.0483456800653,15.0,116.83198947648592,14308.219178082192,0,1,0,0,0,0
6586,25.4996,21029.218820332386,-659.6383232550305,5.0,2.43,3.0,-16820.51338767398,16820.51338767398,3138.0483456800653,15.0,116.83198947648592,14308.219178082192,0,1,0,0,0,0
6587,29.0298,18700.563611577476,-659.6383232550305,5.0,2.43,3.0,-19149.168596428884,19149.168596428884,3138.0483456800653,15.0,116.83198947648592,14308.219178082192,0,1,0,0,0,0
6588,35.9838,14113.438711661995,-659.6383232550305,5.0,2.43,3.0,-23736.29349634437,23736.29349634437,3138.0483456800653,15.0,116.83198947648592,14308.219178082192,0,1,0,0,0,0
6589,50.1485,9445.23574426902,650.0,0,2.43,3.0,32596.524999999998,-32596.524999999998,15071.972825128516,0,556.8949724310688,14308.219178082192,1,0,0,0,0,0
6590,132.9592,63272.19074426904,650.0,0,2.43,3.0,86423.48000000001,-86423.48000000001,15071.972825128516,0,556.8949724310688,14308.219178082192,1,0,0,0,0,0
6591,218.8642,119110.44074426904,650.0,0,2.43,3.0,142261.73,-142261.73,15071.972825128516,0,556.8949724310688,14308.219178082192,1,0,0,0,0,0
6592,84.581,31826.360744269023,650.0,0,2.43,3.0,54977.65,-54977.65,15071.972825128516,0,556.8949724310688,14308.219178082192,1,0,0,0,0,0
6593,27.8977,19447.340157334496,-659.6383232550305,5.0,2.43,3.0,-18402.392050671864,18402.392050671864,3138.0483456800653,15.0,116.83198947648592,14308.219178082192,0,1,0,0,0,0
6594,28.968,18741.329259954637,-659.6383232550305,5.0,2.43,3.0,-19108.402948051724,19108.402948051724,3138.0483456800653,15.0,116.83198947648592,14308.219178082192,0,1,0,0,0,0
6595,25.5791,20976.777573633608,-659.6383232550305,5.0,2.43,3.0,-16872.954634372752,16872.954634372752,3138.0483456800653,15.0,116.83198947648592,14308.219178082192,0,1,0,0,0,0
6596,23.4466,22383.45629797496,-659.6383232550305,5.0,2.43,3.0,-15466.275910031398,15466.275910031398,3138.0483456800653,15.0,116.83198947648592,14308.219178082192,0,1,0,0,0,0
6597,23.2506,22512.74540933295,-659.6383232550305,5.0,2.43,3.0,-15336.986798673412,15336.986798673412,3138.0483456800653,15.0,116.83198947648592,14308.219178082192,0,1,0,0,0,0
6598,25.7418,20869.454418440015,-659.6383232550305,5.0,2.43,3.0,-16980.277789566346,16980.277789566346,3138.0483456800653,15.0,116.83198947648592,14308.219178082192,0,1,0,0,0,0
6599,21.0293,23978.000016779348,-659.6383232550305,5.0,2.43,3.0,-13871.732191227013,13871.732191227013,3138.0483456800653,15.0,116.83198947648592,14308.219178082192,0,1,0,0,0,0
6600,22.9035,22741.705871334765,-659.6383232550305,5.0,2.43,3.0,-15108.026336671592,15108.026336671592,3138.0483456800653,15.0,116.83198947648592,14308.219178082192,0,1,0,0,0,0
6601,18.8708,25401.829337525334,-659.6383232550305,5.0,2.43,3.0,-12447.90287048103,12447.90287048103,3138.0483456800653,15.0,116.83198947648592,14308.219178082192,0,1,0,0,0,0
6602,18.8103,25441.737456082257,-659.6383232550305,5.0,2.43,3.0,-12407.994751924101,12407.994751924101,3138.0483456800653,15.0,116.83198947648592,14308.219178082192,0,1,0,0,0,0
6603,19.7118,24847.07350766785,-659.6383232550305,5.0,2.43,3.0,-13002.65870033851,13002.65870033851,3138.0483456800653,15.0,116.83198947648592,14308.219178082192,0,1,0,0,0,0
6604,21.3426,23771.335330103546,-659.6383232550305,5.0,2.43,3.0,-14078.396877902815,14078.396877902815,3138.0483456800653,15.0,116.83198947648592,14308.219178082192,0,1,0,0,0,0
6605,24.8708,21443.99939799515,-659.6383232550305,5.0,2.43,3.0,-16405.732810011214,16405.732810011214,3138.0483456800653,15.0,116.83198947648592,14308.219178082192,0,1,0,0,0,0
6606,22.4721,23026.27384398699,-659.6383232550305,5.0,2.43,3.0,-14823.458364019372,14823.458364019372,3138.0483456800653,15.0,116.83198947648592,14308.219178082192,0,1,0,0,0,0
6607,24.4644,21712.07641256599,-659.6383232550305,5.0,2.43,3.0,-16137.655795440369,16137.655795440369,3138.0483456800653,15.0,116.83198947648592,14308.219178082192,0,1,0,0,0,0
6608,25.3564,21123.679028222505,-659.6383232550305,5.0,2.43,3.0,-16726.053179783856,16726.053179783856,3138.0483456800653,15.0,116.83198947648592,14308.219178082192,0,1,0,0,0,0
6609,23.5168,22337.14968768246,-659.6383232550305,5.0,2.43,3.0,-15512.582520323902,15512.582520323902,3138.0483456800653,15.0,116.83198947648592,14308.219178082192,0,1,0,0,0,0
6610,35.6411,14339.496765041495,-659.6383232550305,5.0,2.43,3.0,-23510.23544296487,23510.23544296487,3138.0483456800653,15.0,116.83198947648592,14308.219178082192,0,1,0,0,0,0
6611,28.3216,19167.719472106688,-659.6383232550305,5.0,2.43,3.0,-18682.012735899672,18682.012735899672,3138.0483456800653,15.0,116.83198947648592,14308.219178082192,0,1,0,0,0,0
6612,59.6351,15611.525744269025,650.0,0,2.43,3.0,38762.815,-38762.815,15071.972825128516,0,556.8949724310688,14308.219178082192,1,0,0,0,0,0
6613,26.5094,20363.116041509456,-659.6383232550305,5.0,2.43,3.0,-17486.616166496904,17486.616166496904,3138.0483456800653,15.0,116.83198947648592,14308.219178082192,0,1,0,0,0,0
6614,25.1038,21290.303668676726,-659.6383232550305,5.0,2.43,3.0,-16559.428539329634,16559.428539329634,3138.0483456800653,15.0,116.83198947648592,14308.219178082192,0,1,0,0,0,0
6615,25.8211,20817.14509940589,-659.6383232550305,5.0,2.43,3.0,-17032.58710860047,17032.58710860047,3138.0483456800653,15.0,116.83198947648592,14308.219178082192,0,1,0,0,0,0
6616,25.3493,21128.362460317618,-659.6383232550305,5.0,2.43,3.0,-16721.369747688746,16721.369747688746,3138.0483456800653,15.0,116.83198947648592,14308.219178082192,0,1,0,0,0,0
6617,25.6229,20947.885415075038,-659.6383232550305,5.0,2.43,3.0,-16901.846792931323,16901.846792931323,3138.0483456800653,15.0,116.83198947648592,14308.219178082192,0,1,0,0,0,0
6618,26.0972,20635.018958355176,-659.6383232550305,5.0,2.43,3.0,-17214.713249651184,17214.713249651184,3138.0483456800653,15.0,116.83198947648592,14308.219178082192,0,1,0,0,0,0
6619,22.4713,23026.801554645594,-659.6383232550305,5.0,2.43,3.0,-14822.930653360767,14822.930653360767,3138.0483456800653,15.0,116.83198947648592,14308.219178082192,0,1,0,0,0,0
6620,21.6566,23564.208896601467,-659.6383232550305,5.0,2.43,3.0,-14285.523311404895,14285.523311404895,3138.0483456800653,15.0,116.83198947648592,14308.219178082192,0,1,0,0,0,0
6621,21.1931,23869.95125943017,-659.6383232550305,5.0,2.43,3.0,-13979.780948576188,13979.780948576188,3138.0483456800653,15.0,116.83198947648592,14308.219178082192,0,1,0,0,0,0
6622,17.8519,26073.93482508988,-659.6383232550305,5.0,2.43,3.0,-11775.79738291648,11775.79738291648,3138.0483456800653,15.0,116.83198947648592,14308.219178082192,0,1,0,0,0,0
6623,16.62,26886.543275507753,-659.6383232550305,5.0,2.43,3.0,-10963.188932498608,10963.188932498608,3138.0483456800653,15.0,116.83198947648592,14308.219178082192,0,1,0,0,0,0
6624,15.6102,27552.646054330682,-659.6383232550305,5.0,2.43,3.0,-10297.086153675678,10297.086153675678,3138.0483456800653,15.0,116.83198947648592,14308.219178082192,0,1,0,0,0,0
6625,14.8963,28023.56185330245,-659.6383232550305,5.0,2.43,3.0,-9826.17035470391,9826.17035470391,3138.0483456800653,15.0,116.83198947648592,14308.219178082192,0,1,0,0,0,0
6626,14.7618,28112.283207780252,-659.6383232550305,5.0,2.43,3.0,-9737.449000226108,9737.449000226108,3138.0483456800653,15.0,116.83198947648592,14308.219178082192,0,1,0,0,0,0
6627,14.3094,28410.70358522083,-659.6383232550305,5.0,2.43,3.0,-9439.028622785534,9439.028622785534,3138.0483456800653,15.0,116.83198947648592,14308.219178082192,0,1,0,0,0,0
6628,17.8729,26060.08242030152,-659.6383232550305,5.0,2.43,3.0,-11789.649787704835,11789.649787704835,3138.0483456800653,15.0,116.83198947648592,14308.219178082192,0,1,0,0,0,0
6629,21.428,23715.002217297566,-659.6383232550305,5.0,2.43,3.0,-14134.729990708795,14134.729990708795,3138.0483456800653,15.0,116.83198947648592,14308.219178082192,0,1,0,0,0,0
6630,19.8621,24747.92986768262,-659.6383232550305,5.0,2.43,3.0,-13101.802340323742,13101.802340323742,3138.0483456800653,15.0,116.83198947648592,14308.219178082192,0,1,0,0,0,0
6631,20.1355,24567.584750104696,-659.6383232550305,5.0,2.43,3.0,-13282.147457901667,13282.147457901667,3138.0483456800653,15.0,116.83198947648592,14308.219178082192,0,1,0,0,0,0
6632,21.0506,23963.949720494013,-659.6383232550305,5.0,2.43,3.0,-13885.782487512344,13885.782487512344,3138.0483456800653,15.0,116.83198947648592,14308.219178082192,0,1,0,0,0,0
6633,20.0016,24655.91032158854,-659.6383232550305,5.0,2.43,3.0,-13193.821886417818,13193.821886417818,3138.0483456800653,15.0,116.83198947648592,14308.219178082192,0,1,0,0,0,0
6634,22.1239,23255.959908144392,-659.6383232550305,5.0,2.43,3.0,-14593.772299861968,14593.772299861968,3138.0483456800653,15.0,116.83198947648592,14308.219178082192,0,1,0,0,0,0
6635,21.3629,23757.94467214147,-659.6383232550305,5.0,2.43,3.0,-14091.78753586489,14091.78753586489,3138.0483456800653,15.0,116.83198947648592,14308.219178082192,0,1,0,0,0,0
6636,23.3447,22450.67344311465,-659.6383232550305,5.0,2.43,3.0,-15399.05876489171,15399.05876489171,3138.0483456800653,15.0,116.83198947648592,14308.219178082192,0,1,0,0,0,0
6637,23.5879,22290.249402899026,-659.6383232550305,5.0,2.43,3.0,-15559.482805107335,15559.482805107335,3138.0483456800653,15.0,116.83198947648592,14308.219178082192,0,1,0,0,0,0
6638,22.6276,22923.700084720833,-659.6383232550305,5.0,2.43,3.0,-14926.03212328553,14926.03212328553,3138.0483456800653,15.0,116.83198947648592,14308.219178082192,0,1,0,0,0,0
6639,22.5818,22953.91151992591,-659.6383232550305,5.0,2.43,3.0,-14895.820688080448,14895.820688080448,3138.0483456800653,15.0,116.83198947648592,14308.219178082192,0,1,0,0,0,0
6640,21.4683,23688.41879287039,-659.6383232550305,5.0,2.43,3.0,-14161.313415135972,14161.313415135972,3138.0483456800653,15.0,116.83198947648592,14308.219178082192,0,1,0,0,0,0
6641,19.8712,24741.927158941,-659.6383232550305,5.0,2.43,3.0,-13107.805049065364,13107.805049065364,3138.0483456800653,15.0,116.83198947648592,14308.219178082192,0,1,0,0,0,0
6642,20.7939,24133.27887807358,-659.6383232550305,5.0,2.43,3.0,-13716.45332993278,13716.45332993278,3138.0483456800653,15.0,116.83198947648592,14308.219178082192,0,1,0,0,0,0
6643,16.1891,27170.781428998347,-659.6383232550305,5.0,2.43,3.0,-10678.950779008015,10678.950779008015,3138.0483456800653,15.0,116.83198947648592,14308.219178082192,0,1,0,0,0,0
6644,16.2524,27129.026323136302,-659.6383232550305,5.0,2.43,3.0,-10720.705884870058,10720.705884870058,3138.0483456800653,15.0,116.83198947648592,14308.219178082192,0,1,0,0,0,0
6645,16.4952,26968.86613824998,-659.6383232550305,5.0,2.43,3.0,-10880.86606975638,10880.86606975638,3138.0483456800653,15.0,116.83198947648592,14308.219178082192,0,1,0,0,0,0
6646,13.7294,28793.293812708747,-659.6383232550305,5.0,2.43,3.0,-9056.438395297617,9056.438395297617,3138.0483456800653,15.0,116.83198947648592,14308.219178082192,0,1,0,0,0,0
6647,15.4926,27630.219521145475,-659.6383232550305,5.0,2.43,3.0,-10219.512686860886,10219.512686860886,3138.0483456800653,15.0,116.83198947648592,14308.219178082192,0,1,0,0,0,0
6648,17.1373,26545.31237088793,-659.6383232550305,5.0,2.43,3.0,-11304.419837118434,11304.419837118434,3138.0483456800653,15.0,116.83198947648592,14308.219178082192,0,1,0,0,0,0
6649,14.3921,28356.151495887636,-659.6383232550305,5.0,2.43,3.0,-9493.580712118724,9493.580712118724,3138.0483456800653,15.0,116.83198947648592,14308.219178082192,0,1,0,0,0,0
6650,12.9771,29289.539723293507,-659.6383232550305,5.0,2.43,3.0,-8560.192484712856,8560.192484712856,3138.0483456800653,15.0,116.83198947648592,14308.219178082192,0,1,0,0,0,0
6651,12.9285,29321.5981458037,-659.6383232550305,5.0,2.43,3.0,-8528.134062202662,8528.134062202662,3138.0483456800653,15.0,116.83198947648592,14308.219178082192,0,1,0,0,0,0
6652,12.923,29325.2261565816,-659.6383232550305,5.0,2.43,3.0,-8524.50605142476,8524.50605142476,3138.0483456800653,15.0,116.83198947648592,14308.219178082192,0,1,0,0,0,0
6653,13.3375,29051.806071592393,-659.6383232550305,5.0,2.43,3.0,-8797.92613641397,8797.92613641397,3138.0483456800653,15.0,116.83198947648592,14308.219178082192,0,1,0,0,0,0
6654,13.7326,28791.18297007433,-659.6383232550305,5.0,2.43,3.0,-9058.549237932031,9058.549237932031,3138.0483456800653,15.0,116.83198947648592,14308.219178082192,0,1,0,0,0,0
6655,14.1807,28495.59903742375,-659.6383232550305,5.0,2.43,3.0,-9354.13317058261,9354.13317058261,3138.0483456800653,15.0,116.83198947648592,14308.219178082192,0,1,0,0,0,0
6656,14.0633,28573.04057657389,-659.6383232550305,5.0,2.43,3.0,-9276.69163143247,9276.69163143247,3138.0483456800653,15.0,116.83198947648592,14308.219178082192,0,1,0,0,0,0
6657,13.0207,29260.779492399583,-659.6383232550305,5.0,2.43,3.0,-8588.952715606776,8588.952715606776,3138.0483456800653,15.0,116.83198947648592,14308.219178082192,0,1,0,0,0,0
6658,14.7974,28088.80008347237,-659.6383232550305,5.0,2.43,3.0,-9760.932124533989,9760.932124533989,3138.0483456800653,15.0,116.83198947648592,14308.219178082192,0,1,0,0,0,0
6659,15.8461,27397.03737387482,-659.6383232550305,5.0,2.43,3.0,-10452.694834131538,10452.694834131538,3138.0483456800653,15.0,116.83198947648592,14308.219178082192,0,1,0,0,0,0
6660,16.3666,27053.69562662058,-659.6383232550305,5.0,2.43,3.0,-10796.03658138578,10796.03658138578,3138.0483456800653,15.0,116.83198947648592,14308.219178082192,0,1,0,0,0,0
6661,15.3002,27757.133934539743,-659.6383232550305,5.0,2.43,3.0,-10092.598273466618,10092.598273466618,3138.0483456800653,15.0,116.83198947648592,14308.219178082192,0,1,0,0,0,0
6662,16.8084,26762.267415406506,-659.6383232550305,5.0,2.43,3.0,-11087.464792599854,11087.464792599854,3138.0483456800653,15.0,116.83198947648592,14308.219178082192,0,1,0,0,0,0
6663,17.5751,26256.52271296687,-659.6383232550305,5.0,2.43,3.0,-11593.209495039486,11593.209495039486,3138.0483456800653,15.0,116.83198947648592,14308.219178082192,0,1,0,0,0,0
6664,18.8225,25433.689868538546,-659.6383232550305,5.0,2.43,3.0,-12416.042339467813,12416.042339467813,3138.0483456800653,15.0,116.83198947648592,14308.219178082192,0,1,0,0,0,0
6665,19.3437,25089.886374458027,-659.6383232550305,5.0,2.43,3.0,-12759.845833548332,12759.845833548332,3138.0483456800653,15.0,116.83198947648592,14308.219178082192,0,1,0,0,0,0
6666,21.3637,23757.416961482864,-659.6383232550305,5.0,2.43,3.0,-14092.315246523496,14092.315246523496,3138.0483456800653,15.0,116.83198947648592,14308.219178082192,0,1,0,0,0,0
6667,17.3878,26380.072970912544,-659.6383232550305,5.0,2.43,3.0,-11469.659237093818,11469.659237093818,3138.0483456800653,15.0,116.83198947648592,14308.219178082192,0,1,0,0,0,0
6668,14.4343,28328.314758646273,-659.6383232550305,5.0,2.43,3.0,-9521.417449360088,9521.417449360088,3138.0483456800653,15.0,116.83198947648592,14308.219178082192,0,1,0,0,0,0
6669,17.6497,26207.31369405205,-659.6383232550305,5.0,2.43,3.0,-11642.418513954311,11642.418513954311,3138.0483456800653,15.0,116.83198947648592,14308.219178082192,0,1,0,0,0,0
6670,14.65,28186.030772320162,-659.6383232550305,5.0,2.43,3.0,-9663.701435686196,9663.701435686196,3138.0483456800653,15.0,116.83198947648592,14308.219178082192,0,1,0,0,0,0
6671,17.2241,26488.055764429388,-659.6383232550305,5.0,2.43,3.0,-11361.676443576971,11361.676443576971,3138.0483456800653,15.0,116.83198947648592,14308.219178082192,0,1,0,0,0,0
6672,16.6217,26885.421890358222,-659.6383232550305,5.0,2.43,3.0,-10964.310317648142,10964.310317648142,3138.0483456800653,15.0,116.83198947648592,14308.219178082192,0,1,0,0,0,0
6673,11.8619,30025.168381387513,-659.6383232550305,5.0,2.43,3.0,-7824.563826618847,7824.563826618847,3138.0483456800653,15.0,116.83198947648592,14308.219178082192,0,1,0,0,0,0
6674,9.1569,31809.490045792372,-659.6383232550305,5.0,2.43,3.0,-6040.242162213989,6040.242162213989,3138.0483456800653,15.0,116.83198947648592,14308.219178082192,0,1,0,0,0,0
6675,9.3168,31704.013877903893,-659.6383232550305,5.0,2.43,3.0,-6145.718330102469,6145.718330102469,3138.0483456800653,15.0,116.83198947648592,14308.219178082192,0,1,0,0,0,0
6676,11.361,30355.58121750596,-659.6383232550305,5.0,2.43,3.0,-7494.150990500402,7494.150990500402,3138.0483456800653,15.0,116.83198947648592,14308.219178082192,0,1,0,0,0,0
6677,9.5533,31548.009414454078,-659.6383232550305,5.0,2.43,3.0,-6301.722793552283,6301.722793552283,3138.0483456800653,15.0,116.83198947648592,14308.219178082192,0,1,0,0,0,0
6678,10.0467,31222.543865760046,-659.6383232550305,5.0,2.43,3.0,-6627.188342246315,6627.188342246315,3138.0483456800653,15.0,116.83198947648592,14308.219178082192,0,1,0,0,0,0
6679,18.9176,25370.958263996996,-659.6383232550305,5.0,2.43,3.0,-12478.773944009365,12478.773944009365,3138.0483456800653,15.0,116.83198947648592,14308.219178082192,0,1,0,0,0,0
6680,17.3657,26394.650977856476,-659.6383232550305,5.0,2.43,3.0,-11455.081230149885,11455.081230149885,3138.0483456800653,15.0,116.83198947648592,14308.219178082192,0,1,0,0,0,0
6681,16.9712,26654.878296380586,-659.6383232550305,5.0,2.43,3.0,-11194.853911625774,11194.853911625774,3138.0483456800653,15.0,116.83198947648592,14308.219178082192,0,1,0,0,0,0
6682,18.0708,25929.53999612936,-659.6383232550305,5.0,2.43,3.0,-11920.192211877004,11920.192211877004,3138.0483456800653,15.0,116.83198947648592,14308.219178082192,0,1,0,0,0,0
6683,17.8716,26060.939950121756,-659.6383232550305,5.0,2.43,3.0,-11788.792257884605,11788.792257884605,3138.0483456800653,15.0,116.83198947648592,14308.219178082192,0,1,0,0,0,0
6684,18.1188,25897.877356613113,-659.6383232550305,5.0,2.43,3.0,-11951.854851393247,11951.854851393247,3138.0483456800653,15.0,116.83198947648592,14308.219178082192,0,1,0,0,0,0
6685,19.691,24860.793984791555,-659.6383232550305,5.0,2.43,3.0,-12988.938223214805,12988.938223214805,3138.0483456800653,15.0,116.83198947648592,14308.219178082192,0,1,0,0,0,0
6686,20.1127,24582.624503874908,-659.6383232550305,5.0,2.43,3.0,-13267.107704131453,13267.107704131453,3138.0483456800653,15.0,116.83198947648592,14308.219178082192,0,1,0,0,0,0
6687,20.4044,24390.208004981418,-659.6383232550305,5.0,2.43,3.0,-13459.524203024945,13459.524203024945,3138.0483456800653,15.0,116.83198947648592,14308.219178082192,0,1,0,0,0,0
6688,20.8886,24070.81112886133,-659.6383232550305,5.0,2.43,3.0,-13778.921079145031,13778.921079145031,3138.0483456800653,15.0,116.83198947648592,14308.219178082192,0,1,0,0,0,0
6689,24.0223,22003.70251527704,-659.6383232550305,5.0,2.43,3.0,-15846.02969272932,15846.02969272932,3138.0483456800653,15.0,116.83198947648592,14308.219178082192,0,1,0,0,0,0
6690,39.6046,11725.02027082018,-659.6383232550305,5.0,2.43,3.0,-26124.71193718618,26124.71193718618,3138.0483456800653,15.0,116.83198947648592,14308.219178082192,0,1,0,0,0,0
6691,21.0837,23942.115691994273,-659.6383232550305,5.0,2.43,3.0,-13907.616516012087,13907.616516012087,3138.0483456800653,15.0,116.83198947648592,14308.219178082192,0,1,0,0,0,0
6692,19.2658,25141.272199839594,-659.6383232550305,5.0,2.43,3.0,-12708.460008166767,12708.460008166767,3138.0483456800653,15.0,116.83198947648592,14308.219178082192,0,1,0,0,0,0
6693,18.6139,25571.290422769547,-659.6383232550305,5.0,2.43,3.0,-12278.441785236813,12278.441785236813,3138.0483456800653,15.0,116.83198947648592,14308.219178082192,0,1,0,0,0,0
6694,16.6264,26882.32159023892,-659.6383232550305,5.0,2.43,3.0,-10967.41061776744,10967.41061776744,3138.0483456800653,15.0,116.83198947648592,14308.219178082192,0,1,0,0,0,0
6695,16.322,27083.115495837752,-659.6383232550305,5.0,2.43,3.0,-10766.616712168607,10766.616712168607,3138.0483456800653,15.0,116.83198947648592,14308.219178082192,0,1,0,0,0,0
6696,13.1875,29150.751820080644,-659.6383232550305,5.0,2.43,3.0,-8698.980387925714,8698.980387925714,3138.0483456800653,15.0,116.83198947648592,14308.219178082192,0,1,0,0,0,0
6697,13.6478,28847.120299886355,-659.6383232550305,5.0,2.43,3.0,-9002.611908120005,9002.611908120005,3138.0483456800653,15.0,116.83198947648592,14308.219178082192,0,1,0,0,0,0
6698,13.1196,29195.541262229664,-659.6383232550305,5.0,2.43,3.0,-8654.190945776698,8654.190945776698,3138.0483456800653,15.0,116.83198947648592,14308.219178082192,0,1,0,0,0,0
6699,18.3682,25733.36355879331,-659.6383232550305,5.0,2.43,3.0,-12116.368649213053,12116.368649213053,3138.0483456800653,15.0,116.83198947648592,14308.219178082192,0,1,0,0,0,0
6700,20.9166,24052.34125581019,-659.6383232550305,5.0,2.43,3.0,-13797.39095219617,13797.39095219617,3138.0483456800653,15.0,116.83198947648592,14308.219178082192,0,1,0,0,0,0
6701,47.7722,7900.640744269024,650.0,0,2.43,3.0,31051.93,-31051.93,15071.972825128516,0,556.8949724310688,14308.219178082192,1,0,0,0,0,0
6702,23.23,22526.333958792,-659.6383232550305,5.0,2.43,3.0,-15323.398249214359,15323.398249214359,3138.0483456800653,15.0,116.83198947648592,14308.219178082192,0,1,0,0,0,0
6703,22.1929,23210.444863839795,-659.6383232550305,5.0,2.43,3.0,-14639.287344166567,14639.287344166567,3138.0483456800653,15.0,116.83198947648592,14308.219178082192,0,1,0,0,0,0
6704,43.4792,9169.18562353624,-659.6383232550305,5.0,2.43,3.0,-28680.54658447012,28680.54658447012,3138.0483456800653,15.0,116.83198947648592,14308.219178082192,0,1,0,0,0,0
6705,24.8234,21475.26625451744,-659.6383232550305,5.0,2.43,3.0,-16374.465953488923,16374.465953488923,3138.0483456800653,15.0,116.83198947648592,14308.219178082192,0,1,0,0,0,0
6706,40.9071,10865.841354780503,-659.6383232550305,5.0,2.43,3.0,-26983.890853225857,26983.890853225857,3138.0483456800653,15.0,116.83198947648592,14308.219178082192,0,1,0,0,0,0
6707,24.4623,21713.461653044826,-659.6383232550305,5.0,2.43,3.0,-16136.270554961533,16136.270554961533,3138.0483456800653,15.0,116.83198947648592,14308.219178082192,0,1,0,0,0,0
6708,26.0133,20690.362613676276,-659.6383232550305,5.0,2.43,3.0,-17159.369594330085,17159.369594330085,3138.0483456800653,15.0,116.83198947648592,14308.219178082192,0,1,0,0,0,0
6709,23.6383,22257.003631406973,-659.6383232550305,5.0,2.43,3.0,-15592.72857659939,15592.72857659939,3138.0483456800653,15.0,116.83198947648592,14308.219178082192,0,1,0,0,0,0
6710,23.0794,22625.67549027421,-659.6383232550305,5.0,2.43,3.0,-15224.056717732152,15224.056717732152,3138.0483456800653,15.0,116.83198947648592,14308.219178082192,0,1,0,0,0,0
6711,27.1211,19959.615279174355,-659.6383232550305,5.0,2.43,3.0,-17890.116928832005,17890.116928832005,3138.0483456800653,15.0,116.83198947648592,14308.219178082192,0,1,0,0,0,0
6712,27.4254,19758.887337407847,-659.6383232550305,5.0,2.43,3.0,-18090.844870598514,18090.844870598514,3138.0483456800653,15.0,116.83198947648592,14308.219178082192,0,1,0,0,0,0
6713,34.4129,15149.664553663322,-659.6383232550305,5.0,2.43,3.0,-22700.067654343038,22700.067654343038,3138.0483456800653,15.0,116.83198947648592,14308.219178082192,0,1,0,0,0,0
6714,39.1621,12016.910228860528,-659.6383232550305,5.0,2.43,3.0,-25832.821979145832,25832.821979145832,3138.0483456800653,15.0,116.83198947648592,14308.219178082192,0,1,0,0,0,0
6715,24.4249,21738.132126334567,-659.6383232550305,5.0,2.43,3.0,-16111.600081671795,16111.600081671795,3138.0483456800653,15.0,116.83198947648592,14308.219178082192,0,1,0,0,0,0
6716,22.6008,22941.378391784066,-659.6383232550305,5.0,2.43,3.0,-14908.353816222294,14908.353816222294,3138.0483456800653,15.0,116.83198947648592,14308.219178082192,0,1,0,0,0,0
6717,24.4658,21711.152918913434,-659.6383232550305,5.0,2.43,3.0,-16138.579289092926,16138.579289092926,3138.0483456800653,15.0,116.83198947648592,14308.219178082192,0,1,0,0,0,0
6718,19.0238,25300.904674067307,-659.6383232550305,5.0,2.43,3.0,-12548.827533939051,12548.827533939051,3138.0483456800653,15.0,116.83198947648592,14308.219178082192,0,1,0,0,0,0
6719,17.119,26557.383752203496,-659.6383232550305,5.0,2.43,3.0,-11292.348455802867,11292.348455802867,3138.0483456800653,15.0,116.83198947648592,14308.219178082192,0,1,0,0,0,0
6720,14.7539,28117.494350533965,-659.6383232550305,5.0,2.43,3.0,-9732.237857472395,9732.237857472395,3138.0483456800653,15.0,116.83198947648592,14308.219178082192,0,1,0,0,0,0
6721,12.5812,29550.69053547017,-659.6383232550305,5.0,2.43,3.0,-8299.04167253619,8299.04167253619,3138.0483456800653,15.0,116.83198947648592,14308.219178082192,0,1,0,0,0,0
6722,12.077,29883.280178055356,-659.6383232550305,5.0,2.43,3.0,-7966.452029951003,7966.452029951003,3138.0483456800653,15.0,116.83198947648592,14308.219178082192,0,1,0,0,0,0
6723,14.5488,28252.786170633575,-659.6383232550305,5.0,2.43,3.0,-9596.946037372787,9596.946037372787,3138.0483456800653,15.0,116.83198947648592,14308.219178082192,0,1,0,0,0,0
6724,16.8722,26720.18249038284,-659.6383232550305,5.0,2.43,3.0,-11129.549717623526,11129.549717623526,3138.0483456800653,15.0,116.83198947648592,14308.219178082192,0,1,0,0,0,0
6725,19.2255,25167.85562426677,-659.6383232550305,5.0,2.43,3.0,-12681.87658373959,12681.87658373959,3138.0483456800653,15.0,116.83198947648592,14308.219178082192,0,1,0,0,0,0
6726,25.9543,20729.281274748322,-659.6383232550305,5.0,2.43,3.0,-17120.45093325804,17120.45093325804,3138.0483456800653,15.0,116.83198947648592,14308.219178082192,0,1,0,0,0,0
6727,21.2154,23855.24132482159,-659.6383232550305,5.0,2.43,3.0,-13994.490883184773,13994.490883184773,3138.0483456800653,15.0,116.83198947648592,14308.219178082192,0,1,0,0,0,0
6728,21.1812,23877.80095547691,-659.6383232550305,5.0,2.43,3.0,-13971.931252529452,13971.931252529452,3138.0483456800653,15.0,116.83198947648592,14308.219178082192,0,1,0,0,0,0
6729,23.2405,22519.40775639782,-659.6383232550305,5.0,2.43,3.0,-15330.324451608538,15330.324451608538,3138.0483456800653,15.0,116.83198947648592,14308.219178082192,0,1,0,0,0,0
6730,22.7089,22870.071489040198,-659.6383232550305,5.0,2.43,3.0,-14979.660718966163,14979.660718966163,3138.0483456800653,15.0,116.83198947648592,14308.219178082192,0,1,0,0,0,0
6731,22.7588,22837.15553670977,-659.6383232550305,5.0,2.43,3.0,-15012.576671296589,15012.576671296589,3138.0483456800653,15.0,116.83198947648592,14308.219178082192,0,1,0,0,0,0
6732,20.3299,24439.351060063917,-659.6383232550305,5.0,2.43,3.0,-13410.381147942444,13410.381147942444,3138.0483456800653,15.0,116.83198947648592,14308.219178082192,0,1,0,0,0,0
6733,21.1239,23915.598231399425,-659.6383232550305,5.0,2.43,3.0,-13934.133976606938,13934.133976606938,3138.0483456800653,15.0,116.83198947648592,14308.219178082192,0,1,0,0,0,0
6734,20.116,24580.447697408166,-659.6383232550305,5.0,2.43,3.0,-13269.284510598194,13269.284510598194,3138.0483456800653,15.0,116.83198947648592,14308.219178082192,0,1,0,0,0,0
6735,20.9803,24010.322294618843,-659.6383232550305,5.0,2.43,3.0,-13839.409913387517,13839.409913387517,3138.0483456800653,15.0,116.83198947648592,14308.219178082192,0,1,0,0,0,0
6736,21.9228,23388.61317495098,-659.6383232550305,5.0,2.43,3.0,-14461.119033055382,14461.119033055382,3138.0483456800653,15.0,116.83198947648592,14308.219178082192,0,1,0,0,0,0
6737,21.4437,23704.64589562246,-659.6383232550305,5.0,2.43,3.0,-14145.086312383897,14145.086312383897,3138.0483456800653,15.0,116.83198947648592,14308.219178082192,0,1,0,0,0,0
6738,22.7644,22833.461562099546,-659.6383232550305,5.0,2.43,3.0,-15016.270645906816,15016.270645906816,3138.0483456800653,15.0,116.83198947648592,14308.219178082192,0,1,0,0,0,0
6739,22.5832,22952.988026273357,-659.6383232550305,5.0,2.43,3.0,-14896.744181733005,14896.744181733005,3138.0483456800653,15.0,116.83198947648592,14308.219178082192,0,1,0,0,0,0
6740,18.6746,25531.250376547967,-659.6383232550305,5.0,2.43,3.0,-12318.481831458394,12318.481831458394,3138.0483456800653,15.0,116.83198947648592,14308.219178082192,0,1,0,0,0,0
6741,13.3071,29071.859076619345,-659.6383232550305,5.0,2.43,3.0,-8777.873131387016,8777.873131387016,3138.0483456800653,15.0,116.83198947648592,14308.219178082192,0,1,0,0,0,0
6742,14.1113,28541.37793705765,-659.6383232550305,5.0,2.43,3.0,-9308.354270948712,9308.354270948712,3138.0483456800653,15.0,116.83198947648592,14308.219178082192,0,1,0,0,0,0
6743,12.3277,29717.908850415322,-659.6383232550305,5.0,2.43,3.0,-8131.82335759104,8131.82335759104,3138.0483456800653,15.0,116.83198947648592,14308.219178082192,0,1,0,0,0,0
6744,12.5857,29547.722163015525,-659.6383232550305,5.0,2.43,3.0,-8302.010044990837,8302.010044990837,3138.0483456800653,15.0,116.83198947648592,14308.219178082192,0,1,0,0,0,0
6745,12.8896,29347.25807657832,-659.6383232550305,5.0,2.43,3.0,-8502.474131428042,8502.474131428042,3138.0483456800653,15.0,116.83198947648592,14308.219178082192,0,1,0,0,0,0
6746,13.6963,28815.127841208487,-659.6383232550305,5.0,2.43,3.0,-9034.604366797876,9034.604366797876,3138.0483456800653,15.0,116.83198947648592,14308.219178082192,0,1,0,0,0,0
6747,16.5069,26961.148369867897,-659.6383232550305,5.0,2.43,3.0,-10888.583838138464,10888.583838138464,3138.0483456800653,15.0,116.83198947648592,14308.219178082192,0,1,0,0,0,0
6748,20.8009,24128.661409810797,-659.6383232550305,5.0,2.43,3.0,-13721.070798195564,13721.070798195564,3138.0483456800653,15.0,116.83198947648592,14308.219178082192,0,1,0,0,0,0
6749,20.2478,24493.50736640315,-659.6383232550305,5.0,2.43,3.0,-13356.224841603207,13356.224841603207,3138.0483456800653,15.0,116.83198947648592,14308.219178082192,0,1,0,0,0,0
6750,20.3852,24402.87306078791,-659.6383232550305,5.0,2.43,3.0,-13446.859147218449,13446.859147218449,3138.0483456800653,15.0,116.83198947648592,14308.219178082192,0,1,0,0,0,0
6751,19.8681,24743.972037743093,-659.6383232550305,5.0,2.43,3.0,-13105.760170263271,13105.760170263271,3138.0483456800653,15.0,116.83198947648592,14308.219178082192,0,1,0,0,0,0
6752,20.9987,23998.184949470953,-659.6383232550305,5.0,2.43,3.0,-13851.54725853541,13851.54725853541,3138.0483456800653,15.0,116.83198947648592,14308.219178082192,0,1,0,0,0,0
6753,56.9359,13857.045744269022,650.0,0,2.43,3.0,37008.335,-37008.335,15071.972825128516,0,556.8949724310688,14308.219178082192,1,0,0,0,0,0
6754,19.7329,24833.15513904717,-659.6383232550305,5.0,2.43,3.0,-13016.577068959192,13016.577068959192,3138.0483456800653,15.0,116.83198947648592,14308.219178082192,0,1,0,0,0,0
6755,19.6796,24868.31386167666,-659.6383232550305,5.0,2.43,3.0,-12981.4183463297,12981.4183463297,3138.0483456800653,15.0,116.83198947648592,14308.219178082192,0,1,0,0,0,0
6756,21.4595,23694.223610115034,-659.6383232550305,5.0,2.43,3.0,-14155.508597891327,14155.508597891327,3138.0483456800653,15.0,116.83198947648592,14308.219178082192,0,1,0,0,0,0
6757,39.1535,12022.583118440522,-659.6383232550305,5.0,2.43,3.0,-25827.14908956584,25827.14908956584,3138.0483456800653,15.0,116.83198947648592,14308.219178082192,0,1,0,0,0,0
6758,21.3805,23746.33503765218,-659.6383232550305,5.0,2.43,3.0,-14103.397170354181,14103.397170354181,3138.0483456800653,15.0,116.83198947648592,14308.219178082192,0,1,0,0,0,0
6759,23.5956,22285.170187809963,-659.6383232550305,5.0,2.43,3.0,-15564.5620201964,15564.5620201964,3138.0483456800653,15.0,116.83198947648592,14308.219178082192,0,1,0,0,0,0
6760,23.106,22608.129110875627,-659.6383232550305,5.0,2.43,3.0,-15241.603097130735,15241.603097130735,3138.0483456800653,15.0,116.83198947648592,14308.219178082192,0,1,0,0,0,0
6761,20.683,24206.432768122562,-659.6383232550305,5.0,2.43,3.0,-13643.299439883796,13643.299439883796,3138.0483456800653,15.0,116.83198947648592,14308.219178082192,0,1,0,0,0,0
6762,20.4184,24380.973068455845,-659.6383232550305,5.0,2.43,3.0,-13468.759139550513,13468.759139550513,3138.0483456800653,15.0,116.83198947648592,14308.219178082192,0,1,0,0,0,0
6763,20.1046,24587.967574293274,-659.6383232550305,5.0,2.43,3.0,-13261.764633713088,13261.764633713088,3138.0483456800653,15.0,116.83198947648592,14308.219178082192,0,1,0,0,0,0
6764,19.6153,24910.72860586196,-659.6383232550305,5.0,2.43,3.0,-12939.003602144401,12939.003602144401,3138.0483456800653,15.0,116.83198947648592,14308.219178082192,0,1,0,0,0,0
6765,14.706,28149.09102621788,-659.6383232550305,5.0,2.43,3.0,-9700.641181788478,9700.641181788478,3138.0483456800653,15.0,116.83198947648592,14308.219178082192,0,1,0,0,0,0
6766,16.4668,26987.599866630422,-659.6383232550305,5.0,2.43,3.0,-10862.132341375936,10862.132341375936,3138.0483456800653,15.0,116.83198947648592,14308.219178082192,0,1,0,0,0,0
6767,15.3738,27708.584553948174,-659.6383232550305,5.0,2.43,3.0,-10141.147654058188,10141.147654058188,3138.0483456800653,15.0,116.83198947648592,14308.219178082192,0,1,0,0,0,0
6768,13.8599,28707.211011523963,-659.6383232550305,5.0,2.43,3.0,-9142.521196482397,9142.521196482397,3138.0483456800653,15.0,116.83198947648592,14308.219178082192,0,1,0,0,0,0
6769,13.8536,28711.366732960472,-659.6383232550305,5.0,2.43,3.0,-9138.36547504589,9138.36547504589,3138.0483456800653,15.0,116.83198947648592,14308.219178082192,0,1,0,0,0,0
6770,14.5786,28233.128948600573,-659.6383232550305,5.0,2.43,3.0,-9616.603259405787,9616.603259405787,3138.0483456800653,15.0,116.83198947648592,14308.219178082192,0,1,0,0,0,0
6771,16.989,26643.136734226646,-659.6383232550305,5.0,2.43,3.0,-11206.595473779715,11206.595473779715,3138.0483456800653,15.0,116.83198947648592,14308.219178082192,0,1,0,0,0,0
6772,22.1862,23214.864440605605,-659.6383232550305,5.0,2.43,3.0,-14634.867767400758,14634.867767400758,3138.0483456800653,15.0,116.83198947648592,14308.219178082192,0,1,0,0,0,0
6773,19.6998,24854.98916754691,-659.6383232550305,5.0,2.43,3.0,-12994.74304045945,12994.74304045945,3138.0483456800653,15.0,116.83198947648592,14308.219178082192,0,1,0,0,0,0
6774,22.8052,22806.54831851074,-659.6383232550305,5.0,2.43,3.0,-15043.183889495622,15043.183889495622,3138.0483456800653,15.0,116.83198947648592,14308.219178082192,0,1,0,0,0,0
6775,18.6079,25575.248252709076,-659.6383232550305,5.0,2.43,3.0,-12274.483955297283,12274.483955297283,3138.0483456800653,15.0,116.83198947648592,14308.219178082192,0,1,0,0,0,0
6776,22.9398,22717.76100020061,-659.6383232550305,5.0,2.43,3.0,-15131.971207805751,15131.971207805751,3138.0483456800653,15.0,116.83198947648592,14308.219178082192,0,1,0,0,0,0
6777,22.5903,22948.304594178247,-659.6383232550305,5.0,2.43,3.0,-14901.427613828115,14901.427613828115,3138.0483456800653,15.0,116.83198947648592,14308.219178082192,0,1,0,0,0,0
6778,23.7271,22198.427748301925,-659.6383232550305,5.0,2.43,3.0,-15651.304459704435,15651.304459704435,3138.0483456800653,15.0,116.83198947648592,14308.219178082192,0,1,0,0,0,0
6779,27.8878,19453.870576734724,-659.6383232550305,5.0,2.43,3.0,-18395.86163127164,18395.86163127164,3138.0483456800653,15.0,116.83198947648592,14308.219178082192,0,1,0,0,0,0
6780,32.209,16603.44145428508,-659.6383232550305,5.0,2.43,3.0,-21246.29075372128,21246.29075372128,3138.0483456800653,15.0,116.83198947648592,14308.219178082192,0,1,0,0,0,0
6781,20.9063,24059.135530539716,-659.6383232550305,5.0,2.43,3.0,-13790.596677466645,13790.596677466645,3138.0483456800653,15.0,116.83198947648592,14308.219178082192,0,1,0,0,0,0
6782,21.1799,23878.658485297143,-659.6383232550305,5.0,2.43,3.0,-13971.073722709221,13971.073722709221,3138.0483456800653,15.0,116.83198947648592,14308.219178082192,0,1,0,0,0,0
6783,21.321,23785.583517885854,-659.6383232550305,5.0,2.43,3.0,-14064.148690120506,14064.148690120506,3138.0483456800653,15.0,116.83198947648592,14308.219178082192,0,1,0,0,0,0
6784,22.1197,23258.730389102064,-659.6383232550305,5.0,2.43,3.0,-14591.0018189043,14591.0018189043,3138.0483456800653,15.0,116.83198947648592,14308.219178082192,0,1,0,0,0,0
6785,22.0207,23324.03458310431,-659.6383232550305,5.0,2.43,3.0,-14525.697624902052,14525.697624902052,3138.0483456800653,15.0,116.83198947648592,14308.219178082192,0,1,0,0,0,0
6786,23.2792,22493.879753287853,-659.6383232550305,5.0,2.43,3.0,-15355.852454718506,15355.852454718506,3138.0483456800653,15.0,116.83198947648592,14308.219178082192,0,1,0,0,0,0
6787,25.6001,20962.925168845253,-659.6383232550305,5.0,2.43,3.0,-16886.807039161107,16886.807039161107,3138.0483456800653,15.0,116.83198947648592,14308.219178082192,0,1,0,0,0,0
6788,24.2644,21844.004077217,-659.6383232550305,5.0,2.43,3.0,-16005.72813078936,16005.72813078936,3138.0483456800653,15.0,116.83198947648592,14308.219178082192,0,1,0,0,0,0
6789,19.8989,24723.655177386834,-659.6383232550305,5.0,2.43,3.0,-13126.077030619528,13126.077030619528,3138.0483456800653,15.0,116.83198947648592,14308.219178082192,0,1,0,0,0,0
6790,17.1373,26545.31237088793,-659.6383232550305,5.0,2.43,3.0,-11304.419837118434,11304.419837118434,3138.0483456800653,15.0,116.83198947648592,14308.219178082192,0,1,0,0,0,0
6791,13.5716,28897.38474011839,-659.6383232550305,5.0,2.43,3.0,-8952.347467887972,8952.347467887972,3138.0483456800653,15.0,116.83198947648592,14308.219178082192,0,1,0,0,0,0
6792,12.8681,29361.440300528302,-659.6383232550305,5.0,2.43,3.0,-8488.291907478058,8488.291907478058,3138.0483456800653,15.0,116.83198947648592,14308.219178082192,0,1,0,0,0,0
6793,12.972,29292.903878742105,-659.6383232550305,5.0,2.43,3.0,-8556.828329264255,8556.828329264255,3138.0483456800653,15.0,116.83198947648592,14308.219178082192,0,1,0,0,0,0
6794,12.326,29719.030235564853,-659.6383232550305,5.0,2.43,3.0,-8130.701972441507,8130.701972441507,3138.0483456800653,15.0,116.83198947648592,14308.219178082192,0,1,0,0,0,0
6795,13.0599,29234.921670127987,-659.6383232550305,5.0,2.43,3.0,-8614.810537878373,8614.810537878373,3138.0483456800653,15.0,116.83198947648592,14308.219178082192,0,1,0,0,0,0
6796,18.5163,25635.67112311924,-659.6383232550305,5.0,2.43,3.0,-12214.061084887122,12214.061084887122,3138.0483456800653,15.0,116.83198947648592,14308.219178082192,0,1,0,0,0,0
6797,20.2606,24485.063995865487,-659.6383232550305,5.0,2.43,3.0,-13364.668212140872,13364.668212140872,3138.0483456800653,15.0,116.83198947648592,14308.219178082192,0,1,0,0,0,0
6798,21.1788,23879.384087452723,-659.6383232550305,5.0,2.43,3.0,-13970.34812055364,13970.34812055364,3138.0483456800653,15.0,116.83198947648592,14308.219178082192,0,1,0,0,0,0
6799,20.9644,24020.8105439586,-659.6383232550305,5.0,2.43,3.0,-13828.921664047763,13828.921664047763,3138.0483456800653,15.0,116.83198947648592,14308.219178082192,0,1,0,0,0,0
6800,19.5974,24922.536131848225,-659.6383232550305,5.0,2.43,3.0,-12927.196076158136,12927.196076158136,3138.0483456800653,15.0,116.83198947648592,14308.219178082192,0,1,0,0,0,0
6801,24.7588,21517.87889019971,-659.6383232550305,5.0,2.43,3.0,-16331.85331780665,16331.85331780665,3138.0483456800653,15.0,116.83198947648592,14308.219178082192,0,1,0,0,0,0
6802,19.7701,24808.616593422084,-659.6383232550305,5.0,2.43,3.0,-13041.115614584278,13041.115614584278,3138.0483456800653,15.0,116.83198947648592,14308.219178082192,0,1,0,0,0,0
6803,21.0428,23969.094899415402,-659.6383232550305,5.0,2.43,3.0,-13880.637308590956,13880.637308590956,3138.0483456800653,15.0,116.83198947648592,14308.219178082192,0,1,0,0,0,0
6804,22.1417,23244.21834599045,-659.6383232550305,5.0,2.43,3.0,-14605.513862015909,14605.513862015909,3138.0483456800653,15.0,116.83198947648592,14308.219178082192,0,1,0,0,0,0
6805,21.7453,23505.698977328746,-659.6383232550305,5.0,2.43,3.0,-14344.033230677614,14344.033230677614,3138.0483456800653,15.0,116.83198947648592,14308.219178082192,0,1,0,0,0,0
6806,21.1278,23913.02564193873,-659.6383232550305,5.0,2.43,3.0,-13936.706566067634,13936.706566067634,3138.0483456800653,15.0,116.83198947648592,14308.219178082192,0,1,0,0,0,0
6807,21.4127,23725.09468364337,-659.6383232550305,5.0,2.43,3.0,-14124.637524362992,14124.637524362992,3138.0483456800653,15.0,116.83198947648592,14308.219178082192,0,1,0,0,0,0
6808,24.5046,21685.55895197114,-659.6383232550305,5.0,2.43,3.0,-16164.173256035221,16164.173256035221,3138.0483456800653,15.0,116.83198947648592,14308.219178082192,0,1,0,0,0,0
6809,19.5931,24925.37257663822,-659.6383232550305,5.0,2.43,3.0,-12924.359631368137,12924.359631368137,3138.0483456800653,15.0,116.83198947648592,14308.219178082192,0,1,0,0,0,0
6810,20.4503,24359.930605944013,-659.6383232550305,5.0,2.43,3.0,-13489.801602062349,13489.801602062349,3138.0483456800653,15.0,116.83198947648592,14308.219178082192,0,1,0,0,0,0
6811,19.3276,25100.506551462433,-659.6383232550305,5.0,2.43,3.0,-12749.225656543927,12749.225656543927,3138.0483456800653,15.0,116.83198947648592,14308.219178082192,0,1,0,0,0,0
6812,18.4037,25709.946398317756,-659.6383232550305,5.0,2.43,3.0,-12139.785809688605,12139.785809688605,3138.0483456800653,15.0,116.83198947648592,14308.219178082192,0,1,0,0,0,0
6813,18.5873,25588.83680216813,-659.6383232550305,5.0,2.43,3.0,-12260.895405838228,12260.895405838228,3138.0483456800653,15.0,116.83198947648592,14308.219178082192,0,1,0,0,0,0
6814,16.7599,26794.259874084375,-659.6383232550305,5.0,2.43,3.0,-11055.472333921985,11055.472333921985,3138.0483456800653,15.0,116.83198947648592,14308.219178082192,0,1,0,0,0,0
6815,14.143,28520.467402210463,-659.6383232550305,5.0,2.43,3.0,-9329.264805795898,9329.264805795898,3138.0483456800653,15.0,116.83198947648592,14308.219178082192,0,1,0,0,0,0
6816,17.5107,26299.003420984496,-659.6383232550305,5.0,2.43,3.0,-11550.728787021862,11550.728787021862,3138.0483456800653,15.0,116.83198947648592,14308.219178082192,0,1,0,0,0,0
6817,15.221,27809.37728974154,-659.6383232550305,5.0,2.43,3.0,-10040.35491826482,10040.35491826482,3138.0483456800653,15.0,116.83198947648592,14308.219178082192,0,1,0,0,0,0
6818,15.3334,27735.233942207677,-659.6383232550305,5.0,2.43,3.0,-10114.498265798684,10114.498265798684,3138.0483456800653,15.0,116.83198947648592,14308.219178082192,0,1,0,0,0,0
6819,14.9037,28018.680529710364,-659.6383232550305,5.0,2.43,3.0,-9831.051678295998,9831.051678295998,3138.0483456800653,15.0,116.83198947648592,14308.219178082192,0,1,0,0,0,0
6820,14.9672,27976.793496183665,-659.6383232550305,5.0,2.43,3.0,-9872.938711822693,9872.938711822693,3138.0483456800653,15.0,116.83198947648592,14308.219178082192,0,1,0,0,0,0
6821,15.4465,27660.628847847533,-659.6383232550305,5.0,2.43,3.0,-10189.10336015883,10189.10336015883,3138.0483456800653,15.0,116.83198947648592,14308.219178082192,0,1,0,0,0,0
6822,18.6685,25535.274170319823,-659.6383232550305,5.0,2.43,3.0,-12314.458037686538,12314.458037686538,3138.0483456800653,15.0,116.83198947648592,14308.219178082192,0,1,0,0,0,0
6823,19.1405,25223.92488174345,-659.6383232550305,5.0,2.43,3.0,-12625.807326262911,12625.807326262911,3138.0483456800653,15.0,116.83198947648592,14308.219178082192,0,1,0,0,0,0
6824,20.4219,24378.66433432445,-659.6383232550305,5.0,2.43,3.0,-13471.067873681908,13471.067873681908,3138.0483456800653,15.0,116.83198947648592,14308.219178082192,0,1,0,0,0,0
6825,12.8435,29377.667403280375,-659.6383232550305,5.0,2.43,3.0,-8472.064804725986,8472.064804725986,3138.0483456800653,15.0,116.83198947648592,14308.219178082192,0,1,0,0,0,0
6826,12.9906,29280.63460592956,-659.6383232550305,5.0,2.43,3.0,-8569.0976020768,8569.0976020768,3138.0483456800653,15.0,116.83198947648592,14308.219178082192,0,1,0,0,0,0
6827,16.0066,27291.165422992388,-659.6383232550305,5.0,2.43,3.0,-10558.56678501397,10558.56678501397,3138.0483456800653,15.0,116.83198947648592,14308.219178082192,0,1,0,0,0,0
6828,16.2106,27156.599205048362,-659.6383232550305,5.0,2.43,3.0,-10693.133002957997,10693.133002957997,3138.0483456800653,15.0,116.83198947648592,14308.219178082192,0,1,0,0,0,0
6829,14.2573,28445.070741862415,-659.6383232550305,5.0,2.43,3.0,-9404.661466143947,9404.661466143947,3138.0483456800653,15.0,116.83198947648592,14308.219178082192,0,1,0,0,0,0
6830,14.0221,28600.217675491996,-659.6383232550305,5.0,2.43,3.0,-9249.514532514364,9249.514532514364,3138.0483456800653,15.0,116.83198947648592,14308.219178082192,0,1,0,0,0,0
6831,15.8604,27387.60454585227,-659.6383232550305,5.0,2.43,3.0,-10462.127662154086,10462.127662154086,3138.0483456800653,15.0,116.83198947648592,14308.219178082192,0,1,0,0,0,0
6832,17.3055,26434.36120491643,-659.6383232550305,5.0,2.43,3.0,-11415.37100308993,11415.37100308993,3138.0483456800653,15.0,116.83198947648592,14308.219178082192,0,1,0,0,0,0
6833,23.1147,22602.390257463307,-659.6383232550305,5.0,2.43,3.0,-15247.341950543054,15247.341950543054,3138.0483456800653,15.0,116.83198947648592,14308.219178082192,0,1,0,0,0,0
6834,22.8943,22747.774543908716,-659.6383232550305,5.0,2.43,3.0,-15101.957664097647,15101.957664097647,3138.0483456800653,15.0,116.83198947648592,14308.219178082192,0,1,0,0,0,0
6835,16.8427,26739.641820918856,-659.6383232550305,5.0,2.43,3.0,-11110.090387087503,11110.090387087503,3138.0483456800653,15.0,116.83198947648592,14308.219178082192,0,1,0,0,0,0
6836,15.9172,27350.13708909139,-659.6383232550305,5.0,2.43,3.0,-10499.595118914971,10499.595118914971,3138.0483456800653,15.0,116.83198947648592,14308.219178082192,0,1,0,0,0,0
6837,13.6344,28855.95945341797,-659.6383232550305,5.0,2.43,3.0,-8993.772754588388,8993.772754588388,3138.0483456800653,15.0,116.83198947648592,14308.219178082192,0,1,0,0,0,0
6838,16.3226,27082.7197128438,-659.6383232550305,5.0,2.43,3.0,-10767.012495162562,10767.012495162562,3138.0483456800653,15.0,116.83198947648592,14308.219178082192,0,1,0,0,0,0
6839,13.8273,28728.715220862076,-659.6383232550305,5.0,2.43,3.0,-9121.016987144283,9121.016987144283,3138.0483456800653,15.0,116.83198947648592,14308.219178082192,0,1,0,0,0,0
6840,14.0336,28592.631834774566,-659.6383232550305,5.0,2.43,3.0,-9257.100373231797,9257.100373231797,3138.0483456800653,15.0,116.83198947648592,14308.219178082192,0,1,0,0,0,0
6841,12.0745,29884.929273863494,-659.6383232550305,5.0,2.43,3.0,-7964.802934142866,7964.802934142866,3138.0483456800653,15.0,116.83198947648592,14308.219178082192,0,1,0,0,0,0
6842,11.2597,30422.402579651694,-659.6383232550305,5.0,2.43,3.0,-7427.329628354667,7427.329628354667,3138.0483456800653,15.0,116.83198947648592,14308.219178082192,0,1,0,0,0,0
6843,11.5551,30227.54541896216,-659.6383232550305,5.0,2.43,3.0,-7622.186789044203,7622.186789044203,3138.0483456800653,15.0,116.83198947648592,14308.219178082192,0,1,0,0,0,0
6844,13.1702,29162.163563072958,-659.6383232550305,5.0,2.43,3.0,-8687.568644933403,8687.568644933403,3138.0483456800653,15.0,116.83198947648592,14308.219178082192,0,1,0,0,0,0
6845,13.9448,28651.20771787961,-659.6383232550305,5.0,2.43,3.0,-9198.52449012675,9198.52449012675,3138.0483456800653,15.0,116.83198947648592,14308.219178082192,0,1,0,0,0,0
6846,14.8438,28058.19286527334,-659.6383232550305,5.0,2.43,3.0,-9791.539342733022,9791.539342733022,3138.0483456800653,15.0,116.83198947648592,14308.219178082192,0,1,0,0,0,0
6847,16.3063,27093.47181751286,-659.6383232550305,5.0,2.43,3.0,-10756.260390493504,10756.260390493504,3138.0483456800653,15.0,116.83198947648592,14308.219178082192,0,1,0,0,0,0
6848,19.0112,25309.216116940326,-659.6383232550305,5.0,2.43,3.0,-12540.516091066036,12540.516091066036,3138.0483456800653,15.0,116.83198947648592,14308.219178082192,0,1,0,0,0,0
6849,17.0858,26579.28374453556,-659.6383232550305,5.0,2.43,3.0,-11270.4484634708,11270.4484634708,3138.0483456800653,15.0,116.83198947648592,14308.219178082192,0,1,0,0,0,0
6850,16.2352,27140.372102296293,-659.6383232550305,5.0,2.43,3.0,-10709.360105710071,10709.360105710071,3138.0483456800653,15.0,116.83198947648592,14308.219178082192,0,1,0,0,0,0
6851,16.6489,26867.479727965685,-659.6383232550305,5.0,2.43,3.0,-10982.252480040679,10982.252480040679,3138.0483456800653,15.0,116.83198947648592,14308.219178082192,0,1,0,0,0,0
6852,15.9816,27307.656381073764,-659.6383232550305,5.0,2.43,3.0,-10542.075826932596,10542.075826932596,3138.0483456800653,15.0,116.83198947648592,14308.219178082192,0,1,0,0,0,0
6853,13.644,28849.626925514727,-659.6383232550305,5.0,2.43,3.0,-9000.105282491637,9000.105282491637,3138.0483456800653,15.0,116.83198947648592,14308.219178082192,0,1,0,0,0,0
6854,13.9041,28678.054997636093,-659.6383232550305,5.0,2.43,3.0,-9171.67721037027,9171.67721037027,3138.0483456800653,15.0,116.83198947648592,14308.219178082192,0,1,0,0,0,0
6855,16.991,26641.81745758014,-659.6383232550305,5.0,2.43,3.0,-11207.914750426224,11207.914750426224,3138.0483456800653,15.0,116.83198947648592,14308.219178082192,0,1,0,0,0,0
6856,17.363,26396.432001329267,-659.6383232550305,5.0,2.43,3.0,-11453.300206677095,11453.300206677095,3138.0483456800653,15.0,116.83198947648592,14308.219178082192,0,1,0,0,0,0
6857,21.3251,23782.87900076051,-659.6383232550305,5.0,2.43,3.0,-14066.853207245851,14066.853207245851,3138.0483456800653,15.0,116.83198947648592,14308.219178082192,0,1,0,0,0,0
6858,53.4297,11578.015744269023,650.0,0,2.43,3.0,34729.305,-34729.305,15071.972825128516,0,556.8949724310688,14308.219178082192,1,0,0,0,0,0
6859,52.3338,10865.680744269024,650.0,0,2.43,3.0,34016.97,-34016.97,15071.972825128516,0,556.8949724310688,14308.219178082192,1,0,0,0,0,0
6860,19.3501,25085.664689189194,-659.6383232550305,5.0,2.43,3.0,-12764.067518817166,12764.067518817166,3138.0483456800653,15.0,116.83198947648592,14308.219178082192,0,1,0,0,0,0
6861,18.7052,25511.065443856365,-659.6383232550305,5.0,2.43,3.0,-12338.666764149997,12338.666764149997,3138.0483456800653,15.0,116.83198947648592,14308.219178082192,0,1,0,0,0,0
6862,15.5578,27587.211102469246,-659.6383232550305,5.0,2.43,3.0,-10262.521105537115,10262.521105537115,3138.0483456800653,15.0,116.83198947648592,14308.219178082192,0,1,0,0,0,0
6863,15.8093,27421.312064170605,-659.6383232550305,5.0,2.43,3.0,-10428.420143835754,10428.420143835754,3138.0483456800653,15.0,116.83198947648592,14308.219178082192,0,1,0,0,0,0
6864,19.2966,25120.95533948334,-659.6383232550305,5.0,2.43,3.0,-12728.776868523022,12728.776868523022,3138.0483456800653,15.0,116.83198947648592,14308.219178082192,0,1,0,0,0,0
6865,14.9573,27983.323915583893,-659.6383232550305,5.0,2.43,3.0,-9866.408292422468,9866.408292422468,3138.0483456800653,15.0,116.83198947648592,14308.219178082192,0,1,0,0,0,0
6866,14.4107,28343.882223075092,-659.6383232550305,5.0,2.43,3.0,-9505.849984931268,9505.849984931268,3138.0483456800653,15.0,116.83198947648592,14308.219178082192,0,1,0,0,0,0
6867,14.2255,28466.047240541924,-659.6383232550305,5.0,2.43,3.0,-9383.684967464436,9383.684967464436,3138.0483456800653,15.0,116.83198947648592,14308.219178082192,0,1,0,0,0,0
6868,20.92,24050.098485511124,-659.6383232550305,5.0,2.43,3.0,-13799.63372249524,13799.63372249524,3138.0483456800653,15.0,116.83198947648592,14308.219178082192,0,1,0,0,0,0
6869,20.8178,24117.51352214779,-659.6383232550305,5.0,2.43,3.0,-13732.218685858574,13732.218685858574,3138.0483456800653,15.0,116.83198947648592,14308.219178082192,0,1,0,0,0,0
6870,20.4238,24377.41102151027,-659.6383232550305,5.0,2.43,3.0,-13472.321186496092,13472.321186496092,3138.0483456800653,15.0,116.83198947648592,14308.219178082192,0,1,0,0,0,0
6871,47.7135,7862.485744269025,650.0,0,2.43,3.0,31013.775,-31013.775,15071.972825128516,0,556.8949724310688,14308.219178082192,1,0,0,0,0,0
6872,25.4711,21048.018512545153,-659.6383232550305,5.0,2.43,3.0,-16801.713695461207,16801.713695461207,3138.0483456800653,15.0,116.83198947648592,14308.219178082192,0,1,0,0,0,0
6873,20.7218,24180.838801180267,-659.6383232550305,5.0,2.43,3.0,-13668.893406826093,13668.893406826093,3138.0483456800653,15.0,116.83198947648592,14308.219178082192,0,1,0,0,0,0
6874,20.0018,24655.77839392389,-659.6383232550305,5.0,2.43,3.0,-13193.95381408247,13193.95381408247,3138.0483456800653,15.0,116.83198947648592,14308.219178082192,0,1,0,0,0,0
6875,20.6293,24241.855346081356,-659.6383232550305,5.0,2.43,3.0,-13607.876861925002,13607.876861925002,3138.0483456800653,15.0,116.83198947648592,14308.219178082192,0,1,0,0,0,0
6876,21.3216,23785.1877348919,-659.6383232550305,5.0,2.43,3.0,-14064.544473114458,14064.544473114458,3138.0483456800653,15.0,116.83198947648592,14308.219178082192,0,1,0,0,0,0
6877,10.397,30991.47256112381,-659.6383232550305,5.0,2.43,3.0,-6858.259646882552,6858.259646882552,3138.0483456800653,15.0,116.83198947648592,14308.219178082192,0,1,0,0,0,0
6878,13.7193,28799.95615977362,-659.6383232550305,5.0,2.43,3.0,-9049.776048232741,9049.776048232741,3138.0483456800653,15.0,116.83198947648592,14308.219178082192,0,1,0,0,0,0
6879,13.8775,28695.601377034676,-659.6383232550305,5.0,2.43,3.0,-9154.130830971686,9154.130830971686,3138.0483456800653,15.0,116.83198947648592,14308.219178082192,0,1,0,0,0,0
6880,17.4739,26323.278111280284,-659.6383232550305,5.0,2.43,3.0,-11526.454096726078,11526.454096726078,3138.0483456800653,15.0,116.83198947648592,14308.219178082192,0,1,0,0,0,0
6881,24.022,22003.900406774017,-659.6383232550305,5.0,2.43,3.0,-15845.831801232342,15845.831801232342,3138.0483456800653,15.0,116.83198947648592,14308.219178082192,0,1,0,0,0,0
6882,37.219,13298.65345477738,-659.6383232550305,5.0,2.43,3.0,-24551.078753228983,24551.078753228983,3138.0483456800653,15.0,116.83198947648592,14308.219178082192,0,1,0,0,0,0
6883,20.573,24278.99298368062,-659.6383232550305,5.0,2.43,3.0,-13570.739224325744,13570.739224325744,3138.0483456800653,15.0,116.83198947648592,14308.219178082192,0,1,0,0,0,0
6884,20.5536,24291.789967151766,-659.6383232550305,5.0,2.43,3.0,-13557.942240854594,13557.942240854594,3138.0483456800653,15.0,116.83198947648592,14308.219178082192,0,1,0,0,0,0
6885,18.3954,25715.421396400772,-659.6383232550305,5.0,2.43,3.0,-12134.310811605588,12134.310811605588,3138.0483456800653,15.0,116.83198947648592,14308.219178082192,0,1,0,0,0,0
6886,23.0935,22616.374589916315,-659.6383232550305,5.0,2.43,3.0,-15233.357618090047,15233.357618090047,3138.0483456800653,15.0,116.83198947648592,14308.219178082192,0,1,0,0,0,0
6887,14.6105,28212.086486088738,-659.6383232550305,5.0,2.43,3.0,-9637.645721917623,9637.645721917623,3138.0483456800653,15.0,116.83198947648592,14308.219178082192,0,1,0,0,0,0
6888,14.6752,28169.407886574136,-659.6383232550305,5.0,2.43,3.0,-9680.324321432225,9680.324321432225,3138.0483456800653,15.0,116.83198947648592,14308.219178082192,0,1,0,0,0,0
6889,12.7601,29432.681239439844,-659.6383232550305,5.0,2.43,3.0,-8417.050968566515,8417.050968566515,3138.0483456800653,15.0,116.83198947648592,14308.219178082192,0,1,0,0,0,0
6890,13.7524,28778.122131273878,-659.6383232550305,5.0,2.43,3.0,-9071.61007673248,9071.61007673248,3138.0483456800653,15.0,116.83198947648592,14308.219178082192,0,1,0,0,0,0
6891,15.3196,27744.336951068595,-659.6383232550305,5.0,2.43,3.0,-10105.395256937765,10105.395256937765,3138.0483456800653,15.0,116.83198947648592,14308.219178082192,0,1,0,0,0,0
6892,21.4578,23695.344995264568,-659.6383232550305,5.0,2.43,3.0,-14154.387212741793,14154.387212741793,3138.0483456800653,15.0,116.83198947648592,14308.219178082192,0,1,0,0,0,0
6893,27.3084,19836.065021228686,-659.6383232550305,5.0,2.43,3.0,-18013.667186777675,18013.667186777675,3138.0483456800653,15.0,116.83198947648592,14308.219178082192,0,1,0,0,0,0
6894,19.3354,25095.361372541047,-659.6383232550305,5.0,2.43,3.0,-12754.370835465317,12754.370835465317,3138.0483456800653,15.0,116.83198947648592,14308.219178082192,0,1,0,0,0,0
6895,20.1464,24560.394692381215,-659.6383232550305,5.0,2.43,3.0,-13289.337515625146,13289.337515625146,3138.0483456800653,15.0,116.83198947648592,14308.219178082192,0,1,0,0,0,0
6896,21.9383,23378.388780940524,-659.6383232550305,5.0,2.43,3.0,-14471.343427065836,14471.343427065836,3138.0483456800653,15.0,116.83198947648592,14308.219178082192,0,1,0,0,0,0
6897,26.1577,20595.11083979825,-659.6383232550305,5.0,2.43,3.0,-17254.62136820811,17254.62136820811,3138.0483456800653,15.0,116.83198947648592,14308.219178082192,0,1,0,0,0,0
6898,22.9191,22731.41551349199,-659.6383232550305,5.0,2.43,3.0,-15118.31669451437,15118.31669451437,3138.0483456800653,15.0,116.83198947648592,14308.219178082192,0,1,0,0,0,0
6899,19.3314,25097.999925834065,-659.6383232550305,5.0,2.43,3.0,-12751.732282172296,12751.732282172296,3138.0483456800653,15.0,116.83198947648592,14308.219178082192,0,1,0,0,0,0
6900,19.0722,25268.97817922177,-659.6383232550305,5.0,2.43,3.0,-12580.754028784591,12580.754028784591,3138.0483456800653,15.0,116.83198947648592,14308.219178082192,0,1,0,0,0,0
6901,19.2712,25137.71015289402,-659.6383232550305,5.0,2.43,3.0,-12712.022055112344,12712.022055112344,3138.0483456800653,15.0,116.83198947648592,14308.219178082192,0,1,0,0,0,0
6902,17.87,26061.995371438963,-659.6383232550305,5.0,2.43,3.0,-11787.736836567396,11787.736836567396,3138.0483456800653,15.0,116.83198947648592,14308.219178082192,0,1,0,0,0,0
6903,18.3313,25757.70421292142,-659.6383232550305,5.0,2.43,3.0,-12092.02799508494,12092.02799508494,3138.0483456800653,15.0,116.83198947648592,14308.219178082192,0,1,0,0,0,0
6904,16.6829,26845.05202497501,-659.6383232550305,5.0,2.43,3.0,-11004.680183031349,11004.680183031349,3138.0483456800653,15.0,116.83198947648592,14308.219178082192,0,1,0,0,0,0
6905,17.7648,26131.389323045394,-659.6383232550305,5.0,2.43,3.0,-11718.342884960966,11718.342884960966,3138.0483456800653,15.0,116.83198947648592,14308.219178082192,0,1,0,0,0,0
6906,20.4052,24389.68029432281,-659.6383232550305,5.0,2.43,3.0,-13460.051913683548,13460.051913683548,3138.0483456800653,15.0,116.83198947648592,14308.219178082192,0,1,0,0,0,0
6907,18.6345,25557.701873310492,-659.6383232550305,5.0,2.43,3.0,-12292.030334695866,12292.030334695866,3138.0483456800653,15.0,116.83198947648592,14308.219178082192,0,1,0,0,0,0
6908,17.0274,26617.806622613654,-659.6383232550305,5.0,2.43,3.0,-11231.925585392706,11231.925585392706,3138.0483456800653,15.0,116.83198947648592,14308.219178082192,0,1,0,0,0,0
6909,16.5954,26902.770378259826,-659.6383232550305,5.0,2.43,3.0,-10946.961829746535,10946.961829746535,3138.0483456800653,15.0,116.83198947648592,14308.219178082192,0,1,0,0,0,0
6910,16.8976,26703.427676972155,-659.6383232550305,5.0,2.43,3.0,-11146.304531034204,11146.304531034204,3138.0483456800653,15.0,116.83198947648592,14308.219178082192,0,1,0,0,0,0
6911,14.5321,28263.80213063193,-659.6383232550305,5.0,2.43,3.0,-9585.930077374429,9585.930077374429,3138.0483456800653,15.0,116.83198947648592,14308.219178082192,0,1,0,0,0,0
6912,14.2013,28482.010487964697,-659.6383232550305,5.0,2.43,3.0,-9367.721720041665,9367.721720041665,3138.0483456800653,15.0,116.83198947648592,14308.219178082192,0,1,0,0,0,0
6913,13.4367,28986.369949925494,-659.6383232550305,5.0,2.43,3.0,-8863.362258080868,8863.362258080868,3138.0483456800653,15.0,116.83198947648592,14308.219178082192,0,1,0,0,0,0
6914,13.3759,29026.475959979398,-659.6383232550305,5.0,2.43,3.0,-8823.256248026963,8823.256248026963,3138.0483456800653,15.0,116.83198947648592,14308.219178082192,0,1,0,0,0,0
6915,14.4376,28326.13795217953,-659.6383232550305,5.0,2.43,3.0,-9523.594255826829,9523.594255826829,3138.0483456800653,15.0,116.83198947648592,14308.219178082192,0,1,0,0,0,0
6916,16.4038,27029.15708099549,-659.6383232550305,5.0,2.43,3.0,-10820.57512701087,10820.57512701087,3138.0483456800653,15.0,116.83198947648592,14308.219178082192,0,1,0,0,0,0
6917,19.1529,25215.745366535088,-659.6383232550305,5.0,2.43,3.0,-12633.986841471273,12633.986841471273,3138.0483456800653,15.0,116.83198947648592,14308.219178082192,0,1,0,0,0,0
6918,21.4813,23679.84349466807,-659.6383232550305,5.0,2.43,3.0,-14169.888713338287,14169.888713338287,3138.0483456800653,15.0,116.83198947648592,14308.219178082192,0,1,0,0,0,0
6919,23.7011,22215.578344706555,-659.6383232550305,5.0,2.43,3.0,-15634.153863299804,15634.153863299804,3138.0483456800653,15.0,116.83198947648592,14308.219178082192,0,1,0,0,0,0
6920,22.2329,23184.059330909593,-659.6383232550305,5.0,2.43,3.0,-14665.67287709677,14665.67287709677,3138.0483456800653,15.0,116.83198947648592,14308.219178082192,0,1,0,0,0,0
6921,20.0507,24623.522079916722,-659.6383232550305,5.0,2.43,3.0,-13226.21012808964,13226.21012808964,3138.0483456800653,15.0,116.83198947648592,14308.219178082192,0,1,0,0,0,0
6922,21.7612,23495.21072798899,-659.6383232550305,5.0,2.43,3.0,-14354.521480017369,14354.521480017369,3138.0483456800653,15.0,116.83198947648592,14308.219178082192,0,1,0,0,0,0
6923,22.417,23062.61991559834,-659.6383232550305,5.0,2.43,3.0,-14787.112292408021,14787.112292408021,3138.0483456800653,15.0,116.83198947648592,14308.219178082192,0,1,0,0,0,0
6924,23.0282,22659.44897242487,-659.6383232550305,5.0,2.43,3.0,-15190.283235581492,15190.283235581492,3138.0483456800653,15.0,116.83198947648592,14308.219178082192,0,1,0,0,0,0
6925,20.9942,24001.153321925598,-659.6383232550305,5.0,2.43,3.0,-13848.57888608076,13848.57888608076,3138.0483456800653,15.0,116.83198947648592,14308.219178082192,0,1,0,0,0,0
6926,19.905,24719.63138361498,-659.6383232550305,5.0,2.43,3.0,-13130.100824391384,13130.100824391384,3138.0483456800653,15.0,116.83198947648592,14308.219178082192,0,1,0,0,0,0
6927,20.0269,24639.22147201019,-659.6383232550305,5.0,2.43,3.0,-13210.510735996171,13210.510735996171,3138.0483456800653,15.0,116.83198947648592,14308.219178082192,0,1,0,0,0,0
6928,21.7247,23519.2875267878,-659.6383232550305,5.0,2.43,3.0,-14330.44468121856,14330.44468121856,3138.0483456800653,15.0,116.83198947648592,14308.219178082192,0,1,0,0,0,0
6929,27.3123,19833.49243176799,-659.6383232550305,5.0,2.43,3.0,-18016.23977623837,18016.23977623837,3138.0483456800653,15.0,116.83198947648592,14308.219178082192,0,1,0,0,0,0
6930,24.3558,21783.71313447149,-659.6383232550305,5.0,2.43,3.0,-16066.019073534871,16066.019073534871,3138.0483456800653,15.0,116.83198947648592,14308.219178082192,0,1,0,0,0,0
6931,20.9588,24024.50451856883,-659.6383232550305,5.0,2.43,3.0,-13825.227689437534,13825.227689437534,3138.0483456800653,15.0,116.83198947648592,14308.219178082192,0,1,0,0,0,0
6932,19.1955,25187.644773964425,-659.6383232550305,5.0,2.43,3.0,-12662.087434041938,12662.087434041938,3138.0483456800653,15.0,116.83198947648592,14308.219178082192,0,1,0,0,0,0
6933,17.5365,26281.98475224452,-659.6383232550305,5.0,2.43,3.0,-11567.747455761843,11567.747455761843,3138.0483456800653,15.0,116.83198947648592,14308.219178082192,0,1,0,0,0,0
6934,18.8742,25399.586567226266,-659.6383232550305,5.0,2.43,3.0,-12450.145640780096,12450.145640780096,3138.0483456800653,15.0,116.83198947648592,14308.219178082192,0,1,0,0,0,0
6935,16.3881,27039.513402670593,-659.6383232550305,5.0,2.43,3.0,-10810.218805335766,10810.218805335766,3138.0483456800653,15.0,116.83198947648592,14308.219178082192,0,1,0,0,0,0
6936,16.0546,27259.50278347615,-659.6383232550305,5.0,2.43,3.0,-10590.229424530213,10590.229424530213,3138.0483456800653,15.0,116.83198947648592,14308.219178082192,0,1,0,0,0,0
6937,16.1508,27196.045576779015,-659.6383232550305,5.0,2.43,3.0,-10653.686631227347,10653.686631227347,3138.0483456800653,15.0,116.83198947648592,14308.219178082192,0,1,0,0,0,0
6938,15.2199,27810.10289189712,-659.6383232550305,5.0,2.43,3.0,-10039.62931610924,10039.62931610924,3138.0483456800653,15.0,116.83198947648592,14308.219178082192,0,1,0,0,0,0
6939,17.8174,26096.69234724218,-659.6383232550305,5.0,2.43,3.0,-11753.03986076418,11753.03986076418,3138.0483456800653,15.0,116.83198947648592,14308.219178082192,0,1,0,0,0,0
6940,26.3067,20496.824729633252,-659.6383232550305,5.0,2.43,3.0,-17352.907478373112,17352.907478373112,3138.0483456800653,15.0,116.83198947648592,14308.219178082192,0,1,0,0,0,0
6941,33.5444,15722.560437410313,-659.6383232550305,5.0,2.43,3.0,-22127.171770596047,22127.171770596047,3138.0483456800653,15.0,116.83198947648592,14308.219178082192,0,1,0,0,0,0
6942,20.6741,24212.303549199536,-659.6383232550305,5.0,2.43,3.0,-13637.428658806826,13637.428658806826,3138.0483456800653,15.0,116.83198947648592,14308.219178082192,0,1,0,0,0,0
6943,21.5312,23646.92754233765,-659.6383232550305,5.0,2.43,3.0,-14202.804665668711,14202.804665668711,3138.0483456800653,15.0,116.83198947648592,14308.219178082192,0,1,0,0,0,0
6944,22.9248,22727.655575049437,-659.6383232550305,5.0,2.43,3.0,-15122.076632956925,15122.076632956925,3138.0483456800653,15.0,116.83198947648592,14308.219178082192,0,1,0,0,0,0
6945,20.4161,24382.490236599333,-659.6383232550305,5.0,2.43,3.0,-13467.24197140703,13467.24197140703,3138.0483456800653,15.0,116.83198947648592,14308.219178082192,0,1,0,0,0,0
6946,20.5376,24302.344180323846,-659.6383232550305,5.0,2.43,3.0,-13547.388027682515,13547.388027682515,3138.0483456800653,15.0,116.83198947648592,14308.219178082192,0,1,0,0,0,0
6947,20.6186,24248.913476140187,-659.6383232550305,5.0,2.43,3.0,-13600.818731866173,13600.818731866173,3138.0483456800653,15.0,116.83198947648592,14308.219178082192,0,1,0,0,0,0
6948,20.264,24482.821225566422,-659.6383232550305,5.0,2.43,3.0,-13366.910982439938,13366.910982439938,3138.0483456800653,15.0,116.83198947648592,14308.219178082192,0,1,0,0,0,0
6949,19.2141,25175.37550115188,-659.6383232550305,5.0,2.43,3.0,-12674.35670685448,12674.35670685448,3138.0483456800653,15.0,116.83198947648592,14308.219178082192,0,1,0,0,0,0
6950,19.369,25073.197524879673,-659.6383232550305,5.0,2.43,3.0,-12776.534683126685,12776.534683126685,3138.0483456800653,15.0,116.83198947648592,14308.219178082192,0,1,0,0,0,0
6951,19.7362,24830.978332580427,-659.6383232550305,5.0,2.43,3.0,-13018.753875425933,13018.753875425933,3138.0483456800653,15.0,116.83198947648592,14308.219178082192,0,1,0,0,0,0
6952,21.7968,23471.727603681113,-659.6383232550305,5.0,2.43,3.0,-14378.00460432525,14378.00460432525,3138.0483456800653,15.0,116.83198947648592,14308.219178082192,0,1,0,0,0,0
6953,36.0278,14084.41462543877,-659.6383232550305,5.0,2.43,3.0,-23765.317582567586,23765.317582567586,3138.0483456800653,15.0,116.83198947648592,14308.219178082192,0,1,0,0,0,0
6954,25.0915,21298.41722005276,-659.6383232550305,5.0,2.43,3.0,-16551.3149879536,16551.3149879536,3138.0483456800653,15.0,116.83198947648592,14308.219178082192,0,1,0,0,0,0
6955,33.7223,15605.210779703248,-659.6383232550305,5.0,2.43,3.0,-22244.521428303113,22244.521428303113,3138.0483456800653,15.0,116.83198947648592,14308.219178082192,0,1,0,0,0,0
6956,20.5894,24268.174915179236,-659.6383232550305,5.0,2.43,3.0,-13581.557292827127,13581.557292827127,3138.0483456800653,15.0,116.83198947648592,14308.219178082192,0,1,0,0,0,0
6957,20.7262,24177.93639255795,-659.6383232550305,5.0,2.43,3.0,-13671.795815448413,13671.795815448413,3138.0483456800653,15.0,116.83198947648592,14308.219178082192,0,1,0,0,0,0
6958,18.8958,25385.338379443954,-659.6383232550305,5.0,2.43,3.0,-12464.393828562406,12464.393828562406,3138.0483456800653,15.0,116.83198947648592,14308.219178082192,0,1,0,0,0,0
6959,17.762,26133.23631035051,-659.6383232550305,5.0,2.43,3.0,-11716.495897655852,11716.495897655852,3138.0483456800653,15.0,116.83198947648592,14308.219178082192,0,1,0,0,0,0
6960,17.9589,26003.353524501596,-659.6383232550305,5.0,2.43,3.0,-11846.378683504767,11846.378683504767,3138.0483456800653,15.0,116.83198947648592,14308.219178082192,0,1,0,0,0,0
6961,18.0205,25962.719803789085,-659.6383232550305,5.0,2.43,3.0,-11887.012404217276,11887.012404217276,3138.0483456800653,15.0,116.83198947648592,14308.219178082192,0,1,0,0,0,0
6962,19.1225,25235.79837156204,-659.6383232550305,5.0,2.43,3.0,-12613.933836444321,12613.933836444321,3138.0483456800653,15.0,116.83198947648592,14308.219178082192,0,1,0,0,0,0
6963,21.2928,23804.18531860165,-659.6383232550305,5.0,2.43,3.0,-14045.546889404714,14045.546889404714,3138.0483456800653,15.0,116.83198947648592,14308.219178082192,0,1,0,0,0,0
6964,22.1986,23206.68492539724,-659.6383232550305,5.0,2.43,3.0,-14643.047282609119,14643.047282609119,3138.0483456800653,15.0,116.83198947648592,14308.219178082192,0,1,0,0,0,0
6965,27.6377,19618.846121380804,-659.6383232550305,5.0,2.43,3.0,-18230.886086625556,18230.886086625556,3138.0483456800653,15.0,116.83198947648592,14308.219178082192,0,1,0,0,0,0
6966,46.8063,7272.805744269025,650.0,0,2.43,3.0,30424.095,-30424.095,15071.972825128516,0,556.8949724310688,14308.219178082192,1,0,0,0,0,0
6967,27.1845,19917.794209479984,-659.6383232550305,5.0,2.43,3.0,-17931.937998526377,17931.937998526377,3138.0483456800653,15.0,116.83198947648592,14308.219178082192,0,1,0,0,0,0
6968,21.9771,23352.794813998233,-659.6383232550305,5.0,2.43,3.0,-14496.937394008131,14496.937394008131,3138.0483456800653,15.0,116.83198947648592,14308.219178082192,0,1,0,0,0,0
6969,21.8423,23441.714059973005,-659.6383232550305,5.0,2.43,3.0,-14408.018148033354,14408.018148033354,3138.0483456800653,15.0,116.83198947648592,14308.219178082192,0,1,0,0,0,0
6970,20.3782,24407.4905290507,-659.6383232550305,5.0,2.43,3.0,-13442.241678955663,13442.241678955663,3138.0483456800653,15.0,116.83198947648592,14308.219178082192,0,1,0,0,0,0
6971,20.0512,24623.19226075509,-659.6383232550305,5.0,2.43,3.0,-13226.539947251269,13226.539947251269,3138.0483456800653,15.0,116.83198947648592,14308.219178082192,0,1,0,0,0,0
6972,24.2471,21855.41582020931,-659.6383232550305,5.0,2.43,3.0,-15994.316387797051,15994.316387797051,3138.0483456800653,15.0,116.83198947648592,14308.219178082192,0,1,0,0,0,0
6973,19.0453,25286.722450117326,-659.6383232550305,5.0,2.43,3.0,-12563.009757889033,12563.009757889033,3138.0483456800653,15.0,116.83198947648592,14308.219178082192,0,1,0,0,0,0
6974,18.7867,25457.30492051108,-659.6383232550305,5.0,2.43,3.0,-12392.427287495282,12392.427287495282,3138.0483456800653,15.0,116.83198947648592,14308.219178082192,0,1,0,0,0,0
6975,19.9407,24696.08229547477,-659.6383232550305,5.0,2.43,3.0,-13153.649912531586,13153.649912531586,3138.0483456800653,15.0,116.83198947648592,14308.219178082192,0,1,0,0,0,0
6976,21.9293,23384.325525849817,-659.6383232550305,5.0,2.43,3.0,-14465.406682156541,14465.406682156541,3138.0483456800653,15.0,116.83198947648592,14308.219178082192,0,1,0,0,0,0
6977,22.516,22997.315721596096,-659.6383232550305,5.0,2.43,3.0,-14852.416486410266,14852.416486410266,3138.0483456800653,15.0,116.83198947648592,14308.219178082192,0,1,0,0,0,0
6978,28.1178,19302.153762386064,-659.6383232550305,5.0,2.43,3.0,-18547.578445620296,18547.578445620296,3138.0483456800653,15.0,116.83198947648592,14308.219178082192,0,1,0,0,0,0
6979,21.2443,23836.177777279518,-659.6383232550305,5.0,2.43,3.0,-14013.554430726845,14013.554430726845,3138.0483456800653,15.0,116.83198947648592,14308.219178082192,0,1,0,0,0,0
6980,23.643,22253.903331287675,-659.6383232550305,5.0,2.43,3.0,-15595.828876718688,15595.828876718688,3138.0483456800653,15.0,116.83198947648592,14308.219178082192,0,1,0,0,0,0
6981,28.3217,19167.653508274365,-659.6383232550305,5.0,2.43,3.0,-18682.078699732,18682.078699732,3138.0483456800653,15.0,116.83198947648592,14308.219178082192,0,1,0,0,0,0
6982,25.7623,20855.93183281329,-659.6383232550305,5.0,2.43,3.0,-16993.800375193074,16993.800375193074,3138.0483456800653,15.0,116.83198947648592,14308.219178082192,0,1,0,0,0,0
6983,19.8325,24767.455162050966,-659.6383232550305,5.0,2.43,3.0,-13082.277045955392,13082.277045955392,3138.0483456800653,15.0,116.83198947648592,14308.219178082192,0,1,0,0,0,0
6984,36.6706,13660.399111250437,-659.6383232550305,5.0,2.43,3.0,-24189.333096755923,24189.333096755923,3138.0483456800653,15.0,116.83198947648592,14308.219178082192,0,1,0,0,0,0
6985,45.9348,7549.377756951184,-659.6383232550305,5.0,2.43,3.0,-30300.354451055176,30300.354451055176,3138.0483456800653,15.0,116.83198947648592,14308.219178082192,0,1,0,0,0,0
6986,26.0026,20697.420743735103,-659.6383232550305,5.0,2.43,3.0,-17152.311464271257,17152.311464271257,3138.0483456800653,15.0,116.83198947648592,14308.219178082192,0,1,0,0,0,0
6987,29.6614,18283.936046609597,-659.6383232550305,5.0,2.43,3.0,-19565.796161396764,19565.796161396764,3138.0483456800653,15.0,116.83198947648592,14308.219178082192,0,1,0,0,0,0
6988,19.9232,24707.625966131734,-659.6383232550305,5.0,2.43,3.0,-13142.106241874624,13142.106241874624,3138.0483456800653,15.0,116.83198947648592,14308.219178082192,0,1,0,0,0,0
6989,29.0468,18689.34976008214,-659.6383232550305,5.0,2.43,3.0,-19160.38244792422,19160.38244792422,3138.0483456800653,15.0,116.83198947648592,14308.219178082192,0,1,0,0,0,0
6990,31.9423,16779.3669950972,-659.6383232550305,5.0,2.43,3.0,-21070.36521290916,21070.36521290916,3138.0483456800653,15.0,116.83198947648592,14308.219178082192,0,1,0,0,0,0
6991,25.9601,20725.455372473443,-659.6383232550305,5.0,2.43,3.0,-17124.276835532917,17124.276835532917,3138.0483456800653,15.0,116.83198947648592,14308.219178082192,0,1,0,0,0,0
6992,28.2368,19223.656801918714,-659.6383232550305,5.0,2.43,3.0,-18626.075406087646,18626.075406087646,3138.0483456800653,15.0,116.83198947648592,14308.219178082192,0,1,0,0,0,0
6993,30.1188,17982.21747755275,-659.6383232550305,5.0,2.43,3.0,-19867.514730453615,19867.514730453615,3138.0483456800653,15.0,116.83198947648592,14308.219178082192,0,1,0,0,0,0
6994,22.6834,22886.892266283205,-659.6383232550305,5.0,2.43,3.0,-14962.839941723158,14962.839941723158,3138.0483456800653,15.0,116.83198947648592,14308.219178082192,0,1,0,0,0,0
6995,20.5486,24295.08815876804,-659.6383232550305,5.0,2.43,3.0,-13554.64404923832,13554.64404923832,3138.0483456800653,15.0,116.83198947648592,14308.219178082192,0,1,0,0,0,0
6996,24.0807,21965.179637198948,-659.6383232550305,5.0,2.43,3.0,-15884.552570807413,15884.552570807413,3138.0483456800653,15.0,116.83198947648592,14308.219178082192,0,1,0,0,0,0
6997,23.8402,22123.82265394178,-659.6383232550305,5.0,2.43,3.0,-15725.909554064578,15725.909554064578,3138.0483456800653,15.0,116.83198947648592,14308.219178082192,0,1,0,0,0,0
6998,23.0108,22670.926679249504,-659.6383232550305,5.0,2.43,3.0,-15178.805528756857,15178.805528756857,3138.0483456800653,15.0,116.83198947648592,14308.219178082192,0,1,0,0,0,0
6999,20.275,24475.565204010618,-659.6383232550305,5.0,2.43,3.0,-13374.167003995743,13374.167003995743,3138.0483456800653,15.0,116.83198947648592,14308.219178082192,0,1,0,0,0,0
7000,21.4531,23698.445295383866,-659.6383232550305,5.0,2.43,3.0,-14151.286912622494,14151.286912622494,3138.0483456800653,15.0,116.83198947648592,14308.219178082192,0,1,0,0,0,0
7001,41.3167,10595.653497575244,-659.6383232550305,5.0,2.43,3.0,-27254.078710431117,27254.078710431117,3138.0483456800653,15.0,116.83198947648592,14308.219178082192,0,1,0,0,0,0
7002,22.7922,22815.123616713052,-659.6383232550305,5.0,2.43,3.0,-15034.608591293307,15034.608591293307,3138.0483456800653,15.0,116.83198947648592,14308.219178082192,0,1,0,0,0,0
7003,22.5553,22971.39193549217,-659.6383232550305,5.0,2.43,3.0,-14878.34027251419,14878.34027251419,3138.0483456800653,15.0,116.83198947648592,14308.219178082192,0,1,0,0,0,0
7004,25.4391,21069.126938889312,-659.6383232550305,5.0,2.43,3.0,-16780.605269117048,16780.605269117048,3138.0483456800653,15.0,116.83198947648592,14308.219178082192,0,1,0,0,0,0
7005,24.072,21970.918490611264,-659.6383232550305,5.0,2.43,3.0,-15878.813717395094,15878.813717395094,3138.0483456800653,15.0,116.83198947648592,14308.219178082192,0,1,0,0,0,0
7006,21.8431,23441.186349314405,-659.6383232550305,5.0,2.43,3.0,-14408.545858691958,14408.545858691958,3138.0483456800653,15.0,116.83198947648592,14308.219178082192,0,1,0,0,0,0
7007,31.3435,17174.358423062316,-659.6383232550305,5.0,2.43,3.0,-20675.373784944048,20675.373784944048,3138.0483456800653,15.0,116.83198947648592,14308.219178082192,0,1,0,0,0,0
7008,17.9638,26000.121296717647,-659.6383232550305,5.0,2.43,3.0,-11849.610911288717,11849.610911288717,3138.0483456800653,15.0,116.83198947648592,14308.219178082192,0,1,0,0,0,0
7009,18.5272,25628.48106539576,-659.6383232550305,5.0,2.43,3.0,-12221.251142610601,12221.251142610601,3138.0483456800653,15.0,116.83198947648592,14308.219178082192,0,1,0,0,0,0
7010,18.9201,25369.309168188855,-659.6383232550305,5.0,2.43,3.0,-12480.423039817504,12480.423039817504,3138.0483456800653,15.0,116.83198947648592,14308.219178082192,0,1,0,0,0,0
7011,19.5205,24973.262318906538,-659.6383232550305,5.0,2.43,3.0,-12876.469889099822,12876.469889099822,3138.0483456800653,15.0,116.83198947648592,14308.219178082192,0,1,0,0,0,0
7012,21.7523,23501.08150906596,-659.6383232550305,5.0,2.43,3.0,-14348.6506989404,14348.6506989404,3138.0483456800653,15.0,116.83198947648592,14308.219178082192,0,1,0,0,0,0
7013,26.0028,20697.288816070453,-659.6383232550305,5.0,2.43,3.0,-17152.443391935907,17152.443391935907,3138.0483456800653,15.0,116.83198947648592,14308.219178082192,0,1,0,0,0,0
7014,21.8695,23423.77189758047,-659.6383232550305,5.0,2.43,3.0,-14425.96031042589,14425.96031042589,3138.0483456800653,15.0,116.83198947648592,14308.219178082192,0,1,0,0,0,0
7015,20.7613,24154.7830874117,-659.6383232550305,5.0,2.43,3.0,-13694.949120594663,13694.949120594663,3138.0483456800653,15.0,116.83198947648592,14308.219178082192,0,1,0,0,0,0
7016,23.3826,22425.673150663286,-659.6383232550305,5.0,2.43,3.0,-15424.059057343076,15424.059057343076,3138.0483456800653,15.0,116.83198947648592,14308.219178082192,0,1,0,0,0,0
7017,34.2225,15275.25969041108,-659.6383232550305,5.0,2.43,3.0,-22574.47251759528,22574.47251759528,3138.0483456800653,15.0,116.83198947648592,14308.219178082192,0,1,0,0,0,0
7018,25.8311,20810.548716173344,-659.6383232550305,5.0,2.43,3.0,-17039.183491833017,17039.183491833017,3138.0483456800653,15.0,116.83198947648592,14308.219178082192,0,1,0,0,0,0
7019,40.1044,11395.333036857319,-659.6383232550305,5.0,2.43,3.0,-26454.399171149045,26454.399171149045,3138.0483456800653,15.0,116.83198947648592,14308.219178082192,0,1,0,0,0,0
7020,26.4809,20381.915733722224,-659.6383232550305,5.0,2.43,3.0,-17467.816474284136,17467.816474284136,3138.0483456800653,15.0,116.83198947648592,14308.219178082192,0,1,0,0,0,0
7021,31.5021,17069.739784994068,-659.6383232550305,5.0,2.43,3.0,-20779.992423012296,20779.992423012296,3138.0483456800653,15.0,116.83198947648592,14308.219178082192,0,1,0,0,0,0
7022,39.3618,11885.1804557065,-659.6383232550305,5.0,2.43,3.0,-25964.551752299863,25964.551752299863,3138.0483456800653,15.0,116.83198947648592,14308.219178082192,0,1,0,0,0,0
7023,25.8767,20780.469208632912,-659.6383232550305,5.0,2.43,3.0,-17069.262999373448,17069.262999373448,3138.0483456800653,15.0,116.83198947648592,14308.219178082192,0,1,0,0,0,0
7024,24.9032,21422.627116321688,-659.6383232550305,5.0,2.43,3.0,-16427.105091684676,16427.105091684676,3138.0483456800653,15.0,116.83198947648592,14308.219178082192,0,1,0,0,0,0
7025,27.9042,19443.05250823334,-659.6383232550305,5.0,2.43,3.0,-18406.679699773023,18406.679699773023,3138.0483456800653,15.0,116.83198947648592,14308.219178082192,0,1,0,0,0,0
7026,34.8012,14893.526992743395,-659.6383232550305,5.0,2.43,3.0,-22956.20521526297,22956.20521526297,3138.0483456800653,15.0,116.83198947648592,14308.219178082192,0,1,0,0,0,0
7027,42.631,9728.690849321156,-659.6383232550305,5.0,2.43,3.0,-28121.041358685205,28121.041358685205,3138.0483456800653,15.0,116.83198947648592,14308.219178082192,0,1,0,0,0,0
7028,29.1417,18626.75008320524,-659.6383232550305,5.0,2.43,3.0,-19222.98212480112,19222.98212480112,3138.0483456800653,15.0,116.83198947648592,14308.219178082192,0,1,0,0,0,0
7029,26.8755,20121.62245136579,-659.6383232550305,5.0,2.43,3.0,-17728.109756640573,17728.109756640573,3138.0483456800653,15.0,116.83198947648592,14308.219178082192,0,1,0,0,0,0
7030,25.7334,20874.995380355358,-659.6383232550305,5.0,2.43,3.0,-16974.736827651002,16974.736827651002,3138.0483456800653,15.0,116.83198947648592,14308.219178082192,0,1,0,0,0,0
7031,37.6352,13024.111984638635,-659.6383232550305,5.0,2.43,3.0,-24825.62022336772,24825.62022336772,3138.0483456800653,15.0,116.83198947648592,14308.219178082192,0,1,0,0,0,0
7032,21.7786,23483.733021164353,-659.6383232550305,5.0,2.43,3.0,-14365.999186842007,14365.999186842007,3138.0483456800653,15.0,116.83198947648592,14308.219178082192,0,1,0,0,0,0
7033,18.768,25469.640157155947,-659.6383232550305,5.0,2.43,3.0,-12380.092050850413,12380.092050850413,3138.0483456800653,15.0,116.83198947648592,14308.219178082192,0,1,0,0,0,0
7034,21.7446,23506.160724155026,-659.6383232550305,5.0,2.43,3.0,-14343.571483851336,14343.571483851336,3138.0483456800653,15.0,116.83198947648592,14308.219178082192,0,1,0,0,0,0
7035,24.6628,21581.204169232195,-659.6383232550305,5.0,2.43,3.0,-16268.528038774168,16268.528038774168,3138.0483456800653,15.0,116.83198947648592,14308.219178082192,0,1,0,0,0,0
7036,23.8065,22146.052465435478,-659.6383232550305,5.0,2.43,3.0,-15703.679742570885,15703.679742570885,3138.0483456800653,15.0,116.83198947648592,14308.219178082192,0,1,0,0,0,0
7037,222.5344,121496.07074426905,650.0,0,2.43,3.0,144647.36000000002,-144647.36000000002,15071.972825128516,0,556.8949724310688,14308.219178082192,1,0,0,0,0,0
7038,25.5685,20983.769739860112,-659.6383232550305,5.0,2.43,3.0,-16865.96246814625,16865.96246814625,3138.0483456800653,15.0,116.83198947648592,14308.219178082192,0,1,0,0,0,0
7039,20.5319,24306.1041187664,-659.6383232550305,5.0,2.43,3.0,-13543.62808923996,13543.62808923996,3138.0483456800653,15.0,116.83198947648592,14308.219178082192,0,1,0,0,0,0
7040,28.0837,19324.64742920906,-659.6383232550305,5.0,2.43,3.0,-18525.0847787973,18525.0847787973,3138.0483456800653,15.0,116.83198947648592,14308.219178082192,0,1,0,0,0,0
7041,20.7845,24139.479478312176,-659.6383232550305,5.0,2.43,3.0,-13710.252729694183,13710.252729694183,3138.0483456800653,15.0,116.83198947648592,14308.219178082192,0,1,0,0,0,0
7042,22.0976,23273.308396046,-659.6383232550305,5.0,2.43,3.0,-14576.423811960361,14576.423811960361,3138.0483456800653,15.0,116.83198947648592,14308.219178082192,0,1,0,0,0,0
7043,23.4372,22389.656898213558,-659.6383232550305,5.0,2.43,3.0,-15460.0753097928,15460.0753097928,3138.0483456800653,15.0,116.83198947648592,14308.219178082192,0,1,0,0,0,0
7044,27.3047,19838.50568302473,-659.6383232550305,5.0,2.43,3.0,-18011.226524981634,18011.226524981634,3138.0483456800653,15.0,116.83198947648592,14308.219178082192,0,1,0,0,0,0
7045,20.5922,24266.327927874125,-659.6383232550305,5.0,2.43,3.0,-13583.404280132238,13583.404280132238,3138.0483456800653,15.0,116.83198947648592,14308.219178082192,0,1,0,0,0,0
7046,18.8832,25393.64982231697,-659.6383232550305,5.0,2.43,3.0,-12456.082385689391,12456.082385689391,3138.0483456800653,15.0,116.83198947648592,14308.219178082192,0,1,0,0,0,0
7047,23.5792,22295.988256311346,-659.6383232550305,5.0,2.43,3.0,-15553.743951695016,15553.743951695016,3138.0483456800653,15.0,116.83198947648592,14308.219178082192,0,1,0,0,0,0
7048,27.5715,19662.514178380286,-659.6383232550305,5.0,2.43,3.0,-18187.218029626074,18187.218029626074,3138.0483456800653,15.0,116.83198947648592,14308.219178082192,0,1,0,0,0,0
7049,28.7443,18888.89035286679,-659.6383232550305,5.0,2.43,3.0,-18960.841855139573,18960.841855139573,3138.0483456800653,15.0,116.83198947648592,14308.219178082192,0,1,0,0,0,0
7050,30.4904,17737.095876631178,-659.6383232550305,5.0,2.43,3.0,-20112.636331375183,20112.636331375183,3138.0483456800653,15.0,116.83198947648592,14308.219178082192,0,1,0,0,0,0
7051,23.9006,22083.980499217178,-659.6383232550305,5.0,2.43,3.0,-15765.751708789183,15765.751708789183,3138.0483456800653,15.0,116.83198947648592,14308.219178082192,0,1,0,0,0,0
7052,22.6556,22905.230211669692,-659.6383232550305,5.0,2.43,3.0,-14944.501996336669,14944.501996336669,3138.0483456800653,15.0,116.83198947648592,14308.219178082192,0,1,0,0,0,0
7053,29.4147,18446.668820956616,-659.6383232550305,5.0,2.43,3.0,-19403.063387049748,19403.063387049748,3138.0483456800653,15.0,116.83198947648592,14308.219178082192,0,1,0,0,0,0
7054,23.314,22470.92433963858,-659.6383232550305,5.0,2.43,3.0,-15378.807868367781,15378.807868367781,3138.0483456800653,15.0,116.83198947648592,14308.219178082192,0,1,0,0,0,0
7055,20.649,24228.860471113236,-659.6383232550305,5.0,2.43,3.0,-13620.871736893127,13620.871736893127,3138.0483456800653,15.0,116.83198947648592,14308.219178082192,0,1,0,0,0,0
7056,18.1687,25864.961404282687,-659.6383232550305,5.0,2.43,3.0,-11984.770803723673,11984.770803723673,3138.0483456800653,15.0,116.83198947648592,14308.219178082192,0,1,0,0,0,0
7057,17.096,26572.555433638357,-659.6383232550305,5.0,2.43,3.0,-11277.176774368001,11277.176774368001,3138.0483456800653,15.0,116.83198947648592,14308.219178082192,0,1,0,0,0,0
7058,19.0227,25301.63027622289,-659.6383232550305,5.0,2.43,3.0,-12548.101931783469,12548.101931783469,3138.0483456800653,15.0,116.83198947648592,14308.219178082192,0,1,0,0,0,0
7059,18.6808,25527.160618943788,-659.6383232550305,5.0,2.43,3.0,-12322.571589062574,12322.571589062574,3138.0483456800653,15.0,116.83198947648592,14308.219178082192,0,1,0,0,0,0
7060,22.5601,22968.22567154055,-659.6383232550305,5.0,2.43,3.0,-14881.506536465813,14881.506536465813,3138.0483456800653,15.0,116.83198947648592,14308.219178082192,0,1,0,0,0,0
7061,20.2502,24491.924234427344,-659.6383232550305,5.0,2.43,3.0,-13357.807973579018,13357.807973579018,3138.0483456800653,15.0,116.83198947648592,14308.219178082192,0,1,0,0,0,0
7062,42.3584,9908.508256240475,-659.6383232550305,5.0,2.43,3.0,-27941.223951765885,27941.223951765885,3138.0483456800653,15.0,116.83198947648592,14308.219178082192,0,1,0,0,0,0
7063,25.4409,21067.939589907455,-659.6383232550305,5.0,2.43,3.0,-16781.792618098905,16781.792618098905,3138.0483456800653,15.0,116.83198947648592,14308.219178082192,0,1,0,0,0,0
7064,25.0168,21347.692202799914,-659.6383232550305,5.0,2.43,3.0,-16502.040005206447,16502.040005206447,3138.0483456800653,15.0,116.83198947648592,14308.219178082192,0,1,0,0,0,0
7065,28.1537,19278.472746581207,-659.6383232550305,5.0,2.43,3.0,-18571.259461425154,18571.259461425154,3138.0483456800653,15.0,116.83198947648592,14308.219178082192,0,1,0,0,0,0
7066,25.7008,20896.499589693474,-659.6383232550305,5.0,2.43,3.0,-16953.23261831289,16953.23261831289,3138.0483456800653,15.0,116.83198947648592,14308.219178082192,0,1,0,0,0,0
7067,22.312,23131.88193954012,-659.6383232550305,5.0,2.43,3.0,-14717.850268466242,14717.850268466242,3138.0483456800653,15.0,116.83198947648592,14308.219178082192,0,1,0,0,0,0
7068,24.7694,21510.886723973206,-659.6383232550305,5.0,2.43,3.0,-16338.845484033154,16338.845484033154,3138.0483456800653,15.0,116.83198947648592,14308.219178082192,0,1,0,0,0,0
7069,23.2917,22485.634274247168,-659.6383232550305,5.0,2.43,3.0,-15364.097933759193,15364.097933759193,3138.0483456800653,15.0,116.83198947648592,14308.219178082192,0,1,0,0,0,0
7070,26.9271,20087.58511388583,-659.6383232550305,5.0,2.43,3.0,-17762.147094120533,17762.147094120533,3138.0483456800653,15.0,116.83198947648592,14308.219178082192,0,1,0,0,0,0
7071,24.3296,21800.99565854077,-659.6383232550305,5.0,2.43,3.0,-16048.73654946559,16048.73654946559,3138.0483456800653,15.0,116.83198947648592,14308.219178082192,0,1,0,0,0,0
7072,23.4409,22387.216236417516,-659.6383232550305,5.0,2.43,3.0,-15462.515971588844,15462.515971588844,3138.0483456800653,15.0,116.83198947648592,14308.219178082192,0,1,0,0,0,0
7073,47.3683,7638.105744269021,650.0,0,2.43,3.0,30789.394999999997,-30789.394999999997,15071.972825128516,0,556.8949724310688,14308.219178082192,1,0,0,0,0,0
7074,72.8683,24213.105744269033,650.0,0,2.43,3.0,47364.395000000004,-47364.395000000004,15071.972825128516,0,556.8949724310688,14308.219178082192,1,0,0,0,0,0
7075,33.3096,15877.44351571059,-659.6383232550305,5.0,2.43,3.0,-21972.288692295766,21972.288692295766,3138.0483456800653,15.0,116.83198947648592,14308.219178082192,0,1,0,0,0,0
7076,26.8515,20137.45377112391,-659.6383232550305,5.0,2.43,3.0,-17712.278436882454,17712.278436882454,3138.0483456800653,15.0,116.83198947648592,14308.219178082192,0,1,0,0,0,0
7077,22.461,23033.59582937512,-659.6383232550305,5.0,2.43,3.0,-14816.13637863124,14816.13637863124,3138.0483456800653,15.0,116.83198947648592,14308.219178082192,0,1,0,0,0,0
7078,22.9966,22680.293543439726,-659.6383232550305,5.0,2.43,3.0,-15169.438664566635,15169.438664566635,3138.0483456800653,15.0,116.83198947648592,14308.219178082192,0,1,0,0,0,0
7079,20.2569,24487.504657661535,-659.6383232550305,5.0,2.43,3.0,-13362.227550344829,13362.227550344829,3138.0483456800653,15.0,116.83198947648592,14308.219178082192,0,1,0,0,0,0
7080,21.5202,23654.183563893454,-659.6383232550305,5.0,2.43,3.0,-14195.548644112907,14195.548644112907,3138.0483456800653,15.0,116.83198947648592,14308.219178082192,0,1,0,0,0,0
7081,19.1034,25248.39746353621,-659.6383232550305,5.0,2.43,3.0,-12601.33474447015,12601.33474447015,3138.0483456800653,15.0,116.83198947648592,14308.219178082192,0,1,0,0,0,0
7082,19.7568,24817.389783121376,-659.6383232550305,5.0,2.43,3.0,-13032.342424884986,13032.342424884986,3138.0483456800653,15.0,116.83198947648592,14308.219178082192,0,1,0,0,0,0
7083,20.2233,24509.6685053229,-659.6383232550305,5.0,2.43,3.0,-13340.063702683457,13340.063702683457,3138.0483456800653,15.0,116.83198947648592,14308.219178082192,0,1,0,0,0,0
7084,19.473,25004.595139261153,-659.6383232550305,5.0,2.43,3.0,-12845.137068745209,12845.137068745209,3138.0483456800653,15.0,116.83198947648592,14308.219178082192,0,1,0,0,0,0
7085,45.572,7788.694540628108,-659.6383232550305,5.0,2.43,3.0,-30061.037667378252,30061.037667378252,3138.0483456800653,15.0,116.83198947648592,14308.219178082192,0,1,0,0,0,0
7086,65.6492,19520.690744269017,650.0,0,2.43,3.0,42671.979999999996,-42671.979999999996,15071.972825128516,0,556.8949724310688,14308.219178082192,1,0,0,0,0,0
7087,22.605,22938.607910826395,-659.6383232550305,5.0,2.43,3.0,-14911.124297179966,14911.124297179966,3138.0483456800653,15.0,116.83198947648592,14308.219178082192,0,1,0,0,0,0
7088,22.5964,22944.28080040639,-659.6383232550305,5.0,2.43,3.0,-14905.45140759997,14905.45140759997,3138.0483456800653,15.0,116.83198947648592,14308.219178082192,0,1,0,0,0,0
7089,23.7453,22186.422330818685,-659.6383232550305,5.0,2.43,3.0,-15663.309877187676,15663.309877187676,3138.0483456800653,15.0,116.83198947648592,14308.219178082192,0,1,0,0,0,0
7090,23.5104,22341.37137295129,-659.6383232550305,5.0,2.43,3.0,-15508.36083505507,15508.36083505507,3138.0483456800653,15.0,116.83198947648592,14308.219178082192,0,1,0,0,0,0
7091,23.4587,22375.474674263576,-659.6383232550305,5.0,2.43,3.0,-15474.257533742784,15474.257533742784,3138.0483456800653,15.0,116.83198947648592,14308.219178082192,0,1,0,0,0,0
7092,22.0974,23273.44032371065,-659.6383232550305,5.0,2.43,3.0,-14576.291884295711,14576.291884295711,3138.0483456800653,15.0,116.83198947648592,14308.219178082192,0,1,0,0,0,0
7093,21.2546,23829.383502549987,-659.6383232550305,5.0,2.43,3.0,-14020.348705456372,14020.348705456372,3138.0483456800653,15.0,116.83198947648592,14308.219178082192,0,1,0,0,0,0
7094,23.5372,22323.69306588806,-659.6383232550305,5.0,2.43,3.0,-15526.039142118303,15526.039142118303,3138.0483456800653,15.0,116.83198947648592,14308.219178082192,0,1,0,0,0,0
7095,23.8245,22134.178975616887,-659.6383232550305,5.0,2.43,3.0,-15715.553232389475,15715.553232389475,3138.0483456800653,15.0,116.83198947648592,14308.219178082192,0,1,0,0,0,0
7096,22.6625,22900.678707239233,-659.6383232550305,5.0,2.43,3.0,-14949.05350076713,14949.05350076713,3138.0483456800653,15.0,116.83198947648592,14308.219178082192,0,1,0,0,0,0
7097,32.4475,16446.117714188757,-659.6383232550305,5.0,2.43,3.0,-21403.6144938176,21403.6144938176,3138.0483456800653,15.0,116.83198947648592,14308.219178082192,0,1,0,0,0,0
7098,26.5738,20320.63533349183,-659.6383232550305,5.0,2.43,3.0,-17529.09687451453,17529.09687451453,3138.0483456800653,15.0,116.83198947648592,14308.219178082192,0,1,0,0,0,0
7099,27.6641,19601.43166964687,-659.6383232550305,5.0,2.43,3.0,-18248.30053835949,18248.30053835949,3138.0483456800653,15.0,116.83198947648592,14308.219178082192,0,1,0,0,0,0
7100,23.4365,22390.118645039838,-659.6383232550305,5.0,2.43,3.0,-15459.613562966522,15459.613562966522,3138.0483456800653,15.0,116.83198947648592,14308.219178082192,0,1,0,0,0,0
7101,22.3564,23102.593997987595,-659.6383232550305,5.0,2.43,3.0,-14747.138210018764,14747.138210018764,3138.0483456800653,15.0,116.83198947648592,14308.219178082192,0,1,0,0,0,0
7102,27.386,19784.877087344095,-659.6383232550305,5.0,2.43,3.0,-18064.855120662265,18064.855120662265,3138.0483456800653,15.0,116.83198947648592,14308.219178082192,0,1,0,0,0,0
7103,20.3586,24420.419440186495,-659.6383232550305,5.0,2.43,3.0,-13429.312767819863,13429.312767819863,3138.0483456800653,15.0,116.83198947648592,14308.219178082192,0,1,0,0,0,0
7104,22.4036,23071.45906912996,-659.6383232550305,5.0,2.43,3.0,-14778.273138876402,14778.273138876402,3138.0483456800653,15.0,116.83198947648592,14308.219178082192,0,1,0,0,0,0
7105,20.3985,24394.09987108862,-659.6383232550305,5.0,2.43,3.0,-13455.632336917739,13455.632336917739,3138.0483456800653,15.0,116.83198947648592,14308.219178082192,0,1,0,0,0,0
7106,20.4756,24343.241756365656,-659.6383232550305,5.0,2.43,3.0,-13506.490451640702,13506.490451640702,3138.0483456800653,15.0,116.83198947648592,14308.219178082192,0,1,0,0,0,0
7107,21.2096,23859.067227096464,-659.6383232550305,5.0,2.43,3.0,-13990.664980909894,13990.664980909894,3138.0483456800653,15.0,116.83198947648592,14308.219178082192,0,1,0,0,0,0
7108,21.2569,23827.8663344065,-659.6383232550305,5.0,2.43,3.0,-14021.86587359986,14021.86587359986,3138.0483456800653,15.0,116.83198947648592,14308.219178082192,0,1,0,0,0,0
7109,26.0263,20681.78731547396,-659.6383232550305,5.0,2.43,3.0,-17167.9448925324,17167.9448925324,3138.0483456800653,15.0,116.83198947648592,14308.219178082192,0,1,0,0,0,0
7110,28.3253,19165.278810310647,-659.6383232550305,5.0,2.43,3.0,-18684.453397695714,18684.453397695714,3138.0483456800653,15.0,116.83198947648592,14308.219178082192,0,1,0,0,0,0
7111,28.1315,19293.11671735747,-659.6383232550305,5.0,2.43,3.0,-18556.615490648892,18556.615490648892,3138.0483456800653,15.0,116.83198947648592,14308.219178082192,0,1,0,0,0,0
7112,32.4938,16415.576459822052,-659.6383232550305,5.0,2.43,3.0,-21434.155748184312,21434.155748184312,3138.0483456800653,15.0,116.83198947648592,14308.219178082192,0,1,0,0,0,0
7113,34.2715,15242.93741257158,-659.6383232550305,5.0,2.43,3.0,-22606.79479543478,22606.79479543478,3138.0483456800653,15.0,116.83198947648592,14308.219178082192,0,1,0,0,0,0
7114,23.2969,22482.20415496624,-659.6383232550305,5.0,2.43,3.0,-15367.528053040121,15367.528053040121,3138.0483456800653,15.0,116.83198947648592,14308.219178082192,0,1,0,0,0,0
7115,40.099,11398.895083802898,-659.6383232550305,5.0,2.43,3.0,-26450.837124203466,26450.837124203466,3138.0483456800653,15.0,116.83198947648592,14308.219178082192,0,1,0,0,0,0
7116,25.2794,21174.47117911314,-659.6383232550305,5.0,2.43,3.0,-16675.26102889322,16675.26102889322,3138.0483456800653,15.0,116.83198947648592,14308.219178082192,0,1,0,0,0,0
7117,25.2041,21224.141944854247,-659.6383232550305,5.0,2.43,3.0,-16625.590263152113,16625.590263152113,3138.0483456800653,15.0,116.83198947648592,14308.219178082192,0,1,0,0,0,0
7118,23.3728,22432.137606231183,-659.6383232550305,5.0,2.43,3.0,-15417.594601775178,15417.594601775178,3138.0483456800653,15.0,116.83198947648592,14308.219178082192,0,1,0,0,0,0
7119,24.0764,21968.016081988942,-659.6383232550305,5.0,2.43,3.0,-15881.716126017416,15881.716126017416,3138.0483456800653,15.0,116.83198947648592,14308.219178082192,0,1,0,0,0,0
7120,25.372,21113.388670379725,-659.6383232550305,5.0,2.43,3.0,-16736.343537626635,16736.343537626635,3138.0483456800653,15.0,116.83198947648592,14308.219178082192,0,1,0,0,0,0
7121,33.7597,15580.540306413506,-659.6383232550305,5.0,2.43,3.0,-22269.191901592854,22269.191901592854,3138.0483456800653,15.0,116.83198947648592,14308.219178082192,0,1,0,0,0,0
7122,38.0472,12752.340995457569,-659.6383232550305,5.0,2.43,3.0,-25097.391212548795,25097.391212548795,3138.0483456800653,15.0,116.83198947648592,14308.219178082192,0,1,0,0,0,0
7123,24.5635,21646.70625473142,-659.6383232550305,5.0,2.43,3.0,-16203.025953274942,16203.025953274942,3138.0483456800653,15.0,116.83198947648592,14308.219178082192,0,1,0,0,0,0
7124,25.6195,20950.128185374106,-659.6383232550305,5.0,2.43,3.0,-16899.604022632255,16899.604022632255,3138.0483456800653,15.0,116.83198947648592,14308.219178082192,0,1,0,0,0,0
7125,23.2589,22507.270411249934,-659.6383232550305,5.0,2.43,3.0,-15342.46179675643,15342.46179675643,3138.0483456800653,15.0,116.83198947648592,14308.219178082192,0,1,0,0,0,0
7126,21.4818,23679.513675506445,-659.6383232550305,5.0,2.43,3.0,-14170.218532499914,14170.218532499914,3138.0483456800653,15.0,116.83198947648592,14308.219178082192,0,1,0,0,0,0
7127,21.7871,23478.126095416686,-659.6383232550305,5.0,2.43,3.0,-14371.606112589674,14371.606112589674,3138.0483456800653,15.0,116.83198947648592,14308.219178082192,0,1,0,0,0,0
7128,23.075,22628.577898896532,-659.6383232550305,5.0,2.43,3.0,-15221.154309109828,15221.154309109828,3138.0483456800653,15.0,116.83198947648592,14308.219178082192,0,1,0,0,0,0
7129,22.7176,22864.332635627878,-659.6383232550305,5.0,2.43,3.0,-14985.399572378481,14985.399572378481,3138.0483456800653,15.0,116.83198947648592,14308.219178082192,0,1,0,0,0,0
7130,23.7343,22193.67835237449,-659.6383232550305,5.0,2.43,3.0,-15656.053855631872,15656.053855631872,3138.0483456800653,15.0,116.83198947648592,14308.219178082192,0,1,0,0,0,0
7131,23.4687,22368.878291031026,-659.6383232550305,5.0,2.43,3.0,-15480.853916975333,15480.853916975333,3138.0483456800653,15.0,116.83198947648592,14308.219178082192,0,1,0,0,0,0
7132,21.4536,23698.115476222236,-659.6383232550305,5.0,2.43,3.0,-14151.616731784123,14151.616731784123,3138.0483456800653,15.0,116.83198947648592,14308.219178082192,0,1,0,0,0,0
7133,22.5056,23004.175960157947,-659.6383232550305,5.0,2.43,3.0,-14845.556247848415,14845.556247848415,3138.0483456800653,15.0,116.83198947648592,14308.219178082192,0,1,0,0,0,0
7134,26.2678,20522.48466040787,-659.6383232550305,5.0,2.43,3.0,-17327.24754759849,17327.24754759849,3138.0483456800653,15.0,116.83198947648592,14308.219178082192,0,1,0,0,0,0
7135,28.9716,18738.95456199092,-659.6383232550305,5.0,2.43,3.0,-19110.777646015442,19110.777646015442,3138.0483456800653,15.0,116.83198947648592,14308.219178082192,0,1,0,0,0,0
7136,31.0229,17385.838469497874,-659.6383232550305,5.0,2.43,3.0,-20463.893738508486,20463.893738508486,3138.0483456800653,15.0,116.83198947648592,14308.219178082192,0,1,0,0,0,0
7137,27.3686,19796.354794168732,-659.6383232550305,5.0,2.43,3.0,-18053.37741383763,18053.37741383763,3138.0483456800653,15.0,116.83198947648592,14308.219178082192,0,1,0,0,0,0
7138,32.7155,16269.334643556413,-659.6383232550305,5.0,2.43,3.0,-21580.39756444995,21580.39756444995,3138.0483456800653,15.0,116.83198947648592,14308.219178082192,0,1,0,0,0,0
7139,25.8582,20792.67251761313,-659.6383232550305,5.0,2.43,3.0,-17057.05969039323,17057.05969039323,3138.0483456800653,15.0,116.83198947648592,14308.219178082192,0,1,0,0,0,0
7140,23.7396,22190.18226926124,-659.6383232550305,5.0,2.43,3.0,-15659.549938745122,15659.549938745122,3138.0483456800653,15.0,116.83198947648592,14308.219178082192,0,1,0,0,0,0
7141,21.1448,23901.81179044339,-659.6383232550305,5.0,2.43,3.0,-13947.92041756297,13947.92041756297,3138.0483456800653,15.0,116.83198947648592,14308.219178082192,0,1,0,0,0,0
7142,22.6269,22924.161831547113,-659.6383232550305,5.0,2.43,3.0,-14925.570376459249,14925.570376459249,3138.0483456800653,15.0,116.83198947648592,14308.219178082192,0,1,0,0,0,0
7143,23.3585,22441.570434253732,-659.6383232550305,5.0,2.43,3.0,-15408.16177375263,15408.16177375263,3138.0483456800653,15.0,116.83198947648592,14308.219178082192,0,1,0,0,0,0
7144,21.5226,23652.60043191764,-659.6383232550305,5.0,2.43,3.0,-14197.13177608872,14197.13177608872,3138.0483456800653,15.0,116.83198947648592,14308.219178082192,0,1,0,0,0,0
7145,27.3705,19795.101481354548,-659.6383232550305,5.0,2.43,3.0,-18054.630726651812,18054.630726651812,3138.0483456800653,15.0,116.83198947648592,14308.219178082192,0,1,0,0,0,0
7146,22.0552,23301.277060952012,-659.6383232550305,5.0,2.43,3.0,-14548.455147054348,14548.455147054348,3138.0483456800653,15.0,116.83198947648592,14308.219178082192,0,1,0,0,0,0
7147,22.4373,23049.229257636267,-659.6383232550305,5.0,2.43,3.0,-14800.502950370097,14800.502950370097,3138.0483456800653,15.0,116.83198947648592,14308.219178082192,0,1,0,0,0,0
7148,26.0098,20692.671347807667,-659.6383232550305,5.0,2.43,3.0,-17157.060860198693,17157.060860198693,3138.0483456800653,15.0,116.83198947648592,14308.219178082192,0,1,0,0,0,0
7149,21.2121,23857.41813128833,-659.6383232550305,5.0,2.43,3.0,-13992.314076718032,13992.314076718032,3138.0483456800653,15.0,116.83198947648592,14308.219178082192,0,1,0,0,0,0
7150,21.2445,23836.045849614864,-659.6383232550305,5.0,2.43,3.0,-14013.686358391495,14013.686358391495,3138.0483456800653,15.0,116.83198947648592,14308.219178082192,0,1,0,0,0,0
7151,21.9101,23396.99058165632,-659.6383232550305,5.0,2.43,3.0,-14452.741626350044,14452.741626350044,3138.0483456800653,15.0,116.83198947648592,14308.219178082192,0,1,0,0,0,0
7152,23.1353,22588.801708004252,-659.6383232550305,5.0,2.43,3.0,-15260.930500002109,15260.930500002109,3138.0483456800653,15.0,116.83198947648592,14308.219178082192,0,1,0,0,0,0
7153,20.9028,24061.44426467111,-659.6383232550305,5.0,2.43,3.0,-13788.287943335252,13788.287943335252,3138.0483456800653,15.0,116.83198947648592,14308.219178082192,0,1,0,0,0,0
7154,19.8931,24727.481079661713,-659.6383232550305,5.0,2.43,3.0,-13122.251128344647,13122.251128344647,3138.0483456800653,15.0,116.83198947648592,14308.219178082192,0,1,0,0,0,0
7155,19.377,25067.920418293637,-659.6383232550305,5.0,2.43,3.0,-12781.811789712725,12781.811789712725,3138.0483456800653,15.0,116.83198947648592,14308.219178082192,0,1,0,0,0,0
7156,21.2922,23804.5811015956,-659.6383232550305,5.0,2.43,3.0,-14045.151106410762,14045.151106410762,3138.0483456800653,15.0,116.83198947648592,14308.219178082192,0,1,0,0,0,0
7157,20.378,24407.622456715348,-659.6383232550305,5.0,2.43,3.0,-13442.109751291011,13442.109751291011,3138.0483456800653,15.0,116.83198947648592,14308.219178082192,0,1,0,0,0,0
7158,34.3879,15166.155511744695,-659.6383232550305,5.0,2.43,3.0,-22683.576696261665,22683.576696261665,3138.0483456800653,15.0,116.83198947648592,14308.219178082192,0,1,0,0,0,0
7159,19.3229,25103.60685158173,-659.6383232550305,5.0,2.43,3.0,-12746.125356424629,12746.125356424629,3138.0483456800653,15.0,116.83198947648592,14308.219178082192,0,1,0,0,0,0
7160,20.6221,24246.604742008793,-659.6383232550305,5.0,2.43,3.0,-13603.127465997564,13603.127465997564,3138.0483456800653,15.0,116.83198947648592,14308.219178082192,0,1,0,0,0,0
7161,21.6219,23587.098346418417,-659.6383232550305,5.0,2.43,3.0,-14262.633861587945,14262.633861587945,3138.0483456800653,15.0,116.83198947648592,14308.219178082192,0,1,0,0,0,0
7162,21.8331,23447.782732546955,-659.6383232550305,5.0,2.43,3.0,-14401.949475459407,14401.949475459407,3138.0483456800653,15.0,116.83198947648592,14308.219178082192,0,1,0,0,0,0
7163,21.6832,23546.662517202883,-659.6383232550305,5.0,2.43,3.0,-14303.069690803477,14303.069690803477,3138.0483456800653,15.0,116.83198947648592,14308.219178082192,0,1,0,0,0,0
7164,20.9798,24010.652113780474,-659.6383232550305,5.0,2.43,3.0,-13839.08009422589,13839.08009422589,3138.0483456800653,15.0,116.83198947648592,14308.219178082192,0,1,0,0,0,0
7165,18.0054,25972.680342470234,-659.6383232550305,5.0,2.43,3.0,-11877.051865536128,11877.051865536128,3138.0483456800653,15.0,116.83198947648592,14308.219178082192,0,1,0,0,0,0
7166,17.0614,26595.378919622985,-659.6383232550305,5.0,2.43,3.0,-11254.353288383378,11254.353288383378,3138.0483456800653,15.0,116.83198947648592,14308.219178082192,0,1,0,0,0,0
7167,17.7515,26140.162512744686,-659.6383232550305,5.0,2.43,3.0,-11709.569695261674,11709.569695261674,3138.0483456800653,15.0,116.83198947648592,14308.219178082192,0,1,0,0,0,0
7168,18.0451,25946.49270103701,-659.6383232550305,5.0,2.43,3.0,-11903.239506969352,11903.239506969352,3138.0483456800653,15.0,116.83198947648592,14308.219178082192,0,1,0,0,0,0
7169,20.3524,24424.509197790678,-659.6383232550305,5.0,2.43,3.0,-13425.223010215683,13425.223010215683,3138.0483456800653,15.0,116.83198947648592,14308.219178082192,0,1,0,0,0,0
7170,19.354,25083.0920997285,-659.6383232550305,5.0,2.43,3.0,-12766.64010827786,12766.64010827786,3138.0483456800653,15.0,116.83198947648592,14308.219178082192,0,1,0,0,0,0
7171,17.4164,26361.207314867446,-659.6383232550305,5.0,2.43,3.0,-11488.524893138912,11488.524893138912,3138.0483456800653,15.0,116.83198947648592,14308.219178082192,0,1,0,0,0,0
7172,17.532,26284.953124699165,-659.6383232550305,5.0,2.43,3.0,-11564.779083307196,11564.779083307196,3138.0483456800653,15.0,116.83198947648592,14308.219178082192,0,1,0,0,0,0
7173,16.7443,26804.550231927155,-659.6383232550305,5.0,2.43,3.0,-11045.181976079206,11045.181976079206,3138.0483456800653,15.0,116.83198947648592,14308.219178082192,0,1,0,0,0,0
7174,15.1701,27842.952880395223,-659.6383232550305,5.0,2.43,3.0,-10006.779327611139,10006.779327611139,3138.0483456800653,15.0,116.83198947648592,14308.219178082192,0,1,0,0,0,0
7175,12.3516,29702.143494489526,-659.6383232550305,5.0,2.43,3.0,-8147.588713516834,8147.588713516834,3138.0483456800653,15.0,116.83198947648592,14308.219178082192,0,1,0,0,0,0
7176,12.9836,29285.252074192347,-659.6383232550305,5.0,2.43,3.0,-8564.480133814013,8564.480133814013,3138.0483456800653,15.0,116.83198947648592,14308.219178082192,0,1,0,0,0,0
7177,11.4914,30269.564380153504,-659.6383232550305,5.0,2.43,3.0,-7580.167827852858,7580.167827852858,3138.0483456800653,15.0,116.83198947648592,14308.219178082192,0,1,0,0,0,0
7178,10.9121,30651.692860815143,-659.6383232550305,5.0,2.43,3.0,-7198.039347191218,7198.039347191218,3138.0483456800653,15.0,116.83198947648592,14308.219178082192,0,1,0,0,0,0
7179,11.2385,30436.3869121047,-659.6383232550305,5.0,2.43,3.0,-7413.34529590166,7413.34529590166,3138.0483456800653,15.0,116.83198947648592,14308.219178082192,0,1,0,0,0,0
7180,11.2582,30423.392037136575,-659.6383232550305,5.0,2.43,3.0,-7426.340170869785,7426.340170869785,3138.0483456800653,15.0,116.83198947648592,14308.219178082192,0,1,0,0,0,0
7181,11.4835,30274.775522907217,-659.6383232550305,5.0,2.43,3.0,-7574.956685099142,7574.956685099142,3138.0483456800653,15.0,116.83198947648592,14308.219178082192,0,1,0,0,0,0
7182,14.9607,27981.08114528483,-659.6383232550305,5.0,2.43,3.0,-9868.651062721534,9868.651062721534,3138.0483456800653,15.0,116.83198947648592,14308.219178082192,0,1,0,0,0,0
7183,19.8253,24772.204557978406,-659.6383232550305,5.0,2.43,3.0,-13077.527650027956,13077.527650027956,3138.0483456800653,15.0,116.83198947648592,14308.219178082192,0,1,0,0,0,0
7184,20.0022,24655.51453859459,-659.6383232550305,5.0,2.43,3.0,-13194.21766941177,13194.21766941177,3138.0483456800653,15.0,116.83198947648592,14308.219178082192,0,1,0,0,0,0
7185,21.8978,23405.104133032357,-659.6383232550305,5.0,2.43,3.0,-14444.628074974007,14444.628074974007,3138.0483456800653,15.0,116.83198947648592,14308.219178082192,0,1,0,0,0,0
7186,21.1972,23867.24674230483,-659.6383232550305,5.0,2.43,3.0,-13982.485465701531,13982.485465701531,3138.0483456800653,15.0,116.83198947648592,14308.219178082192,0,1,0,0,0,0
7187,22.1376,23246.922863115797,-659.6383232550305,5.0,2.43,3.0,-14602.809344890562,14602.809344890562,3138.0483456800653,15.0,116.83198947648592,14308.219178082192,0,1,0,0,0,0
7188,21.5253,23650.819408444848,-659.6383232550305,5.0,2.43,3.0,-14198.912799561509,14198.912799561509,3138.0483456800653,15.0,116.83198947648592,14308.219178082192,0,1,0,0,0,0
7189,21.6327,23579.97425252726,-659.6383232550305,5.0,2.43,3.0,-14269.7579554791,14269.7579554791,3138.0483456800653,15.0,116.83198947648592,14308.219178082192,0,1,0,0,0,0
7190,20.8824,24074.90088646551,-659.6383232550305,5.0,2.43,3.0,-13774.831321540849,13774.831321540849,3138.0483456800653,15.0,116.83198947648592,14308.219178082192,0,1,0,0,0,0
7191,21.2015,23864.41029751483,-659.6383232550305,5.0,2.43,3.0,-13985.32191049153,13985.32191049153,3138.0483456800653,15.0,116.83198947648592,14308.219178082192,0,1,0,0,0,0
7192,22.5979,22943.291342921508,-659.6383232550305,5.0,2.43,3.0,-14906.440865084853,14906.440865084853,3138.0483456800653,15.0,116.83198947648592,14308.219178082192,0,1,0,0,0,0
7193,22.3518,23105.628334274566,-659.6383232550305,5.0,2.43,3.0,-14744.103873731792,14744.103873731792,3138.0483456800653,15.0,116.83198947648592,14308.219178082192,0,1,0,0,0,0
7194,27.9245,19429.661850271263,-659.6383232550305,5.0,2.43,3.0,-18420.070357735098,18420.070357735098,3138.0483456800653,15.0,116.83198947648592,14308.219178082192,0,1,0,0,0,0
7195,21.8666,23425.684848717912,-659.6383232550305,5.0,2.43,3.0,-14424.047359288448,14424.047359288448,3138.0483456800653,15.0,116.83198947648592,14308.219178082192,0,1,0,0,0,0
7196,20.1091,24584.999201838626,-659.6383232550305,5.0,2.43,3.0,-13264.733006167735,13264.733006167735,3138.0483456800653,15.0,116.83198947648592,14308.219178082192,0,1,0,0,0,0
7197,17.6091,26234.095009976205,-659.6383232550305,5.0,2.43,3.0,-11615.63719803016,11615.63719803016,3138.0483456800653,15.0,116.83198947648592,14308.219178082192,0,1,0,0,0,0
7198,16.5707,26919.06344484423,-659.6383232550305,5.0,2.43,3.0,-10930.668763162133,10930.668763162133,3138.0483456800653,15.0,116.83198947648592,14308.219178082192,0,1,0,0,0,0
7199,15.1242,27873.230279432628,-659.6383232550305,5.0,2.43,3.0,-9976.501928573733,9976.501928573733,3138.0483456800653,15.0,116.83198947648592,14308.219178082192,0,1,0,0,0,0
7200,15.2934,27761.61947513788,-659.6383232550305,5.0,2.43,3.0,-10088.112732868483,10088.112732868483,3138.0483456800653,15.0,116.83198947648592,14308.219178082192,0,1,0,0,0,0
7201,14.8139,28077.916051138665,-659.6383232550305,5.0,2.43,3.0,-9771.816156867697,9771.816156867697,3138.0483456800653,15.0,116.83198947648592,14308.219178082192,0,1,0,0,0,0
7202,16.1043,27226.718758810377,-659.6383232550305,5.0,2.43,3.0,-10623.013449195987,10623.013449195987,3138.0483456800653,15.0,116.83198947648592,14308.219178082192,0,1,0,0,0,0
7203,18.7059,25510.603697030085,-659.6383232550305,5.0,2.43,3.0,-12339.128510976276,12339.128510976276,3138.0483456800653,15.0,116.83198947648592,14308.219178082192,0,1,0,0,0,0
7204,18.7261,25497.279002900334,-659.6383232550305,5.0,2.43,3.0,-12352.453205106027,12352.453205106027,3138.0483456800653,15.0,116.83198947648592,14308.219178082192,0,1,0,0,0,0
7205,22.6857,22885.375098139717,-659.6383232550305,5.0,2.43,3.0,-14964.357109866645,14964.357109866645,3138.0483456800653,15.0,116.83198947648592,14308.219178082192,0,1,0,0,0,0
7206,24.8424,21462.73312637559,-659.6383232550305,5.0,2.43,3.0,-16386.999081630773,16386.999081630773,3138.0483456800653,15.0,116.83198947648592,14308.219178082192,0,1,0,0,0,0
7207,22.3748,23090.456652839704,-659.6383232550305,5.0,2.43,3.0,-14759.275555166658,14759.275555166658,3138.0483456800653,15.0,116.83198947648592,14308.219178082192,0,1,0,0,0,0
7208,23.202,22544.803831843143,-659.6383232550305,5.0,2.43,3.0,-15304.92837616322,15304.92837616322,3138.0483456800653,15.0,116.83198947648592,14308.219178082192,0,1,0,0,0,0
7209,21.7984,23470.6721823639,-659.6383232550305,5.0,2.43,3.0,-14379.060025642459,14379.060025642459,3138.0483456800653,15.0,116.83198947648592,14308.219178082192,0,1,0,0,0,0
7210,23.547,22317.228610320155,-659.6383232550305,5.0,2.43,3.0,-15532.503597686204,15532.503597686204,3138.0483456800653,15.0,116.83198947648592,14308.219178082192,0,1,0,0,0,0
7211,22.961,22703.776667747603,-659.6383232550305,5.0,2.43,3.0,-15145.955540258754,15145.955540258754,3138.0483456800653,15.0,116.83198947648592,14308.219178082192,0,1,0,0,0,0
7212,23.2311,22525.60835663642,-659.6383232550305,5.0,2.43,3.0,-15324.12385136994,15324.12385136994,3138.0483456800653,15.0,116.83198947648592,14308.219178082192,0,1,0,0,0,0
7213,27.8214,19497.670561398856,-659.6383232550305,5.0,2.43,3.0,-18352.061646607508,18352.061646607508,3138.0483456800653,15.0,116.83198947648592,14308.219178082192,0,1,0,0,0,0
7214,24.1501,21919.400737565047,-659.6383232550305,5.0,2.43,3.0,-15930.331470441311,15930.331470441311,3138.0483456800653,15.0,116.83198947648592,14308.219178082192,0,1,0,0,0,0
7215,24.253,21851.523954102107,-659.6383232550305,5.0,2.43,3.0,-15998.208253904255,15998.208253904255,3138.0483456800653,15.0,116.83198947648592,14308.219178082192,0,1,0,0,0,0
7216,23.7239,22200.53859093634,-659.6383232550305,5.0,2.43,3.0,-15649.19361707002,15649.19361707002,3138.0483456800653,15.0,116.83198947648592,14308.219178082192,0,1,0,0,0,0
7217,27.2689,19862.12073499726,-659.6383232550305,5.0,2.43,3.0,-17987.6114730091,17987.6114730091,3138.0483456800653,15.0,116.83198947648592,14308.219178082192,0,1,0,0,0,0
7218,25.5341,21006.461298180086,-659.6383232550305,5.0,2.43,3.0,-16843.270909826275,16843.270909826275,3138.0483456800653,15.0,116.83198947648592,14308.219178082192,0,1,0,0,0,0
7219,23.8499,22117.424162206207,-659.6383232550305,5.0,2.43,3.0,-15732.308045800153,15732.308045800153,3138.0483456800653,15.0,116.83198947648592,14308.219178082192,0,1,0,0,0,0
7220,22.1634,23229.904194375817,-659.6383232550305,5.0,2.43,3.0,-14619.828013630542,14619.828013630542,3138.0483456800653,15.0,116.83198947648592,14308.219178082192,0,1,0,0,0,0
7221,20.9285,24044.491559763454,-659.6383232550305,5.0,2.43,3.0,-13805.240648242905,13805.240648242905,3138.0483456800653,15.0,116.83198947648592,14308.219178082192,0,1,0,0,0,0
7222,18.639,25554.733500855848,-659.6383232550305,5.0,2.43,3.0,-12294.998707150513,12294.998707150513,3138.0483456800653,15.0,116.83198947648592,14308.219178082192,0,1,0,0,0,0
7223,18.535,25623.33588647437,-659.6383232550305,5.0,2.43,3.0,-12226.39632153199,12226.39632153199,3138.0483456800653,15.0,116.83198947648592,14308.219178082192,0,1,0,0,0,0
7224,18.7156,25504.205205294515,-659.6383232550305,5.0,2.43,3.0,-12345.527002711848,12345.527002711848,3138.0483456800653,15.0,116.83198947648592,14308.219178082192,0,1,0,0,0,0
7225,16.8,26767.808377321846,-659.6383232550305,5.0,2.43,3.0,-11081.923830684513,11081.923830684513,3138.0483456800653,15.0,116.83198947648592,14308.219178082192,0,1,0,0,0,0
7226,16.5448,26936.148077416532,-659.6383232550305,5.0,2.43,3.0,-10913.584130589828,10913.584130589828,3138.0483456800653,15.0,116.83198947648592,14308.219178082192,0,1,0,0,0,0
7227,18.5047,25643.322927668996,-659.6383232550305,5.0,2.43,3.0,-12206.409280337362,12206.409280337362,3138.0483456800653,15.0,116.83198947648592,14308.219178082192,0,1,0,0,0,0
7228,22.2425,23177.726803006346,-659.6383232550305,5.0,2.43,3.0,-14672.005405000016,14672.005405000016,3138.0483456800653,15.0,116.83198947648592,14308.219178082192,0,1,0,0,0,0
7229,23.8533,22115.181391907143,-659.6383232550305,5.0,2.43,3.0,-15734.55081609922,15734.55081609922,3138.0483456800653,15.0,116.83198947648592,14308.219178082192,0,1,0,0,0,0
7230,28.4894,19057.032161464496,-659.6383232550305,5.0,2.43,3.0,-18792.700046541868,18792.700046541868,3138.0483456800653,15.0,116.83198947648592,14308.219178082192,0,1,0,0,0,0
7231,21.7643,23493.165849186902,-659.6383232550305,5.0,2.43,3.0,-14356.56635881946,14356.56635881946,3138.0483456800653,15.0,116.83198947648592,14308.219178082192,0,1,0,0,0,0
7232,27.9482,19414.028422010117,-659.6383232550305,5.0,2.43,3.0,-18435.703785996244,18435.703785996244,3138.0483456800653,15.0,116.83198947648592,14308.219178082192,0,1,0,0,0,0
7233,28.5586,19011.385189495246,-659.6383232550305,5.0,2.43,3.0,-18838.347018511115,18838.347018511115,3138.0483456800653,15.0,116.83198947648592,14308.219178082192,0,1,0,0,0,0
7234,30.3802,17809.788019853884,-659.6383232550305,5.0,2.43,3.0,-20039.944188152476,20039.944188152476,3138.0483456800653,15.0,116.83198947648592,14308.219178082192,0,1,0,0,0,0
7235,25.5691,20983.373956866162,-659.6383232550305,5.0,2.43,3.0,-16866.3582511402,16866.3582511402,3138.0483456800653,15.0,116.83198947648592,14308.219178082192,0,1,0,0,0,0
7236,26.4494,20402.694340904756,-659.6383232550305,5.0,2.43,3.0,-17447.037867101604,17447.037867101604,3138.0483456800653,15.0,116.83198947648592,14308.219178082192,0,1,0,0,0,0
7237,23.2052,22542.69298920873,-659.6383232550305,5.0,2.43,3.0,-15307.039218797636,15307.039218797636,3138.0483456800653,15.0,116.83198947648592,14308.219178082192,0,1,0,0,0,0
7238,23.7551,22179.957875250788,-659.6383232550305,5.0,2.43,3.0,-15669.774332755575,15669.774332755575,3138.0483456800653,15.0,116.83198947648592,14308.219178082192,0,1,0,0,0,0
7239,25.0421,21331.00335322156,-659.6383232550305,5.0,2.43,3.0,-16518.7288547848,16518.7288547848,3138.0483456800653,15.0,116.83198947648592,14308.219178082192,0,1,0,0,0,0
7240,25.437,21070.51217936815,-659.6383232550305,5.0,2.43,3.0,-16779.22002863821,16779.22002863821,3138.0483456800653,15.0,116.83198947648592,14308.219178082192,0,1,0,0,0,0
7241,36.6871,13649.515078916727,-659.6383232550305,5.0,2.43,3.0,-24200.21712908963,24200.21712908963,3138.0483456800653,15.0,116.83198947648592,14308.219178082192,0,1,0,0,0,0
7242,43.2454,9323.409063513267,-659.6383232550305,5.0,2.43,3.0,-28526.323144493093,28526.323144493093,3138.0483456800653,15.0,116.83198947648592,14308.219178082192,0,1,0,0,0,0
7243,28.1195,19301.032377236534,-659.6383232550305,5.0,2.43,3.0,-18548.69983076983,18548.69983076983,3138.0483456800653,15.0,116.83198947648592,14308.219178082192,0,1,0,0,0,0
7244,27.6619,19602.88287395803,-659.6383232550305,5.0,2.43,3.0,-18246.84933404833,18246.84933404833,3138.0483456800653,15.0,116.83198947648592,14308.219178082192,0,1,0,0,0,0
7245,22.8463,22779.437183424954,-659.6383232550305,5.0,2.43,3.0,-15070.295024581403,15070.295024581403,3138.0483456800653,15.0,116.83198947648592,14308.219178082192,0,1,0,0,0,0
7246,21.7117,23527.862824990116,-659.6383232550305,5.0,2.43,3.0,-14321.869383016247,14321.869383016247,3138.0483456800653,15.0,116.83198947648592,14308.219178082192,0,1,0,0,0,0
7247,19.9286,24704.06391918616,-659.6383232550305,5.0,2.43,3.0,-13145.668288820201,13145.668288820201,3138.0483456800653,15.0,116.83198947648592,14308.219178082192,0,1,0,0,0,0
7248,20.4234,24377.67487683957,-659.6383232550305,5.0,2.43,3.0,-13472.05733116679,13472.05733116679,3138.0483456800653,15.0,116.83198947648592,14308.219178082192,0,1,0,0,0,0
7249,19.9806,24669.7627263769,-659.6383232550305,5.0,2.43,3.0,-13179.969481629461,13179.969481629461,3138.0483456800653,15.0,116.83198947648592,14308.219178082192,0,1,0,0,0,0
7250,18.9716,25335.337794541225,-659.6383232550305,5.0,2.43,3.0,-12514.394413465136,12514.394413465136,3138.0483456800653,15.0,116.83198947648592,14308.219178082192,0,1,0,0,0,0
7251,21.5603,23627.732067130924,-659.6383232550305,5.0,2.43,3.0,-14222.000140875436,14222.000140875436,3138.0483456800653,15.0,116.83198947648592,14308.219178082192,0,1,0,0,0,0
7252,24.2975,21822.170048717257,-659.6383232550305,5.0,2.43,3.0,-16027.562159289104,16027.562159289104,3138.0483456800653,15.0,116.83198947648592,14308.219178082192,0,1,0,0,0,0
7253,27.8519,19477.551592539578,-659.6383232550305,5.0,2.43,3.0,-18372.180615466783,18372.180615466783,3138.0483456800653,15.0,116.83198947648592,14308.219178082192,0,1,0,0,0,0
7254,35.301,14563.839758780527,-659.6383232550305,5.0,2.43,3.0,-23285.892449225834,23285.892449225834,3138.0483456800653,15.0,116.83198947648592,14308.219178082192,0,1,0,0,0,0
7255,29.5333,18368.435715818567,-659.6383232550305,5.0,2.43,3.0,-19481.296492187794,19481.296492187794,3138.0483456800653,15.0,116.83198947648592,14308.219178082192,0,1,0,0,0,0
7256,33.535,15728.761037648914,-659.6383232550305,5.0,2.43,3.0,-22120.971170357447,22120.971170357447,3138.0483456800653,15.0,116.83198947648592,14308.219178082192,0,1,0,0,0,0
7257,30.178,17943.16688881605,-659.6383232550305,5.0,2.43,3.0,-19906.56531919031,19906.56531919031,3138.0483456800653,15.0,116.83198947648592,14308.219178082192,0,1,0,0,0,0
7258,35.9463,14138.175148784056,-659.6383232550305,5.0,2.43,3.0,-23711.557059222305,23711.557059222305,3138.0483456800653,15.0,116.83198947648592,14308.219178082192,0,1,0,0,0,0
7259,24.2825,21832.064623566082,-659.6383232550305,5.0,2.43,3.0,-16017.667584440278,16017.667584440278,3138.0483456800653,15.0,116.83198947648592,14308.219178082192,0,1,0,0,0,0
7260,45.657,7732.625283151436,-659.6383232550305,5.0,2.43,3.0,-30117.106924854925,30117.106924854925,3138.0483456800653,15.0,116.83198947648592,14308.219178082192,0,1,0,0,0,0
7261,23.2625,22504.895713286212,-659.6383232550305,5.0,2.43,3.0,-15344.836494720146,15344.836494720146,3138.0483456800653,15.0,116.83198947648592,14308.219178082192,0,1,0,0,0,0
7262,24.1935,21890.77243433578,-659.6383232550305,5.0,2.43,3.0,-15958.95977367058,15958.95977367058,3138.0483456800653,15.0,116.83198947648592,14308.219178082192,0,1,0,0,0,0
7263,38.6915,12327.336023784348,-659.6383232550305,5.0,2.43,3.0,-25522.396184222012,25522.396184222012,3138.0483456800653,15.0,116.83198947648592,14308.219178082192,0,1,0,0,0,0
7264,24.7318,21535.689124927598,-659.6383232550305,5.0,2.43,3.0,-16314.043083078763,16314.043083078763,3138.0483456800653,15.0,116.83198947648592,14308.219178082192,0,1,0,0,0,0
7265,28.5097,19043.64150350242,-659.6383232550305,5.0,2.43,3.0,-18806.090704503942,18806.090704503942,3138.0483456800653,15.0,116.83198947648592,14308.219178082192,0,1,0,0,0,0
7266,37.4047,13176.158618148926,-659.6383232550305,5.0,2.43,3.0,-24673.57358985744,24673.57358985744,3138.0483456800653,15.0,116.83198947648592,14308.219178082192,0,1,0,0,0,0
7267,25.1703,21246.437720180267,-659.6383232550305,5.0,2.43,3.0,-16603.294487826097,16603.294487826097,3138.0483456800653,15.0,116.83198947648592,14308.219178082192,0,1,0,0,0,0
7268,25.4128,21086.47542679092,-659.6383232550305,5.0,2.43,3.0,-16763.25678121544,16763.25678121544,3138.0483456800653,15.0,116.83198947648592,14308.219178082192,0,1,0,0,0,0
7269,23.5866,22291.10693271926,-659.6383232550305,5.0,2.43,3.0,-15558.625275287102,15558.625275287102,3138.0483456800653,15.0,116.83198947648592,14308.219178082192,0,1,0,0,0,0
7270,22.9524,22709.4495573276,-659.6383232550305,5.0,2.43,3.0,-15140.282650678762,15140.282650678762,3138.0483456800653,15.0,116.83198947648592,14308.219178082192,0,1,0,0,0,0
7271,21.2812,23811.837123151407,-659.6383232550305,5.0,2.43,3.0,-14037.895084854954,14037.895084854954,3138.0483456800653,15.0,116.83198947648592,14308.219178082192,0,1,0,0,0,0
7272,19.1275,25232.500179945764,-659.6383232550305,5.0,2.43,3.0,-12617.232028060596,12617.232028060596,3138.0483456800653,15.0,116.83198947648592,14308.219178082192,0,1,0,0,0,0
7273,19.4631,25011.125558661377,-659.6383232550305,5.0,2.43,3.0,-12838.606649344985,12838.606649344985,3138.0483456800653,15.0,116.83198947648592,14308.219178082192,0,1,0,0,0,0
7274,19.8856,24732.428367086126,-659.6383232550305,5.0,2.43,3.0,-13117.303840920235,13117.303840920235,3138.0483456800653,15.0,116.83198947648592,14308.219178082192,0,1,0,0,0,0
7275,21.5829,23612.824241025366,-659.6383232550305,5.0,2.43,3.0,-14236.907966980998,14236.907966980998,3138.0483456800653,15.0,116.83198947648592,14308.219178082192,0,1,0,0,0,0
7276,21.2365,23841.322956200907,-659.6383232550305,5.0,2.43,3.0,-14008.409251805455,14008.409251805455,3138.0483456800653,15.0,116.83198947648592,14308.219178082192,0,1,0,0,0,0
7277,24.1119,21944.598921513392,-659.6383232550305,5.0,2.43,3.0,-15905.13328649297,15905.13328649297,3138.0483456800653,15.0,116.83198947648592,14308.219178082192,0,1,0,0,0,0
7278,31.3366,17178.90992749277,-659.6383232550305,5.0,2.43,3.0,-20670.82228051359,20670.82228051359,3138.0483456800653,15.0,116.83198947648592,14308.219178082192,0,1,0,0,0,0
7279,23.5532,22313.138852715976,-659.6383232550305,5.0,2.43,3.0,-15536.593355290384,15536.593355290384,3138.0483456800653,15.0,116.83198947648592,14308.219178082192,0,1,0,0,0,0
7280,30.2882,17870.474745593347,-659.6383232550305,5.0,2.43,3.0,-19979.257462413014,19979.257462413014,3138.0483456800653,15.0,116.83198947648592,14308.219178082192,0,1,0,0,0,0
7281,24.798,21492.021067928115,-659.6383232550305,5.0,2.43,3.0,-16357.711140078245,16357.711140078245,3138.0483456800653,15.0,116.83198947648592,14308.219178082192,0,1,0,0,0,0
7282,28.2884,19189.619464438758,-659.6383232550305,5.0,2.43,3.0,-18660.112743567606,18660.112743567606,3138.0483456800653,15.0,116.83198947648592,14308.219178082192,0,1,0,0,0,0
7283,23.987,22026.987748087944,-659.6383232550305,5.0,2.43,3.0,-15822.744459918416,15822.744459918416,3138.0483456800653,15.0,116.83198947648592,14308.219178082192,0,1,0,0,0,0
7284,24.0357,21994.863361745425,-659.6383232550305,5.0,2.43,3.0,-15854.868846260935,15854.868846260935,3138.0483456800653,15.0,116.83198947648592,14308.219178082192,0,1,0,0,0,0
7285,23.301,22479.499637840898,-659.6383232550305,5.0,2.43,3.0,-15370.232570165464,15370.232570165464,3138.0483456800653,15.0,116.83198947648592,14308.219178082192,0,1,0,0,0,0
7286,22.9047,22740.914305346865,-659.6383232550305,5.0,2.43,3.0,-15108.817902659497,15108.817902659497,3138.0483456800653,15.0,116.83198947648592,14308.219178082192,0,1,0,0,0,0
7287,22.9369,22719.673951338053,-659.6383232550305,5.0,2.43,3.0,-15130.05825666831,15130.05825666831,3138.0483456800653,15.0,116.83198947648592,14308.219178082192,0,1,0,0,0,0
7288,22.6899,22882.60461718204,-659.6383232550305,5.0,2.43,3.0,-14967.127590824319,14967.127590824319,3138.0483456800653,15.0,116.83198947648592,14308.219178082192,0,1,0,0,0,0
7289,23.2924,22485.172527420887,-659.6383232550305,5.0,2.43,3.0,-15364.559680585473,15364.559680585473,3138.0483456800653,15.0,116.83198947648592,14308.219178082192,0,1,0,0,0,0
7290,48.8215,8582.685744269022,650.0,0,2.43,3.0,31733.975,-31733.975,15071.972825128516,0,556.8949724310688,14308.219178082192,1,0,0,0,0,0
7291,34.3114,15216.617843473705,-659.6383232550305,5.0,2.43,3.0,-22633.114364532652,22633.114364532652,3138.0483456800653,15.0,116.83198947648592,14308.219178082192,0,1,0,0,0,0
7292,29.4365,18432.288705509654,-659.6383232550305,5.0,2.43,3.0,-19417.443502496706,19417.443502496706,3138.0483456800653,15.0,116.83198947648592,14308.219178082192,0,1,0,0,0,0
7293,24.0654,21975.272103544747,-659.6383232550305,5.0,2.43,3.0,-15874.460104461612,15874.460104461612,3138.0483456800653,15.0,116.83198947648592,14308.219178082192,0,1,0,0,0,0
7294,21.0469,23966.39038229006,-659.6383232550305,5.0,2.43,3.0,-13883.341825716303,13883.341825716303,3138.0483456800653,15.0,116.83198947648592,14308.219178082192,0,1,0,0,0,0
7295,20.3239,24443.30889000345,-659.6383232550305,5.0,2.43,3.0,-13406.423318002913,13406.423318002913,3138.0483456800653,15.0,116.83198947648592,14308.219178082192,0,1,0,0,0,0
7296,21.3192,23786.770866867715,-659.6383232550305,5.0,2.43,3.0,-14062.961341138645,14062.961341138645,3138.0483456800653,15.0,116.83198947648592,14308.219178082192,0,1,0,0,0,0
7297,19.5661,24943.18281136611,-659.6383232550305,5.0,2.43,3.0,-12906.549396640252,12906.549396640252,3138.0483456800653,15.0,116.83198947648592,14308.219178082192,0,1,0,0,0,0
7298,19.8172,24777.54762839677,-659.6383232550305,5.0,2.43,3.0,-13072.184579609591,13072.184579609591,3138.0483456800653,15.0,116.83198947648592,14308.219178082192,0,1,0,0,0,0
7299,20.6532,24226.089990155568,-659.6383232550305,5.0,2.43,3.0,-13623.642217850795,13623.642217850795,3138.0483456800653,15.0,116.83198947648592,14308.219178082192,0,1,0,0,0,0
7300,21.1429,23903.065103257577,-659.6383232550305,5.0,2.43,3.0,-13946.667104748785,13946.667104748785,3138.0483456800653,15.0,116.83198947648592,14308.219178082192,0,1,0,0,0,0
7301,22.8207,22796.323924500284,-659.6383232550305,5.0,2.43,3.0,-15053.408283506074,15053.408283506074,3138.0483456800653,15.0,116.83198947648592,14308.219178082192,0,1,0,0,0,0
7302,33.3573,15845.978767691333,-659.6383232550305,5.0,2.43,3.0,-22003.75344031503,22003.75344031503,3138.0483456800653,15.0,116.83198947648592,14308.219178082192,0,1,0,0,0,0
7303,25.5046,21025.92062871611,-659.6383232550305,5.0,2.43,3.0,-16823.81157929025,16823.81157929025,3138.0483456800653,15.0,116.83198947648592,14308.219178082192,0,1,0,0,0,0
7304,22.2377,23180.893066957968,-659.6383232550305,5.0,2.43,3.0,-14668.839141048393,14668.839141048393,3138.0483456800653,15.0,116.83198947648592,14308.219178082192,0,1,0,0,0,0
7305,21.6255,23584.7236484547,-659.6383232550305,5.0,2.43,3.0,-14265.008559551661,14265.008559551661,3138.0483456800653,15.0,116.83198947648592,14308.219178082192,0,1,0,0,0,0
7306,22.1223,23257.0153294616,-659.6383232550305,5.0,2.43,3.0,-14592.716878544761,14592.716878544761,3138.0483456800653,15.0,116.83198947648592,14308.219178082192,0,1,0,0,0,0
7307,22.0393,23311.76531029177,-659.6383232550305,5.0,2.43,3.0,-14537.966897714594,14537.966897714594,3138.0483456800653,15.0,116.83198947648592,14308.219178082192,0,1,0,0,0,0
7308,20.9111,24055.96926658809,-659.6383232550305,5.0,2.43,3.0,-13793.76294141827,13793.76294141827,3138.0483456800653,15.0,116.83198947648592,14308.219178082192,0,1,0,0,0,0
7309,20.7911,24135.125865378697,-659.6383232550305,5.0,2.43,3.0,-13714.606342627665,13714.606342627665,3138.0483456800653,15.0,116.83198947648592,14308.219178082192,0,1,0,0,0,0
7310,20.675,24211.709874708606,-659.6383232550305,5.0,2.43,3.0,-13638.022333297757,13638.022333297757,3138.0483456800653,15.0,116.83198947648592,14308.219178082192,0,1,0,0,0,0
7311,21.3234,23784.000385910043,-659.6383232550305,5.0,2.43,3.0,-14065.731822096317,14065.731822096317,3138.0483456800653,15.0,116.83198947648592,14308.219178082192,0,1,0,0,0,0
7312,22.5381,22982.737714652158,-659.6383232550305,5.0,2.43,3.0,-14866.994493354203,14866.994493354203,3138.0483456800653,15.0,116.83198947648592,14308.219178082192,0,1,0,0,0,0
7313,64.3566,18680.500744269022,650.0,0,2.43,3.0,41831.79,-41831.79,15071.972825128516,0,556.8949724310688,14308.219178082192,1,0,0,0,0,0
7314,21.1088,23925.558770080574,-659.6383232550305,5.0,2.43,3.0,-13924.173437925787,13924.173437925787,3138.0483456800653,15.0,116.83198947648592,14308.219178082192,0,1,0,0,0,0
7315,23.2231,22530.88546322246,-659.6383232550305,5.0,2.43,3.0,-15318.846744783898,15318.846744783898,3138.0483456800653,15.0,116.83198947648592,14308.219178082192,0,1,0,0,0,0
7316,24.1353,21929.16338474922,-659.6383232550305,5.0,2.43,3.0,-15920.56882325714,15920.56882325714,3138.0483456800653,15.0,116.83198947648592,14308.219178082192,0,1,0,0,0,0
7317,23.2673,22501.72944933459,-659.6383232550305,5.0,2.43,3.0,-15348.002758671772,15348.002758671772,3138.0483456800653,15.0,116.83198947648592,14308.219178082192,0,1,0,0,0,0
7318,22.5111,23000.547949380045,-659.6383232550305,5.0,2.43,3.0,-14849.184258626317,14849.184258626317,3138.0483456800653,15.0,116.83198947648592,14308.219178082192,0,1,0,0,0,0
7319,35.6666,14322.675987798491,-659.6383232550305,5.0,2.43,3.0,-23527.056220207873,23527.056220207873,3138.0483456800653,15.0,116.83198947648592,14308.219178082192,0,1,0,0,0,0
7320,43.9502,8858.495973283116,-659.6383232550305,5.0,2.43,3.0,-28991.236234723245,28991.236234723245,3138.0483456800653,15.0,116.83198947648592,14308.219178082192,0,1,0,0,0,0
7321,25.6478,20931.46042082599,-659.6383232550305,5.0,2.43,3.0,-16918.271787180372,16918.271787180372,3138.0483456800653,15.0,116.83198947648592,14308.219178082192,0,1,0,0,0,0
7322,25.4588,21056.13206392119,-659.6383232550305,5.0,2.43,3.0,-16793.600144085172,16793.600144085172,3138.0483456800653,15.0,116.83198947648592,14308.219178082192,0,1,0,0,0,0
7323,24.6478,21591.09874408102,-659.6383232550305,5.0,2.43,3.0,-16258.633463925342,16258.633463925342,3138.0483456800653,15.0,116.83198947648592,14308.219178082192,0,1,0,0,0,0
7324,27.1138,19964.430638934115,-659.6383232550305,5.0,2.43,3.0,-17885.301569072246,17885.301569072246,3138.0483456800653,15.0,116.83198947648592,14308.219178082192,0,1,0,0,0,0
7325,25.0655,21315.567816457395,-659.6383232550305,5.0,2.43,3.0,-16534.164391548966,16534.164391548966,3138.0483456800653,15.0,116.83198947648592,14308.219178082192,0,1,0,0,0,0
7326,121.7878,56010.78074426904,650.0,0,2.43,3.0,79162.07,-79162.07,15071.972825128516,0,556.8949724310688,14308.219178082192,1,0,0,0,0,0
7327,30.4352,17773.507912074856,-659.6383232550305,5.0,2.43,3.0,-20076.224295931504,20076.224295931504,3138.0483456800653,15.0,116.83198947648592,14308.219178082192,0,1,0,0,0,0
7328,30.094,17998.576507969472,-659.6383232550305,5.0,2.43,3.0,-19851.15570003689,19851.15570003689,3138.0483456800653,15.0,116.83198947648592,14308.219178082192,0,1,0,0,0,0
7329,24.516,21678.03907508603,-659.6383232550305,5.0,2.43,3.0,-16171.693132920327,16171.693132920327,3138.0483456800653,15.0,116.83198947648592,14308.219178082192,0,1,0,0,0,0
7330,24.8177,21479.02619295999,-659.6383232550305,5.0,2.43,3.0,-16370.70601504637,16370.70601504637,3138.0483456800653,15.0,116.83198947648592,14308.219178082192,0,1,0,0,0,0
7331,22.906,22740.05677552663,-659.6383232550305,5.0,2.43,3.0,-15109.675432479728,15109.675432479728,3138.0483456800653,15.0,116.83198947648592,14308.219178082192,0,1,0,0,0,0
7332,22.1122,23263.677676526473,-659.6383232550305,5.0,2.43,3.0,-14586.054531479887,14586.054531479887,3138.0483456800653,15.0,116.83198947648592,14308.219178082192,0,1,0,0,0,0
7333,21.1625,23890.136192121776,-659.6383232550305,5.0,2.43,3.0,-13959.596015884585,13959.596015884585,3138.0483456800653,15.0,116.83198947648592,14308.219178082192,0,1,0,0,0,0
7334,22.1055,23268.097253292282,-659.6383232550305,5.0,2.43,3.0,-14581.634954714076,14581.634954714076,3138.0483456800653,15.0,116.83198947648592,14308.219178082192,0,1,0,0,0,0
7335,21.2486,23833.341332489523,-659.6383232550305,5.0,2.43,3.0,-14016.390875516841,14016.390875516841,3138.0483456800653,15.0,116.83198947648592,14308.219178082192,0,1,0,0,0,0
7336,22.021,23323.836691607336,-659.6383232550305,5.0,2.43,3.0,-14525.895516399027,14525.895516399027,3138.0483456800653,15.0,116.83198947648592,14308.219178082192,0,1,0,0,0,0
7337,163.8235,83333.98574426903,650.0,0,2.43,3.0,106485.275,-106485.275,15071.972825128516,0,556.8949724310688,14308.219178082192,1,0,0,0,0,0
7338,23.4007,22413.73369701237,-659.6383232550305,5.0,2.43,3.0,-15435.998510993993,15435.998510993993,3138.0483456800653,15.0,116.83198947648592,14308.219178082192,0,1,0,0,0,0
7339,23.4943,22351.991549955696,-659.6383232550305,5.0,2.43,3.0,-15497.740658050663,15497.740658050663,3138.0483456800653,15.0,116.83198947648592,14308.219178082192,0,1,0,0,0,0
7340,23.1581,22573.76195423404,-659.6383232550305,5.0,2.43,3.0,-15275.970253772322,15275.970253772322,3138.0483456800653,15.0,116.83198947648592,14308.219178082192,0,1,0,0,0,0
7341,23.2798,22493.4839702939,-659.6383232550305,5.0,2.43,3.0,-15356.24823771246,15356.24823771246,3138.0483456800653,15.0,116.83198947648592,14308.219178082192,0,1,0,0,0,0
7342,25.1965,21229.155196110984,-659.6383232550305,5.0,2.43,3.0,-16620.577011895377,16620.577011895377,3138.0483456800653,15.0,116.83198947648592,14308.219178082192,0,1,0,0,0,0
7343,22.3876,23082.01328230204,-659.6383232550305,5.0,2.43,3.0,-14767.718925704321,14767.718925704321,3138.0483456800653,15.0,116.83198947648592,14308.219178082192,0,1,0,0,0,0
7344,22.3299,23120.074413553855,-659.6383232550305,5.0,2.43,3.0,-14729.657794452505,14729.657794452505,3138.0483456800653,15.0,116.83198947648592,14308.219178082192,0,1,0,0,0,0
7345,21.7756,23485.711936134117,-659.6383232550305,5.0,2.43,3.0,-14364.020271872243,14364.020271872243,3138.0483456800653,15.0,116.83198947648592,14308.219178082192,0,1,0,0,0,0
7346,21.8921,23408.86407147491,-659.6383232550305,5.0,2.43,3.0,-14440.868136531453,14440.868136531453,3138.0483456800653,15.0,116.83198947648592,14308.219178082192,0,1,0,0,0,0
7347,22.3847,23083.92623343948,-659.6383232550305,5.0,2.43,3.0,-14765.805974566882,14765.805974566882,3138.0483456800653,15.0,116.83198947648592,14308.219178082192,0,1,0,0,0,0
7348,22.4984,23008.925356085383,-659.6383232550305,5.0,2.43,3.0,-14840.80685192098,14840.80685192098,3138.0483456800653,15.0,116.83198947648592,14308.219178082192,0,1,0,0,0,0
7349,22.5337,22985.64012327448,-659.6383232550305,5.0,2.43,3.0,-14864.092084731881,14864.092084731881,3138.0483456800653,15.0,116.83198947648592,14308.219178082192,0,1,0,0,0,0
7350,23.4384,22388.86533222565,-659.6383232550305,5.0,2.43,3.0,-15460.866875780708,15460.866875780708,3138.0483456800653,15.0,116.83198947648592,14308.219178082192,0,1,0,0,0,0
7351,25.4219,21080.4727180493,-659.6383232550305,5.0,2.43,3.0,-16769.25948995706,16769.25948995706,3138.0483456800653,15.0,116.83198947648592,14308.219178082192,0,1,0,0,0,0
7352,23.4849,22358.192150194292,-659.6383232550305,5.0,2.43,3.0,-15491.540057812066,15491.540057812066,3138.0483456800653,15.0,116.83198947648592,14308.219178082192,0,1,0,0,0,0
7353,22.3824,23085.44340158297,-659.6383232550305,5.0,2.43,3.0,-14764.288806423396,14764.288806423396,3138.0483456800653,15.0,116.83198947648592,14308.219178082192,0,1,0,0,0,0
7354,21.0214,23983.211159533064,-659.6383232550305,5.0,2.43,3.0,-13866.521048473298,13866.521048473298,3138.0483456800653,15.0,116.83198947648592,14308.219178082192,0,1,0,0,0,0
7355,20.2978,24460.525450240406,-659.6383232550305,5.0,2.43,3.0,-13389.206757765958,13389.206757765958,3138.0483456800653,15.0,116.83198947648592,14308.219178082192,0,1,0,0,0,0
7356,18.5543,25610.604866835547,-659.6383232550305,5.0,2.43,3.0,-12239.127341170813,12239.127341170813,3138.0483456800653,15.0,116.83198947648592,14308.219178082192,0,1,0,0,0,0
7357,17.8751,26058.631215990365,-659.6383232550305,5.0,2.43,3.0,-11791.100992015996,11791.100992015996,3138.0483456800653,15.0,116.83198947648592,14308.219178082192,0,1,0,0,0,0
7358,18.6347,25557.569945645846,-659.6383232550305,5.0,2.43,3.0,-12292.162262360516,12292.162262360516,3138.0483456800653,15.0,116.83198947648592,14308.219178082192,0,1,0,0,0,0
7359,20.6862,24204.321925488148,-659.6383232550305,5.0,2.43,3.0,-13645.410282518213,13645.410282518213,3138.0483456800653,15.0,116.83198947648592,14308.219178082192,0,1,0,0,0,0
7360,21.7844,23479.907118889474,-659.6383232550305,5.0,2.43,3.0,-14369.825089116888,14369.825089116888,3138.0483456800653,15.0,116.83198947648592,14308.219178082192,0,1,0,0,0,0
7361,25.2552,21190.434426535914,-659.6383232550305,5.0,2.43,3.0,-16659.297781470446,16659.297781470446,3138.0483456800653,15.0,116.83198947648592,14308.219178082192,0,1,0,0,0,0
7362,23.2666,22502.191196160868,-659.6383232550305,5.0,2.43,3.0,-15347.541011845493,15347.541011845493,3138.0483456800653,15.0,116.83198947648592,14308.219178082192,0,1,0,0,0,0
7363,23.049,22645.728495301162,-659.6383232550305,5.0,2.43,3.0,-15204.003712705198,15204.003712705198,3138.0483456800653,15.0,116.83198947648592,14308.219178082192,0,1,0,0,0,0
7364,23.1703,22565.71436669033,-659.6383232550305,5.0,2.43,3.0,-15284.017841316034,15284.017841316034,3138.0483456800653,15.0,116.83198947648592,14308.219178082192,0,1,0,0,0,0
7365,23.719,22203.770818720288,-659.6383232550305,5.0,2.43,3.0,-15645.961389286069,15645.961389286069,3138.0483456800653,15.0,116.83198947648592,14308.219178082192,0,1,0,0,0,0
7366,22.3458,23109.586164214103,-659.6383232550305,5.0,2.43,3.0,-14740.146043792261,14740.146043792261,3138.0483456800653,15.0,116.83198947648592,14308.219178082192,0,1,0,0,0,0
7367,21.5372,23642.969712398117,-659.6383232550305,5.0,2.43,3.0,-14206.762495608242,14206.762495608242,3138.0483456800653,15.0,116.83198947648592,14308.219178082192,0,1,0,0,0,0
7368,22.0974,23273.44032371065,-659.6383232550305,5.0,2.43,3.0,-14576.291884295711,14576.291884295711,3138.0483456800653,15.0,116.83198947648592,14308.219178082192,0,1,0,0,0,0
7369,21.9197,23390.658053753068,-659.6383232550305,5.0,2.43,3.0,-14459.074154253292,14459.074154253292,3138.0483456800653,15.0,116.83198947648592,14308.219178082192,0,1,0,0,0,0
7370,22.3125,23131.552120378492,-659.6383232550305,5.0,2.43,3.0,-14718.180087627868,14718.180087627868,3138.0483456800653,15.0,116.83198947648592,14308.219178082192,0,1,0,0,0,0
7371,22.3103,23133.00332468965,-659.6383232550305,5.0,2.43,3.0,-14716.728883316708,14716.728883316708,3138.0483456800653,15.0,116.83198947648592,14308.219178082192,0,1,0,0,0,0
7372,22.7118,22868.15853790276,-659.6383232550305,5.0,2.43,3.0,-14981.573670103602,14981.573670103602,3138.0483456800653,15.0,116.83198947648592,14308.219178082192,0,1,0,0,0,0
7373,23.4798,22361.556305642895,-659.6383232550305,5.0,2.43,3.0,-15488.175902363466,15488.175902363466,3138.0483456800653,15.0,116.83198947648592,14308.219178082192,0,1,0,0,0,0
7374,42.3227,9932.057344380682,-659.6383232550305,5.0,2.43,3.0,-27917.674863625678,27917.674863625678,3138.0483456800653,15.0,116.83198947648592,14308.219178082192,0,1,0,0,0,0
7375,32.2359,16585.697183389522,-659.6383232550305,5.0,2.43,3.0,-21264.03502461684,21264.03502461684,3138.0483456800653,15.0,116.83198947648592,14308.219178082192,0,1,0,0,0,0
7376,28.1907,19254.066128620772,-659.6383232550305,5.0,2.43,3.0,-18595.666079385588,18595.666079385588,3138.0483456800653,15.0,116.83198947648592,14308.219178082192,0,1,0,0,0,0
7377,25.8004,20830.799612697272,-659.6383232550305,5.0,2.43,3.0,-17018.93259530909,17018.93259530909,3138.0483456800653,15.0,116.83198947648592,14308.219178082192,0,1,0,0,0,0
7378,26.3289,20482.180758856986,-659.6383232550305,5.0,2.43,3.0,-17367.551449149374,17367.551449149374,3138.0483456800653,15.0,116.83198947648592,14308.219178082192,0,1,0,0,0,0
7379,23.353,22445.19844503163,-659.6383232550305,5.0,2.43,3.0,-15404.533762974728,15404.533762974728,3138.0483456800653,15.0,116.83198947648592,14308.219178082192,0,1,0,0,0,0
7380,24.8766,21440.173495720268,-659.6383232550305,5.0,2.43,3.0,-16409.558712286092,16409.558712286092,3138.0483456800653,15.0,116.83198947648592,14308.219178082192,0,1,0,0,0,0
7381,26.1165,20622.287938716356,-659.6383232550305,5.0,2.43,3.0,-17227.444269290005,17227.444269290005,3138.0483456800653,15.0,116.83198947648592,14308.219178082192,0,1,0,0,0,0
7382,21.8627,23428.257438178603,-659.6383232550305,5.0,2.43,3.0,-14421.474769827755,14421.474769827755,3138.0483456800653,15.0,116.83198947648592,14308.219178082192,0,1,0,0,0,0
7383,24.4985,21689.582745742995,-659.6383232550305,5.0,2.43,3.0,-16160.149462263365,16160.149462263365,3138.0483456800653,15.0,116.83198947648592,14308.219178082192,0,1,0,0,0,0
7384,24.7643,21514.25087942181,-659.6383232550305,5.0,2.43,3.0,-16335.481328584552,16335.481328584552,3138.0483456800653,15.0,116.83198947648592,14308.219178082192,0,1,0,0,0,0
7385,40.1679,11353.446003330617,-659.6383232550305,5.0,2.43,3.0,-26496.286204675744,26496.286204675744,3138.0483456800653,15.0,116.83198947648592,14308.219178082192,0,1,0,0,0,0
7386,26.3219,20486.798227119772,-659.6383232550305,5.0,2.43,3.0,-17362.933980886588,17362.933980886588,3138.0483456800653,15.0,116.83198947648592,14308.219178082192,0,1,0,0,0,0
7387,27.008,20034.220373534496,-659.6383232550305,5.0,2.43,3.0,-17815.511834471865,17815.511834471865,3138.0483456800653,15.0,116.83198947648592,14308.219178082192,0,1,0,0,0,0
7388,25.6218,20948.611017230618,-659.6383232550305,5.0,2.43,3.0,-16901.121190775742,16901.121190775742,3138.0483456800653,15.0,116.83198947648592,14308.219178082192,0,1,0,0,0,0
7389,23.3931,22418.74694826911,-659.6383232550305,5.0,2.43,3.0,-15430.985259737254,15430.985259737254,3138.0483456800653,15.0,116.83198947648592,14308.219178082192,0,1,0,0,0,0
7390,22.3446,23110.377730202003,-659.6383232550305,5.0,2.43,3.0,-14739.354477804354,14739.354477804354,3138.0483456800653,15.0,116.83198947648592,14308.219178082192,0,1,0,0,0,0
7391,21.5545,23631.557969405803,-659.6383232550305,5.0,2.43,3.0,-14218.174238600555,14218.174238600555,3138.0483456800653,15.0,116.83198947648592,14308.219178082192,0,1,0,0,0,0
7392,21.4127,23725.09468364337,-659.6383232550305,5.0,2.43,3.0,-14124.637524362992,14124.637524362992,3138.0483456800653,15.0,116.83198947648592,14308.219178082192,0,1,0,0,0,0
7393,21.6467,23570.739316001695,-659.6383232550305,5.0,2.43,3.0,-14278.992892004668,14278.992892004668,3138.0483456800653,15.0,116.83198947648592,14308.219178082192,0,1,0,0,0,0
7394,21.7268,23517.902286308963,-659.6383232550305,5.0,2.43,3.0,-14331.829921697397,14331.829921697397,3138.0483456800653,15.0,116.83198947648592,14308.219178082192,0,1,0,0,0,0
7395,23.9819,22030.351903536546,-659.6383232550305,5.0,2.43,3.0,-15819.380304469816,15819.380304469816,3138.0483456800653,15.0,116.83198947648592,14308.219178082192,0,1,0,0,0,0
7396,263.5002,148123.84074426902,650.0,0,2.43,3.0,171275.13,-171275.13,15071.972825128516,0,556.8949724310688,14308.219178082192,1,0,0,0,0,0
7397,22.3007,23139.3358525929,-659.6383232550305,5.0,2.43,3.0,-14710.396355413459,14710.396355413459,3138.0483456800653,15.0,116.83198947648592,14308.219178082192,0,1,0,0,0,0
7398,22.4783,23022.184086382807,-659.6383232550305,5.0,2.43,3.0,-14827.548121623553,14827.548121623553,3138.0483456800653,15.0,116.83198947648592,14308.219178082192,0,1,0,0,0,0
7399,27.1923,19912.649030558594,-659.6383232550305,5.0,2.43,3.0,-17937.083177447767,17937.083177447767,3138.0483456800653,15.0,116.83198947648592,14308.219178082192,0,1,0,0,0,0
7400,26.1544,20597.28764626499,-659.6383232550305,5.0,2.43,3.0,-17252.44456174137,17252.44456174137,3138.0483456800653,15.0,116.83198947648592,14308.219178082192,0,1,0,0,0,0
7401,25.9958,20701.90628433324,-659.6383232550305,5.0,2.43,3.0,-17147.82592367312,17147.82592367312,3138.0483456800653,15.0,116.83198947648592,14308.219178082192,0,1,0,0,0,0
7402,26.2327,20545.63796555412,-659.6383232550305,5.0,2.43,3.0,-17304.09424245224,17304.09424245224,3138.0483456800653,15.0,116.83198947648592,14308.219178082192,0,1,0,0,0,0
7403,24.9151,21414.77742027495,-659.6383232550305,5.0,2.43,3.0,-16434.95478773141,16434.95478773141,3138.0483456800653,15.0,116.83198947648592,14308.219178082192,0,1,0,0,0,0
7404,22.3783,23088.14791870831,-659.6383232550305,5.0,2.43,3.0,-14761.584289298049,14761.584289298049,3138.0483456800653,15.0,116.83198947648592,14308.219178082192,0,1,0,0,0,0
7405,24.2156,21876.194427391845,-659.6383232550305,5.0,2.43,3.0,-15973.537780614515,15973.537780614515,3138.0483456800653,15.0,116.83198947648592,14308.219178082192,0,1,0,0,0,0
7406,25.3167,21149.86666965573,-659.6383232550305,5.0,2.43,3.0,-16699.86553835063,16699.86553835063,3138.0483456800653,15.0,116.83198947648592,14308.219178082192,0,1,0,0,0,0
7407,26.0764,20648.739435478885,-659.6383232550305,5.0,2.43,3.0,-17200.992772527476,17200.992772527476,3138.0483456800653,15.0,116.83198947648592,14308.219178082192,0,1,0,0,0,0
7408,23.9221,22069.798275267196,-659.6383232550305,5.0,2.43,3.0,-15779.933932739166,15779.933932739166,3138.0483456800653,15.0,116.83198947648592,14308.219178082192,0,1,0,0,0,0
7409,29.9793,18074.237023646827,-659.6383232550305,5.0,2.43,3.0,-19775.495184359534,19775.495184359534,3138.0483456800653,15.0,116.83198947648592,14308.219178082192,0,1,0,0,0,0
7410,31.402,17135.769581151893,-659.6383232550305,5.0,2.43,3.0,-20713.962626854467,20713.962626854467,3138.0483456800653,15.0,116.83198947648592,14308.219178082192,0,1,0,0,0,0
7411,25.4823,21040.6305633247,-659.6383232550305,5.0,2.43,3.0,-16809.101644681665,16809.101644681665,3138.0483456800653,15.0,116.83198947648592,14308.219178082192,0,1,0,0,0,0
7412,29.9509,18092.970752027268,-659.6383232550305,5.0,2.43,3.0,-19756.761455979093,19756.761455979093,3138.0483456800653,15.0,116.83198947648592,14308.219178082192,0,1,0,0,0,0
7413,29.9807,18073.31352999427,-659.6383232550305,5.0,2.43,3.0,-19776.41867801209,19776.41867801209,3138.0483456800653,15.0,116.83198947648592,14308.219178082192,0,1,0,0,0,0
7414,23.5113,22340.777698460362,-659.6383232550305,5.0,2.43,3.0,-15508.954509545998,15508.954509545998,3138.0483456800653,15.0,116.83198947648592,14308.219178082192,0,1,0,0,0,0
7415,21.4299,23713.748904483382,-659.6383232550305,5.0,2.43,3.0,-14135.983303522979,14135.983303522979,3138.0483456800653,15.0,116.83198947648592,14308.219178082192,0,1,0,0,0,0
7416,21.7922,23474.761939968084,-659.6383232550305,5.0,2.43,3.0,-14374.970268038276,14374.970268038276,3138.0483456800653,15.0,116.83198947648592,14308.219178082192,0,1,0,0,0,0
7417,20.8925,24068.238539400638,-659.6383232550305,5.0,2.43,3.0,-13781.493668605724,13781.493668605724,3138.0483456800653,15.0,116.83198947648592,14308.219178082192,0,1,0,0,0,0
7418,20.4098,24386.64595803584,-659.6383232550305,5.0,2.43,3.0,-13463.086249970522,13463.086249970522,3138.0483456800653,15.0,116.83198947648592,14308.219178082192,0,1,0,0,0,0
7419,20.5142,24317.779717088015,-659.6383232550305,5.0,2.43,3.0,-13531.952490918346,13531.952490918346,3138.0483456800653,15.0,116.83198947648592,14308.219178082192,0,1,0,0,0,0
7420,20.4341,24370.61674678074,-659.6383232550305,5.0,2.43,3.0,-13479.11546122562,13479.11546122562,3138.0483456800653,15.0,116.83198947648592,14308.219178082192,0,1,0,0,0,0
7421,24.9076,21419.724707699363,-659.6383232550305,5.0,2.43,3.0,-16430.007500306998,16430.007500306998,3138.0483456800653,15.0,116.83198947648592,14308.219178082192,0,1,0,0,0,0
7422,28.2005,19247.60167305287,-659.6383232550305,5.0,2.43,3.0,-18602.13053495349,18602.13053495349,3138.0483456800653,15.0,116.83198947648592,14308.219178082192,0,1,0,0,0,0
7423,28.0898,19320.623635437205,-659.6383232550305,5.0,2.43,3.0,-18529.108572569156,18529.108572569156,3138.0483456800653,15.0,116.83198947648592,14308.219178082192,0,1,0,0,0,0
7424,23.5103,22341.437336783616,-659.6383232550305,5.0,2.43,3.0,-15508.294871222744,15508.294871222744,3138.0483456800653,15.0,116.83198947648592,14308.219178082192,0,1,0,0,0,0
7425,27.9641,19403.540172670364,-659.6383232550305,5.0,2.43,3.0,-18446.192035335996,18446.192035335996,3138.0483456800653,15.0,116.83198947648592,14308.219178082192,0,1,0,0,0,0
7426,37.6873,12989.744827997049,-659.6383232550305,5.0,2.43,3.0,-24859.987380009312,24859.987380009312,3138.0483456800653,15.0,116.83198947648592,14308.219178082192,0,1,0,0,0,0
7427,21.063,23955.770205285655,-659.6383232550305,5.0,2.43,3.0,-13893.962002720707,13893.962002720707,3138.0483456800653,15.0,116.83198947648592,14308.219178082192,0,1,0,0,0,0
7428,21.7165,23524.69656103849,-659.6383232550305,5.0,2.43,3.0,-14325.03564696787,14325.03564696787,3138.0483456800653,15.0,116.83198947648592,14308.219178082192,0,1,0,0,0,0
7429,22.0329,23315.986995560597,-659.6383232550305,5.0,2.43,3.0,-14533.745212445763,14533.745212445763,3138.0483456800653,15.0,116.83198947648592,14308.219178082192,0,1,0,0,0,0
7430,23.0651,22635.108318296756,-659.6383232550305,5.0,2.43,3.0,-15214.623889709605,15214.623889709605,3138.0483456800653,15.0,116.83198947648592,14308.219178082192,0,1,0,0,0,0
7431,23.6048,22279.101515236016,-659.6383232550305,5.0,2.43,3.0,-15570.630692770344,15570.630692770344,3138.0483456800653,15.0,116.83198947648592,14308.219178082192,0,1,0,0,0,0
7432,25.9612,20724.729770317863,-659.6383232550305,5.0,2.43,3.0,-17125.002437688498,17125.002437688498,3138.0483456800653,15.0,116.83198947648592,14308.219178082192,0,1,0,0,0,0
7433,41.2964,10609.044155537322,-659.6383232550305,5.0,2.43,3.0,-27240.688052469042,27240.688052469042,3138.0483456800653,15.0,116.83198947648592,14308.219178082192,0,1,0,0,0,0
7434,27.8804,19458.75190032681,-659.6383232550305,5.0,2.43,3.0,-18390.980307679554,18390.980307679554,3138.0483456800653,15.0,116.83198947648592,14308.219178082192,0,1,0,0,0,0
7435,35.8126,14226.368792603254,-659.6383232550305,5.0,2.43,3.0,-23623.36341540311,23623.36341540311,3138.0483456800653,15.0,116.83198947648592,14308.219178082192,0,1,0,0,0,0
7436,28.341,19154.92248863554,-659.6383232550305,5.0,2.43,3.0,-18694.80971937082,18694.80971937082,3138.0483456800653,15.0,116.83198947648592,14308.219178082192,0,1,0,0,0,0
7437,23.8363,22126.395243402476,-659.6383232550305,5.0,2.43,3.0,-15723.336964603885,15723.336964603885,3138.0483456800653,15.0,116.83198947648592,14308.219178082192,0,1,0,0,0,0
7438,22.0722,23290.063209456675,-659.6383232550305,5.0,2.43,3.0,-14559.668998549683,14559.668998549683,3138.0483456800653,15.0,116.83198947648592,14308.219178082192,0,1,0,0,0,0
7439,21.2358,23841.78470302718,-659.6383232550305,5.0,2.43,3.0,-14007.947504979178,14007.947504979178,3138.0483456800653,15.0,116.83198947648592,14308.219178082192,0,1,0,0,0,0
7440,20.5002,24327.014653613587,-659.6383232550305,5.0,2.43,3.0,-13522.717554392777,13522.717554392777,3138.0483456800653,15.0,116.83198947648592,14308.219178082192,0,1,0,0,0,0
7441,21.1024,23929.780455349406,-659.6383232550305,5.0,2.43,3.0,-13919.951752656956,13919.951752656956,3138.0483456800653,15.0,116.83198947648592,14308.219178082192,0,1,0,0,0,0
7442,20.2837,24469.826350598298,-659.6383232550305,5.0,2.43,3.0,-13379.905857408063,13379.905857408063,3138.0483456800653,15.0,116.83198947648592,14308.219178082192,0,1,0,0,0,0
7443,20.9097,24056.892760240647,-659.6383232550305,5.0,2.43,3.0,-13792.839447765713,13792.839447765713,3138.0483456800653,15.0,116.83198947648592,14308.219178082192,0,1,0,0,0,0
7444,21.3152,23789.409420160733,-659.6383232550305,5.0,2.43,3.0,-14060.322787845627,14060.322787845627,3138.0483456800653,15.0,116.83198947648592,14308.219178082192,0,1,0,0,0,0
7445,22.9331,22722.18057696642,-659.6383232550305,5.0,2.43,3.0,-15127.55163103994,15127.55163103994,3138.0483456800653,15.0,116.83198947648592,14308.219178082192,0,1,0,0,0,0
7446,28.0656,19336.586882859974,-659.6383232550305,5.0,2.43,3.0,-18513.145325146383,18513.145325146383,3138.0483456800653,15.0,116.83198947648592,14308.219178082192,0,1,0,0,0,0
7447,26.9316,20084.616741431182,-659.6383232550305,5.0,2.43,3.0,-17765.11546657518,17765.11546657518,3138.0483456800653,15.0,116.83198947648592,14308.219178082192,0,1,0,0,0,0
7448,28.8988,18786.976231923883,-659.6383232550305,5.0,2.43,3.0,-19062.755976082477,19062.755976082477,3138.0483456800653,15.0,116.83198947648592,14308.219178082192,0,1,0,0,0,0
7449,38.1158,12707.089806482269,-659.6383232550305,5.0,2.43,3.0,-25142.642401524092,25142.642401524092,3138.0483456800653,15.0,116.83198947648592,14308.219178082192,0,1,0,0,0,0
7450,38.5685,12408.471537544716,-659.6383232550305,5.0,2.43,3.0,-25441.260670461645,25441.260670461645,3138.0483456800653,15.0,116.83198947648592,14308.219178082192,0,1,0,0,0,0
7451,33.1789,15963.658244560032,-659.6383232550305,5.0,2.43,3.0,-21886.07396344633,21886.07396344633,3138.0483456800653,15.0,116.83198947648592,14308.219178082192,0,1,0,0,0,0
7452,46.7743,7252.005744269022,650.0,0,2.43,3.0,30403.295,-30403.295,15071.972825128516,0,556.8949724310688,14308.219178082192,1,0,0,0,0,0
7453,33.3953,15820.912511407638,-659.6383232550305,5.0,2.43,3.0,-22028.81969659872,22028.81969659872,3138.0483456800653,15.0,116.83198947648592,14308.219178082192,0,1,0,0,0,0
7454,23.7593,22177.187394293112,-659.6383232550305,5.0,2.43,3.0,-15672.544813713246,15672.544813713246,3138.0483456800653,15.0,116.83198947648592,14308.219178082192,0,1,0,0,0,0
7455,24.2785,21834.703176859104,-659.6383232550305,5.0,2.43,3.0,-16015.029031147258,16015.029031147258,3138.0483456800653,15.0,116.83198947648592,14308.219178082192,0,1,0,0,0,0
7456,25.3073,21156.067269894324,-659.6383232550305,5.0,2.43,3.0,-16693.664938112033,16693.664938112033,3138.0483456800653,15.0,116.83198947648592,14308.219178082192,0,1,0,0,0,0
7457,28.3424,19153.998994982983,-659.6383232550305,5.0,2.43,3.0,-18695.733213023377,18695.733213023377,3138.0483456800653,15.0,116.83198947648592,14308.219178082192,0,1,0,0,0,0
7458,26.9097,20099.062820710464,-659.6383232550305,5.0,2.43,3.0,-17750.669387295897,17750.669387295897,3138.0483456800653,15.0,116.83198947648592,14308.219178082192,0,1,0,0,0,0
7459,31.3931,17141.640362228864,-659.6383232550305,5.0,2.43,3.0,-20708.091845777497,20708.091845777497,3138.0483456800653,15.0,116.83198947648592,14308.219178082192,0,1,0,0,0,0
7460,30.4473,17765.52628836347,-659.6383232550305,5.0,2.43,3.0,-20084.20591964289,20084.20591964289,3138.0483456800653,15.0,116.83198947648592,14308.219178082192,0,1,0,0,0,0
7461,30.0641,18018.299693834797,-659.6383232550305,5.0,2.43,3.0,-19831.432514171564,19831.432514171564,3138.0483456800653,15.0,116.83198947648592,14308.219178082192,0,1,0,0,0,0
7462,22.7229,22860.83655251463,-659.6383232550305,5.0,2.43,3.0,-14988.895655491733,14988.895655491733,3138.0483456800653,15.0,116.83198947648592,14308.219178082192,0,1,0,0,0,0
7463,21.2445,23836.045849614864,-659.6383232550305,5.0,2.43,3.0,-14013.686358391495,14013.686358391495,3138.0483456800653,15.0,116.83198947648592,14308.219178082192,0,1,0,0,0,0
7464,21.662,23560.64684965589,-659.6383232550305,5.0,2.43,3.0,-14289.08535835047,14289.08535835047,3138.0483456800653,15.0,116.83198947648592,14308.219178082192,0,1,0,0,0,0
7465,21.2791,23813.222363630244,-659.6383232550305,5.0,2.43,3.0,-14036.50984437612,14036.50984437612,3138.0483456800653,15.0,116.83198947648592,14308.219178082192,0,1,0,0,0,0
7466,20.9621,24022.327712102087,-659.6383232550305,5.0,2.43,3.0,-13827.404495904275,13827.404495904275,3138.0483456800653,15.0,116.83198947648592,14308.219178082192,0,1,0,0,0,0
7467,22.2857,23149.230427441726,-659.6383232550305,5.0,2.43,3.0,-14700.501780564633,14700.501780564633,3138.0483456800653,15.0,116.83198947648592,14308.219178082192,0,1,0,0,0,0
7468,23.1483,22580.22640980194,-659.6383232550305,5.0,2.43,3.0,-15269.505798204422,15269.505798204422,3138.0483456800653,15.0,116.83198947648592,14308.219178082192,0,1,0,0,0,0
7469,25.8422,20803.226730785213,-659.6383232550305,5.0,2.43,3.0,-17046.505477221148,17046.505477221148,3138.0483456800653,15.0,116.83198947648592,14308.219178082192,0,1,0,0,0,0
7470,29.6412,18297.260740739348,-659.6383232550305,5.0,2.43,3.0,-19552.471467267012,19552.471467267012,3138.0483456800653,15.0,116.83198947648592,14308.219178082192,0,1,0,0,0,0
7471,31.6193,16992.430173508576,-659.6383232550305,5.0,2.43,3.0,-20857.302034497785,20857.302034497785,3138.0483456800653,15.0,116.83198947648592,14308.219178082192,0,1,0,0,0,0
7472,32.3408,16516.501123280068,-659.6383232550305,5.0,2.43,3.0,-21333.231084726292,21333.231084726292,3138.0483456800653,15.0,116.83198947648592,14308.219178082192,0,1,0,0,0,0
7473,29.9653,18083.471960172395,-659.6383232550305,5.0,2.43,3.0,-19766.260247833965,19766.260247833965,3138.0483456800653,15.0,116.83198947648592,14308.219178082192,0,1,0,0,0,0
7474,28.0077,19374.779941776444,-659.6383232550305,5.0,2.43,3.0,-18474.952266229917,18474.952266229917,3138.0483456800653,15.0,116.83198947648592,14308.219178082192,0,1,0,0,0,0
7475,26.8535,20136.1344944774,-659.6383232550305,5.0,2.43,3.0,-17713.59771352896,17713.59771352896,3138.0483456800653,15.0,116.83198947648592,14308.219178082192,0,1,0,0,0,0
7476,26.4587,20396.559704498486,-659.6383232550305,5.0,2.43,3.0,-17453.172503507874,17453.172503507874,3138.0483456800653,15.0,116.83198947648592,14308.219178082192,0,1,0,0,0,0
7477,25.1249,21276.385300056045,-659.6383232550305,5.0,2.43,3.0,-16573.346907950316,16573.346907950316,3138.0483456800653,15.0,116.83198947648592,14308.219178082192,0,1,0,0,0,0
7478,25.8858,20774.466499891292,-659.6383232550305,5.0,2.43,3.0,-17075.26570811507,17075.26570811507,3138.0483456800653,15.0,116.83198947648592,14308.219178082192,0,1,0,0,0,0
7479,28.7706,18871.541864965177,-659.6383232550305,5.0,2.43,3.0,-18978.19034304118,18978.19034304118,3138.0483456800653,15.0,116.83198947648592,14308.219178082192,0,1,0,0,0,0
7480,27.5817,19655.785867483086,-659.6383232550305,5.0,2.43,3.0,-18193.946340523275,18193.946340523275,3138.0483456800653,15.0,116.83198947648592,14308.219178082192,0,1,0,0,0,0
7481,35.3208,14550.778919980079,-659.6383232550305,5.0,2.43,3.0,-23298.95328802628,23298.95328802628,3138.0483456800653,15.0,116.83198947648592,14308.219178082192,0,1,0,0,0,0
7482,32.3755,16493.611673463118,-659.6383232550305,5.0,2.43,3.0,-21356.120534543243,21356.120534543243,3138.0483456800653,15.0,116.83198947648592,14308.219178082192,0,1,0,0,0,0
7483,30.6547,17628.717300120377,-659.6383232550305,5.0,2.43,3.0,-20221.014907885983,20221.014907885983,3138.0483456800653,15.0,116.83198947648592,14308.219178082192,0,1,0,0,0,0
7484,30.7944,17536.56582636165,-659.6383232550305,5.0,2.43,3.0,-20313.16638164471,20313.16638164471,3138.0483456800653,15.0,116.83198947648592,14308.219178082192,0,1,0,0,0,0
7485,54.5838,12328.180744269024,650.0,0,2.43,3.0,35479.47,-35479.47,15071.972825128516,0,556.8949724310688,14308.219178082192,1,0,0,0,0,0
7486,31.5518,17036.95576032829,-659.6383232550305,5.0,2.43,3.0,-20812.776447678072,20812.776447678072,3138.0483456800653,15.0,116.83198947648592,14308.219178082192,0,1,0,0,0,0
7487,25.517,21017.74111350775,-659.6383232550305,5.0,2.43,3.0,-16831.991094498615,16831.991094498615,3138.0483456800653,15.0,116.83198947648592,14308.219178082192,0,1,0,0,0,0
7488,42.224,9997.163646885954,-659.6383232550305,5.0,2.43,3.0,-27852.568561120406,27852.568561120406,3138.0483456800653,15.0,116.83198947648592,14308.219178082192,0,1,0,0,0,0
7489,29.1466,18623.51785542129,-659.6383232550305,5.0,2.43,3.0,-19226.214352585073,19226.214352585073,3138.0483456800653,15.0,116.83198947648592,14308.219178082192,0,1,0,0,0,0
7490,27.7028,19575.903666536902,-659.6383232550305,5.0,2.43,3.0,-18273.82854146946,18273.82854146946,3138.0483456800653,15.0,116.83198947648592,14308.219178082192,0,1,0,0,0,0
7491,30.9688,17421.52490278597,-659.6383232550305,5.0,2.43,3.0,-20428.20730522039,20428.20730522039,3138.0483456800653,15.0,116.83198947648592,14308.219178082192,0,1,0,0,0,0
7492,28.2479,19216.334816530583,-659.6383232550305,5.0,2.43,3.0,-18633.397391475777,18633.397391475777,3138.0483456800653,15.0,116.83198947648592,14308.219178082192,0,1,0,0,0,0
7493,29.2228,18573.253415189258,-659.6383232550305,5.0,2.43,3.0,-19276.478792817106,19276.478792817106,3138.0483456800653,15.0,116.83198947648592,14308.219178082192,0,1,0,0,0,0
7494,35.2513,14596.623783446303,-659.6383232550305,5.0,2.43,3.0,-23253.108424560058,23253.108424560058,3138.0483456800653,15.0,116.83198947648592,14308.219178082192,0,1,0,0,0,0
7495,26.159,20594.253309978016,-659.6383232550305,5.0,2.43,3.0,-17255.47889802834,17255.47889802834,3138.0483456800653,15.0,116.83198947648592,14308.219178082192,0,1,0,0,0,0
7496,28.6386,18958.614123634845,-659.6383232550305,5.0,2.43,3.0,-18891.118084371516,18891.118084371516,3138.0483456800653,15.0,116.83198947648592,14308.219178082192,0,1,0,0,0,0
7497,27.3188,19829.204782666835,-659.6383232550305,5.0,2.43,3.0,-18020.527425339526,18020.527425339526,3138.0483456800653,15.0,116.83198947648592,14308.219178082192,0,1,0,0,0,0
7498,24.2324,21865.112503561162,-659.6383232550305,5.0,2.43,3.0,-15984.6197044452,15984.6197044452,3138.0483456800653,15.0,116.83198947648592,14308.219178082192,0,1,0,0,0,0
7499,25.7538,20861.538758560957,-659.6383232550305,5.0,2.43,3.0,-16988.193449445404,16988.193449445404,3138.0483456800653,15.0,116.83198947648592,14308.219178082192,0,1,0,0,0,0
7500,23.5399,22321.91204241527,-659.6383232550305,5.0,2.43,3.0,-15527.820165591093,15527.820165591093,3138.0483456800653,15.0,116.83198947648592,14308.219178082192,0,1,0,0,0,0
7501,22.4915,23013.476860515846,-659.6383232550305,5.0,2.43,3.0,-14836.255347490518,14836.255347490518,3138.0483456800653,15.0,116.83198947648592,14308.219178082192,0,1,0,0,0,0
7502,22.4788,23021.85426722118,-659.6383232550305,5.0,2.43,3.0,-14827.87794078518,14827.87794078518,3138.0483456800653,15.0,116.83198947648592,14308.219178082192,0,1,0,0,0,0
7503,24.3044,21817.618544286797,-659.6383232550305,5.0,2.43,3.0,-16032.113663719565,16032.113663719565,3138.0483456800653,15.0,116.83198947648592,14308.219178082192,0,1,0,0,0,0
7504,26.0415,20671.760812960485,-659.6383232550305,5.0,2.43,3.0,-17177.971395045875,17177.971395045875,3138.0483456800653,15.0,116.83198947648592,14308.219178082192,0,1,0,0,0,0
7505,29.9397,18100.358701247726,-659.6383232550305,5.0,2.43,3.0,-19749.373506758635,19749.373506758635,3138.0483456800653,15.0,116.83198947648592,14308.219178082192,0,1,0,0,0,0
7506,25.458,21056.659774579795,-659.6383232550305,5.0,2.43,3.0,-16793.072433426565,16793.072433426565,3138.0483456800653,15.0,116.83198947648592,14308.219178082192,0,1,0,0,0,0
7507,27.9598,19406.37661746036,-659.6383232550305,5.0,2.43,3.0,-18443.355590546,18443.355590546,3138.0483456800653,15.0,116.83198947648592,14308.219178082192,0,1,0,0,0,0
7508,29.4465,18425.692322277104,-659.6383232550305,5.0,2.43,3.0,-19424.039885729257,19424.039885729257,3138.0483456800653,15.0,116.83198947648592,14308.219178082192,0,1,0,0,0,0
7509,25.273,21178.692864381977,-659.6383232550305,5.0,2.43,3.0,-16671.039343624387,16671.039343624387,3138.0483456800653,15.0,116.83198947648592,14308.219178082192,0,1,0,0,0,0
7510,23.8921,22089.587424964848,-659.6383232550305,5.0,2.43,3.0,-15760.144783041515,15760.144783041515,3138.0483456800653,15.0,116.83198947648592,14308.219178082192,0,1,0,0,0,0
7511,23.7555,22179.69401992148,-659.6383232550305,5.0,2.43,3.0,-15670.038188084878,15670.038188084878,3138.0483456800653,15.0,116.83198947648592,14308.219178082192,0,1,0,0,0,0
7512,22.9048,22740.84834151454,-659.6383232550305,5.0,2.43,3.0,-15108.883866491824,15108.883866491824,3138.0483456800653,15.0,116.83198947648592,14308.219178082192,0,1,0,0,0,0
7513,20.8962,24065.797877604593,-659.6383232550305,5.0,2.43,3.0,-13783.93433040177,13783.93433040177,3138.0483456800653,15.0,116.83198947648592,14308.219178082192,0,1,0,0,0,0
7514,21.4473,23702.271197658745,-659.6383232550305,5.0,2.43,3.0,-14147.461010347615,14147.461010347615,3138.0483456800653,15.0,116.83198947648592,14308.219178082192,0,1,0,0,0,0
7515,21.6989,23536.30619552778,-659.6383232550305,5.0,2.43,3.0,-14313.42601247858,14313.42601247858,3138.0483456800653,15.0,116.83198947648592,14308.219178082192,0,1,0,0,0,0
7516,21.8301,23449.761647516716,-659.6383232550305,5.0,2.43,3.0,-14399.970560489643,14399.970560489643,3138.0483456800653,15.0,116.83198947648592,14308.219178082192,0,1,0,0,0,0
7517,26.4351,20412.127168927305,-659.6383232550305,5.0,2.43,3.0,-17437.605039079055,17437.605039079055,3138.0483456800653,15.0,116.83198947648592,14308.219178082192,0,1,0,0,0,0
7518,23.0356,22654.56764883278,-659.6383232550305,5.0,2.43,3.0,-15195.16455917358,15195.16455917358,3138.0483456800653,15.0,116.83198947648592,14308.219178082192,0,1,0,0,0,0
7519,23.3345,22457.40175401185,-659.6383232550305,5.0,2.43,3.0,-15392.33045399451,15392.33045399451,3138.0483456800653,15.0,116.83198947648592,14308.219178082192,0,1,0,0,0,0
7520,22.0104,23330.82885783384,-659.6383232550305,5.0,2.43,3.0,-14518.903350172524,14518.903350172524,3138.0483456800653,15.0,116.83198947648592,14308.219178082192,0,1,0,0,0,0
7521,21.5413,23640.265195272772,-659.6383232550305,5.0,2.43,3.0,-14209.467012733588,14209.467012733588,3138.0483456800653,15.0,116.83198947648592,14308.219178082192,0,1,0,0,0,0
7522,21.0484,23965.400924805177,-659.6383232550305,5.0,2.43,3.0,-13884.331283201185,13884.331283201185,3138.0483456800653,15.0,116.83198947648592,14308.219178082192,0,1,0,0,0,0
7523,20.2987,24459.931775749472,-659.6383232550305,5.0,2.43,3.0,-13389.800432256889,13389.800432256889,3138.0483456800653,15.0,116.83198947648592,14308.219178082192,0,1,0,0,0,0
7524,20.7946,24132.817131247306,-659.6383232550305,5.0,2.43,3.0,-13716.915076759056,13716.915076759056,3138.0483456800653,15.0,116.83198947648592,14308.219178082192,0,1,0,0,0,0
7525,21.4815,23679.711567003425,-659.6383232550305,5.0,2.43,3.0,-14170.020641002939,14170.020641002939,3138.0483456800653,15.0,116.83198947648592,14308.219178082192,0,1,0,0,0,0
7526,20.2787,24473.124542214573,-659.6383232550305,5.0,2.43,3.0,-13376.607665791787,13376.607665791787,3138.0483456800653,15.0,116.83198947648592,14308.219178082192,0,1,0,0,0,0
7527,21.5924,23606.55767695444,-659.6383232550305,5.0,2.43,3.0,-14243.174531051922,14243.174531051922,3138.0483456800653,15.0,116.83198947648592,14308.219178082192,0,1,0,0,0,0
7528,23.0024,22676.467641164847,-659.6383232550305,5.0,2.43,3.0,-15173.264566841515,15173.264566841515,3138.0483456800653,15.0,116.83198947648592,14308.219178082192,0,1,0,0,0,0
7529,26.5869,20311.99407145719,-659.6383232550305,5.0,2.43,3.0,-17537.73813654917,17537.73813654917,3138.0483456800653,15.0,116.83198947648592,14308.219178082192,0,1,0,0,0,0
7530,24.4524,21719.99207244505,-659.6383232550305,5.0,2.43,3.0,-16129.74013556131,16129.74013556131,3138.0483456800653,15.0,116.83198947648592,14308.219178082192,0,1,0,0,0,0
7531,23.2694,22500.344208855753,-659.6383232550305,5.0,2.43,3.0,-15349.387999150607,15349.387999150607,3138.0483456800653,15.0,116.83198947648592,14308.219178082192,0,1,0,0,0,0
7532,22.8638,22767.893512767994,-659.6383232550305,5.0,2.43,3.0,-15081.838695238368,15081.838695238368,3138.0483456800653,15.0,116.83198947648592,14308.219178082192,0,1,0,0,0,0
7533,20.2433,24496.4757388578,-659.6383232550305,5.0,2.43,3.0,-13353.25646914856,13353.25646914856,3138.0483456800653,15.0,116.83198947648592,14308.219178082192,0,1,0,0,0,0
7534,19.1669,25206.51043000952,-659.6383232550305,5.0,2.43,3.0,-12643.221777996843,12643.221777996843,3138.0483456800653,15.0,116.83198947648592,14308.219178082192,0,1,0,0,0,0
7535,19.2925,25123.659856608683,-659.6383232550305,5.0,2.43,3.0,-12726.072351397677,12726.072351397677,3138.0483456800653,15.0,116.83198947648592,14308.219178082192,0,1,0,0,0,0
7536,18.1656,25867.006283084775,-659.6383232550305,5.0,2.43,3.0,-11982.725924921584,11982.725924921584,3138.0483456800653,15.0,116.83198947648592,14308.219178082192,0,1,0,0,0,0
7537,17.5738,26257.380242787105,-659.6383232550305,5.0,2.43,3.0,-11592.351965219254,11592.351965219254,3138.0483456800653,15.0,116.83198947648592,14308.219178082192,0,1,0,0,0,0
7538,18.0054,25972.680342470234,-659.6383232550305,5.0,2.43,3.0,-11877.051865536128,11877.051865536128,3138.0483456800653,15.0,116.83198947648592,14308.219178082192,0,1,0,0,0,0
7539,18.036,25952.49540977863,-659.6383232550305,5.0,2.43,3.0,-11897.236798227732,11897.236798227732,3138.0483456800653,15.0,116.83198947648592,14308.219178082192,0,1,0,0,0,0
7540,18.6099,25573.92897606257,-659.6383232550305,5.0,2.43,3.0,-12275.803231943792,12275.803231943792,3138.0483456800653,15.0,116.83198947648592,14308.219178082192,0,1,0,0,0,0
7541,22.0588,23298.902362988294,-659.6383232550305,5.0,2.43,3.0,-14550.829845018068,14550.829845018068,3138.0483456800653,15.0,116.83198947648592,14308.219178082192,0,1,0,0,0,0
7542,29.3034,18520.0865663349,-659.6383232550305,5.0,2.43,3.0,-19329.64564167146,19329.64564167146,3138.0483456800653,15.0,116.83198947648592,14308.219178082192,0,1,0,0,0,0
7543,23.5784,22296.51596696995,-659.6383232550305,5.0,2.43,3.0,-15553.21624103641,15553.21624103641,3138.0483456800653,15.0,116.83198947648592,14308.219178082192,0,1,0,0,0,0
7544,24.9985,21359.76358411548,-659.6383232550305,5.0,2.43,3.0,-16489.96862389088,16489.96862389088,3138.0483456800653,15.0,116.83198947648592,14308.219178082192,0,1,0,0,0,0
7545,24.3594,21781.33843650777,-659.6383232550305,5.0,2.43,3.0,-16068.393771498591,16068.393771498591,3138.0483456800653,15.0,116.83198947648592,14308.219178082192,0,1,0,0,0,0
7546,25.1435,21264.1160272435,-659.6383232550305,5.0,2.43,3.0,-16585.61618076286,16585.61618076286,3138.0483456800653,15.0,116.83198947648592,14308.219178082192,0,1,0,0,0,0
7547,22.2827,23151.209342411494,-659.6383232550305,5.0,2.43,3.0,-14698.522865594867,14698.522865594867,3138.0483456800653,15.0,116.83198947648592,14308.219178082192,0,1,0,0,0,0
7548,21.8415,23442.241770631612,-659.6383232550305,5.0,2.43,3.0,-14407.490437374749,14407.490437374749,3138.0483456800653,15.0,116.83198947648592,14308.219178082192,0,1,0,0,0,0
7549,22.0191,23325.090004421516,-659.6383232550305,5.0,2.43,3.0,-14524.642203584843,14524.642203584843,3138.0483456800653,15.0,116.83198947648592,14308.219178082192,0,1,0,0,0,0
7550,21.4265,23715.991674782446,-659.6383232550305,5.0,2.43,3.0,-14133.740533223912,14133.740533223912,3138.0483456800653,15.0,116.83198947648592,14308.219178082192,0,1,0,0,0,0
7551,22.573,22959.716337170557,-659.6383232550305,5.0,2.43,3.0,-14890.015870835805,14890.015870835805,3138.0483456800653,15.0,116.83198947648592,14308.219178082192,0,1,0,0,0,0
7552,23.3366,22456.016513533013,-659.6383232550305,5.0,2.43,3.0,-15393.715694473345,15393.715694473345,3138.0483456800653,15.0,116.83198947648592,14308.219178082192,0,1,0,0,0,0
7553,28.8909,18792.1873746776,-659.6383232550305,5.0,2.43,3.0,-19057.54483332876,19057.54483332876,3138.0483456800653,15.0,116.83198947648592,14308.219178082192,0,1,0,0,0,0
7554,23.4916,22353.772573428487,-659.6383232550305,5.0,2.43,3.0,-15495.959634577874,15495.959634577874,3138.0483456800653,15.0,116.83198947648592,14308.219178082192,0,1,0,0,0,0
7555,26.5685,20324.131416605083,-659.6383232550305,5.0,2.43,3.0,-17525.600791401277,17525.600791401277,3138.0483456800653,15.0,116.83198947648592,14308.219178082192,0,1,0,0,0,0
7556,20.626,24244.0321525481,-659.6383232550305,5.0,2.43,3.0,-13605.700055458261,13605.700055458261,3138.0483456800653,15.0,116.83198947648592,14308.219178082192,0,1,0,0,0,0
7557,20.3694,24413.295346295345,-659.6383232550305,5.0,2.43,3.0,-13436.436861711018,13436.436861711018,3138.0483456800653,15.0,116.83198947648592,14308.219178082192,0,1,0,0,0,0
7558,18.4491,25679.998818441978,-659.6383232550305,5.0,2.43,3.0,-12169.733389564384,12169.733389564384,3138.0483456800653,15.0,116.83198947648592,14308.219178082192,0,1,0,0,0,0
7559,18.1811,25856.781889074326,-659.6383232550305,5.0,2.43,3.0,-11992.950318932035,11992.950318932035,3138.0483456800653,15.0,116.83198947648592,14308.219178082192,0,1,0,0,0,0
7560,19.6547,24884.738855925716,-659.6383232550305,5.0,2.43,3.0,-12964.993352080646,12964.993352080646,3138.0483456800653,15.0,116.83198947648592,14308.219178082192,0,1,0,0,0,0
7561,18.773,25466.341965539672,-659.6383232550305,5.0,2.43,3.0,-12383.390242466689,12383.390242466689,3138.0483456800653,15.0,116.83198947648592,14308.219178082192,0,1,0,0,0,0
7562,18.1954,25847.349061051777,-659.6383232550305,5.0,2.43,3.0,-12002.383146954582,12002.383146954582,3138.0483456800653,15.0,116.83198947648592,14308.219178082192,0,1,0,0,0,0
7563,17.4143,26362.592555346284,-659.6383232550305,5.0,2.43,3.0,-11487.139652660078,11487.139652660078,3138.0483456800653,15.0,116.83198947648592,14308.219178082192,0,1,0,0,0,0
7564,17.1476,26538.518096158397,-659.6383232550305,5.0,2.43,3.0,-11311.214111847961,11311.214111847961,3138.0483456800653,15.0,116.83198947648592,14308.219178082192,0,1,0,0,0,0
7565,18.6546,25544.44314301307,-659.6383232550305,5.0,2.43,3.0,-12305.28906499329,12305.28906499329,3138.0483456800653,15.0,116.83198947648592,14308.219178082192,0,1,0,0,0,0
7566,22.8052,22806.54831851074,-659.6383232550305,5.0,2.43,3.0,-15043.183889495622,15043.183889495622,3138.0483456800653,15.0,116.83198947648592,14308.219178082192,0,1,0,0,0,0
7567,28.6968,18920.223173221402,-659.6383232550305,5.0,2.43,3.0,-18929.50903478496,18929.50903478496,3138.0483456800653,15.0,116.83198947648592,14308.219178082192,0,1,0,0,0,0
7568,30.9581,17428.5830328448,-659.6383232550305,5.0,2.43,3.0,-20421.14917516156,20421.14917516156,3138.0483456800653,15.0,116.83198947648592,14308.219178082192,0,1,0,0,0,0
7569,32.7596,16240.244593500862,-659.6383232550305,5.0,2.43,3.0,-21609.4876145055,21609.4876145055,3138.0483456800653,15.0,116.83198947648592,14308.219178082192,0,1,0,0,0,0
7570,32.2062,16605.288441590194,-659.6383232550305,5.0,2.43,3.0,-21244.443766416167,21244.443766416167,3138.0483456800653,15.0,116.83198947648592,14308.219178082192,0,1,0,0,0,0
7571,37.2837,13255.974855262779,-659.6383232550305,5.0,2.43,3.0,-24593.75735274358,24593.75735274358,3138.0483456800653,15.0,116.83198947648592,14308.219178082192,0,1,0,0,0,0
7572,36.4409,13811.91803410212,-659.6383232550305,5.0,2.43,3.0,-24037.81417390424,24037.81417390424,3138.0483456800653,15.0,116.83198947648592,14308.219178082192,0,1,0,0,0,0
7573,32.5339,16389.124963059523,-659.6383232550305,5.0,2.43,3.0,-21460.607244946837,21460.607244946837,3138.0483456800653,15.0,116.83198947648592,14308.219178082192,0,1,0,0,0,0
7574,31.5694,17025.346125838998,-659.6383232550305,5.0,2.43,3.0,-20824.386082167362,20824.386082167362,3138.0483456800653,15.0,116.83198947648592,14308.219178082192,0,1,0,0,0,0
7575,32.7062,16275.46927996268,-659.6383232550305,5.0,2.43,3.0,-21574.26292804368,21574.26292804368,3138.0483456800653,15.0,116.83198947648592,14308.219178082192,0,1,0,0,0,0
7576,32.8109,16206.405147517882,-659.6383232550305,5.0,2.43,3.0,-21643.32706048848,21643.32706048848,3138.0483456800653,15.0,116.83198947648592,14308.219178082192,0,1,0,0,0,0
7577,63.4969,18121.69574426902,650.0,0,2.43,3.0,41272.985,-41272.985,15071.972825128516,0,556.8949724310688,14308.219178082192,1,0,0,0,0,0
7578,40.8269,10918.744348305558,-659.6383232550305,5.0,2.43,3.0,-26930.987859700806,26930.987859700806,3138.0483456800653,15.0,116.83198947648592,14308.219178082192,0,1,0,0,0,0
7579,54.2411,12105.425744269027,650.0,0,2.43,3.0,35256.715000000004,-35256.715000000004,15071.972825128516,0,556.8949724310688,14308.219178082192,1,0,0,0,0,0
7580,46.1677,7395.747991465087,-659.6383232550305,5.0,2.43,3.0,-30453.984216541274,30453.984216541274,3138.0483456800653,15.0,116.83198947648592,14308.219178082192,0,1,0,0,0,0
7581,46.8106,7275.600744269023,650.0,0,2.43,3.0,30426.89,-30426.89,15071.972825128516,0,556.8949724310688,14308.219178082192,1,0,0,0,0,0
7582,33.1116,16008.051903715092,-659.6383232550305,5.0,2.43,3.0,-21841.68030429127,21841.68030429127,3138.0483456800653,15.0,116.83198947648592,14308.219178082192,0,1,0,0,0,0
7583,31.0529,17366.049319800222,-659.6383232550305,5.0,2.43,3.0,-20483.682888206138,20483.682888206138,3138.0483456800653,15.0,116.83198947648592,14308.219178082192,0,1,0,0,0,0
7584,33.2422,15921.903138697988,-659.6383232550305,5.0,2.43,3.0,-21927.829069308373,21927.829069308373,3138.0483456800653,15.0,116.83198947648592,14308.219178082192,0,1,0,0,0,0
7585,35.3226,14549.591570998218,-659.6383232550305,5.0,2.43,3.0,-23300.140637008142,23300.140637008142,3138.0483456800653,15.0,116.83198947648592,14308.219178082192,0,1,0,0,0,0
7586,32.3061,16539.39057309702,-659.6383232550305,5.0,2.43,3.0,-21310.341634909342,21310.341634909342,3138.0483456800653,15.0,116.83198947648592,14308.219178082192,0,1,0,0,0,0
7587,32.132,16654.233605175723,-659.6383232550305,5.0,2.43,3.0,-21195.498602830638,21195.498602830638,3138.0483456800653,15.0,116.83198947648592,14308.219178082192,0,1,0,0,0,0
7588,33.7438,15591.028555753262,-659.6383232550305,5.0,2.43,3.0,-22258.703652253098,22258.703652253098,3138.0483456800653,15.0,116.83198947648592,14308.219178082192,0,1,0,0,0,0
7589,45.1682,8055.056495558492,-659.6383232550305,5.0,2.43,3.0,-29794.675712447868,29794.675712447868,3138.0483456800653,15.0,116.83198947648592,14308.219178082192,0,1,0,0,0,0
7590,166.6458,85168.48074426904,650.0,0,2.43,3.0,108319.77,-108319.77,15071.972825128516,0,556.8949724310688,14308.219178082192,1,0,0,0,0,0
7591,595.8319,364139.445744269,650.0,0,2.43,3.0,387290.735,-387290.735,15071.972825128516,0,556.8949724310688,14308.219178082192,1,0,0,0,0,0
7592,75.2969,25791.695744269015,650.0,0,2.43,3.0,48942.98499999999,-48942.98499999999,15071.972825128516,0,556.8949724310688,14308.219178082192,1,0,0,0,0,0
7593,43.4612,9181.05911335483,-659.6383232550305,5.0,2.43,3.0,-28668.67309465153,28668.67309465153,3138.0483456800653,15.0,116.83198947648592,14308.219178082192,0,1,0,0,0,0
7594,54.5264,12290.870744269027,650.0,0,2.43,3.0,35442.16,-35442.16,15071.972825128516,0,556.8949724310688,14308.219178082192,1,0,0,0,0,0
7595,47.22,7541.710744269024,650.0,0,2.43,3.0,30693.0,-30693.0,15071.972825128516,0,556.8949724310688,14308.219178082192,1,0,0,0,0,0
7596,44.2223,8679.008385525427,-659.6383232550305,5.0,2.43,3.0,-29170.723822480933,29170.723822480933,3138.0483456800653,15.0,116.83198947648592,14308.219178082192,0,1,0,0,0,0
7597,45.7566,7666.92530615523,-659.6383232550305,5.0,2.43,3.0,-30182.806901851127,30182.806901851127,3138.0483456800653,15.0,116.83198947648592,14308.219178082192,0,1,0,0,0,0
7598,37.3319,13224.180288081887,-659.6383232550305,5.0,2.43,3.0,-24625.551919924474,24625.551919924474,3138.0483456800653,15.0,116.83198947648592,14308.219178082192,0,1,0,0,0,0
7599,44.2231,8678.48067486682,-659.6383232550305,5.0,2.43,3.0,-29171.25153313954,29171.25153313954,3138.0483456800653,15.0,116.83198947648592,14308.219178082192,0,1,0,0,0,0
7600,61.4376,16783.150744269024,650.0,0,2.43,3.0,39934.44,-39934.44,15071.972825128516,0,556.8949724310688,14308.219178082192,1,0,0,0,0,0
7601,67.8354,20941.720744269023,650.0,0,2.43,3.0,44093.01,-44093.01,15071.972825128516,0,556.8949724310688,14308.219178082192,1,0,0,0,0,0
7602,44.9167,8220.95553385713,-659.6383232550305,5.0,2.43,3.0,-29628.776674149227,29628.776674149227,3138.0483456800653,15.0,116.83198947648592,14308.219178082192,0,1,0,0,0,0
7603,45.4972,7838.035487207588,-659.6383232550305,5.0,2.43,3.0,-30011.696720798773,30011.696720798773,3138.0483456800653,15.0,116.83198947648592,14308.219178082192,0,1,0,0,0,0
7604,45.0958,8102.814310162161,-659.6383232550305,5.0,2.43,3.0,-29746.917897844203,29746.917897844203,3138.0483456800653,15.0,116.83198947648592,14308.219178082192,0,1,0,0,0,0
7605,43.5042,9152.694665454863,-659.6383232550305,5.0,2.43,3.0,-28697.037542551498,28697.037542551498,3138.0483456800653,15.0,116.83198947648592,14308.219178082192,0,1,0,0,0,0
7606,35.5864,14375.578981323542,-659.6383232550305,5.0,2.43,3.0,-23474.153226682818,23474.153226682818,3138.0483456800653,15.0,116.83198947648592,14308.219178082192,0,1,0,0,0,0
7607,29.827,18174.699940278562,-659.6383232550305,5.0,2.43,3.0,-19675.032267727795,19675.032267727795,3138.0483456800653,15.0,116.83198947648592,14308.219178082192,0,1,0,0,0,0
7608,33.9013,15487.135519840594,-659.6383232550305,5.0,2.43,3.0,-22362.596688165766,22362.596688165766,3138.0483456800653,15.0,116.83198947648592,14308.219178082192,0,1,0,0,0,0
7609,32.1079,16670.130888766165,-659.6383232550305,5.0,2.43,3.0,-21179.601319240195,21179.601319240195,3138.0483456800653,15.0,116.83198947648592,14308.219178082192,0,1,0,0,0,0
7610,30.3846,17806.88561123156,-659.6383232550305,5.0,2.43,3.0,-20042.846596774798,20042.846596774798,3138.0483456800653,15.0,116.83198947648592,14308.219178082192,0,1,0,0,0,0
7611,30.2122,17920.60725816073,-659.6383232550305,5.0,2.43,3.0,-19929.12494984563,19929.12494984563,3138.0483456800653,15.0,116.83198947648592,14308.219178082192,0,1,0,0,0,0
7612,29.3394,18496.339586697715,-659.6383232550305,5.0,2.43,3.0,-19353.39262130864,19353.39262130864,3138.0483456800653,15.0,116.83198947648592,14308.219178082192,0,1,0,0,0,0
7613,28.9274,18768.110575878793,-659.6383232550305,5.0,2.43,3.0,-19081.621632127568,19081.621632127568,3138.0483456800653,15.0,116.83198947648592,14308.219178082192,0,1,0,0,0,0
7614,45.7533,7669.102112621971,-659.6383232550305,5.0,2.43,3.0,-30180.63009538439,30180.63009538439,3138.0483456800653,15.0,116.83198947648592,14308.219178082192,0,1,0,0,0,0
7615,43.2363,9329.411772254887,-659.6383232550305,5.0,2.43,3.0,-28520.320435751477,28520.320435751477,3138.0483456800653,15.0,116.83198947648592,14308.219178082192,0,1,0,0,0,0
7616,41.3241,10590.772173983154,-659.6383232550305,5.0,2.43,3.0,-27258.960034023206,27258.960034023206,3138.0483456800653,15.0,116.83198947648592,14308.219178082192,0,1,0,0,0,0
7617,50.672,9785.510744269019,650.0,0,2.43,3.0,32936.799999999996,-32936.799999999996,15071.972825128516,0,556.8949724310688,14308.219178082192,1,0,0,0,0,0
7618,39.8809,11542.762202104816,-659.6383232550305,5.0,2.43,3.0,-26306.970005901545,26306.970005901545,3138.0483456800653,15.0,116.83198947648592,14308.219178082192,0,1,0,0,0,0
7619,35.8414,14207.37120889351,-659.6383232550305,5.0,2.43,3.0,-23642.36099911285,23642.36099911285,3138.0483456800653,15.0,116.83198947648592,14308.219178082192,0,1,0,0,0,0
7620,29.7781,18206.95625428574,-659.6383232550305,5.0,2.43,3.0,-19642.775953720622,19642.775953720622,3138.0483456800653,15.0,116.83198947648592,14308.219178082192,0,1,0,0,0,0
7621,27.5113,19702.22440544024,-659.6383232550305,5.0,2.43,3.0,-18147.50780256612,18147.50780256612,3138.0483456800653,15.0,116.83198947648592,14308.219178082192,0,1,0,0,0,0
7622,29.8979,18127.931583159785,-659.6383232550305,5.0,2.43,3.0,-19721.800624846575,19721.800624846575,3138.0483456800653,15.0,116.83198947648592,14308.219178082192,0,1,0,0,0,0
7623,30.3963,17799.167842849478,-659.6383232550305,5.0,2.43,3.0,-20050.564365156883,20050.564365156883,3138.0483456800653,15.0,116.83198947648592,14308.219178082192,0,1,0,0,0,0
7624,26.331,20480.795518378152,-659.6383232550305,5.0,2.43,3.0,-17368.936689628208,17368.936689628208,3138.0483456800653,15.0,116.83198947648592,14308.219178082192,0,1,0,0,0,0
7625,28.7688,18872.72921394704,-659.6383232550305,5.0,2.43,3.0,-18977.00299405932,18977.00299405932,3138.0483456800653,15.0,116.83198947648592,14308.219178082192,0,1,0,0,0,0
7626,29.7436,18229.713776438035,-659.6383232550305,5.0,2.43,3.0,-19620.018431568325,19620.018431568325,3138.0483456800653,15.0,116.83198947648592,14308.219178082192,0,1,0,0,0,0
7627,31.5008,17070.597314814295,-659.6383232550305,5.0,2.43,3.0,-20779.134893192066,20779.134893192066,3138.0483456800653,15.0,116.83198947648592,14308.219178082192,0,1,0,0,0,0
7628,29.5556,18353.72578120998,-659.6383232550305,5.0,2.43,3.0,-19496.00642679638,19496.00642679638,3138.0483456800653,15.0,116.83198947648592,14308.219178082192,0,1,0,0,0,0
7629,28.851,18818.506943775476,-659.6383232550305,5.0,2.43,3.0,-19031.225264230885,19031.225264230885,3138.0483456800653,15.0,116.83198947648592,14308.219178082192,0,1,0,0,0,0
7630,23.8256,22133.453373461307,-659.6383232550305,5.0,2.43,3.0,-15716.278834545055,15716.278834545055,3138.0483456800653,15.0,116.83198947648592,14308.219178082192,0,1,0,0,0,0
7631,24.2327,21864.91461206418,-659.6383232550305,5.0,2.43,3.0,-15984.817595942179,15984.817595942179,3138.0483456800653,15.0,116.83198947648592,14308.219178082192,0,1,0,0,0,0
7632,22.5179,22996.06240878191,-659.6383232550305,5.0,2.43,3.0,-14853.669799224452,14853.669799224452,3138.0483456800653,15.0,116.83198947648592,14308.219178082192,0,1,0,0,0,0
7633,23.6684,22237.148517876998,-659.6383232550305,5.0,2.43,3.0,-15612.583690129362,15612.583690129362,3138.0483456800653,15.0,116.83198947648592,14308.219178082192,0,1,0,0,0,0
7634,23.063,22636.493558775594,-659.6383232550305,5.0,2.43,3.0,-15213.238649230769,15213.238649230769,3138.0483456800653,15.0,116.83198947648592,14308.219178082192,0,1,0,0,0,0
7635,22.5409,22980.890727347043,-659.6383232550305,5.0,2.43,3.0,-14868.841480659317,14868.841480659317,3138.0483456800653,15.0,116.83198947648592,14308.219178082192,0,1,0,0,0,0
7636,22.9951,22681.28300092461,-659.6383232550305,5.0,2.43,3.0,-15168.449207081752,15168.449207081752,3138.0483456800653,15.0,116.83198947648592,14308.219178082192,0,1,0,0,0,0
7637,23.1433,22583.524601418212,-659.6383232550305,5.0,2.43,3.0,-15266.207606588148,15266.207606588148,3138.0483456800653,15.0,116.83198947648592,14308.219178082192,0,1,0,0,0,0
7638,25.5702,20982.648354710578,-659.6383232550305,5.0,2.43,3.0,-16867.083853295782,16867.083853295782,3138.0483456800653,15.0,116.83198947648592,14308.219178082192,0,1,0,0,0,0
7639,30.241,17901.60967445098,-659.6383232550305,5.0,2.43,3.0,-19948.12253355538,19948.12253355538,3138.0483456800653,15.0,116.83198947648592,14308.219178082192,0,1,0,0,0,0
7640,32.8822,16159.372935069798,-659.6383232550305,5.0,2.43,3.0,-21690.359272936563,21690.359272936563,3138.0483456800653,15.0,116.83198947648592,14308.219178082192,0,1,0,0,0,0
7641,25.9004,20764.835780371766,-659.6383232550305,5.0,2.43,3.0,-17084.896427634594,17084.896427634594,3138.0483456800653,15.0,116.83198947648592,14308.219178082192,0,1,0,0,0,0
7642,29.4624,18415.20407293735,-659.6383232550305,5.0,2.43,3.0,-19434.52813506901,19434.52813506901,3138.0483456800653,15.0,116.83198947648592,14308.219178082192,0,1,0,0,0,0
7643,27.5056,19705.984343882792,-659.6383232550305,5.0,2.43,3.0,-18143.74786412357,18143.74786412357,3138.0483456800653,15.0,116.83198947648592,14308.219178082192,0,1,0,0,0,0
7644,24.698,21557.984900253614,-659.6383232550305,5.0,2.43,3.0,-16291.747307752745,16291.747307752745,3138.0483456800653,15.0,116.83198947648592,14308.219178082192,0,1,0,0,0,0
7645,24.6292,21603.36801689356,-659.6383232550305,5.0,2.43,3.0,-16246.364191112798,16246.364191112798,3138.0483456800653,15.0,116.83198947648592,14308.219178082192,0,1,0,0,0,0
7646,25.9364,20741.08880073459,-659.6383232550305,5.0,2.43,3.0,-17108.64340727177,17108.64340727177,3138.0483456800653,15.0,116.83198947648592,14308.219178082192,0,1,0,0,0,0
7647,25.0785,21306.99251825508,-659.6383232550305,5.0,2.43,3.0,-16542.73968975128,16542.73968975128,3138.0483456800653,15.0,116.83198947648592,14308.219178082192,0,1,0,0,0,0
7648,23.7881,22158.189810583368,-659.6383232550305,5.0,2.43,3.0,-15691.54239742299,15691.54239742299,3138.0483456800653,15.0,116.83198947648592,14308.219178082192,0,1,0,0,0,0
7649,27.8071,19507.1033894214,-659.6383232550305,5.0,2.43,3.0,-18342.62881858496,18342.62881858496,3138.0483456800653,15.0,116.83198947648592,14308.219178082192,0,1,0,0,0,0
7650,30.113,17986.043379827624,-659.6383232550305,5.0,2.43,3.0,-19863.688828178732,19863.688828178732,3138.0483456800653,15.0,116.83198947648592,14308.219178082192,0,1,0,0,0,0
7651,25.3436,21132.12239876017,-659.6383232550305,5.0,2.43,3.0,-16717.60980924619,16717.60980924619,3138.0483456800653,15.0,116.83198947648592,14308.219178082192,0,1,0,0,0,0
7652,25.1205,21279.287708678366,-659.6383232550305,5.0,2.43,3.0,-16570.444499327994,16570.444499327994,3138.0483456800653,15.0,116.83198947648592,14308.219178082192,0,1,0,0,0,0
7653,23.4423,22386.29274276496,-659.6383232550305,5.0,2.43,3.0,-15463.439465241401,15463.439465241401,3138.0483456800653,15.0,116.83198947648592,14308.219178082192,0,1,0,0,0,0
7654,24.3131,21811.87969087448,-659.6383232550305,5.0,2.43,3.0,-16037.852517131882,16037.852517131882,3138.0483456800653,15.0,116.83198947648592,14308.219178082192,0,1,0,0,0,0
7655,23.5918,22287.67681343833,-659.6383232550305,5.0,2.43,3.0,-15562.055394568028,15562.055394568028,3138.0483456800653,15.0,116.83198947648592,14308.219178082192,0,1,0,0,0,0
7656,24.4737,21705.94177615972,-659.6383232550305,5.0,2.43,3.0,-16143.79043184664,16143.79043184664,3138.0483456800653,15.0,116.83198947648592,14308.219178082192,0,1,0,0,0,0
7657,22.5514,22973.964524952866,-659.6383232550305,5.0,2.43,3.0,-14875.767683053497,14875.767683053497,3138.0483456800653,15.0,116.83198947648592,14308.219178082192,0,1,0,0,0,0
7658,25.2934,21165.236242587573,-659.6383232550305,5.0,2.43,3.0,-16684.495965418788,16684.495965418788,3138.0483456800653,15.0,116.83198947648592,14308.219178082192,0,1,0,0,0,0
7659,27.8577,19473.725690264695,-659.6383232550305,5.0,2.43,3.0,-18376.006517741665,18376.006517741665,3138.0483456800653,15.0,116.83198947648592,14308.219178082192,0,1,0,0,0,0
7660,28.312,19174.05200000994,-659.6383232550305,5.0,2.43,3.0,-18675.680207996425,18675.680207996425,3138.0483456800653,15.0,116.83198947648592,14308.219178082192,0,1,0,0,0,0
7661,25.2776,21175.658528095002,-659.6383232550305,5.0,2.43,3.0,-16674.07367991136,16674.07367991136,3138.0483456800653,15.0,116.83198947648592,14308.219178082192,0,1,0,0,0,0
7662,43.0113,9477.830394987264,-659.6383232550305,5.0,2.43,3.0,-28371.901813019093,28371.901813019093,3138.0483456800653,15.0,116.83198947648592,14308.219178082192,0,1,0,0,0,0
7663,46.5882,7131.040744269026,650.0,0,2.43,3.0,30282.33,-30282.33,15071.972825128516,0,556.8949724310688,14308.219178082192,1,0,0,0,0,0
7664,27.7948,19515.21694079744,-659.6383232550305,5.0,2.43,3.0,-18334.51526720892,18334.51526720892,3138.0483456800653,15.0,116.83198947648592,14308.219178082192,0,1,0,0,0,0
7665,26.222,20552.69609561295,-659.6383232550305,5.0,2.43,3.0,-17297.036112393413,17297.036112393413,3138.0483456800653,15.0,116.83198947648592,14308.219178082192,0,1,0,0,0,0
7666,27.6078,19638.56930724613,-659.6383232550305,5.0,2.43,3.0,-18211.16290076023,18211.16290076023,3138.0483456800653,15.0,116.83198947648592,14308.219178082192,0,1,0,0,0,0
7667,25.5775,20977.83299495082,-659.6383232550305,5.0,2.43,3.0,-16871.89921305554,16871.89921305554,3138.0483456800653,15.0,116.83198947648592,14308.219178082192,0,1,0,0,0,0
7668,25.6994,20897.423083346028,-659.6383232550305,5.0,2.43,3.0,-16952.309124660333,16952.309124660333,3138.0483456800653,15.0,116.83198947648592,14308.219178082192,0,1,0,0,0,0
7669,23.2976,22481.742408139962,-659.6383232550305,5.0,2.43,3.0,-15367.989799866398,15367.989799866398,3138.0483456800653,15.0,116.83198947648592,14308.219178082192,0,1,0,0,0,0
7670,23.2279,22527.719199270836,-659.6383232550305,5.0,2.43,3.0,-15322.013008735525,15322.013008735525,3138.0483456800653,15.0,116.83198947648592,14308.219178082192,0,1,0,0,0,0
7671,25.8445,20801.709562641725,-659.6383232550305,5.0,2.43,3.0,-17048.022645364636,17048.022645364636,3138.0483456800653,15.0,116.83198947648592,14308.219178082192,0,1,0,0,0,0
7672,23.763,22174.74673249707,-659.6383232550305,5.0,2.43,3.0,-15674.985475509291,15674.985475509291,3138.0483456800653,15.0,116.83198947648592,14308.219178082192,0,1,0,0,0,0
7673,29.6061,18320.4140458856,-659.6383232550305,5.0,2.43,3.0,-19529.31816212076,19529.31816212076,3138.0483456800653,15.0,116.83198947648592,14308.219178082192,0,1,0,0,0,0
7674,29.3862,18465.468513169384,-659.6383232550305,5.0,2.43,3.0,-19384.263694836976,19384.263694836976,3138.0483456800653,15.0,116.83198947648592,14308.219178082192,0,1,0,0,0,0
7675,27.6715,19596.550346054784,-659.6383232550305,5.0,2.43,3.0,-18253.18186195158,18253.18186195158,3138.0483456800653,15.0,116.83198947648592,14308.219178082192,0,1,0,0,0,0
7676,25.5459,20998.677565965678,-659.6383232550305,5.0,2.43,3.0,-16851.054642040683,16851.054642040683,3138.0483456800653,15.0,116.83198947648592,14308.219178082192,0,1,0,0,0,0
7677,23.512,22340.315951634082,-659.6383232550305,5.0,2.43,3.0,-15509.416256372278,15509.416256372278,3138.0483456800653,15.0,116.83198947648592,14308.219178082192,0,1,0,0,0,0
7678,22.6707,22895.269672988543,-659.6383232550305,5.0,2.43,3.0,-14954.462535017821,14954.462535017821,3138.0483456800653,15.0,116.83198947648592,14308.219178082192,0,1,0,0,0,0
7679,22.7504,22842.696498625115,-659.6383232550305,5.0,2.43,3.0,-15007.035709381245,15007.035709381245,3138.0483456800653,15.0,116.83198947648592,14308.219178082192,0,1,0,0,0,0
7680,25.3182,21148.877212170846,-659.6383232550305,5.0,2.43,3.0,-16700.854995835514,16700.854995835514,3138.0483456800653,15.0,116.83198947648592,14308.219178082192,0,1,0,0,0,0
7681,23.9926,22023.293773477715,-659.6383232550305,5.0,2.43,3.0,-15826.438434528645,15826.438434528645,3138.0483456800653,15.0,116.83198947648592,14308.219178082192,0,1,0,0,0,0
7682,23.6062,22278.17802158346,-659.6383232550305,5.0,2.43,3.0,-15571.554186422902,15571.554186422902,3138.0483456800653,15.0,116.83198947648592,14308.219178082192,0,1,0,0,0,0
7683,23.082,22623.960430633746,-659.6383232550305,5.0,2.43,3.0,-15225.771777372614,15225.771777372614,3138.0483456800653,15.0,116.83198947648592,14308.219178082192,0,1,0,0,0,0
7684,22.2312,23185.180716059127,-659.6383232550305,5.0,2.43,3.0,-14664.551491947235,14664.551491947235,3138.0483456800653,15.0,116.83198947648592,14308.219178082192,0,1,0,0,0,0
7685,22.8218,22795.598322344704,-659.6383232550305,5.0,2.43,3.0,-15054.133885661655,15054.133885661655,3138.0483456800653,15.0,116.83198947648592,14308.219178082192,0,1,0,0,0,0
7686,24.3608,21780.414942855212,-659.6383232550305,5.0,2.43,3.0,-16069.317265151149,16069.317265151149,3138.0483456800653,15.0,116.83198947648592,14308.219178082192,0,1,0,0,0,0
7687,27.7168,19566.66873001133,-659.6383232550305,5.0,2.43,3.0,-18283.06347799503,18283.06347799503,3138.0483456800653,15.0,116.83198947648592,14308.219178082192,0,1,0,0,0,0
7688,37.3495,13212.5706535926,-659.6383232550305,5.0,2.43,3.0,-24637.16155441376,24637.16155441376,3138.0483456800653,15.0,116.83198947648592,14308.219178082192,0,1,0,0,0,0
7689,26.5575,20331.387438160888,-659.6383232550305,5.0,2.43,3.0,-17518.344769845473,17518.344769845473,3138.0483456800653,15.0,116.83198947648592,14308.219178082192,0,1,0,0,0,0
7690,23.7632,22174.614804832418,-659.6383232550305,5.0,2.43,3.0,-15675.117403173941,15675.117403173941,3138.0483456800653,15.0,116.83198947648592,14308.219178082192,0,1,0,0,0,0
7691,23.8353,22127.05488172573,-659.6383232550305,5.0,2.43,3.0,-15722.67732628063,15722.67732628063,3138.0483456800653,15.0,116.83198947648592,14308.219178082192,0,1,0,0,0,0
7692,23.4923,22353.31082660221,-659.6383232550305,5.0,2.43,3.0,-15496.421381404154,15496.421381404154,3138.0483456800653,15.0,116.83198947648592,14308.219178082192,0,1,0,0,0,0
7693,23.8555,22113.730187595982,-659.6383232550305,5.0,2.43,3.0,-15736.00202041038,15736.00202041038,3138.0483456800653,15.0,116.83198947648592,14308.219178082192,0,1,0,0,0,0
7694,23.9426,22056.275689640468,-659.6383232550305,5.0,2.43,3.0,-15793.456518365892,15793.456518365892,3138.0483456800653,15.0,116.83198947648592,14308.219178082192,0,1,0,0,0,0
7695,25.5832,20974.073056508263,-659.6383232550305,5.0,2.43,3.0,-16875.659151498097,16875.659151498097,3138.0483456800653,15.0,116.83198947648592,14308.219178082192,0,1,0,0,0,0
7696,24.9639,21382.587070100108,-659.6383232550305,5.0,2.43,3.0,-16467.145137906256,16467.145137906256,3138.0483456800653,15.0,116.83198947648592,14308.219178082192,0,1,0,0,0,0
7697,32.1258,16658.3233627799,-659.6383232550305,5.0,2.43,3.0,-21191.40884522646,21191.40884522646,3138.0483456800653,15.0,116.83198947648592,14308.219178082192,0,1,0,0,0,0
7698,29.1292,18634.995562245924,-659.6383232550305,5.0,2.43,3.0,-19214.736645760437,19214.736645760437,3138.0483456800653,15.0,116.83198947648592,14308.219178082192,0,1,0,0,0,0
7699,33.215,15939.845301090518,-659.6383232550305,5.0,2.43,3.0,-21909.88690691584,21909.88690691584,3138.0483456800653,15.0,116.83198947648592,14308.219178082192,0,1,0,0,0,0
7700,27.3408,19814.692739555223,-659.6383232550305,5.0,2.43,3.0,-18035.039468451138,18035.039468451138,3138.0483456800653,15.0,116.83198947648592,14308.219178082192,0,1,0,0,0,0
7701,23.0707,22631.414343686527,-659.6383232550305,5.0,2.43,3.0,-15218.317864319832,15218.317864319832,3138.0483456800653,15.0,116.83198947648592,14308.219178082192,0,1,0,0,0,0
7702,23.8086,22144.66722495664,-659.6383232550305,5.0,2.43,3.0,-15705.064983049719,15705.064983049719,3138.0483456800653,15.0,116.83198947648592,14308.219178082192,0,1,0,0,0,0
7703,22.3133,23131.02440971989,-659.6383232550305,5.0,2.43,3.0,-14718.707798286474,14718.707798286474,3138.0483456800653,15.0,116.83198947648592,14308.219178082192,0,1,0,0,0,0
7704,21.4641,23691.189273828062,-659.6383232550305,5.0,2.43,3.0,-14158.5429341783,14158.5429341783,3138.0483456800653,15.0,116.83198947648592,14308.219178082192,0,1,0,0,0,0
7705,21.9077,23398.573713632133,-659.6383232550305,5.0,2.43,3.0,-14451.158494374231,14451.158494374231,3138.0483456800653,15.0,116.83198947648592,14308.219178082192,0,1,0,0,0,0
7706,23.4049,22410.963216054697,-659.6383232550305,5.0,2.43,3.0,-15438.768991951665,15438.768991951665,3138.0483456800653,15.0,116.83198947648592,14308.219178082192,0,1,0,0,0,0
7707,22.8236,22794.410973362847,-659.6383232550305,5.0,2.43,3.0,-15055.321234643514,15055.321234643514,3138.0483456800653,15.0,116.83198947648592,14308.219178082192,0,1,0,0,0,0
7708,23.7061,22212.280153090283,-659.6383232550305,5.0,2.43,3.0,-15637.452054916079,15637.452054916079,3138.0483456800653,15.0,116.83198947648592,14308.219178082192,0,1,0,0,0,0
7709,26.3609,20461.072332512827,-659.6383232550305,5.0,2.43,3.0,-17388.659875493533,17388.659875493533,3138.0483456800653,15.0,116.83198947648592,14308.219178082192,0,1,0,0,0,0
7710,496.3469,299474.195744269,650.0,0,2.43,3.0,322625.485,-322625.485,15071.972825128516,0,556.8949724310688,14308.219178082192,1,0,0,0,0,0
7711,29.9206,18112.957793221896,-659.6383232550305,5.0,2.43,3.0,-19736.774414784468,19736.774414784468,3138.0483456800653,15.0,116.83198947648592,14308.219178082192,0,1,0,0,0,0
7712,69.7196,22166.45074426902,650.0,0,2.43,3.0,45317.74,-45317.74,15071.972825128516,0,556.8949724310688,14308.219178082192,1,0,0,0,0,0
7713,58.3716,14790.250744269024,650.0,0,2.43,3.0,37941.54,-37941.54,15071.972825128516,0,556.8949724310688,14308.219178082192,1,0,0,0,0,0
7714,162.225,82294.96074426903,650.0,0,2.43,3.0,105446.25,-105446.25,15071.972825128516,0,556.8949724310688,14308.219178082192,1,0,0,0,0,0
7715,98.4297,40828.015744269025,650.0,0,2.43,3.0,63979.305,-63979.305,15071.972825128516,0,556.8949724310688,14308.219178082192,1,0,0,0,0,0
7716,39.8322,11574.886588447334,-659.6383232550305,5.0,2.43,3.0,-26274.845619559026,26274.845619559026,3138.0483456800653,15.0,116.83198947648592,14308.219178082192,0,1,0,0,0,0
7717,72.2145,23788.135744269024,650.0,0,2.43,3.0,46939.425,-46939.425,15071.972825128516,0,556.8949724310688,14308.219178082192,1,0,0,0,0,0
7718,25.7003,20896.8294088551,-659.6383232550305,5.0,2.43,3.0,-16952.90279915126,16952.90279915126,3138.0483456800653,15.0,116.83198947648592,14308.219178082192,0,1,0,0,0,0
7719,53.9822,11937.140744269023,650.0,0,2.43,3.0,35088.43,-35088.43,15071.972825128516,0,556.8949724310688,14308.219178082192,1,0,0,0,0,0
7720,31.0838,17345.666495611644,-659.6383232550305,5.0,2.43,3.0,-20504.065712394717,20504.065712394717,3138.0483456800653,15.0,116.83198947648592,14308.219178082192,0,1,0,0,0,0
7721,51.8943,10580.005744269021,650.0,0,2.43,3.0,33731.295,-33731.295,15071.972825128516,0,556.8949724310688,14308.219178082192,1,0,0,0,0,0
7722,113.1107,50370.665744269034,650.0,0,2.43,3.0,73521.955,-73521.955,15071.972825128516,0,556.8949724310688,14308.219178082192,1,0,0,0,0,0
7723,36.9461,13478.668753193677,-659.6383232550305,5.0,2.43,3.0,-24371.063454812684,24371.063454812684,3138.0483456800653,15.0,116.83198947648592,14308.219178082192,0,1,0,0,0,0
7724,40.5019,11133.12680336344,-659.6383232550305,5.0,2.43,3.0,-26716.60540464292,26716.60540464292,3138.0483456800653,15.0,116.83198947648592,14308.219178082192,0,1,0,0,0,0
7725,30.8428,17504.639331516108,-659.6383232550305,5.0,2.43,3.0,-20345.092876490256,20345.092876490256,3138.0483456800653,15.0,116.83198947648592,14308.219178082192,0,1,0,0,0,0
7726,25.2285,21208.046769766825,-659.6383232550305,5.0,2.43,3.0,-16641.685438239536,16641.685438239536,3138.0483456800653,15.0,116.83198947648592,14308.219178082192,0,1,0,0,0,0
7727,23.988,22026.32810976469,-659.6383232550305,5.0,2.43,3.0,-15823.404098241672,15823.404098241672,3138.0483456800653,15.0,116.83198947648592,14308.219178082192,0,1,0,0,0,0
7728,22.9988,22678.842339128565,-659.6383232550305,5.0,2.43,3.0,-15170.889868877795,15170.889868877795,3138.0483456800653,15.0,116.83198947648592,14308.219178082192,0,1,0,0,0,0
7729,22.5405,22981.154582676343,-659.6383232550305,5.0,2.43,3.0,-14868.577625330016,14868.577625330016,3138.0483456800653,15.0,116.83198947648592,14308.219178082192,0,1,0,0,0,0
7730,21.9167,23392.636968722836,-659.6383232550305,5.0,2.43,3.0,-14457.095239283526,14457.095239283526,3138.0483456800653,15.0,116.83198947648592,14308.219178082192,0,1,0,0,0,0
7731,23.0711,22631.150488357227,-659.6383232550305,5.0,2.43,3.0,-15218.581719649135,15218.581719649135,3138.0483456800653,15.0,116.83198947648592,14308.219178082192,0,1,0,0,0,0
7732,22.8422,22782.141700550303,-659.6383232550305,5.0,2.43,3.0,-15067.590507456056,15067.590507456056,3138.0483456800653,15.0,116.83198947648592,14308.219178082192,0,1,0,0,0,0
7733,21.4998,23667.64018568786,-659.6383232550305,5.0,2.43,3.0,-14182.092022318506,14182.092022318506,3138.0483456800653,15.0,116.83198947648592,14308.219178082192,0,1,0,0,0,0
7734,26.6895,20244.315179491226,-659.6383232550305,5.0,2.43,3.0,-17605.417028515138,17605.417028515138,3138.0483456800653,15.0,116.83198947648592,14308.219178082192,0,1,0,0,0,0
7735,28.6836,18928.930399088367,-659.6383232550305,5.0,2.43,3.0,-18920.801808917993,18920.801808917993,3138.0483456800653,15.0,116.83198947648592,14308.219178082192,0,1,0,0,0,0
7736,55.7503,13086.405744269023,650.0,0,2.43,3.0,36237.695,-36237.695,15071.972825128516,0,556.8949724310688,14308.219178082192,1,0,0,0,0,0
7737,52.4077,10913.71574426902,650.0,0,2.43,3.0,34065.005,-34065.005,15071.972825128516,0,556.8949724310688,14308.219178082192,1,0,0,0,0,0
7738,88.2815,34231.68574426902,650.0,0,2.43,3.0,57382.975,-57382.975,15071.972825128516,0,556.8949724310688,14308.219178082192,1,0,0,0,0,0
7739,37.6259,13030.24662104491,-659.6383232550305,5.0,2.43,3.0,-24819.485586961455,24819.485586961455,3138.0483456800653,15.0,116.83198947648592,14308.219178082192,0,1,0,0,0,0
7740,32.3298,16523.75714483588,-659.6383232550305,5.0,2.43,3.0,-21325.975063170485,21325.975063170485,3138.0483456800653,15.0,116.83198947648592,14308.219178082192,0,1,0,0,0,0
7741,25.4705,21048.414295539107,-659.6383232550305,5.0,2.43,3.0,-16801.317912467257,16801.317912467257,3138.0483456800653,15.0,116.83198947648592,14308.219178082192,0,1,0,0,0,0
7742,32.5309,16391.103878029287,-659.6383232550305,5.0,2.43,3.0,-21458.628329977073,21458.628329977073,3138.0483456800653,15.0,116.83198947648592,14308.219178082192,0,1,0,0,0,0
7743,25.0824,21304.419928794385,-659.6383232550305,5.0,2.43,3.0,-16545.312279211976,16545.312279211976,3138.0483456800653,15.0,116.83198947648592,14308.219178082192,0,1,0,0,0,0
7744,23.8643,22107.92537035134,-659.6383232550305,5.0,2.43,3.0,-15741.806837655025,15741.806837655025,3138.0483456800653,15.0,116.83198947648592,14308.219178082192,0,1,0,0,0,0
7745,43.6658,9046.09711241685,-659.6383232550305,5.0,2.43,3.0,-28803.63509558951,28803.63509558951,3138.0483456800653,15.0,116.83198947648592,14308.219178082192,0,1,0,0,0,0
7746,55.3339,12815.745744269027,650.0,0,2.43,3.0,35967.035,-35967.035,15071.972825128516,0,556.8949724310688,14308.219178082192,1,0,0,0,0,0
7747,25.871,20784.229147075468,-659.6383232550305,5.0,2.43,3.0,-17065.503060930892,17065.503060930892,3138.0483456800653,15.0,116.83198947648592,14308.219178082192,0,1,0,0,0,0
7748,28.4807,19062.771014876813,-659.6383232550305,5.0,2.43,3.0,-18786.961193129548,18786.961193129548,3138.0483456800653,15.0,116.83198947648592,14308.219178082192,0,1,0,0,0,0
7749,29.1932,18592.778709557602,-659.6383232550305,5.0,2.43,3.0,-19256.95349844876,19256.95349844876,3138.0483456800653,15.0,116.83198947648592,14308.219178082192,0,1,0,0,0,0
7750,24.4754,21704.820391010187,-659.6383232550305,5.0,2.43,3.0,-16144.911816996175,16144.911816996175,3138.0483456800653,15.0,116.83198947648592,14308.219178082192,0,1,0,0,0,0
7751,21.2904,23805.76845057746,-659.6383232550305,5.0,2.43,3.0,-14043.963757428903,14043.963757428903,3138.0483456800653,15.0,116.83198947648592,14308.219178082192,0,1,0,0,0,0
7752,20.5264,24309.732129544303,-659.6383232550305,5.0,2.43,3.0,-13540.000078462057,13540.000078462057,3138.0483456800653,15.0,116.83198947648592,14308.219178082192,0,1,0,0,0,0
7753,20.0537,24621.543164946957,-659.6383232550305,5.0,2.43,3.0,-13228.189043059405,13228.189043059405,3138.0483456800653,15.0,116.83198947648592,14308.219178082192,0,1,0,0,0,0
7754,19.3613,25078.276739968736,-659.6383232550305,5.0,2.43,3.0,-12771.455468037622,12771.455468037622,3138.0483456800653,15.0,116.83198947648592,14308.219178082192,0,1,0,0,0,0
7755,20.1393,24565.078124476328,-659.6383232550305,5.0,2.43,3.0,-13284.654083530035,13284.654083530035,3138.0483456800653,15.0,116.83198947648592,14308.219178082192,0,1,0,0,0,0
7756,21.6872,23544.02396390986,-659.6383232550305,5.0,2.43,3.0,-14305.708244096499,14305.708244096499,3138.0483456800653,15.0,116.83198947648592,14308.219178082192,0,1,0,0,0,0
7757,22.1226,23256.817437964623,-659.6383232550305,5.0,2.43,3.0,-14592.914770041738,14592.914770041738,3138.0483456800653,15.0,116.83198947648592,14308.219178082192,0,1,0,0,0,0
7758,27.9494,19413.236856022213,-659.6383232550305,5.0,2.43,3.0,-18436.49535198415,18436.49535198415,3138.0483456800653,15.0,116.83198947648592,14308.219178082192,0,1,0,0,0,0
7759,27.7899,19518.44916858139,-659.6383232550305,5.0,2.43,3.0,-18331.283039424972,18331.283039424972,3138.0483456800653,15.0,116.83198947648592,14308.219178082192,0,1,0,0,0,0
7760,23.4101,22407.53309677377,-659.6383232550305,5.0,2.43,3.0,-15442.19911123259,15442.19911123259,3138.0483456800653,15.0,116.83198947648592,14308.219178082192,0,1,0,0,0,0
7761,24.3242,21804.557705486346,-659.6383232550305,5.0,2.43,3.0,-16045.174502520014,16045.174502520014,3138.0483456800653,15.0,116.83198947648592,14308.219178082192,0,1,0,0,0,0
7762,23.7566,22178.968417765904,-659.6383232550305,5.0,2.43,3.0,-15670.763790240457,15670.763790240457,3138.0483456800653,15.0,116.83198947648592,14308.219178082192,0,1,0,0,0,0
7763,23.7261,22199.087386625182,-659.6383232550305,5.0,2.43,3.0,-15650.644821381178,15650.644821381178,3138.0483456800653,15.0,116.83198947648592,14308.219178082192,0,1,0,0,0,0
7764,23.4406,22387.41412791449,-659.6383232550305,5.0,2.43,3.0,-15462.318080091869,15462.318080091869,3138.0483456800653,15.0,116.83198947648592,14308.219178082192,0,1,0,0,0,0
7765,22.8444,22780.69049623914,-659.6383232550305,5.0,2.43,3.0,-15069.041711767219,15069.041711767219,3138.0483456800653,15.0,116.83198947648592,14308.219178082192,0,1,0,0,0,0
7766,22.2862,23148.9006082801,-659.6383232550305,5.0,2.43,3.0,-14700.831599726262,14700.831599726262,3138.0483456800653,15.0,116.83198947648592,14308.219178082192,0,1,0,0,0,0
7767,21.1976,23866.982886975526,-659.6383232550305,5.0,2.43,3.0,-13982.749321030835,13982.749321030835,3138.0483456800653,15.0,116.83198947648592,14308.219178082192,0,1,0,0,0,0
7768,23.0891,22619.276998538637,-659.6383232550305,5.0,2.43,3.0,-15230.455209467724,15230.455209467724,3138.0483456800653,15.0,116.83198947648592,14308.219178082192,0,1,0,0,0,0
7769,39.6055,11724.426596329253,-659.6383232550305,5.0,2.43,3.0,-26125.30561167711,26125.30561167711,3138.0483456800653,15.0,116.83198947648592,14308.219178082192,0,1,0,0,0,0
7770,23.9673,22039.98262305607,-659.6383232550305,5.0,2.43,3.0,-15809.749584950294,15809.749584950294,3138.0483456800653,15.0,116.83198947648592,14308.219178082192,0,1,0,0,0,0
7771,23.559,22309.312950441097,-659.6383232550305,5.0,2.43,3.0,-15540.419257565265,15540.419257565265,3138.0483456800653,15.0,116.83198947648592,14308.219178082192,0,1,0,0,0,0
7772,23.8759,22100.273565801577,-659.6383232550305,5.0,2.43,3.0,-15749.458642204783,15749.458642204783,3138.0483456800653,15.0,116.83198947648592,14308.219178082192,0,1,0,0,0,0
7773,23.3472,22449.024347306513,-659.6383232550305,5.0,2.43,3.0,-15400.70786069985,15400.70786069985,3138.0483456800653,15.0,116.83198947648592,14308.219178082192,0,1,0,0,0,0
7774,20.9295,24043.8319214402,-659.6383232550305,5.0,2.43,3.0,-13805.900286566162,13805.900286566162,3138.0483456800653,15.0,116.83198947648592,14308.219178082192,0,1,0,0,0,0
7775,21.2975,23801.08501848235,-659.6383232550305,5.0,2.43,3.0,-14048.647189524012,14048.647189524012,3138.0483456800653,15.0,116.83198947648592,14308.219178082192,0,1,0,0,0,0
7776,19.7134,24846.018086350643,-659.6383232550305,5.0,2.43,3.0,-13003.71412165572,13003.71412165572,3138.0483456800653,15.0,116.83198947648592,14308.219178082192,0,1,0,0,0,0
7777,19.6603,24881.044881315487,-659.6383232550305,5.0,2.43,3.0,-12968.687326690877,12968.687326690877,3138.0483456800653,15.0,116.83198947648592,14308.219178082192,0,1,0,0,0,0
7778,19.7326,24833.353030544145,-659.6383232550305,5.0,2.43,3.0,-13016.379177462217,13016.379177462217,3138.0483456800653,15.0,116.83198947648592,14308.219178082192,0,1,0,0,0,0
7779,20.7966,24131.49785460079,-659.6383232550305,5.0,2.43,3.0,-13718.234353405569,13718.234353405569,3138.0483456800653,15.0,116.83198947648592,14308.219178082192,0,1,0,0,0,0
7780,20.3732,24410.788720666973,-659.6383232550305,5.0,2.43,3.0,-13438.943487339388,13438.943487339388,3138.0483456800653,15.0,116.83198947648592,14308.219178082192,0,1,0,0,0,0
7781,37.5097,13106.89659420714,-659.6383232550305,5.0,2.43,3.0,-24742.83561379922,24742.83561379922,3138.0483456800653,15.0,116.83198947648592,14308.219178082192,0,1,0,0,0,0
7782,73.1763,24413.30574426903,650.0,0,2.43,3.0,47564.595,-47564.595,15071.972825128516,0,556.8949724310688,14308.219178082192,1,0,0,0,0,0
7783,42.3246,9930.804031566498,-659.6383232550305,5.0,2.43,3.0,-27918.928176439862,27918.928176439862,3138.0483456800653,15.0,116.83198947648592,14308.219178082192,0,1,0,0,0,0
7784,23.2789,22494.077644784833,-659.6383232550305,5.0,2.43,3.0,-15355.65456322153,15355.65456322153,3138.0483456800653,15.0,116.83198947648592,14308.219178082192,0,1,0,0,0,0
7785,22.0663,23293.955075563885,-659.6383232550305,5.0,2.43,3.0,-14555.77713244248,14555.77713244248,3138.0483456800653,15.0,116.83198947648592,14308.219178082192,0,1,0,0,0,0
7786,22.6375,22917.16966532061,-659.6383232550305,5.0,2.43,3.0,-14932.562542685753,14932.562542685753,3138.0483456800653,15.0,116.83198947648592,14308.219178082192,0,1,0,0,0,0
7787,21.0198,23984.26658085027,-659.6383232550305,5.0,2.43,3.0,-13865.46562715609,13865.46562715609,3138.0483456800653,15.0,116.83198947648592,14308.219178082192,0,1,0,0,0,0
7788,20.9412,24036.114153058115,-659.6383232550305,5.0,2.43,3.0,-13813.618054948243,13813.618054948243,3138.0483456800653,15.0,116.83198947648592,14308.219178082192,0,1,0,0,0,0
7789,21.4836,23678.326326524588,-659.6383232550305,5.0,2.43,3.0,-14171.405881481773,14171.405881481773,3138.0483456800653,15.0,116.83198947648592,14308.219178082192,0,1,0,0,0,0
7790,21.7141,23526.279693014305,-659.6383232550305,5.0,2.43,3.0,-14323.452514992057,14323.452514992057,3138.0483456800653,15.0,116.83198947648592,14308.219178082192,0,1,0,0,0,0
7791,21.673,23553.390828100084,-659.6383232550305,5.0,2.43,3.0,-14296.341379906275,14296.341379906275,3138.0483456800653,15.0,116.83198947648592,14308.219178082192,0,1,0,0,0,0
7792,22.2734,23157.343978817764,-659.6383232550305,5.0,2.43,3.0,-14692.388229188597,14692.388229188597,3138.0483456800653,15.0,116.83198947648592,14308.219178082192,0,1,0,0,0,0
7793,23.8088,22144.53529729199,-659.6383232550305,5.0,2.43,3.0,-15705.196910714372,15705.196910714372,3138.0483456800653,15.0,116.83198947648592,14308.219178082192,0,1,0,0,0,0
7794,23.5325,22326.793366007354,-659.6383232550305,5.0,2.43,3.0,-15522.938841999005,15522.938841999005,3138.0483456800653,15.0,116.83198947648592,14308.219178082192,0,1,0,0,0,0
7795,21.9296,23384.127634352844,-659.6383232550305,5.0,2.43,3.0,-14465.604573653518,14465.604573653518,3138.0483456800653,15.0,116.83198947648592,14308.219178082192,0,1,0,0,0,0
7796,22.0985,23272.71472155507,-659.6383232550305,5.0,2.43,3.0,-14577.017486451292,14577.017486451292,3138.0483456800653,15.0,116.83198947648592,14308.219178082192,0,1,0,0,0,0
7797,20.2121,24517.05645454336,-659.6383232550305,5.0,2.43,3.0,-13332.675753463001,13332.675753463001,3138.0483456800653,15.0,116.83198947648592,14308.219178082192,0,1,0,0,0,0
7798,18.0345,25953.484867263513,-659.6383232550305,5.0,2.43,3.0,-11896.247340742848,11896.247340742848,3138.0483456800653,15.0,116.83198947648592,14308.219178082192,0,1,0,0,0,0
7799,17.6911,26180.004667469293,-659.6383232550305,5.0,2.43,3.0,-11669.72754053707,11669.72754053707,3138.0483456800653,15.0,116.83198947648592,14308.219178082192,0,1,0,0,0,0
7800,18.6174,25568.981688638156,-659.6383232550305,5.0,2.43,3.0,-12280.750519368205,12280.750519368205,3138.0483456800653,15.0,116.83198947648592,14308.219178082192,0,1,0,0,0,0
7801,17.6674,26195.638095730435,-659.6383232550305,5.0,2.43,3.0,-11654.094112275927,11654.094112275927,3138.0483456800653,15.0,116.83198947648592,14308.219178082192,0,1,0,0,0,0
7802,18.1923,25849.39393985387,-659.6383232550305,5.0,2.43,3.0,-12000.33826815249,12000.33826815249,3138.0483456800653,15.0,116.83198947648592,14308.219178082192,0,1,0,0,0,0
7803,19.1329,25228.938133000185,-659.6383232550305,5.0,2.43,3.0,-12620.794075006173,12620.794075006173,3138.0483456800653,15.0,116.83198947648592,14308.219178082192,0,1,0,0,0,0
7804,20.7561,24158.21320669262,-659.6383232550305,5.0,2.43,3.0,-13691.519001313738,13691.519001313738,3138.0483456800653,15.0,116.83198947648592,14308.219178082192,0,1,0,0,0,0
7805,28.7944,18855.84247287171,-659.6383232550305,5.0,2.43,3.0,-18993.88973513465,18993.88973513465,3138.0483456800653,15.0,116.83198947648592,14308.219178082192,0,1,0,0,0,0
7806,30.2451,17898.905157325637,-659.6383232550305,5.0,2.43,3.0,-19950.827050680724,19950.827050680724,3138.0483456800653,15.0,116.83198947648592,14308.219178082192,0,1,0,0,0,0
7807,54.8252,12485.090744269028,650.0,0,2.43,3.0,35636.380000000005,-35636.380000000005,15071.972825128516,0,556.8949724310688,14308.219178082192,1,0,0,0,0,0
7808,27.6519,19609.479257190582,-659.6383232550305,5.0,2.43,3.0,-18240.25295081578,18240.25295081578,3138.0483456800653,15.0,116.83198947648592,14308.219178082192,0,1,0,0,0,0
7809,27.273,19859.416217871913,-659.6383232550305,5.0,2.43,3.0,-17990.315990134448,17990.315990134448,3138.0483456800653,15.0,116.83198947648592,14308.219178082192,0,1,0,0,0,0
7810,30.5643,17688.348604542633,-659.6383232550305,5.0,2.43,3.0,-20161.383603463728,20161.383603463728,3138.0483456800653,15.0,116.83198947648592,14308.219178082192,0,1,0,0,0,0
7811,24.7084,21551.124661691763,-659.6383232550305,5.0,2.43,3.0,-16298.607546314597,16298.607546314597,3138.0483456800653,15.0,116.83198947648592,14308.219178082192,0,1,0,0,0,0
7812,24.5703,21642.220714133284,-659.6383232550305,5.0,2.43,3.0,-16207.511493873077,16207.511493873077,3138.0483456800653,15.0,116.83198947648592,14308.219178082192,0,1,0,0,0,0
7813,23.423,22399.023762403784,-659.6383232550305,5.0,2.43,3.0,-15450.708445602579,15450.708445602579,3138.0483456800653,15.0,116.83198947648592,14308.219178082192,0,1,0,0,0,0
7814,22.9886,22685.570650025766,-659.6383232550305,5.0,2.43,3.0,-15164.161557980595,15164.161557980595,3138.0483456800653,15.0,116.83198947648592,14308.219178082192,0,1,0,0,0,0
7815,22.7398,22849.68866485162,-659.6383232550305,5.0,2.43,3.0,-15000.043543154743,15000.043543154743,3138.0483456800653,15.0,116.83198947648592,14308.219178082192,0,1,0,0,0,0
7816,23.9157,22074.019960536025,-659.6383232550305,5.0,2.43,3.0,-15775.712247470334,15775.712247470334,3138.0483456800653,15.0,116.83198947648592,14308.219178082192,0,1,0,0,0,0
7817,33.8994,15488.388832654779,-659.6383232550305,5.0,2.43,3.0,-22361.343375351582,22361.343375351582,3138.0483456800653,15.0,116.83198947648592,14308.219178082192,0,1,0,0,0,0
7818,33.1127,16007.326301559515,-659.6383232550305,5.0,2.43,3.0,-21842.405906446846,21842.405906446846,3138.0483456800653,15.0,116.83198947648592,14308.219178082192,0,1,0,0,0,0
7819,44.9955,8168.976033984636,-659.6383232550305,5.0,2.43,3.0,-29680.756174021724,29680.756174021724,3138.0483456800653,15.0,116.83198947648592,14308.219178082192,0,1,0,0,0,0
7820,38.7897,12262.559540440703,-659.6383232550305,5.0,2.43,3.0,-25587.17266756566,25587.17266756566,3138.0483456800653,15.0,116.83198947648592,14308.219178082192,0,1,0,0,0,0
7821,25.4977,21030.47213314657,-659.6383232550305,5.0,2.43,3.0,-16819.26007485979,16819.26007485979,3138.0483456800653,15.0,116.83198947648592,14308.219178082192,0,1,0,0,0,0
7822,23.3319,22459.116813652312,-659.6383232550305,5.0,2.43,3.0,-15390.615394354047,15390.615394354047,3138.0483456800653,15.0,116.83198947648592,14308.219178082192,0,1,0,0,0,0
7823,22.2962,23142.304225047552,-659.6383232550305,5.0,2.43,3.0,-14707.42798295881,14707.42798295881,3138.0483456800653,15.0,116.83198947648592,14308.219178082192,0,1,0,0,0,0
7824,25.5664,20985.154980338946,-659.6383232550305,5.0,2.43,3.0,-16864.577227667414,16864.577227667414,3138.0483456800653,15.0,116.83198947648592,14308.219178082192,0,1,0,0,0,0
7825,22.5505,22974.558199443796,-659.6383232550305,5.0,2.43,3.0,-14875.174008562566,14875.174008562566,3138.0483456800653,15.0,116.83198947648592,14308.219178082192,0,1,0,0,0,0
7826,23.4022,22412.744239527485,-659.6383232550305,5.0,2.43,3.0,-15436.987968478876,15436.987968478876,3138.0483456800653,15.0,116.83198947648592,14308.219178082192,0,1,0,0,0,0
7827,22.8176,22798.36880330238,-659.6383232550305,5.0,2.43,3.0,-15051.363404703983,15051.363404703983,3138.0483456800653,15.0,116.83198947648592,14308.219178082192,0,1,0,0,0,0
7828,22.5984,22942.961523759877,-659.6383232550305,5.0,2.43,3.0,-14906.770684246483,14906.770684246483,3138.0483456800653,15.0,116.83198947648592,14308.219178082192,0,1,0,0,0,0
7829,22.7812,22822.37963826886,-659.6383232550305,5.0,2.43,3.0,-15027.3525697375,15027.3525697375,3138.0483456800653,15.0,116.83198947648592,14308.219178082192,0,1,0,0,0,0
7830,24.5808,21635.294511739106,-659.6383232550305,5.0,2.43,3.0,-16214.437696267254,16214.437696267254,3138.0483456800653,15.0,116.83198947648592,14308.219178082192,0,1,0,0,0,0
7831,31.2891,17210.242747847387,-659.6383232550305,5.0,2.43,3.0,-20639.489460158977,20639.489460158977,3138.0483456800653,15.0,116.83198947648592,14308.219178082192,0,1,0,0,0,0
7832,47.4991,7723.125744269025,650.0,0,2.43,3.0,30874.415,-30874.415,15071.972825128516,0,556.8949724310688,14308.219178082192,1,0,0,0,0,0
7833,55.7221,13068.075744269021,650.0,0,2.43,3.0,36219.365,-36219.365,15071.972825128516,0,556.8949724310688,14308.219178082192,1,0,0,0,0,0
7834,24.6075,21617.682168508196,-659.6383232550305,5.0,2.43,3.0,-16232.050039498165,16232.050039498165,3138.0483456800653,15.0,116.83198947648592,14308.219178082192,0,1,0,0,0,0
7835,25.494,21032.91279494261,-659.6383232550305,5.0,2.43,3.0,-16816.81941306375,16816.81941306375,3138.0483456800653,15.0,116.83198947648592,14308.219178082192,0,1,0,0,0,0
7836,23.4881,22356.081307559878,-659.6383232550305,5.0,2.43,3.0,-15493.650900446482,15493.650900446482,3138.0483456800653,15.0,116.83198947648592,14308.219178082192,0,1,0,0,0,0
7837,22.4397,23047.646125660453,-659.6383232550305,5.0,2.43,3.0,-14802.086082345908,14802.086082345908,3138.0483456800653,15.0,116.83198947648592,14308.219178082192,0,1,0,0,0,0
7838,24.2086,21880.81189565463,-659.6383232550305,5.0,2.43,3.0,-15968.920312351733,15968.920312351733,3138.0483456800653,15.0,116.83198947648592,14308.219178082192,0,1,0,0,0,0
7839,23.0435,22649.356506079064,-659.6383232550305,5.0,2.43,3.0,-15200.375701927296,15200.375701927296,3138.0483456800653,15.0,116.83198947648592,14308.219178082192,0,1,0,0,0,0
7840,23.7998,22150.472042201283,-659.6383232550305,5.0,2.43,3.0,-15699.260165805075,15699.260165805075,3138.0483456800653,15.0,116.83198947648592,14308.219178082192,0,1,0,0,0,0
7841,24.7816,21502.839136429495,-659.6383232550305,5.0,2.43,3.0,-16346.893071576866,16346.893071576866,3138.0483456800653,15.0,116.83198947648592,14308.219178082192,0,1,0,0,0,0
7842,25.0836,21303.628362806478,-659.6383232550305,5.0,2.43,3.0,-16546.103845199883,16546.103845199883,3138.0483456800653,15.0,116.83198947648592,14308.219178082192,0,1,0,0,0,0
7843,24.0346,21995.588963901006,-659.6383232550305,5.0,2.43,3.0,-15854.143244105357,15854.143244105357,3138.0483456800653,15.0,116.83198947648592,14308.219178082192,0,1,0,0,0,0
7844,22.6521,22907.538945801083,-659.6383232550305,5.0,2.43,3.0,-14942.193262205277,14942.193262205277,3138.0483456800653,15.0,116.83198947648592,14308.219178082192,0,1,0,0,0,0
7845,22.2019,23204.5081189305,-659.6383232550305,5.0,2.43,3.0,-14645.22408907586,14645.22408907586,3138.0483456800653,15.0,116.83198947648592,14308.219178082192,0,1,0,0,0,0
7846,21.9252,23387.030042975166,-659.6383232550305,5.0,2.43,3.0,-14462.702165031194,14462.702165031194,3138.0483456800653,15.0,116.83198947648592,14308.219178082192,0,1,0,0,0,0
7847,19.5372,24962.24635890818,-659.6383232550305,5.0,2.43,3.0,-12887.48584909818,12887.48584909818,3138.0483456800653,15.0,116.83198947648592,14308.219178082192,0,1,0,0,0,0
7848,19.3109,25111.52251146079,-659.6383232550305,5.0,2.43,3.0,-12738.20969654557,12738.20969654557,3138.0483456800653,15.0,116.83198947648592,14308.219178082192,0,1,0,0,0,0
7849,19.0124,25308.42455095242,-659.6383232550305,5.0,2.43,3.0,-12541.307657053942,12541.307657053942,3138.0483456800653,15.0,116.83198947648592,14308.219178082192,0,1,0,0,0,0
7850,18.0727,25928.28668331517,-659.6383232550305,5.0,2.43,3.0,-11921.445524691191,11921.445524691191,3138.0483456800653,15.0,116.83198947648592,14308.219178082192,0,1,0,0,0,0
7851,17.8457,26078.024582694063,-659.6383232550305,5.0,2.43,3.0,-11771.707625312298,11771.707625312298,3138.0483456800653,15.0,116.83198947648592,14308.219178082192,0,1,0,0,0,0
7852,18.3186,25766.081619626762,-659.6383232550305,5.0,2.43,3.0,-12083.650588379602,12083.650588379602,3138.0483456800653,15.0,116.83198947648592,14308.219178082192,0,1,0,0,0,0
7853,17.9324,26020.833940067852,-659.6383232550305,5.0,2.43,3.0,-11828.89826793851,11828.89826793851,3138.0483456800653,15.0,116.83198947648592,14308.219178082192,0,1,0,0,0,0
7854,18.8509,25414.95614015811,-659.6383232550305,5.0,2.43,3.0,-12434.776067848254,12434.776067848254,3138.0483456800653,15.0,116.83198947648592,14308.219178082192,0,1,0,0,0,0
7855,20.4077,24388.031198514676,-659.6383232550305,5.0,2.43,3.0,-13461.701009491686,13461.701009491686,3138.0483456800653,15.0,116.83198947648592,14308.219178082192,0,1,0,0,0,0
7856,20.3945,24396.73842438164,-659.6383232550305,5.0,2.43,3.0,-13452.99378362472,13452.99378362472,3138.0483456800653,15.0,116.83198947648592,14308.219178082192,0,1,0,0,0,0
7857,21.834,23447.189058056025,-659.6383232550305,5.0,2.43,3.0,-14402.543149950336,14402.543149950336,3138.0483456800653,15.0,116.83198947648592,14308.219178082192,0,1,0,0,0,0
7858,22.7539,22840.38776449372,-659.6383232550305,5.0,2.43,3.0,-15009.34444351264,15009.34444351264,3138.0483456800653,15.0,116.83198947648592,14308.219178082192,0,1,0,0,0,0
7859,23.36,22440.580976768848,-659.6383232550305,5.0,2.43,3.0,-15409.151231237513,15409.151231237513,3138.0483456800653,15.0,116.83198947648592,14308.219178082192,0,1,0,0,0,0
7860,20.992,24002.604526236762,-659.6383232550305,5.0,2.43,3.0,-13847.127681769602,13847.127681769602,3138.0483456800653,15.0,116.83198947648592,14308.219178082192,0,1,0,0,0,0
7861,19.3046,25115.6782328973,-659.6383232550305,5.0,2.43,3.0,-12734.053975109062,12734.053975109062,3138.0483456800653,15.0,116.83198947648592,14308.219178082192,0,1,0,0,0,0
7862,18.5796,25593.916017257194,-659.6383232550305,5.0,2.43,3.0,-12255.816190749165,12255.816190749165,3138.0483456800653,15.0,116.83198947648592,14308.219178082192,0,1,0,0,0,0
7863,19.0202,25303.27937203103,-659.6383232550305,5.0,2.43,3.0,-12546.452835975331,12546.452835975331,3138.0483456800653,15.0,116.83198947648592,14308.219178082192,0,1,0,0,0,0
7864,21.1663,23887.629566493408,-659.6383232550305,5.0,2.43,3.0,-13962.102641512953,13962.102641512953,3138.0483456800653,15.0,116.83198947648592,14308.219178082192,0,1,0,0,0,0
7865,22.9918,22683.45980739135,-659.6383232550305,5.0,2.43,3.0,-15166.272400615011,15166.272400615011,3138.0483456800653,15.0,116.83198947648592,14308.219178082192,0,1,0,0,0,0
7866,21.9268,23385.97462165796,-659.6383232550305,5.0,2.43,3.0,-14463.757586348403,14463.757586348403,3138.0483456800653,15.0,116.83198947648592,14308.219178082192,0,1,0,0,0,0
7867,21.6343,23578.918831210052,-659.6383232550305,5.0,2.43,3.0,-14270.813376796306,14270.813376796306,3138.0483456800653,15.0,116.83198947648592,14308.219178082192,0,1,0,0,0,0
7868,22.3011,23139.0719972636,-659.6383232550305,5.0,2.43,3.0,-14710.660210742763,14710.660210742763,3138.0483456800653,15.0,116.83198947648592,14308.219178082192,0,1,0,0,0,0
7869,19.8648,24746.14884420983,-659.6383232550305,5.0,2.43,3.0,-13103.58336379653,13103.58336379653,3138.0483456800653,15.0,116.83198947648592,14308.219178082192,0,1,0,0,0,0
7870,18.2664,25800.514740100672,-659.6383232550305,5.0,2.43,3.0,-12049.21746790569,12049.21746790569,3138.0483456800653,15.0,116.83198947648592,14308.219178082192,0,1,0,0,0,0
7871,18.2461,25813.90539806275,-659.6383232550305,5.0,2.43,3.0,-12035.826809943612,12035.826809943612,3138.0483456800653,15.0,116.83198947648592,14308.219178082192,0,1,0,0,0,0
7872,17.8025,26106.520958258683,-659.6383232550305,5.0,2.43,3.0,-11743.21124974768,11743.21124974768,3138.0483456800653,15.0,116.83198947648592,14308.219178082192,0,1,0,0,0,0
7873,18.4985,25647.41268527318,-659.6383232550305,5.0,2.43,3.0,-12202.319522733182,12202.319522733182,3138.0483456800653,15.0,116.83198947648592,14308.219178082192,0,1,0,0,0,0
7874,19.1533,25215.481511205784,-659.6383232550305,5.0,2.43,3.0,-12634.250696800576,12634.250696800576,3138.0483456800653,15.0,116.83198947648592,14308.219178082192,0,1,0,0,0,0
7875,18.8761,25398.33325441208,-659.6383232550305,5.0,2.43,3.0,-12451.398953594282,12451.398953594282,3138.0483456800653,15.0,116.83198947648592,14308.219178082192,0,1,0,0,0,0
7876,22.836,22786.231458154485,-659.6383232550305,5.0,2.43,3.0,-15063.500749851875,15063.500749851875,3138.0483456800653,15.0,116.83198947648592,14308.219178082192,0,1,0,0,0,0
7877,21.712,23527.664933493135,-659.6383232550305,5.0,2.43,3.0,-14322.067274513221,14322.067274513221,3138.0483456800653,15.0,116.83198947648592,14308.219178082192,0,1,0,0,0,0
7878,29.7239,18242.70865140616,-659.6383232550305,5.0,2.43,3.0,-19607.0235566002,19607.0235566002,3138.0483456800653,15.0,116.83198947648592,14308.219178082192,0,1,0,0,0,0
7879,27.8075,19506.839534092098,-659.6383232550305,5.0,2.43,3.0,-18342.892673914263,18342.892673914263,3138.0483456800653,15.0,116.83198947648592,14308.219178082192,0,1,0,0,0,0
7880,22.8759,22759.91188905661,-659.6383232550305,5.0,2.43,3.0,-15089.820318949753,15089.820318949753,3138.0483456800653,15.0,116.83198947648592,14308.219178082192,0,1,0,0,0,0
7881,25.0795,21306.332879931822,-659.6383232550305,5.0,2.43,3.0,-16543.399328074538,16543.399328074538,3138.0483456800653,15.0,116.83198947648592,14308.219178082192,0,1,0,0,0,0
7882,22.9882,22685.83450535507,-659.6383232550305,5.0,2.43,3.0,-15163.897702651291,15163.897702651291,3138.0483456800653,15.0,116.83198947648592,14308.219178082192,0,1,0,0,0,0
7883,22.5048,23004.70367081655,-659.6383232550305,5.0,2.43,3.0,-14845.02853718981,14845.02853718981,3138.0483456800653,15.0,116.83198947648592,14308.219178082192,0,1,0,0,0,0
7884,21.7902,23476.081216614595,-659.6383232550305,5.0,2.43,3.0,-14373.650991391765,14373.650991391765,3138.0483456800653,15.0,116.83198947648592,14308.219178082192,0,1,0,0,0,0
7885,19.7796,24802.35002935116,-659.6383232550305,5.0,2.43,3.0,-13047.3821786552,13047.3821786552,3138.0483456800653,15.0,116.83198947648592,14308.219178082192,0,1,0,0,0,0
7886,18.5802,25593.52023426324,-659.6383232550305,5.0,2.43,3.0,-12256.211973743119,12256.211973743119,3138.0483456800653,15.0,116.83198947648592,14308.219178082192,0,1,0,0,0,0
7887,17.7626,26132.84052735656,-659.6383232550305,5.0,2.43,3.0,-11716.891680649804,11716.891680649804,3138.0483456800653,15.0,116.83198947648592,14308.219178082192,0,1,0,0,0,0
7888,19.382,25064.62222667736,-659.6383232550305,5.0,2.43,3.0,-12785.109981329002,12785.109981329002,3138.0483456800653,15.0,116.83198947648592,14308.219178082192,0,1,0,0,0,0
7889,23.4533,22379.036721209155,-659.6383232550305,5.0,2.43,3.0,-15470.695486797207,15470.695486797207,3138.0483456800653,15.0,116.83198947648592,14308.219178082192,0,1,0,0,0,0
7890,22.4101,23067.1714200288,-659.6383232550305,5.0,2.43,3.0,-14782.56078797756,14782.56078797756,3138.0483456800653,15.0,116.83198947648592,14308.219178082192,0,1,0,0,0,0
7891,22.0124,23329.509581187325,-659.6383232550305,5.0,2.43,3.0,-14520.222626819033,14520.222626819033,3138.0483456800653,15.0,116.83198947648592,14308.219178082192,0,1,0,0,0,0
7892,21.7665,23491.714644875738,-659.6383232550305,5.0,2.43,3.0,-14358.017563130623,14358.017563130623,3138.0483456800653,15.0,116.83198947648592,14308.219178082192,0,1,0,0,0,0
7893,20.7002,24195.086988962576,-659.6383232550305,5.0,2.43,3.0,-13654.645219043781,13654.645219043781,3138.0483456800653,15.0,116.83198947648592,14308.219178082192,0,1,0,0,0,0
7894,18.1595,25871.03007685663,-659.6383232550305,5.0,2.43,3.0,-11978.702131149728,11978.702131149728,3138.0483456800653,15.0,116.83198947648592,14308.219178082192,0,1,0,0,0,0
7895,17.0434,26607.252409441575,-659.6383232550305,5.0,2.43,3.0,-11242.479798564786,11242.479798564786,3138.0483456800653,15.0,116.83198947648592,14308.219178082192,0,1,0,0,0,0
7896,17.7997,26108.36794556379,-659.6383232550305,5.0,2.43,3.0,-11741.364262442568,11741.364262442568,3138.0483456800653,15.0,116.83198947648592,14308.219178082192,0,1,0,0,0,0
7897,18.3218,25763.97077699234,-659.6383232550305,5.0,2.43,3.0,-12085.761431014018,12085.761431014018,3138.0483456800653,15.0,116.83198947648592,14308.219178082192,0,1,0,0,0,0
7898,18.5446,25617.00335857112,-659.6383232550305,5.0,2.43,3.0,-12232.728849435238,12232.728849435238,3138.0483456800653,15.0,116.83198947648592,14308.219178082192,0,1,0,0,0,0
7899,19.9129,24714.420240861262,-659.6383232550305,5.0,2.43,3.0,-13135.311967145097,13135.311967145097,3138.0483456800653,15.0,116.83198947648592,14308.219178082192,0,1,0,0,0,0
7900,20.1089,24585.13112950328,-659.6383232550305,5.0,2.43,3.0,-13264.601078503081,13264.601078503081,3138.0483456800653,15.0,116.83198947648592,14308.219178082192,0,1,0,0,0,0
7901,25.1724,21245.052479701433,-659.6383232550305,5.0,2.43,3.0,-16604.67972830493,16604.67972830493,3138.0483456800653,15.0,116.83198947648592,14308.219178082192,0,1,0,0,0,0
7902,34.2726,15242.211810416004,-659.6383232550305,5.0,2.43,3.0,-22607.520397590357,22607.520397590357,3138.0483456800653,15.0,116.83198947648592,14308.219178082192,0,1,0,0,0,0
7903,33.1031,16013.658829462762,-659.6383232550305,5.0,2.43,3.0,-21836.0733785436,21836.0733785436,3138.0483456800653,15.0,116.83198947648592,14308.219178082192,0,1,0,0,0,0
7904,30.6348,17641.844102753155,-659.6383232550305,5.0,2.43,3.0,-20207.88810525321,20207.88810525321,3138.0483456800653,15.0,116.83198947648592,14308.219178082192,0,1,0,0,0,0
7905,22.4247,23057.54070050928,-659.6383232550305,5.0,2.43,3.0,-14792.191507497084,14792.191507497084,3138.0483456800653,15.0,116.83198947648592,14308.219178082192,0,1,0,0,0,0
7906,21.9808,23350.354152202184,-659.6383232550305,5.0,2.43,3.0,-14499.378055804174,14499.378055804174,3138.0483456800653,15.0,116.83198947648592,14308.219178082192,0,1,0,0,0,0
7907,21.6887,23543.034506424978,-659.6383232550305,5.0,2.43,3.0,-14306.69770158138,14306.69770158138,3138.0483456800653,15.0,116.83198947648592,14308.219178082192,0,1,0,0,0,0
7908,19.4188,25040.347536381574,-659.6383232550305,5.0,2.43,3.0,-12809.384671624786,12809.384671624786,3138.0483456800653,15.0,116.83198947648592,14308.219178082192,0,1,0,0,0,0
7909,20.1064,24586.780225311413,-659.6383232550305,5.0,2.43,3.0,-13262.951982694945,13262.951982694945,3138.0483456800653,15.0,116.83198947648592,14308.219178082192,0,1,0,0,0,0
7910,20.2131,24516.396816220105,-659.6383232550305,5.0,2.43,3.0,-13333.335391786257,13333.335391786257,3138.0483456800653,15.0,116.83198947648592,14308.219178082192,0,1,0,0,0,0
7911,19.9607,24682.889529009677,-659.6383232550305,5.0,2.43,3.0,-13166.842678996687,13166.842678996687,3138.0483456800653,15.0,116.83198947648592,14308.219178082192,0,1,0,0,0,0
7912,20.362,24418.17666988743,-659.6383232550305,5.0,2.43,3.0,-13431.55553811893,13431.55553811893,3138.0483456800653,15.0,116.83198947648592,14308.219178082192,0,1,0,0,0,0
7913,25.4489,21062.662483321415,-659.6383232550305,5.0,2.43,3.0,-16787.069724684945,16787.069724684945,3138.0483456800653,15.0,116.83198947648592,14308.219178082192,0,1,0,0,0,0
7914,22.1444,23242.43732251766,-659.6383232550305,5.0,2.43,3.0,-14607.294885488698,14607.294885488698,3138.0483456800653,15.0,116.83198947648592,14308.219178082192,0,1,0,0,0,0
7915,21.3851,23743.30070136521,-659.6383232550305,5.0,2.43,3.0,-14106.431506641155,14106.431506641155,3138.0483456800653,15.0,116.83198947648592,14308.219178082192,0,1,0,0,0,0
7916,19.8387,24763.365404446788,-659.6383232550305,5.0,2.43,3.0,-13086.366803559573,13086.366803559573,3138.0483456800653,15.0,116.83198947648592,14308.219178082192,0,1,0,0,0,0
7917,17.9582,26003.81527132787,-659.6383232550305,5.0,2.43,3.0,-11845.91693667849,11845.91693667849,3138.0483456800653,15.0,116.83198947648592,14308.219178082192,0,1,0,0,0,0
7918,17.9614,26001.704428693454,-659.6383232550305,5.0,2.43,3.0,-11848.027779312906,11848.027779312906,3138.0483456800653,15.0,116.83198947648592,14308.219178082192,0,1,0,0,0,0
7919,17.4211,26358.107014748148,-659.6383232550305,5.0,2.43,3.0,-11491.62519325821,11491.62519325821,3138.0483456800653,15.0,116.83198947648592,14308.219178082192,0,1,0,0,0,0
7920,15.6936,27497.632218171213,-659.6383232550305,5.0,2.43,3.0,-10352.099989835147,10352.099989835147,3138.0483456800653,15.0,116.83198947648592,14308.219178082192,0,1,0,0,0,0
7921,15.3895,27698.228232273068,-659.6383232550305,5.0,2.43,3.0,-10151.503975733292,10151.503975733292,3138.0483456800653,15.0,116.83198947648592,14308.219178082192,0,1,0,0,0,0
7922,15.0508,27921.647732359546,-659.6383232550305,5.0,2.43,3.0,-9928.084475646814,9928.084475646814,3138.0483456800653,15.0,116.83198947648592,14308.219178082192,0,1,0,0,0,0
7923,14.9846,27965.315789359032,-659.6383232550305,5.0,2.43,3.0,-9884.41641864733,9884.41641864733,3138.0483456800653,15.0,116.83198947648592,14308.219178082192,0,1,0,0,0,0
7924,15.5017,27624.216812403854,-659.6383232550305,5.0,2.43,3.0,-10225.515395602506,10225.515395602506,3138.0483456800653,15.0,116.83198947648592,14308.219178082192,0,1,0,0,0,0
7925,16.5633,26923.94476843631,-659.6383232550305,5.0,2.43,3.0,-10925.787439570047,10925.787439570047,3138.0483456800653,15.0,116.83198947648592,14308.219178082192,0,1,0,0,0,0
7926,18.2587,25805.59395518973,-659.6383232550305,5.0,2.43,3.0,-12044.138252816627,12044.138252816627,3138.0483456800653,15.0,116.83198947648592,14308.219178082192,0,1,0,0,0,0
7927,19.1652,25207.631815159053,-659.6383232550305,5.0,2.43,3.0,-12642.10039284731,12642.10039284731,3138.0483456800653,15.0,116.83198947648592,14308.219178082192,0,1,0,0,0,0
7928,22.2595,23166.51295151101,-659.6383232550305,5.0,2.43,3.0,-14683.219256495351,14683.219256495351,3138.0483456800653,15.0,116.83198947648592,14308.219178082192,0,1,0,0,0,0
7929,26.5286,20350.45098570296,-659.6383232550305,5.0,2.43,3.0,-17499.2812223034,17499.2812223034,3138.0483456800653,15.0,116.83198947648592,14308.219178082192,0,1,0,0,0,0
7930,26.5834,20314.302805588584,-659.6383232550305,5.0,2.43,3.0,-17535.42940241778,17535.42940241778,3138.0483456800653,15.0,116.83198947648592,14308.219178082192,0,1,0,0,0,0
7931,21.7383,23510.316445591532,-659.6383232550305,5.0,2.43,3.0,-14339.415762414828,14339.415762414828,3138.0483456800653,15.0,116.83198947648592,14308.219178082192,0,1,0,0,0,0
7932,21.4576,23695.476922929218,-659.6383232550305,5.0,2.43,3.0,-14154.255285077143,14154.255285077143,3138.0483456800653,15.0,116.83198947648592,14308.219178082192,0,1,0,0,0,0
7933,21.526,23650.357661618575,-659.6383232550305,5.0,2.43,3.0,-14199.374546387786,14199.374546387786,3138.0483456800653,15.0,116.83198947648592,14308.219178082192,0,1,0,0,0,0
7934,20.9816,24009.464764798613,-659.6383232550305,5.0,2.43,3.0,-13840.26744320775,13840.26744320775,3138.0483456800653,15.0,116.83198947648592,14308.219178082192,0,1,0,0,0,0
7935,19.577,24935.992753642626,-659.6383232550305,5.0,2.43,3.0,-12913.739454363733,12913.739454363733,3138.0483456800653,15.0,116.83198947648592,14308.219178082192,0,1,0,0,0,0
7936,19.7242,24838.89399245949,-659.6383232550305,5.0,2.43,3.0,-13010.838215546873,13010.838215546873,3138.0483456800653,15.0,116.83198947648592,14308.219178082192,0,1,0,0,0,0
7937,22.7846,22820.13686796979,-659.6383232550305,5.0,2.43,3.0,-15029.595340036569,15029.595340036569,3138.0483456800653,15.0,116.83198947648592,14308.219178082192,0,1,0,0,0,0
7938,19.6583,24882.364157961994,-659.6383232550305,5.0,2.43,3.0,-12967.368050044366,12967.368050044366,3138.0483456800653,15.0,116.83198947648592,14308.219178082192,0,1,0,0,0,0
7939,19.1244,25234.545058747855,-659.6383232550305,5.0,2.43,3.0,-12615.187149258507,12615.187149258507,3138.0483456800653,15.0,116.83198947648592,14308.219178082192,0,1,0,0,0,0
7940,18.6819,25526.435016788208,-659.6383232550305,5.0,2.43,3.0,-12323.297191218155,12323.297191218155,3138.0483456800653,15.0,116.83198947648592,14308.219178082192,0,1,0,0,0,0
7941,18.0056,25972.548414805584,-659.6383232550305,5.0,2.43,3.0,-11877.183793200778,11877.183793200778,3138.0483456800653,15.0,116.83198947648592,14308.219178082192,0,1,0,0,0,0
7942,15.8865,27370.38798561532,-659.6383232550305,5.0,2.43,3.0,-10479.344222391042,10479.344222391042,3138.0483456800653,15.0,116.83198947648592,14308.219178082192,0,1,0,0,0,0
7943,15.1081,27883.850456437034,-659.6383232550305,5.0,2.43,3.0,-9965.881751569326,9965.881751569326,3138.0483456800653,15.0,116.83198947648592,14308.219178082192,0,1,0,0,0,0
7944,15.0655,27911.9510490077,-659.6383232550305,5.0,2.43,3.0,-9937.781158998663,9937.781158998663,3138.0483456800653,15.0,116.83198947648592,14308.219178082192,0,1,0,0,0,0
7945,15.3668,27713.202022210957,-659.6383232550305,5.0,2.43,3.0,-10136.530185795402,10136.530185795402,3138.0483456800653,15.0,116.83198947648592,14308.219178082192,0,1,0,0,0,0
7946,15.2935,27761.553511305552,-659.6383232550305,5.0,2.43,3.0,-10088.178696700808,10088.178696700808,3138.0483456800653,15.0,116.83198947648592,14308.219178082192,0,1,0,0,0,0
7947,15.1386,27863.731487577756,-659.6383232550305,5.0,2.43,3.0,-9986.000720428605,9986.000720428605,3138.0483456800653,15.0,116.83198947648592,14308.219178082192,0,1,0,0,0,0
7948,15.081,27901.72665499725,-659.6383232550305,5.0,2.43,3.0,-9948.005553009114,9948.005553009114,3138.0483456800653,15.0,116.83198947648592,14308.219178082192,0,1,0,0,0,0
7949,15.6109,27552.1843075044,-659.6383232550305,5.0,2.43,3.0,-10297.547900501957,10297.547900501957,3138.0483456800653,15.0,116.83198947648592,14308.219178082192,0,1,0,0,0,0
7950,15.9061,27357.45907447952,-659.6383232550305,5.0,2.43,3.0,-10492.273133526842,10492.273133526842,3138.0483456800653,15.0,116.83198947648592,14308.219178082192,0,1,0,0,0,0
7951,18.7647,25471.81696362269,-659.6383232550305,5.0,2.43,3.0,-12377.915244383672,12377.915244383672,3138.0483456800653,15.0,116.83198947648592,14308.219178082192,0,1,0,0,0,0
7952,18.9025,25380.91880267815,-659.6383232550305,5.0,2.43,3.0,-12468.813405328214,12468.813405328214,3138.0483456800653,15.0,116.83198947648592,14308.219178082192,0,1,0,0,0,0
7953,20.3417,24431.56732784951,-659.6383232550305,5.0,2.43,3.0,-13418.164880156854,13418.164880156854,3138.0483456800653,15.0,116.83198947648592,14308.219178082192,0,1,0,0,0,0
7954,22.6565,22904.63653717876,-659.6383232550305,5.0,2.43,3.0,-14945.095670827599,14945.095670827599,3138.0483456800653,15.0,116.83198947648592,14308.219178082192,0,1,0,0,0,0
7955,22.4805,23020.73288207165,-659.6383232550305,5.0,2.43,3.0,-14828.999325934714,14828.999325934714,3138.0483456800653,15.0,116.83198947648592,14308.219178082192,0,1,0,0,0,0
7956,20.2968,24461.185088563656,-659.6383232550305,5.0,2.43,3.0,-13388.547119442705,13388.547119442705,3138.0483456800653,15.0,116.83198947648592,14308.219178082192,0,1,0,0,0,0
7957,18.498,25647.742504434806,-659.6383232550305,5.0,2.43,3.0,-12201.989703571555,12201.989703571555,3138.0483456800653,15.0,116.83198947648592,14308.219178082192,0,1,0,0,0,0
7958,17.305,26434.691024078056,-659.6383232550305,5.0,2.43,3.0,-11415.041183928302,11415.041183928302,3138.0483456800653,15.0,116.83198947648592,14308.219178082192,0,1,0,0,0,0
7959,17.2868,26446.696441561297,-659.6383232550305,5.0,2.43,3.0,-11403.03576644506,11403.03576644506,3138.0483456800653,15.0,116.83198947648592,14308.219178082192,0,1,0,0,0,0
7960,18.4341,25689.8933932908,-659.6383232550305,5.0,2.43,3.0,-12159.838814715558,12159.838814715558,3138.0483456800653,15.0,116.83198947648592,14308.219178082192,0,1,0,0,0,0
7961,20.0837,24601.754015249302,-659.6383232550305,5.0,2.43,3.0,-13247.978192757057,13247.978192757057,3138.0483456800653,15.0,116.83198947648592,14308.219178082192,0,1,0,0,0,0
7962,17.6614,26199.595925669964,-659.6383232550305,5.0,2.43,3.0,-11650.136282336396,11650.136282336396,3138.0483456800653,15.0,116.83198947648592,14308.219178082192,0,1,0,0,0,0
7963,18.3202,25765.02619830955,-659.6383232550305,5.0,2.43,3.0,-12084.70600969681,12084.70600969681,3138.0483456800653,15.0,116.83198947648592,14308.219178082192,0,1,0,0,0,0
7964,19.7569,24817.32381928905,-659.6383232550305,5.0,2.43,3.0,-13032.408388717313,13032.408388717313,3138.0483456800653,15.0,116.83198947648592,14308.219178082192,0,1,0,0,0,0
7965,18.0714,25929.1442131354,-659.6383232550305,5.0,2.43,3.0,-11920.587994870959,11920.587994870959,3138.0483456800653,15.0,116.83198947648592,14308.219178082192,0,1,0,0,0,0
7966,18.0199,25963.11558678304,-659.6383232550305,5.0,2.43,3.0,-11886.616621223324,11886.616621223324,3138.0483456800653,15.0,116.83198947648592,14308.219178082192,0,1,0,0,0,0
7967,17.8364,26084.159219100336,-659.6383232550305,5.0,2.43,3.0,-11765.572988906028,11765.572988906028,3138.0483456800653,15.0,116.83198947648592,14308.219178082192,0,1,0,0,0,0
7968,17.8777,26056.9161563499,-659.6383232550305,5.0,2.43,3.0,-11792.81605165646,11792.81605165646,3138.0483456800653,15.0,116.83198947648592,14308.219178082192,0,1,0,0,0,0
7969,16.2462,27133.11608074048,-659.6383232550305,5.0,2.43,3.0,-10716.616127265877,10716.616127265877,3138.0483456800653,15.0,116.83198947648592,14308.219178082192,0,1,0,0,0,0
7970,16.0181,27283.579582274957,-659.6383232550305,5.0,2.43,3.0,-10566.152625731405,10566.152625731405,3138.0483456800653,15.0,116.83198947648592,14308.219178082192,0,1,0,0,0,0
7971,15.9463,27330.941613884665,-659.6383232550305,5.0,2.43,3.0,-10518.790594121694,10518.790594121694,3138.0483456800653,15.0,116.83198947648592,14308.219178082192,0,1,0,0,0,0
7972,16.3024,27096.044406973553,-659.6383232550305,5.0,2.43,3.0,-10753.68780103281,10753.68780103281,3138.0483456800653,15.0,116.83198947648592,14308.219178082192,0,1,0,0,0,0
7973,18.7951,25451.763958595737,-659.6383232550305,5.0,2.43,3.0,-12397.968249410626,12397.968249410626,3138.0483456800653,15.0,116.83198947648592,14308.219178082192,0,1,0,0,0,0
7974,18.802,25447.212454165274,-659.6383232550305,5.0,2.43,3.0,-12402.519753841083,12402.519753841083,3138.0483456800653,15.0,116.83198947648592,14308.219178082192,0,1,0,0,0,0
7975,20.2955,24462.04261838389,-659.6383232550305,5.0,2.43,3.0,-13387.689589622472,13387.689589622472,3138.0483456800653,15.0,116.83198947648592,14308.219178082192,0,1,0,0,0,0
7976,19.8655,24745.687097383554,-659.6383232550305,5.0,2.43,3.0,-13104.045110622808,13104.045110622808,3138.0483456800653,15.0,116.83198947648592,14308.219178082192,0,1,0,0,0,0
7977,19.2047,25181.576101390478,-659.6383232550305,5.0,2.43,3.0,-12668.156106615885,12668.156106615885,3138.0483456800653,15.0,116.83198947648592,14308.219178082192,0,1,0,0,0,0
7978,19.601,24920.16143388451,-659.6383232550305,5.0,2.43,3.0,-12929.570774121852,12929.570774121852,3138.0483456800653,15.0,116.83198947648592,14308.219178082192,0,1,0,0,0,0
7979,19.7109,24847.66718215878,-659.6383232550305,5.0,2.43,3.0,-13002.06502584758,13002.06502584758,3138.0483456800653,15.0,116.83198947648592,14308.219178082192,0,1,0,0,0,0
7980,18.9751,25333.02906040983,-659.6383232550305,5.0,2.43,3.0,-12516.70314759653,12516.70314759653,3138.0483456800653,15.0,116.83198947648592,14308.219178082192,0,1,0,0,0,0
7981,18.5431,25617.992816056005,-659.6383232550305,5.0,2.43,3.0,-12231.739391950356,12231.739391950356,3138.0483456800653,15.0,116.83198947648592,14308.219178082192,0,1,0,0,0,0
7982,18.5897,25587.25367019232,-659.6383232550305,5.0,2.43,3.0,-12262.47853781404,12262.47853781404,3138.0483456800653,15.0,116.83198947648592,14308.219178082192,0,1,0,0,0,0
7983,19.6737,24872.20572778387,-659.6383232550305,5.0,2.43,3.0,-12977.526480222494,12977.526480222494,3138.0483456800653,15.0,116.83198947648592,14308.219178082192,0,1,0,0,0,0
7984,24.1932,21890.970325832757,-659.6383232550305,5.0,2.43,3.0,-15958.761882173605,15958.761882173605,3138.0483456800653,15.0,116.83198947648592,14308.219178082192,0,1,0,0,0,0
7985,24.8833,21435.75391895446,-659.6383232550305,5.0,2.43,3.0,-16413.978289051898,16413.978289051898,3138.0483456800653,15.0,116.83198947648592,14308.219178082192,0,1,0,0,0,0
7986,22.1045,23268.756891615536,-659.6383232550305,5.0,2.43,3.0,-14580.975316390823,14580.975316390823,3138.0483456800653,15.0,116.83198947648592,14308.219178082192,0,1,0,0,0,0
7987,21.0187,23984.992183005852,-659.6383232550305,5.0,2.43,3.0,-13864.740025000508,13864.740025000508,3138.0483456800653,15.0,116.83198947648592,14308.219178082192,0,1,0,0,0,0
7988,22.1306,23251.54033137858,-659.6383232550305,5.0,2.43,3.0,-14598.19187662778,14598.19187662778,3138.0483456800653,15.0,116.83198947648592,14308.219178082192,0,1,0,0,0,0
7989,19.6433,24892.25873281082,-659.6383232550305,5.0,2.43,3.0,-12957.47347519554,12957.47347519554,3138.0483456800653,15.0,116.83198947648592,14308.219178082192,0,1,0,0,0,0
7990,18.4271,25694.510861553586,-659.6383232550305,5.0,2.43,3.0,-12155.221346452772,12155.221346452772,3138.0483456800653,15.0,116.83198947648592,14308.219178082192,0,1,0,0,0,0
7991,16.83,26748.019227624198,-659.6383232550305,5.0,2.43,3.0,-11101.712980382163,11101.712980382163,3138.0483456800653,15.0,116.83198947648592,14308.219178082192,0,1,0,0,0,0
7992,16.5264,26948.285422564426,-659.6383232550305,5.0,2.43,3.0,-10901.446785441936,10901.446785441936,3138.0483456800653,15.0,116.83198947648592,14308.219178082192,0,1,0,0,0,0
7993,16.0818,27241.560621083612,-659.6383232550305,5.0,2.43,3.0,-10608.17158692275,10608.17158692275,3138.0483456800653,15.0,116.83198947648592,14308.219178082192,0,1,0,0,0,0
7994,17.3122,26429.94162815062,-659.6383232550305,5.0,2.43,3.0,-11419.79057985574,11419.79057985574,3138.0483456800653,15.0,116.83198947648592,14308.219178082192,0,1,0,0,0,0
7995,16.6367,26875.527315509396,-659.6383232550305,5.0,2.43,3.0,-10974.204892496968,10974.204892496968,3138.0483456800653,15.0,116.83198947648592,14308.219178082192,0,1,0,0,0,0
7996,16.1268,27211.876896537135,-659.6383232550305,5.0,2.43,3.0,-10637.855311469226,10637.855311469226,3138.0483456800653,15.0,116.83198947648592,14308.219178082192,0,1,0,0,0,0
7997,15.9524,27326.91782011281,-659.6383232550305,5.0,2.43,3.0,-10522.81438789355,10522.81438789355,3138.0483456800653,15.0,116.83198947648592,14308.219178082192,0,1,0,0,0,0
7998,17.7731,26125.91432496238,-659.6383232550305,5.0,2.43,3.0,-11723.817883043983,11723.817883043983,3138.0483456800653,15.0,116.83198947648592,14308.219178082192,0,1,0,0,0,0
7999,19.3249,25102.287574935224,-659.6383232550305,5.0,2.43,3.0,-12747.444633071138,12747.444633071138,3138.0483456800653,15.0,116.83198947648592,14308.219178082192,0,1,0,0,0,0
8000,20.5634,24285.325511583862,-659.6383232550305,5.0,2.43,3.0,-13564.406696422495,13564.406696422495,3138.0483456800653,15.0,116.83198947648592,14308.219178082192,0,1,0,0,0,0
8001,20.8143,24119.822256279178,-659.6383232550305,5.0,2.43,3.0,-13729.90995172718,13729.90995172718,3138.0483456800653,15.0,116.83198947648592,14308.219178082192,0,1,0,0,0,0
8002,19.5209,24972.998463577234,-659.6383232550305,5.0,2.43,3.0,-12876.733744429126,12876.733744429126,3138.0483456800653,15.0,116.83198947648592,14308.219178082192,0,1,0,0,0,0
8003,19.2907,25124.847205590544,-659.6383232550305,5.0,2.43,3.0,-12724.885002415818,12724.885002415818,3138.0483456800653,15.0,116.83198947648592,14308.219178082192,0,1,0,0,0,0
8004,18.7675,25469.969976317574,-659.6383232550305,5.0,2.43,3.0,-12379.762231688785,12379.762231688785,3138.0483456800653,15.0,116.83198947648592,14308.219178082192,0,1,0,0,0,0
8005,18.6258,25563.440726722813,-659.6383232550305,5.0,2.43,3.0,-12286.291481283548,12286.291481283548,3138.0483456800653,15.0,116.83198947648592,14308.219178082192,0,1,0,0,0,0
8006,18.7418,25486.92268122523,-659.6383232550305,5.0,2.43,3.0,-12362.809526781131,12362.809526781131,3138.0483456800653,15.0,116.83198947648592,14308.219178082192,0,1,0,0,0,0
8007,18.909,25376.63115357699,-659.6383232550305,5.0,2.43,3.0,-12473.101054429371,12473.101054429371,3138.0483456800653,15.0,116.83198947648592,14308.219178082192,0,1,0,0,0,0
8008,19.3763,25068.38216511991,-659.6383232550305,5.0,2.43,3.0,-12781.350042886448,12781.350042886448,3138.0483456800653,15.0,116.83198947648592,14308.219178082192,0,1,0,0,0,0
8009,20.8065,24124.967435200568,-659.6383232550305,5.0,2.43,3.0,-13724.764772805793,13724.764772805793,3138.0483456800653,15.0,116.83198947648592,14308.219178082192,0,1,0,0,0,0
8010,21.2865,23808.341040038154,-659.6383232550305,5.0,2.43,3.0,-14041.391167968208,14041.391167968208,3138.0483456800653,15.0,116.83198947648592,14308.219178082192,0,1,0,0,0,0
8011,20.6011,24260.45714679715,-659.6383232550305,5.0,2.43,3.0,-13589.275061209208,13589.275061209208,3138.0483456800653,15.0,116.83198947648592,14308.219178082192,0,1,0,0,0,0
8012,20.6384,24235.85263733974,-659.6383232550305,5.0,2.43,3.0,-13613.879570666622,13613.879570666622,3138.0483456800653,15.0,116.83198947648592,14308.219178082192,0,1,0,0,0,0
8013,19.6992,24855.384950540865,-659.6383232550305,5.0,2.43,3.0,-12994.347257465497,12994.347257465497,3138.0483456800653,15.0,116.83198947648592,14308.219178082192,0,1,0,0,0,0
8014,19.8255,24772.072630313753,-659.6383232550305,5.0,2.43,3.0,-13077.659577692608,13077.659577692608,3138.0483456800653,15.0,116.83198947648592,14308.219178082192,0,1,0,0,0,0
8015,18.3519,25744.115663462366,-659.6383232550305,5.0,2.43,3.0,-12105.616544543995,12105.616544543995,3138.0483456800653,15.0,116.83198947648592,14308.219178082192,0,1,0,0,0,0
8016,17.8494,26075.583920898018,-659.6383232550305,5.0,2.43,3.0,-11774.14828710834,11774.14828710834,3138.0483456800653,15.0,116.83198947648592,14308.219178082192,0,1,0,0,0,0
8017,17.4195,26359.16243606536,-659.6383232550305,5.0,2.43,3.0,-11490.569771941004,11490.569771941004,3138.0483456800653,15.0,116.83198947648592,14308.219178082192,0,1,0,0,0,0
8018,17.8039,26105.597464606122,-659.6383232550305,5.0,2.43,3.0,-11744.134743400236,11744.134743400236,3138.0483456800653,15.0,116.83198947648592,14308.219178082192,0,1,0,0,0,0
8019,16.6458,26869.524606767773,-659.6383232550305,5.0,2.43,3.0,-10980.207601238588,10980.207601238588,3138.0483456800653,15.0,116.83198947648592,14308.219178082192,0,1,0,0,0,0
8020,16.5128,26957.25650376069,-659.6383232550305,5.0,2.43,3.0,-10892.475704245668,10892.475704245668,3138.0483456800653,15.0,116.83198947648592,14308.219178082192,0,1,0,0,0,0
8021,16.3772,27046.703460394077,-659.6383232550305,5.0,2.43,3.0,-10803.028747612285,10803.028747612285,3138.0483456800653,15.0,116.83198947648592,14308.219178082192,0,1,0,0,0,0
8022,16.4145,27022.098950936663,-659.6383232550305,5.0,2.43,3.0,-10827.633257069698,10827.633257069698,3138.0483456800653,15.0,116.83198947648592,14308.219178082192,0,1,0,0,0,0
8023,17.5005,26305.7317318817,-659.6383232550305,5.0,2.43,3.0,-11544.00047612466,11544.00047612466,3138.0483456800653,15.0,116.83198947648592,14308.219178082192,0,1,0,0,0,0
8024,18.8657,25405.193492973933,-659.6383232550305,5.0,2.43,3.0,-12444.53871503243,12444.53871503243,3138.0483456800653,15.0,116.83198947648592,14308.219178082192,0,1,0,0,0,0
8025,20.1656,24547.729636574717,-659.6383232550305,5.0,2.43,3.0,-13302.002571431643,13302.002571431643,3138.0483456800653,15.0,116.83198947648592,14308.219178082192,0,1,0,0,0,0
8026,22.0524,23303.124048257127,-659.6383232550305,5.0,2.43,3.0,-14546.608159749234,14546.608159749234,3138.0483456800653,15.0,116.83198947648592,14308.219178082192,0,1,0,0,0,0
8027,22.897,22745.993520435928,-659.6383232550305,5.0,2.43,3.0,-15103.738687570432,15103.738687570432,3138.0483456800653,15.0,116.83198947648592,14308.219178082192,0,1,0,0,0,0
8028,23.1302,22592.165863452854,-659.6383232550305,5.0,2.43,3.0,-15257.566344553506,15257.566344553506,3138.0483456800653,15.0,116.83198947648592,14308.219178082192,0,1,0,0,0,0
8029,22.44,23047.448234163476,-659.6383232550305,5.0,2.43,3.0,-14802.283973842885,14802.283973842885,3138.0483456800653,15.0,116.83198947648592,14308.219178082192,0,1,0,0,0,0
8030,21.0743,23948.31629223287,-659.6383232550305,5.0,2.43,3.0,-13901.41591577349,13901.41591577349,3138.0483456800653,15.0,116.83198947648592,14308.219178082192,0,1,0,0,0,0
8031,21.5356,23644.025133715328,-659.6383232550305,5.0,2.43,3.0,-14205.707074291035,14205.707074291035,3138.0483456800653,15.0,116.83198947648592,14308.219178082192,0,1,0,0,0,0
8032,32.3658,16500.010165198695,-659.6383232550305,5.0,2.43,3.0,-21349.722042807665,21349.722042807665,3138.0483456800653,15.0,116.83198947648592,14308.219178082192,0,1,0,0,0,0
8033,32.1499,16642.426079189452,-659.6383232550305,5.0,2.43,3.0,-21207.30612881691,21207.30612881691,3138.0483456800653,15.0,116.83198947648592,14308.219178082192,0,1,0,0,0,0
8034,24.1798,21899.809479364376,-659.6383232550305,5.0,2.43,3.0,-15949.922728641986,15949.922728641986,3138.0483456800653,15.0,116.83198947648592,14308.219178082192,0,1,0,0,0,0
8035,26.3754,20451.50757682563,-659.6383232550305,5.0,2.43,3.0,-17398.224631180732,17398.224631180732,3138.0483456800653,15.0,116.83198947648592,14308.219178082192,0,1,0,0,0,0
8036,22.3961,23076.406356554373,-659.6383232550305,5.0,2.43,3.0,-14773.32585145199,14773.32585145199,3138.0483456800653,15.0,116.83198947648592,14308.219178082192,0,1,0,0,0,0
8037,19.706,24850.89940994273,-659.6383232550305,5.0,2.43,3.0,-12998.832798063631,12998.832798063631,3138.0483456800653,15.0,116.83198947648592,14308.219178082192,0,1,0,0,0,0
8038,18.2109,25837.124667041324,-659.6383232550305,5.0,2.43,3.0,-12012.607540965035,12012.607540965035,3138.0483456800653,15.0,116.83198947648592,14308.219178082192,0,1,0,0,0,0
8039,16.7963,26770.249039117894,-659.6383232550305,5.0,2.43,3.0,-11079.483168888468,11079.483168888468,3138.0483456800653,15.0,116.83198947648592,14308.219178082192,0,1,0,0,0,0
8040,15.9192,27348.81781244488,-659.6383232550305,5.0,2.43,3.0,-10500.914395561482,10500.914395561482,3138.0483456800653,15.0,116.83198947648592,14308.219178082192,0,1,0,0,0,0
8041,15.7247,27477.11746631798,-659.6383232550305,5.0,2.43,3.0,-10372.614741688378,10372.614741688378,3138.0483456800653,15.0,116.83198947648592,14308.219178082192,0,1,0,0,0,0
8042,15.9713,27314.450655803295,-659.6383232550305,5.0,2.43,3.0,-10535.281552203069,10535.281552203069,3138.0483456800653,15.0,116.83198947648592,14308.219178082192,0,1,0,0,0,0
8043,15.5133,27616.565007854097,-659.6383232550305,5.0,2.43,3.0,-10233.167200152264,10233.167200152264,3138.0483456800653,15.0,116.83198947648592,14308.219178082192,0,1,0,0,0,0
8044,15.5287,27606.406577675967,-659.6383232550305,5.0,2.43,3.0,-10243.325630330393,10243.325630330393,3138.0483456800653,15.0,116.83198947648592,14308.219178082192,0,1,0,0,0,0
8045,18.6973,25516.27658661008,-659.6383232550305,5.0,2.43,3.0,-12333.45562139628,12333.45562139628,3138.0483456800653,15.0,116.83198947648592,14308.219178082192,0,1,0,0,0,0
8046,22.4283,23055.16600254556,-659.6383232550305,5.0,2.43,3.0,-14794.5662054608,14794.5662054608,3138.0483456800653,15.0,116.83198947648592,14308.219178082192,0,1,0,0,0,0
8047,28.3711,19135.067375105566,-659.6383232550305,5.0,2.43,3.0,-18714.664832900795,18714.664832900795,3138.0483456800653,15.0,116.83198947648592,14308.219178082192,0,1,0,0,0,0
8048,23.8412,22123.163015618527,-659.6383232550305,5.0,2.43,3.0,-15726.569192387833,15726.569192387833,3138.0483456800653,15.0,116.83198947648592,14308.219178082192,0,1,0,0,0,0
8049,23.8593,22111.22356196761,-659.6383232550305,5.0,2.43,3.0,-15738.50864603875,15738.50864603875,3138.0483456800653,15.0,116.83198947648592,14308.219178082192,0,1,0,0,0,0
8050,23.7323,22194.997629021,-659.6383232550305,5.0,2.43,3.0,-15654.734578985359,15654.734578985359,3138.0483456800653,15.0,116.83198947648592,14308.219178082192,0,1,0,0,0,0
8051,23.8662,22106.67205753715,-659.6383232550305,5.0,2.43,3.0,-15743.06015046921,15743.06015046921,3138.0483456800653,15.0,116.83198947648592,14308.219178082192,0,1,0,0,0,0
8052,25.4136,21085.947716132316,-659.6383232550305,5.0,2.43,3.0,-16763.78449187404,16763.78449187404,3138.0483456800653,15.0,116.83198947648592,14308.219178082192,0,1,0,0,0,0
8053,26.175,20583.699096805936,-659.6383232550305,5.0,2.43,3.0,-17266.033111200424,17266.033111200424,3138.0483456800653,15.0,116.83198947648592,14308.219178082192,0,1,0,0,0,0
8054,24.7618,21515.899975229946,-659.6383232550305,5.0,2.43,3.0,-16333.832232776414,16333.832232776414,3138.0483456800653,15.0,116.83198947648592,14308.219178082192,0,1,0,0,0,0
8055,24.2804,21833.449864044916,-659.6383232550305,5.0,2.43,3.0,-16016.282343961442,16016.282343961442,3138.0483456800653,15.0,116.83198947648592,14308.219178082192,0,1,0,0,0,0
8056,27.7638,19535.665728818345,-659.6383232550305,5.0,2.43,3.0,-18314.066479188015,18314.066479188015,3138.0483456800653,15.0,116.83198947648592,14308.219178082192,0,1,0,0,0,0
8057,32.9001,16147.56540908353,-659.6383232550305,5.0,2.43,3.0,-21702.16679892283,21702.16679892283,3138.0483456800653,15.0,116.83198947648592,14308.219178082192,0,1,0,0,0,0
8058,25.0644,21316.293418612975,-659.6383232550305,5.0,2.43,3.0,-16533.438789393385,16533.438789393385,3138.0483456800653,15.0,116.83198947648592,14308.219178082192,0,1,0,0,0,0
8059,28.6035,18981.767428781095,-659.6383232550305,5.0,2.43,3.0,-18867.964779225265,18867.964779225265,3138.0483456800653,15.0,116.83198947648592,14308.219178082192,0,1,0,0,0,0
8060,72.4303,23928.40574426902,650.0,0,2.43,3.0,47079.695,-47079.695,15071.972825128516,0,556.8949724310688,14308.219178082192,1,0,0,0,0,0
8061,23.698,22217.623223508646,-659.6383232550305,5.0,2.43,3.0,-15632.108984497714,15632.108984497714,3138.0483456800653,15.0,116.83198947648592,14308.219178082192,0,1,0,0,0,0
8062,20.9895,24004.253622044896,-659.6383232550305,5.0,2.43,3.0,-13845.478585961462,13845.478585961462,3138.0483456800653,15.0,116.83198947648592,14308.219178082192,0,1,0,0,0,0
8063,19.7932,24793.37894815489,-659.6383232550305,5.0,2.43,3.0,-13056.353259851468,13056.353259851468,3138.0483456800653,15.0,116.83198947648592,14308.219178082192,0,1,0,0,0,0
8064,20.188,24532.953738133805,-659.6383232550305,5.0,2.43,3.0,-13316.778469872555,13316.778469872555,3138.0483456800653,15.0,116.83198947648592,14308.219178082192,0,1,0,0,0,0
8065,19.2783,25133.026720798905,-659.6383232550305,5.0,2.43,3.0,-12716.705487207455,12716.705487207455,3138.0483456800653,15.0,116.83198947648592,14308.219178082192,0,1,0,0,0,0
8066,19.0941,25254.53209994248,-659.6383232550305,5.0,2.43,3.0,-12595.200108063878,12595.200108063878,3138.0483456800653,15.0,116.83198947648592,14308.219178082192,0,1,0,0,0,0
8067,19.1523,25216.141149529038,-659.6383232550305,5.0,2.43,3.0,-12633.591058477321,12633.591058477321,3138.0483456800653,15.0,116.83198947648592,14308.219178082192,0,1,0,0,0,0
8068,19.7093,24848.722603475988,-659.6383232550305,5.0,2.43,3.0,-13001.009604530373,13001.009604530373,3138.0483456800653,15.0,116.83198947648592,14308.219178082192,0,1,0,0,0,0
8069,20.614,24251.947812427163,-659.6383232550305,5.0,2.43,3.0,-13597.7843955792,13597.7843955792,3138.0483456800653,15.0,116.83198947648592,14308.219178082192,0,1,0,0,0,0
8070,23.2309,22525.74028430107,-659.6383232550305,5.0,2.43,3.0,-15323.991923705287,15323.991923705287,3138.0483456800653,15.0,116.83198947648592,14308.219178082192,0,1,0,0,0,0
8071,24.7628,21515.240336906692,-659.6383232550305,5.0,2.43,3.0,-16334.491871099668,16334.491871099668,3138.0483456800653,15.0,116.83198947648592,14308.219178082192,0,1,0,0,0,0
8072,25.7064,20892.805615083245,-659.6383232550305,5.0,2.43,3.0,-16956.926592923115,16956.926592923115,3138.0483456800653,15.0,116.83198947648592,14308.219178082192,0,1,0,0,0,0
8073,22.4291,23054.638291886957,-659.6383232550305,5.0,2.43,3.0,-14795.093916119404,14795.093916119404,3138.0483456800653,15.0,116.83198947648592,14308.219178082192,0,1,0,0,0,0
8074,20.6421,24233.4119755437,-659.6383232550305,5.0,2.43,3.0,-13616.320232462665,13616.320232462665,3138.0483456800653,15.0,116.83198947648592,14308.219178082192,0,1,0,0,0,0
8075,20.1536,24555.64529645378,-659.6383232550305,5.0,2.43,3.0,-13294.086911552584,13294.086911552584,3138.0483456800653,15.0,116.83198947648592,14308.219178082192,0,1,0,0,0,0
8076,20.5818,24273.188166435975,-659.6383232550305,5.0,2.43,3.0,-13576.544041570387,13576.544041570387,3138.0483456800653,15.0,116.83198947648592,14308.219178082192,0,1,0,0,0,0
8077,21.0838,23942.049728161946,-659.6383232550305,5.0,2.43,3.0,-13907.682479844412,13907.682479844412,3138.0483456800653,15.0,116.83198947648592,14308.219178082192,0,1,0,0,0,0
8078,20.6831,24206.36680429024,-659.6383232550305,5.0,2.43,3.0,-13643.365403716121,13643.365403716121,3138.0483456800653,15.0,116.83198947648592,14308.219178082192,0,1,0,0,0,0
8079,21.0888,23938.751536545675,-659.6383232550305,5.0,2.43,3.0,-13910.980671460688,13910.980671460688,3138.0483456800653,15.0,116.83198947648592,14308.219178082192,0,1,0,0,0,0
8080,23.3791,22427.981884794677,-659.6383232550305,5.0,2.43,3.0,-15421.750323211685,15421.750323211685,3138.0483456800653,15.0,116.83198947648592,14308.219178082192,0,1,0,0,0,0
8081,24.0877,21960.56216893616,-659.6383232550305,5.0,2.43,3.0,-15889.170039070199,15889.170039070199,3138.0483456800653,15.0,116.83198947648592,14308.219178082192,0,1,0,0,0,0
8082,24.4096,21748.224592680366,-659.6383232550305,5.0,2.43,3.0,-16101.507615325994,16101.507615325994,3138.0483456800653,15.0,116.83198947648592,14308.219178082192,0,1,0,0,0,0
8083,23.0508,22644.541146319305,-659.6383232550305,5.0,2.43,3.0,-15205.191061687057,15205.191061687057,3138.0483456800653,15.0,116.83198947648592,14308.219178082192,0,1,0,0,0,0
8084,22.897,22745.993520435928,-659.6383232550305,5.0,2.43,3.0,-15103.738687570432,15103.738687570432,3138.0483456800653,15.0,116.83198947648592,14308.219178082192,0,1,0,0,0,0
8085,21.327,23781.625687946325,-659.6383232550305,5.0,2.43,3.0,-14068.106520060037,14068.106520060037,3138.0483456800653,15.0,116.83198947648592,14308.219178082192,0,1,0,0,0,0
8086,19.2351,25161.523096363522,-659.6383232550305,5.0,2.43,3.0,-12688.209111642836,12688.209111642836,3138.0483456800653,15.0,116.83198947648592,14308.219178082192,0,1,0,0,0,0
8087,18.8981,25383.82121130047,-659.6383232550305,5.0,2.43,3.0,-12465.910996705892,12465.910996705892,3138.0483456800653,15.0,116.83198947648592,14308.219178082192,0,1,0,0,0,0
8088,18.0051,25972.87823396721,-659.6383232550305,5.0,2.43,3.0,-11876.85397403915,11876.85397403915,3138.0483456800653,15.0,116.83198947648592,14308.219178082192,0,1,0,0,0,0
8089,18.51,25639.826844555748,-659.6383232550305,5.0,2.43,3.0,-12209.905363450616,12209.905363450616,3138.0483456800653,15.0,116.83198947648592,14308.219178082192,0,1,0,0,0,0
8090,17.9016,26041.150800424108,-659.6383232550305,5.0,2.43,3.0,-11808.581407582253,11808.581407582253,3138.0483456800653,15.0,116.83198947648592,14308.219178082192,0,1,0,0,0,0
8091,18.5003,25646.225336291318,-659.6383232550305,5.0,2.43,3.0,-12203.50687171504,12203.50687171504,3138.0483456800653,15.0,116.83198947648592,14308.219178082192,0,1,0,0,0,0
8092,19.452,25018.447544049508,-659.6383232550305,5.0,2.43,3.0,-12831.284663956854,12831.284663956854,3138.0483456800653,15.0,116.83198947648592,14308.219178082192,0,1,0,0,0,0
8093,20.225,24508.547120173367,-659.6383232550305,5.0,2.43,3.0,-13341.185087832993,13341.185087832993,3138.0483456800653,15.0,116.83198947648592,14308.219178082192,0,1,0,0,0,0
8094,26.81,20164.828761538993,-659.6383232550305,5.0,2.43,3.0,-17684.903446467368,17684.903446467368,3138.0483456800653,15.0,116.83198947648592,14308.219178082192,0,1,0,0,0,0
8095,27.3159,19831.117733804273,-659.6383232550305,5.0,2.43,3.0,-18018.614474202088,18018.614474202088,3138.0483456800653,15.0,116.83198947648592,14308.219178082192,0,1,0,0,0,0
8096,23.6602,22242.557552127688,-659.6383232550305,5.0,2.43,3.0,-15607.174655878673,15607.174655878673,3138.0483456800653,15.0,116.83198947648592,14308.219178082192,0,1,0,0,0,0
8097,22.4614,23033.331974045817,-659.6383232550305,5.0,2.43,3.0,-14816.400233960543,14816.400233960543,3138.0483456800653,15.0,116.83198947648592,14308.219178082192,0,1,0,0,0,0
8098,21.937,23379.246310760755,-659.6383232550305,5.0,2.43,3.0,-14470.485897245606,14470.485897245606,3138.0483456800653,15.0,116.83198947648592,14308.219178082192,0,1,0,0,0,0
8099,20.8218,24114.87496885477,-659.6383232550305,5.0,2.43,3.0,-13734.857239151594,13734.857239151594,3138.0483456800653,15.0,116.83198947648592,14308.219178082192,0,1,0,0,0,0
8100,18.6479,25548.862719778877,-659.6383232550305,5.0,2.43,3.0,-12300.869488227483,12300.869488227483,3138.0483456800653,15.0,116.83198947648592,14308.219178082192,0,1,0,0,0,0
8101,19.1565,25213.37066857137,-659.6383232550305,5.0,2.43,3.0,-12636.361539434993,12636.361539434993,3138.0483456800653,15.0,116.83198947648592,14308.219178082192,0,1,0,0,0,0
8102,18.5954,25583.493731749768,-659.6383232550305,5.0,2.43,3.0,-12266.238476256596,12266.238476256596,3138.0483456800653,15.0,116.83198947648592,14308.219178082192,0,1,0,0,0,0
8103,19.568,24941.929498551923,-659.6383232550305,5.0,2.43,3.0,-12907.802709454438,12907.802709454438,3138.0483456800653,15.0,116.83198947648592,14308.219178082192,0,1,0,0,0,0
8104,22.9653,22700.940222957608,-659.6383232550305,5.0,2.43,3.0,-15148.791985048752,15148.791985048752,3138.0483456800653,15.0,116.83198947648592,14308.219178082192,0,1,0,0,0,0
8105,26.1115,20625.58613033263,-659.6383232550305,5.0,2.43,3.0,-17224.14607767373,17224.14607767373,3138.0483456800653,15.0,116.83198947648592,14308.219178082192,0,1,0,0,0,0
8106,23.1581,22573.76195423404,-659.6383232550305,5.0,2.43,3.0,-15275.970253772322,15275.970253772322,3138.0483456800653,15.0,116.83198947648592,14308.219178082192,0,1,0,0,0,0
8107,21.8813,23415.988165366063,-659.6383232550305,5.0,2.43,3.0,-14433.744042640299,14433.744042640299,3138.0483456800653,15.0,116.83198947648592,14308.219178082192,0,1,0,0,0,0
8108,24.7816,21502.839136429495,-659.6383232550305,5.0,2.43,3.0,-16346.893071576866,16346.893071576866,3138.0483456800653,15.0,116.83198947648592,14308.219178082192,0,1,0,0,0,0
8109,21.2001,23865.333791167388,-659.6383232550305,5.0,2.43,3.0,-13984.398416838972,13984.398416838972,3138.0483456800653,15.0,116.83198947648592,14308.219178082192,0,1,0,0,0,0
8110,19.5871,24929.330406577756,-659.6383232550305,5.0,2.43,3.0,-12920.401801428608,12920.401801428608,3138.0483456800653,15.0,116.83198947648592,14308.219178082192,0,1,0,0,0,0
8111,17.2109,26496.762990296356,-659.6383232550305,5.0,2.43,3.0,-11352.969217710004,11352.969217710004,3138.0483456800653,15.0,116.83198947648592,14308.219178082192,0,1,0,0,0,0
8112,18.8976,25384.151030462097,-659.6383232550305,5.0,2.43,3.0,-12465.581177544265,12465.581177544265,3138.0483456800653,15.0,116.83198947648592,14308.219178082192,0,1,0,0,0,0
8113,18.4636,25670.43406275478,-659.6383232550305,5.0,2.43,3.0,-12179.298145251581,12179.298145251581,3138.0483456800653,15.0,116.83198947648592,14308.219178082192,0,1,0,0,0,0
8114,18.7497,25481.711538471514,-659.6383232550305,5.0,2.43,3.0,-12368.020669534846,12368.020669534846,3138.0483456800653,15.0,116.83198947648592,14308.219178082192,0,1,0,0,0,0
8115,19.5766,24936.256608971933,-659.6383232550305,5.0,2.43,3.0,-12913.47559903443,12913.47559903443,3138.0483456800653,15.0,116.83198947648592,14308.219178082192,0,1,0,0,0,0
8116,21.0282,23978.72561893493,-659.6383232550305,5.0,2.43,3.0,-13871.006589071432,13871.006589071432,3138.0483456800653,15.0,116.83198947648592,14308.219178082192,0,1,0,0,0,0
8117,20.3409,24432.09503850811,-659.6383232550305,5.0,2.43,3.0,-13417.637169498252,13417.637169498252,3138.0483456800653,15.0,116.83198947648592,14308.219178082192,0,1,0,0,0,0
8118,23.9021,22082.991041732297,-659.6383232550305,5.0,2.43,3.0,-15766.741166274065,15766.741166274065,3138.0483456800653,15.0,116.83198947648592,14308.219178082192,0,1,0,0,0,0
8119,33.4629,15776.320960755602,-659.6383232550305,5.0,2.43,3.0,-22073.41124725076,22073.41124725076,3138.0483456800653,15.0,116.83198947648592,14308.219178082192,0,1,0,0,0,0
8120,26.4898,20376.044952645254,-659.6383232550305,5.0,2.43,3.0,-17473.687255361107,17473.687255361107,3138.0483456800653,15.0,116.83198947648592,14308.219178082192,0,1,0,0,0,0
8121,21.4946,23671.070304968784,-659.6383232550305,5.0,2.43,3.0,-14178.661903037579,14178.661903037579,3138.0483456800653,15.0,116.83198947648592,14308.219178082192,0,1,0,0,0,0
8122,21.1715,23884.19944721248,-659.6383232550305,5.0,2.43,3.0,-13965.53276079388,13965.53276079388,3138.0483456800653,15.0,116.83198947648592,14308.219178082192,0,1,0,0,0,0
8123,21.027,23979.51718492283,-659.6383232550305,5.0,2.43,3.0,-13870.215023083527,13870.215023083527,3138.0483456800653,15.0,116.83198947648592,14308.219178082192,0,1,0,0,0,0
8124,19.8204,24775.436785762355,-659.6383232550305,5.0,2.43,3.0,-13074.295422244006,13074.295422244006,3138.0483456800653,15.0,116.83198947648592,14308.219178082192,0,1,0,0,0,0
8125,20.2093,24518.903441848473,-659.6383232550305,5.0,2.43,3.0,-13330.828766157887,13330.828766157887,3138.0483456800653,15.0,116.83198947648592,14308.219178082192,0,1,0,0,0,0
8126,20.579,24275.035153741086,-659.6383232550305,5.0,2.43,3.0,-13574.697054265273,13574.697054265273,3138.0483456800653,15.0,116.83198947648592,14308.219178082192,0,1,0,0,0,0
8127,20.9147,24053.594568624372,-659.6383232550305,5.0,2.43,3.0,-13796.137639381986,13796.137639381986,3138.0483456800653,15.0,116.83198947648592,14308.219178082192,0,1,0,0,0,0
8128,22.0988,23272.51683005809,-659.6383232550305,5.0,2.43,3.0,-14577.215377948269,14577.215377948269,3138.0483456800653,15.0,116.83198947648592,14308.219178082192,0,1,0,0,0,0
8129,129.4309,60978.79574426904,650.0,0,2.43,3.0,84130.085,-84130.085,15071.972825128516,0,556.8949724310688,14308.219178082192,1,0,0,0,0,0
8130,25.7615,20856.45954347189,-659.6383232550305,5.0,2.43,3.0,-16993.27266453447,16993.27266453447,3138.0483456800653,15.0,116.83198947648592,14308.219178082192,0,1,0,0,0,0
8131,25.1627,21251.450971437003,-659.6383232550305,5.0,2.43,3.0,-16598.281236569357,16598.281236569357,3138.0483456800653,15.0,116.83198947648592,14308.219178082192,0,1,0,0,0,0
8132,22.5752,22958.265132859397,-659.6383232550305,5.0,2.43,3.0,-14891.467075146964,14891.467075146964,3138.0483456800653,15.0,116.83198947648592,14308.219178082192,0,1,0,0,0,0
8133,23.4536,22378.838829712175,-659.6383232550305,5.0,2.43,3.0,-15470.893378294184,15470.893378294184,3138.0483456800653,15.0,116.83198947648592,14308.219178082192,0,1,0,0,0,0
8134,20.295,24462.372437545513,-659.6383232550305,5.0,2.43,3.0,-13387.359770460846,13387.359770460846,3138.0483456800653,15.0,116.83198947648592,14308.219178082192,0,1,0,0,0,0
8135,18.9883,25324.321834542865,-659.6383232550305,5.0,2.43,3.0,-12525.410373463495,12525.410373463495,3138.0483456800653,15.0,116.83198947648592,14308.219178082192,0,1,0,0,0,0
8136,19.4306,25032.563804167163,-659.6383232550305,5.0,2.43,3.0,-12817.168403839194,12817.168403839194,3138.0483456800653,15.0,116.83198947648592,14308.219178082192,0,1,0,0,0,0
8137,18.8004,25448.267875482485,-659.6383232550305,5.0,2.43,3.0,-12401.464332523876,12401.464332523876,3138.0483456800653,15.0,116.83198947648592,14308.219178082192,0,1,0,0,0,0
8138,18.5081,25641.080157369932,-659.6383232550305,5.0,2.43,3.0,-12208.652050636429,12208.652050636429,3138.0483456800653,15.0,116.83198947648592,14308.219178082192,0,1,0,0,0,0
8139,19.0152,25306.577563647304,-659.6383232550305,5.0,2.43,3.0,-12543.154644359056,12543.154644359056,3138.0483456800653,15.0,116.83198947648592,14308.219178082192,0,1,0,0,0,0
8140,19.746,24824.51387701253,-659.6383232550305,5.0,2.43,3.0,-13025.218330993832,13025.218330993832,3138.0483456800653,15.0,116.83198947648592,14308.219178082192,0,1,0,0,0,0
8141,20.6299,24241.45956308741,-659.6383232550305,5.0,2.43,3.0,-13608.272644918954,13608.272644918954,3138.0483456800653,15.0,116.83198947648592,14308.219178082192,0,1,0,0,0,0
8142,24.5438,21659.70112969954,-659.6383232550305,5.0,2.43,3.0,-16190.031078306818,16190.031078306818,3138.0483456800653,15.0,116.83198947648592,14308.219178082192,0,1,0,0,0,0
8143,23.7919,22155.683184955,-659.6383232550305,5.0,2.43,3.0,-15694.049023051359,15694.049023051359,3138.0483456800653,15.0,116.83198947648592,14308.219178082192,0,1,0,0,0,0
8144,22.6095,22935.639538371746,-659.6383232550305,5.0,2.43,3.0,-14914.092669634612,14914.092669634612,3138.0483456800653,15.0,116.83198947648592,14308.219178082192,0,1,0,0,0,0
8145,22.4487,23041.70938075116,-659.6383232550305,5.0,2.43,3.0,-14808.022827255203,14808.022827255203,3138.0483456800653,15.0,116.83198947648592,14308.219178082192,0,1,0,0,0,0
8146,22.3044,23136.89519079686,-659.6383232550305,5.0,2.43,3.0,-14712.837017209504,14712.837017209504,3138.0483456800653,15.0,116.83198947648592,14308.219178082192,0,1,0,0,0,0
8147,21.9482,23371.8583615403,-659.6383232550305,5.0,2.43,3.0,-14477.87384646606,14477.87384646606,3138.0483456800653,15.0,116.83198947648592,14308.219178082192,0,1,0,0,0,0
8148,22.1089,23265.854482993218,-659.6383232550305,5.0,2.43,3.0,-14583.877725013142,14583.877725013142,3138.0483456800653,15.0,116.83198947648592,14308.219178082192,0,1,0,0,0,0
8149,21.7742,23486.635429786675,-659.6383232550305,5.0,2.43,3.0,-14363.096778219686,14363.096778219686,3138.0483456800653,15.0,116.83198947648592,14308.219178082192,0,1,0,0,0,0
8150,21.7474,23504.31373684991,-659.6383232550305,5.0,2.43,3.0,-14345.41847115645,14345.41847115645,3138.0483456800653,15.0,116.83198947648592,14308.219178082192,0,1,0,0,0,0
8151,21.9946,23341.251143341266,-659.6383232550305,5.0,2.43,3.0,-14508.481064665093,14508.481064665093,3138.0483456800653,15.0,116.83198947648592,14308.219178082192,0,1,0,0,0,0
8152,26.7707,20190.752547642915,-659.6383232550305,5.0,2.43,3.0,-17658.979660363446,17658.979660363446,3138.0483456800653,15.0,116.83198947648592,14308.219178082192,0,1,0,0,0,0
8153,75.5485,25955.235744269023,650.0,0,2.43,3.0,49106.525,-49106.525,15071.972825128516,0,556.8949724310688,14308.219178082192,1,0,0,0,0,0
8154,69.8608,22258.230744269018,650.0,0,2.43,3.0,45409.52,-45409.52,15071.972825128516,0,556.8949724310688,14308.219178082192,1,0,0,0,0,0
8155,104.6543,44874.00574426903,650.0,0,2.43,3.0,68025.295,-68025.295,15071.972825128516,0,556.8949724310688,14308.219178082192,1,0,0,0,0,0
8156,24.6012,21621.837889944705,-659.6383232550305,5.0,2.43,3.0,-16227.894318061655,16227.894318061655,3138.0483456800653,15.0,116.83198947648592,14308.219178082192,0,1,0,0,0,0
8157,22.8659,22766.50827228916,-659.6383232550305,5.0,2.43,3.0,-15083.223935717202,15083.223935717202,3138.0483456800653,15.0,116.83198947648592,14308.219178082192,0,1,0,0,0,0
8158,22.0637,23295.670135204346,-659.6383232550305,5.0,2.43,3.0,-14554.062072802017,14554.062072802017,3138.0483456800653,15.0,116.83198947648592,14308.219178082192,0,1,0,0,0,0
8159,21.4617,23692.772405803873,-659.6383232550305,5.0,2.43,3.0,-14156.95980220249,14156.95980220249,3138.0483456800653,15.0,116.83198947648592,14308.219178082192,0,1,0,0,0,0
8160,21.5526,23632.81128221999,-659.6383232550305,5.0,2.43,3.0,-14216.920925786371,14216.920925786371,3138.0483456800653,15.0,116.83198947648592,14308.219178082192,0,1,0,0,0,0
8161,21.3585,23760.847080763793,-659.6383232550305,5.0,2.43,3.0,-14088.885127242569,14088.885127242569,3138.0483456800653,15.0,116.83198947648592,14308.219178082192,0,1,0,0,0,0
8162,21.2293,23846.072352128343,-659.6383232550305,5.0,2.43,3.0,-14003.659855878019,14003.659855878019,3138.0483456800653,15.0,116.83198947648592,14308.219178082192,0,1,0,0,0,0
8163,21.1976,23866.982886975526,-659.6383232550305,5.0,2.43,3.0,-13982.749321030835,13982.749321030835,3138.0483456800653,15.0,116.83198947648592,14308.219178082192,0,1,0,0,0,0
8164,21.7167,23524.56463337384,-659.6383232550305,5.0,2.43,3.0,-14325.16757463252,14325.16757463252,3138.0483456800653,15.0,116.83198947648592,14308.219178082192,0,1,0,0,0,0
8165,21.9491,23371.26468704937,-659.6383232550305,5.0,2.43,3.0,-14478.46752095699,14478.46752095699,3138.0483456800653,15.0,116.83198947648592,14308.219178082192,0,1,0,0,0,0
8166,23.1673,22567.69328166009,-659.6383232550305,5.0,2.43,3.0,-15282.03892634627,15282.03892634627,3138.0483456800653,15.0,116.83198947648592,14308.219178082192,0,1,0,0,0,0
8167,26.5474,20338.049785225765,-659.6383232550305,5.0,2.43,3.0,-17511.682422780596,17511.682422780596,3138.0483456800653,15.0,116.83198947648592,14308.219178082192,0,1,0,0,0,0
8168,27.5699,19663.569599697494,-659.6383232550305,5.0,2.43,3.0,-18186.162608308867,18186.162608308867,3138.0483456800653,15.0,116.83198947648592,14308.219178082192,0,1,0,0,0,0
8169,23.1901,22552.653527889877,-659.6383232550305,5.0,2.43,3.0,-15297.078680116483,15297.078680116483,3138.0483456800653,15.0,116.83198947648592,14308.219178082192,0,1,0,0,0,0
8170,25.5596,20989.640520937082,-659.6383232550305,5.0,2.43,3.0,-16860.091687069278,16860.091687069278,3138.0483456800653,15.0,116.83198947648592,14308.219178082192,0,1,0,0,0,0
8171,21.3716,23752.205818729148,-659.6383232550305,5.0,2.43,3.0,-14097.526389277211,14097.526389277211,3138.0483456800653,15.0,116.83198947648592,14308.219178082192,0,1,0,0,0,0
8172,19.954,24687.30910577548,-659.6383232550305,5.0,2.43,3.0,-13162.42310223088,13162.42310223088,3138.0483456800653,15.0,116.83198947648592,14308.219178082192,0,1,0,0,0,0
8173,19.8011,24788.167805401175,-659.6383232550305,5.0,2.43,3.0,-13061.564402605185,13061.564402605185,3138.0483456800653,15.0,116.83198947648592,14308.219178082192,0,1,0,0,0,0
8174,18.8875,25390.813377526974,-659.6383232550305,5.0,2.43,3.0,-12458.918830479388,12458.918830479388,3138.0483456800653,15.0,116.83198947648592,14308.219178082192,0,1,0,0,0,0
8175,20.5808,24273.84780475923,-659.6383232550305,5.0,2.43,3.0,-13575.884403247132,13575.884403247132,3138.0483456800653,15.0,116.83198947648592,14308.219178082192,0,1,0,0,0,0
8176,24.6872,21565.10899414477,-659.6383232550305,5.0,2.43,3.0,-16284.62321386159,16284.62321386159,3138.0483456800653,15.0,116.83198947648592,14308.219178082192,0,1,0,0,0,0
8177,41.4902,10481.206248490493,-659.6383232550305,5.0,2.43,3.0,-27368.525959515868,27368.525959515868,3138.0483456800653,15.0,116.83198947648592,14308.219178082192,0,1,0,0,0,0
8178,25.9744,20716.022544450898,-659.6383232550305,5.0,2.43,3.0,-17133.709663555463,17133.709663555463,3138.0483456800653,15.0,116.83198947648592,14308.219178082192,0,1,0,0,0,0
8179,26.068,20654.280397394225,-659.6383232550305,5.0,2.43,3.0,-17195.451810612136,17195.451810612136,3138.0483456800653,15.0,116.83198947648592,14308.219178082192,0,1,0,0,0,0
8180,31.5035,17068.816291341507,-659.6383232550305,5.0,2.43,3.0,-20780.915916664853,20780.915916664853,3138.0483456800653,15.0,116.83198947648592,14308.219178082192,0,1,0,0,0,0
8181,34.1587,15317.344615434751,-659.6383232550305,5.0,2.43,3.0,-22532.387592571613,22532.387592571613,3138.0483456800653,15.0,116.83198947648592,14308.219178082192,0,1,0,0,0,0
8182,22.6438,22913.0139438841,-659.6383232550305,5.0,2.43,3.0,-14936.718264122259,14936.718264122259,3138.0483456800653,15.0,116.83198947648592,14308.219178082192,0,1,0,0,0,0
8183,22.3169,23128.64971175617,-659.6383232550305,5.0,2.43,3.0,-14721.08249625019,14721.08249625019,3138.0483456800653,15.0,116.83198947648592,14308.219178082192,0,1,0,0,0,0
8184,23.8312,22129.759398851078,-659.6383232550305,5.0,2.43,3.0,-15719.972809155282,15719.972809155282,3138.0483456800653,15.0,116.83198947648592,14308.219178082192,0,1,0,0,0,0
8185,22.5696,22961.95910746962,-659.6383232550305,5.0,2.43,3.0,-14887.773100536737,14887.773100536737,3138.0483456800653,15.0,116.83198947648592,14308.219178082192,0,1,0,0,0,0
8186,22.7575,22838.013066530002,-659.6383232550305,5.0,2.43,3.0,-15011.719141476357,15011.719141476357,3138.0483456800653,15.0,116.83198947648592,14308.219178082192,0,1,0,0,0,0
8187,21.3335,23777.338038845166,-659.6383232550305,5.0,2.43,3.0,-14072.394169161194,14072.394169161194,3138.0483456800653,15.0,116.83198947648592,14308.219178082192,0,1,0,0,0,0
8188,21.1189,23918.8964230157,-659.6383232550305,5.0,2.43,3.0,-13930.835784990664,13930.835784990664,3138.0483456800653,15.0,116.83198947648592,14308.219178082192,0,1,0,0,0,0
8189,20.3498,24426.224257431142,-659.6383232550305,5.0,2.43,3.0,-13423.507950575218,13423.507950575218,3138.0483456800653,15.0,116.83198947648592,14308.219178082192,0,1,0,0,0,0
8190,21.507,23662.890789760415,-659.6383232550305,5.0,2.43,3.0,-14186.841418245942,14186.841418245942,3138.0483456800653,15.0,116.83198947648592,14308.219178082192,0,1,0,0,0,0
8191,22.3356,23116.3144751113,-659.6383232550305,5.0,2.43,3.0,-14733.417732895059,14733.417732895059,3138.0483456800653,15.0,116.83198947648592,14308.219178082192,0,1,0,0,0,0
8192,20.9897,24004.12169438025,-659.6383232550305,5.0,2.43,3.0,-13845.610513626114,13845.610513626114,3138.0483456800653,15.0,116.83198947648592,14308.219178082192,0,1,0,0,0,0
8193,18.7528,25479.666659669423,-659.6383232550305,5.0,2.43,3.0,-12370.065548336937,12370.065548336937,3138.0483456800653,15.0,116.83198947648592,14308.219178082192,0,1,0,0,0,0
8194,19.0606,25276.629983771527,-659.6383232550305,5.0,2.43,3.0,-12573.102224234835,12573.102224234835,3138.0483456800653,15.0,116.83198947648592,14308.219178082192,0,1,0,0,0,0
8195,18.9025,25380.91880267815,-659.6383232550305,5.0,2.43,3.0,-12468.813405328214,12468.813405328214,3138.0483456800653,15.0,116.83198947648592,14308.219178082192,0,1,0,0,0,0
8196,18.6888,25521.883512357745,-659.6383232550305,5.0,2.43,3.0,-12327.848695648614,12327.848695648614,3138.0483456800653,15.0,116.83198947648592,14308.219178082192,0,1,0,0,0,0
8197,18.8481,25416.80312746322,-659.6383232550305,5.0,2.43,3.0,-12432.92908054314,12432.92908054314,3138.0483456800653,15.0,116.83198947648592,14308.219178082192,0,1,0,0,0,0
8198,18.6421,25552.688622053756,-659.6383232550305,5.0,2.43,3.0,-12297.043585952604,12297.043585952604,3138.0483456800653,15.0,116.83198947648592,14308.219178082192,0,1,0,0,0,0
8199,19.4239,25036.983380932972,-659.6383232550305,5.0,2.43,3.0,-12812.748827073387,12812.748827073387,3138.0483456800653,15.0,116.83198947648592,14308.219178082192,0,1,0,0,0,0
8200,23.7047,22213.20364674284,-659.6383232550305,5.0,2.43,3.0,-15636.528561263522,15636.528561263522,3138.0483456800653,15.0,116.83198947648592,14308.219178082192,0,1,0,0,0,0
8201,33.3611,15843.472142062965,-659.6383232550305,5.0,2.43,3.0,-22006.2600659434,22006.2600659434,3138.0483456800653,15.0,116.83198947648592,14308.219178082192,0,1,0,0,0,0
8202,22.676,22891.77358987529,-659.6383232550305,5.0,2.43,3.0,-14957.958618131071,14957.958618131071,3138.0483456800653,15.0,116.83198947648592,14308.219178082192,0,1,0,0,0,0
8203,21.9764,23353.256560824506,-659.6383232550305,5.0,2.43,3.0,-14496.475647181855,14496.475647181855,3138.0483456800653,15.0,116.83198947648592,14308.219178082192,0,1,0,0,0,0
8204,21.2616,23824.766034287204,-659.6383232550305,5.0,2.43,3.0,-14024.966173719158,14024.966173719158,3138.0483456800653,15.0,116.83198947648592,14308.219178082192,0,1,0,0,0,0
8205,20.5159,24316.65833193848,-659.6383232550305,5.0,2.43,3.0,-13533.07387606788,13533.07387606788,3138.0483456800653,15.0,116.83198947648592,14308.219178082192,0,1,0,0,0,0
8206,18.4616,25671.75333940129,-659.6383232550305,5.0,2.43,3.0,-12177.978868605072,12177.978868605072,3138.0483456800653,15.0,116.83198947648592,14308.219178082192,0,1,0,0,0,0
8207,17.1731,26521.697318915394,-659.6383232550305,5.0,2.43,3.0,-11328.034889090966,11328.034889090966,3138.0483456800653,15.0,116.83198947648592,14308.219178082192,0,1,0,0,0,0
8208,16.2486,27131.532948764674,-659.6383232550305,5.0,2.43,3.0,-10718.199259241688,10718.199259241688,3138.0483456800653,15.0,116.83198947648592,14308.219178082192,0,1,0,0,0,0
8209,15.4083,27685.827031795874,-659.6383232550305,5.0,2.43,3.0,-10163.905176210486,10163.905176210486,3138.0483456800653,15.0,116.83198947648592,14308.219178082192,0,1,0,0,0,0
8210,15.1013,27888.335997035167,-659.6383232550305,5.0,2.43,3.0,-9961.396210971192,9961.396210971192,3138.0483456800653,15.0,116.83198947648592,14308.219178082192,0,1,0,0,0,0
8211,15.3014,27756.342368551836,-659.6383232550305,5.0,2.43,3.0,-10093.389839454523,10093.389839454523,3138.0483456800653,15.0,116.83198947648592,14308.219178082192,0,1,0,0,0,0
8212,16.3202,27084.302844819613,-659.6383232550305,5.0,2.43,3.0,-10765.42936318675,10765.42936318675,3138.0483456800653,15.0,116.83198947648592,14308.219178082192,0,1,0,0,0,0
8213,20.1104,24584.141672018395,-659.6383232550305,5.0,2.43,3.0,-13265.590535987965,13265.590535987965,3138.0483456800653,15.0,116.83198947648592,14308.219178082192,0,1,0,0,0,0
8214,23.1673,22567.69328166009,-659.6383232550305,5.0,2.43,3.0,-15282.03892634627,15282.03892634627,3138.0483456800653,15.0,116.83198947648592,14308.219178082192,0,1,0,0,0,0
8215,24.1607,21912.408571338547,-659.6383232550305,5.0,2.43,3.0,-15937.323636667814,15937.323636667814,3138.0483456800653,15.0,116.83198947648592,14308.219178082192,0,1,0,0,0,0
8216,30.6213,17650.749220117094,-659.6383232550305,5.0,2.43,3.0,-20198.982987889267,20198.982987889267,3138.0483456800653,15.0,116.83198947648592,14308.219178082192,0,1,0,0,0,0
8217,27.8703,19465.414247391684,-659.6383232550305,5.0,2.43,3.0,-18384.317960614677,18384.317960614677,3138.0483456800653,15.0,116.83198947648592,14308.219178082192,0,1,0,0,0,0
8218,26.1778,20581.852109500822,-659.6383232550305,5.0,2.43,3.0,-17267.88009850554,17267.88009850554,3138.0483456800653,15.0,116.83198947648592,14308.219178082192,0,1,0,0,0,0
8219,26.3254,20484.48949298838,-659.6383232550305,5.0,2.43,3.0,-17365.24271501798,17365.24271501798,3138.0483456800653,15.0,116.83198947648592,14308.219178082192,0,1,0,0,0,0
8220,40.5271,11116.503917617418,-659.6383232550305,5.0,2.43,3.0,-26733.228290388946,26733.228290388946,3138.0483456800653,15.0,116.83198947648592,14308.219178082192,0,1,0,0,0,0
8221,24.4486,21722.498698073425,-659.6383232550305,5.0,2.43,3.0,-16127.233509932938,16127.233509932938,3138.0483456800653,15.0,116.83198947648592,14308.219178082192,0,1,0,0,0,0
8222,21.8322,23448.376407037882,-659.6383232550305,5.0,2.43,3.0,-14401.355800968477,14401.355800968477,3138.0483456800653,15.0,116.83198947648592,14308.219178082192,0,1,0,0,0,0
8223,23.0587,22639.330003565585,-659.6383232550305,5.0,2.43,3.0,-15210.402204440774,15210.402204440774,3138.0483456800653,15.0,116.83198947648592,14308.219178082192,0,1,0,0,0,0
8224,28.5484,19018.113500392446,-659.6383232550305,5.0,2.43,3.0,-18831.618707613914,18831.618707613914,3138.0483456800653,15.0,116.83198947648592,14308.219178082192,0,1,0,0,0,0
8225,24.5037,21686.15262646207,-659.6383232550305,5.0,2.43,3.0,-16163.57958154429,16163.57958154429,3138.0483456800653,15.0,116.83198947648592,14308.219178082192,0,1,0,0,0,0
8226,24.3309,21800.138128720537,-659.6383232550305,5.0,2.43,3.0,-16049.594079285822,16049.594079285822,3138.0483456800653,15.0,116.83198947648592,14308.219178082192,0,1,0,0,0,0
8227,21.3242,23783.47267525144,-659.6383232550305,5.0,2.43,3.0,-14066.259532754922,14066.259532754922,3138.0483456800653,15.0,116.83198947648592,14308.219178082192,0,1,0,0,0,0
8228,21.0354,23973.976223007492,-659.6383232550305,5.0,2.43,3.0,-13875.755984998868,13875.755984998868,3138.0483456800653,15.0,116.83198947648592,14308.219178082192,0,1,0,0,0,0
8229,19.3029,25116.799618046833,-659.6383232550305,5.0,2.43,3.0,-12732.93258995953,12732.93258995953,3138.0483456800653,15.0,116.83198947648592,14308.219178082192,0,1,0,0,0,0
8230,16.4053,27028.167623510606,-659.6383232550305,5.0,2.43,3.0,-10821.564584495753,10821.564584495753,3138.0483456800653,15.0,116.83198947648592,14308.219178082192,0,1,0,0,0,0
8231,14.6478,28187.481976631323,-659.6383232550305,5.0,2.43,3.0,-9662.250231375036,9662.250231375036,3138.0483456800653,15.0,116.83198947648592,14308.219178082192,0,1,0,0,0,0
8232,15.7206,27479.82198344333,-659.6383232550305,5.0,2.43,3.0,-10369.910224563033,10369.910224563033,3138.0483456800653,15.0,116.83198947648592,14308.219178082192,0,1,0,0,0,0
8233,15.2322,27801.989340521086,-659.6383232550305,5.0,2.43,3.0,-10047.742867485276,10047.742867485276,3138.0483456800653,15.0,116.83198947648592,14308.219178082192,0,1,0,0,0,0
8234,14.7183,28140.977474841846,-659.6383232550305,5.0,2.43,3.0,-9708.754733164515,9708.754733164515,3138.0483456800653,15.0,116.83198947648592,14308.219178082192,0,1,0,0,0,0
8235,14.3658,28373.499983789243,-659.6383232550305,5.0,2.43,3.0,-9476.232224217118,9476.232224217118,3138.0483456800653,15.0,116.83198947648592,14308.219178082192,0,1,0,0,0,0
8236,15.0338,27932.861583854883,-659.6383232550305,5.0,2.43,3.0,-9916.870624151477,9916.870624151477,3138.0483456800653,15.0,116.83198947648592,14308.219178082192,0,1,0,0,0,0
8237,18.2281,25825.778887881337,-659.6383232550305,5.0,2.43,3.0,-12023.953320125023,12023.953320125023,3138.0483456800653,15.0,116.83198947648592,14308.219178082192,0,1,0,0,0,0
8238,22.4468,23042.962693565343,-659.6383232550305,5.0,2.43,3.0,-14806.769514441019,14806.769514441019,3138.0483456800653,15.0,116.83198947648592,14308.219178082192,0,1,0,0,0,0
8239,24.1075,21947.50133013571,-659.6383232550305,5.0,2.43,3.0,-15902.230877870648,15902.230877870648,3138.0483456800653,15.0,116.83198947648592,14308.219178082192,0,1,0,0,0,0
8240,28.7267,18900.499987356074,-659.6383232550305,5.0,2.43,3.0,-18949.232220650287,18949.232220650287,3138.0483456800653,15.0,116.83198947648592,14308.219178082192,0,1,0,0,0,0
8241,36.1689,13991.33965802749,-659.6383232550305,5.0,2.43,3.0,-23858.392549978875,23858.392549978875,3138.0483456800653,15.0,116.83198947648592,14308.219178082192,0,1,0,0,0,0
8242,50.4635,9649.985744269025,650.0,0,2.43,3.0,32801.275,-32801.275,15071.972825128516,0,556.8949724310688,14308.219178082192,1,0,0,0,0,0
8243,20.1652,24547.99349190402,-659.6383232550305,5.0,2.43,3.0,-13301.73871610234,13301.73871610234,3138.0483456800653,15.0,116.83198947648592,14308.219178082192,0,1,0,0,0,0
8244,20.9183,24051.219870660658,-659.6383232550305,5.0,2.43,3.0,-13798.512337345705,13798.512337345705,3138.0483456800653,15.0,116.83198947648592,14308.219178082192,0,1,0,0,0,0
8245,21.4975,23669.157353831346,-659.6383232550305,5.0,2.43,3.0,-14180.574854175018,14180.574854175018,3138.0483456800653,15.0,116.83198947648592,14308.219178082192,0,1,0,0,0,0
8246,20.7226,24180.311090521667,-659.6383232550305,5.0,2.43,3.0,-13669.421117484695,13669.421117484695,3138.0483456800653,15.0,116.83198947648592,14308.219178082192,0,1,0,0,0,0
8247,21.6944,23539.274567982426,-659.6383232550305,5.0,2.43,3.0,-14310.457640023935,14310.457640023935,3138.0483456800653,15.0,116.83198947648592,14308.219178082192,0,1,0,0,0,0
8248,22.2561,23168.755721810077,-659.6383232550305,5.0,2.43,3.0,-14680.976486196285,14680.976486196285,3138.0483456800653,15.0,116.83198947648592,14308.219178082192,0,1,0,0,0,0
8249,48.8834,8622.920744269026,650.0,0,2.43,3.0,31774.210000000003,-31774.210000000003,15071.972825128516,0,556.8949724310688,14308.219178082192,1,0,0,0,0,0
8250,65.3831,19347.72574426902,650.0,0,2.43,3.0,42499.015,-42499.015,15071.972825128516,0,556.8949724310688,14308.219178082192,1,0,0,0,0,0
8251,24.3983,21755.67850573315,-659.6383232550305,5.0,2.43,3.0,-16094.05370227321,16094.05370227321,3138.0483456800653,15.0,116.83198947648592,14308.219178082192,0,1,0,0,0,0
8252,23.9507,22050.932619222098,-659.6383232550305,5.0,2.43,3.0,-15798.79958878426,15798.79958878426,3138.0483456800653,15.0,116.83198947648592,14308.219178082192,0,1,0,0,0,0
8253,22.2236,23190.193967315863,-659.6383232550305,5.0,2.43,3.0,-14659.538240690497,14659.538240690497,3138.0483456800653,15.0,116.83198947648592,14308.219178082192,0,1,0,0,0,0
8254,20.6988,24196.010482615136,-659.6383232550305,5.0,2.43,3.0,-13653.721725391224,13653.721725391224,3138.0483456800653,15.0,116.83198947648592,14308.219178082192,0,1,0,0,0,0
8255,18.7219,25500.049483858005,-659.6383232550305,5.0,2.43,3.0,-12349.682724148357,12349.682724148357,3138.0483456800653,15.0,116.83198947648592,14308.219178082192,0,1,0,0,0,0
8256,17.9218,26027.826106294357,-659.6383232550305,5.0,2.43,3.0,-11821.906101712006,11821.906101712006,3138.0483456800653,15.0,116.83198947648592,14308.219178082192,0,1,0,0,0,0
8257,18.5966,25582.70216576186,-659.6383232550305,5.0,2.43,3.0,-12267.0300422445,12267.0300422445,3138.0483456800653,15.0,116.83198947648592,14308.219178082192,0,1,0,0,0,0
8258,19.4174,25041.27103003413,-659.6383232550305,5.0,2.43,3.0,-12808.461177972229,12808.461177972229,3138.0483456800653,15.0,116.83198947648592,14308.219178082192,0,1,0,0,0,0
8259,19.7801,24802.020210189534,-659.6383232550305,5.0,2.43,3.0,-13047.71199781683,13047.71199781683,3138.0483456800653,15.0,116.83198947648592,14308.219178082192,0,1,0,0,0,0
8260,20.7627,24153.859593759138,-659.6383232550305,5.0,2.43,3.0,-13695.87261424722,13695.87261424722,3138.0483456800653,15.0,116.83198947648592,14308.219178082192,0,1,0,0,0,0
8261,40.6582,11030.02533343868,-659.6383232550305,5.0,2.43,3.0,-26819.70687456768,26819.70687456768,3138.0483456800653,15.0,116.83198947648592,14308.219178082192,0,1,0,0,0,0
8262,25.3161,21150.262452649684,-659.6383232550305,5.0,2.43,3.0,-16699.469755356677,16699.469755356677,3138.0483456800653,15.0,116.83198947648592,14308.219178082192,0,1,0,0,0,0
8263,46.8595,7307.385744269023,650.0,0,2.43,3.0,30458.675,-30458.675,15071.972825128516,0,556.8949724310688,14308.219178082192,1,0,0,0,0,0
8264,24.1608,21912.34260750622,-659.6383232550305,5.0,2.43,3.0,-15937.38960050014,15937.38960050014,3138.0483456800653,15.0,116.83198947648592,14308.219178082192,0,1,0,0,0,0
8265,20.9922,24002.47259857211,-659.6383232550305,5.0,2.43,3.0,-13847.259609434252,13847.259609434252,3138.0483456800653,15.0,116.83198947648592,14308.219178082192,0,1,0,0,0,0
8266,23.1416,22584.645986567746,-659.6383232550305,5.0,2.43,3.0,-15265.086221438614,15265.086221438614,3138.0483456800653,15.0,116.83198947648592,14308.219178082192,0,1,0,0,0,0
8267,22.9622,22702.9851017597,-659.6383232550305,5.0,2.43,3.0,-15146.747106246661,15146.747106246661,3138.0483456800653,15.0,116.83198947648592,14308.219178082192,0,1,0,0,0,0
8268,23.0055,22674.422762362756,-659.6383232550305,5.0,2.43,3.0,-15175.309445643605,15175.309445643605,3138.0483456800653,15.0,116.83198947648592,14308.219178082192,0,1,0,0,0,0
8269,22.5798,22955.230796572425,-659.6383232550305,5.0,2.43,3.0,-14894.501411433937,14894.501411433937,3138.0483456800653,15.0,116.83198947648592,14308.219178082192,0,1,0,0,0,0
8270,23.1147,22602.390257463307,-659.6383232550305,5.0,2.43,3.0,-15247.341950543054,15247.341950543054,3138.0483456800653,15.0,116.83198947648592,14308.219178082192,0,1,0,0,0,0
8271,22.9352,22720.795336487587,-659.6383232550305,5.0,2.43,3.0,-15128.936871518774,15128.936871518774,3138.0483456800653,15.0,116.83198947648592,14308.219178082192,0,1,0,0,0,0
8272,31.9387,16781.741693060918,-659.6383232550305,5.0,2.43,3.0,-21067.990514945443,21067.990514945443,3138.0483456800653,15.0,116.83198947648592,14308.219178082192,0,1,0,0,0,0
8273,31.5104,17064.264786911044,-659.6383232550305,5.0,2.43,3.0,-20785.467421095313,20785.467421095313,3138.0483456800653,15.0,116.83198947648592,14308.219178082192,0,1,0,0,0,0
8274,30.3741,17813.81181362574,-659.6383232550305,5.0,2.43,3.0,-20035.92039438062,20035.92039438062,3138.0483456800653,15.0,116.83198947648592,14308.219178082192,0,1,0,0,0,0
8275,40.0048,11461.033013853514,-659.6383232550305,5.0,2.43,3.0,-26388.699194152847,26388.699194152847,3138.0483456800653,15.0,116.83198947648592,14308.219178082192,0,1,0,0,0,0
8276,44.2408,8666.805076545206,-659.6383232550305,5.0,2.43,3.0,-29182.927131461154,29182.927131461154,3138.0483456800653,15.0,116.83198947648592,14308.219178082192,0,1,0,0,0,0
8277,33.5239,15736.083023037045,-659.6383232550305,5.0,2.43,3.0,-22113.649184969316,22113.649184969316,3138.0483456800653,15.0,116.83198947648592,14308.219178082192,0,1,0,0,0,0
8278,26.0916,20638.71293296541,-659.6383232550305,5.0,2.43,3.0,-17211.019275040955,17211.019275040955,3138.0483456800653,15.0,116.83198947648592,14308.219178082192,0,1,0,0,0,0
8279,23.9804,22031.341361021427,-659.6383232550305,5.0,2.43,3.0,-15818.390846984934,15818.390846984934,3138.0483456800653,15.0,116.83198947648592,14308.219178082192,0,1,0,0,0,0
8280,23.1904,22552.4556363929,-659.6383232550305,5.0,2.43,3.0,-15297.27657161346,15297.27657161346,3138.0483456800653,15.0,116.83198947648592,14308.219178082192,0,1,0,0,0,0
8281,23.1255,22595.266163572152,-659.6383232550305,5.0,2.43,3.0,-15254.466044434208,15254.466044434208,3138.0483456800653,15.0,116.83198947648592,14308.219178082192,0,1,0,0,0,0
8282,39.7183,11650.019393466086,-659.6383232550305,5.0,2.43,3.0,-26199.71281454028,26199.71281454028,3138.0483456800653,15.0,116.83198947648592,14308.219178082192,0,1,0,0,0,0
8283,22.9102,22737.286294568963,-659.6383232550305,5.0,2.43,3.0,-15112.4459134374,15112.4459134374,3138.0483456800653,15.0,116.83198947648592,14308.219178082192,0,1,0,0,0,0
8284,25.9962,20701.642429003936,-659.6383232550305,5.0,2.43,3.0,-17148.089779002425,17148.089779002425,3138.0483456800653,15.0,116.83198947648592,14308.219178082192,0,1,0,0,0,0
8285,29.3608,18482.22332658006,-659.6383232550305,5.0,2.43,3.0,-19367.5088814263,19367.5088814263,3138.0483456800653,15.0,116.83198947648592,14308.219178082192,0,1,0,0,0,0
8286,41.6832,10353.896052102271,-659.6383232550305,5.0,2.43,3.0,-27495.836155904086,27495.836155904086,3138.0483456800653,15.0,116.83198947648592,14308.219178082192,0,1,0,0,0,0
8287,56.6923,13698.705744269026,650.0,0,2.43,3.0,36849.995,-36849.995,15071.972825128516,0,556.8949724310688,14308.219178082192,1,0,0,0,0,0
8288,30.5051,17727.39919327933,-659.6383232550305,5.0,2.43,3.0,-20122.33301472703,20122.33301472703,3138.0483456800653,15.0,116.83198947648592,14308.219178082192,0,1,0,0,0,0
8289,24.7753,21506.994857866004,-659.6383232550305,5.0,2.43,3.0,-16342.737350140358,16342.737350140358,3138.0483456800653,15.0,116.83198947648592,14308.219178082192,0,1,0,0,0,0
8290,22.9933,22682.470349906467,-659.6383232550305,5.0,2.43,3.0,-15167.261858099893,15167.261858099893,3138.0483456800653,15.0,116.83198947648592,14308.219178082192,0,1,0,0,0,0
8291,21.9674,23359.193305733803,-659.6383232550305,5.0,2.43,3.0,-14490.538902272558,14490.538902272558,3138.0483456800653,15.0,116.83198947648592,14308.219178082192,0,1,0,0,0,0
8292,22.18,23218.954198209787,-659.6383232550305,5.0,2.43,3.0,-14630.778009796577,14630.778009796577,3138.0483456800653,15.0,116.83198947648592,14308.219178082192,0,1,0,0,0,0
8293,21.6322,23580.30407168889,-659.6383232550305,5.0,2.43,3.0,-14269.428136317472,14269.428136317472,3138.0483456800653,15.0,116.83198947648592,14308.219178082192,0,1,0,0,0,0
8294,20.9565,24026.021686712316,-659.6383232550305,5.0,2.43,3.0,-13823.710521294046,13823.710521294046,3138.0483456800653,15.0,116.83198947648592,14308.219178082192,0,1,0,0,0,0
8295,21.2198,23852.338916199264,-659.6383232550305,5.0,2.43,3.0,-13997.393291807097,13997.393291807097,3138.0483456800653,15.0,116.83198947648592,14308.219178082192,0,1,0,0,0,0
8296,26.1758,20583.171386147336,-659.6383232550305,5.0,2.43,3.0,-17266.560821859028,17266.560821859028,3138.0483456800653,15.0,116.83198947648592,14308.219178082192,0,1,0,0,0,0
8297,26.2903,20507.642798134635,-659.6383232550305,5.0,2.43,3.0,-17342.08940987173,17342.08940987173,3138.0483456800653,15.0,116.83198947648592,14308.219178082192,0,1,0,0,0,0
8298,23.3876,22422.37495904701,-659.6383232550305,5.0,2.43,3.0,-15427.357248959352,15427.357248959352,3138.0483456800653,15.0,116.83198947648592,14308.219178082192,0,1,0,0,0,0
8299,24.5662,21644.925231258632,-659.6383232550305,5.0,2.43,3.0,-16204.80697674773,16204.80697674773,3138.0483456800653,15.0,116.83198947648592,14308.219178082192,0,1,0,0,0,0
8300,23.7525,22181.67293489125,-659.6383232550305,5.0,2.43,3.0,-15668.059273115114,15668.059273115114,3138.0483456800653,15.0,116.83198947648592,14308.219178082192,0,1,0,0,0,0
8301,23.0362,22654.171865838827,-659.6383232550305,5.0,2.43,3.0,-15195.560342167535,15195.560342167535,3138.0483456800653,15.0,116.83198947648592,14308.219178082192,0,1,0,0,0,0
8302,19.2964,25121.08726714799,-659.6383232550305,5.0,2.43,3.0,-12728.64494085837,12728.64494085837,3138.0483456800653,15.0,116.83198947648592,14308.219178082192,0,1,0,0,0,0
8303,18.171,25863.4442361392,-659.6383232550305,5.0,2.43,3.0,-11986.28797186716,11986.28797186716,3138.0483456800653,15.0,116.83198947648592,14308.219178082192,0,1,0,0,0,0
8304,19.1808,25197.34145731627,-659.6383232550305,5.0,2.43,3.0,-12652.39075069009,12652.39075069009,3138.0483456800653,15.0,116.83198947648592,14308.219178082192,0,1,0,0,0,0
8305,20.0901,24597.532329980473,-659.6383232550305,5.0,2.43,3.0,-13252.19987802589,13252.19987802589,3138.0483456800653,15.0,116.83198947648592,14308.219178082192,0,1,0,0,0,0
8306,19.9133,24714.156385531962,-659.6383232550305,5.0,2.43,3.0,-13135.575822474399,13135.575822474399,3138.0483456800653,15.0,116.83198947648592,14308.219178082192,0,1,0,0,0,0
8307,20.2357,24501.48899011454,-659.6383232550305,5.0,2.43,3.0,-13348.243217891822,13348.243217891822,3138.0483456800653,15.0,116.83198947648592,14308.219178082192,0,1,0,0,0,0
8308,19.9399,24696.61000613338,-659.6383232550305,5.0,2.43,3.0,-13153.122201872984,13153.122201872984,3138.0483456800653,15.0,116.83198947648592,14308.219178082192,0,1,0,0,0,0
8309,21.264,23823.18290231139,-659.6383232550305,5.0,2.43,3.0,-14026.549305694969,14026.549305694969,3138.0483456800653,15.0,116.83198947648592,14308.219178082192,0,1,0,0,0,0
8310,22.7796,22823.435059586067,-659.6383232550305,5.0,2.43,3.0,-15026.297148420292,15026.297148420292,3138.0483456800653,15.0,116.83198947648592,14308.219178082192,0,1,0,0,0,0
8311,23.7226,22201.396120756574,-659.6383232550305,5.0,2.43,3.0,-15648.336087249787,15648.336087249787,3138.0483456800653,15.0,116.83198947648592,14308.219178082192,0,1,0,0,0,0
8312,24.6784,21570.913811389415,-659.6383232550305,5.0,2.43,3.0,-16278.818396616945,16278.818396616945,3138.0483456800653,15.0,116.83198947648592,14308.219178082192,0,1,0,0,0,0
8313,51.034,10020.810744269022,650.0,0,2.43,3.0,33172.1,-33172.1,15071.972825128516,0,556.8949724310688,14308.219178082192,1,0,0,0,0,0
8314,32.7153,16269.466571221063,-659.6383232550305,5.0,2.43,3.0,-21580.265636785298,21580.265636785298,3138.0483456800653,15.0,116.83198947648592,14308.219178082192,0,1,0,0,0,0
8315,43.9926,8830.527308377103,-659.6383232550305,5.0,2.43,3.0,-29019.204899629258,29019.204899629258,3138.0483456800653,15.0,116.83198947648592,14308.219178082192,0,1,0,0,0,0
8316,23.2032,22544.01226585524,-659.6383232550305,5.0,2.43,3.0,-15305.719942151123,15305.719942151123,3138.0483456800653,15.0,116.83198947648592,14308.219178082192,0,1,0,0,0,0
8317,23.299,22480.818914487405,-659.6383232550305,5.0,2.43,3.0,-15368.913293518955,15368.913293518955,3138.0483456800653,15.0,116.83198947648592,14308.219178082192,0,1,0,0,0,0
8318,22.502,23006.550658121665,-659.6383232550305,5.0,2.43,3.0,-14843.181549884695,14843.181549884695,3138.0483456800653,15.0,116.83198947648592,14308.219178082192,0,1,0,0,0,0
8319,22.5007,23007.408187941895,-659.6383232550305,5.0,2.43,3.0,-14842.324020064463,14842.324020064463,3138.0483456800653,15.0,116.83198947648592,14308.219178082192,0,1,0,0,0,0
8320,26.6698,20257.310054459347,-659.6383232550305,5.0,2.43,3.0,-17592.422153547013,17592.422153547013,3138.0483456800653,15.0,116.83198947648592,14308.219178082192,0,1,0,0,0,0
8321,23.397,22416.174358808414,-659.6383232550305,5.0,2.43,3.0,-15433.557849197949,15433.557849197949,3138.0483456800653,15.0,116.83198947648592,14308.219178082192,0,1,0,0,0,0
8322,22.8785,22758.19682941615,-659.6383232550305,5.0,2.43,3.0,-15091.535378590215,15091.535378590215,3138.0483456800653,15.0,116.83198947648592,14308.219178082192,0,1,0,0,0,0
8323,22.8707,22763.34200833753,-659.6383232550305,5.0,2.43,3.0,-15086.390199668826,15086.390199668826,3138.0483456800653,15.0,116.83198947648592,14308.219178082192,0,1,0,0,0,0
8324,22.645,22912.222377896192,-659.6383232550305,5.0,2.43,3.0,-14937.509830110166,14937.509830110166,3138.0483456800653,15.0,116.83198947648592,14308.219178082192,0,1,0,0,0,0
8325,22.194,23209.719261684215,-659.6383232550305,5.0,2.43,3.0,-14640.012946322147,14640.012946322147,3138.0483456800653,15.0,116.83198947648592,14308.219178082192,0,1,0,0,0,0
8326,22.7937,22814.134159228168,-659.6383232550305,5.0,2.43,3.0,-15035.598048778189,15035.598048778189,3138.0483456800653,15.0,116.83198947648592,14308.219178082192,0,1,0,0,0,0
8327,20.5963,24263.623410748776,-659.6383232550305,5.0,2.43,3.0,-13586.108797257584,13586.108797257584,3138.0483456800653,15.0,116.83198947648592,14308.219178082192,0,1,0,0,0,0
8328,21.303,23797.457007704445,-659.6383232550305,5.0,2.43,3.0,-14052.275200301916,14052.275200301916,3138.0483456800653,15.0,116.83198947648592,14308.219178082192,0,1,0,0,0,0
8329,19.2298,25165.019179476774,-659.6383232550305,5.0,2.43,3.0,-12684.713028529586,12684.713028529586,3138.0483456800653,15.0,116.83198947648592,14308.219178082192,0,1,0,0,0,0
8330,19.333,25096.944504516854,-659.6383232550305,5.0,2.43,3.0,-12752.787703489505,12752.787703489505,3138.0483456800653,15.0,116.83198947648592,14308.219178082192,0,1,0,0,0,0
8331,18.2727,25796.359018664167,-659.6383232550305,5.0,2.43,3.0,-12053.373189342195,12053.373189342195,3138.0483456800653,15.0,116.83198947648592,14308.219178082192,0,1,0,0,0,0
8332,19.0362,25292.72515885895,-659.6383232550305,5.0,2.43,3.0,-12557.007049147413,12557.007049147413,3138.0483456800653,15.0,116.83198947648592,14308.219178082192,0,1,0,0,0,0
8333,18.52,25633.230461323197,-659.6383232550305,5.0,2.43,3.0,-12216.501746683165,12216.501746683165,3138.0483456800653,15.0,116.83198947648592,14308.219178082192,0,1,0,0,0,0
8334,19.651,24887.179517721757,-659.6383232550305,5.0,2.43,3.0,-12962.552690284605,12962.552690284605,3138.0483456800653,15.0,116.83198947648592,14308.219178082192,0,1,0,0,0,0
8335,22.1511,23238.017745751855,-659.6383232550305,5.0,2.43,3.0,-14611.714462254506,14611.714462254506,3138.0483456800653,15.0,116.83198947648592,14308.219178082192,0,1,0,0,0,0
8336,22.4446,23044.413897876504,-659.6383232550305,5.0,2.43,3.0,-14805.318310129858,14805.318310129858,3138.0483456800653,15.0,116.83198947648592,14308.219178082192,0,1,0,0,0,0
8337,22.6935,22880.229919218327,-659.6383232550305,5.0,2.43,3.0,-14969.502288788035,14969.502288788035,3138.0483456800653,15.0,116.83198947648592,14308.219178082192,0,1,0,0,0,0
8338,23.8286,22131.47445849154,-659.6383232550305,5.0,2.43,3.0,-15718.257749514822,15718.257749514822,3138.0483456800653,15.0,116.83198947648592,14308.219178082192,0,1,0,0,0,0
8339,22.3522,23105.364478945266,-659.6383232550305,5.0,2.43,3.0,-14744.367729061092,14744.367729061092,3138.0483456800653,15.0,116.83198947648592,14308.219178082192,0,1,0,0,0,0
8340,19.9888,24664.353692126206,-659.6383232550305,5.0,2.43,3.0,-13185.378515880155,13185.378515880155,3138.0483456800653,15.0,116.83198947648592,14308.219178082192,0,1,0,0,0,0
8341,18.8848,25392.594400999762,-659.6383232550305,5.0,2.43,3.0,-12457.137807006598,12457.137807006598,3138.0483456800653,15.0,116.83198947648592,14308.219178082192,0,1,0,0,0,0
8342,16.1747,27180.280220853216,-659.6383232550305,5.0,2.43,3.0,-10669.451987153143,10669.451987153143,3138.0483456800653,15.0,116.83198947648592,14308.219178082192,0,1,0,0,0,0
8343,17.617,26228.88386722249,-659.6383232550305,5.0,2.43,3.0,-11620.848340783874,11620.848340783874,3138.0483456800653,15.0,116.83198947648592,14308.219178082192,0,1,0,0,0,0
8344,20.5565,24289.877016014325,-659.6383232550305,5.0,2.43,3.0,-13559.855191992034,13559.855191992034,3138.0483456800653,15.0,116.83198947648592,14308.219178082192,0,1,0,0,0,0
8345,21.5728,23619.486588090236,-659.6383232550305,5.0,2.43,3.0,-14230.245619916122,14230.245619916122,3138.0483456800653,15.0,116.83198947648592,14308.219178082192,0,1,0,0,0,0
8346,20.4839,24337.76675828264,-659.6383232550305,5.0,2.43,3.0,-13511.965449723719,13511.965449723719,3138.0483456800653,15.0,116.83198947648592,14308.219178082192,0,1,0,0,0,0
8347,20.2836,24469.892314430625,-659.6383232550305,5.0,2.43,3.0,-13379.839893575738,13379.839893575738,3138.0483456800653,15.0,116.83198947648592,14308.219178082192,0,1,0,0,0,0
8348,21.0583,23958.870505404953,-659.6383232550305,5.0,2.43,3.0,-13890.861702601409,13890.861702601409,3138.0483456800653,15.0,116.83198947648592,14308.219178082192,0,1,0,0,0,0
8349,20.3381,24433.942025813223,-659.6383232550305,5.0,2.43,3.0,-13415.790182193137,13415.790182193137,3138.0483456800653,15.0,116.83198947648592,14308.219178082192,0,1,0,0,0,0
8350,18.328,25759.88101938816,-659.6383232550305,5.0,2.43,3.0,-12089.851188618199,12089.851188618199,3138.0483456800653,15.0,116.83198947648592,14308.219178082192,0,1,0,0,0,0
8351,17.654,26204.47724926205,-659.6383232550305,5.0,2.43,3.0,-11645.254958744308,11645.254958744308,3138.0483456800653,15.0,116.83198947648592,14308.219178082192,0,1,0,0,0,0
8352,17.7303,26154.14684519769,-659.6383232550305,5.0,2.43,3.0,-11695.585362808668,11695.585362808668,3138.0483456800653,15.0,116.83198947648592,14308.219178082192,0,1,0,0,0,0
8353,18.2503,25811.134917105075,-659.6383232550305,5.0,2.43,3.0,-12038.597290901283,12038.597290901283,3138.0483456800653,15.0,116.83198947648592,14308.219178082192,0,1,0,0,0,0
8354,16.9836,26646.698781172225,-659.6383232550305,5.0,2.43,3.0,-11203.033426834136,11203.033426834136,3138.0483456800653,15.0,116.83198947648592,14308.219178082192,0,1,0,0,0,0
8355,17.2444,26474.665106467313,-659.6383232550305,5.0,2.43,3.0,-11375.067101539047,11375.067101539047,3138.0483456800653,15.0,116.83198947648592,14308.219178082192,0,1,0,0,0,0
8356,15.8906,27367.683468489973,-659.6383232550305,5.0,2.43,3.0,-10482.048739516387,10482.048739516387,3138.0483456800653,15.0,116.83198947648592,14308.219178082192,0,1,0,0,0,0
8357,16.7507,26800.328546658322,-659.6383232550305,5.0,2.43,3.0,-11049.403661348038,11049.403661348038,3138.0483456800653,15.0,116.83198947648592,14308.219178082192,0,1,0,0,0,0
8358,18.0693,25930.52945361424,-659.6383232550305,5.0,2.43,3.0,-11919.202754392121,11919.202754392121,3138.0483456800653,15.0,116.83198947648592,14308.219178082192,0,1,0,0,0,0
8359,19.6874,24863.168682755273,-659.6383232550305,5.0,2.43,3.0,-12986.563525251087,12986.563525251087,3138.0483456800653,15.0,116.83198947648592,14308.219178082192,0,1,0,0,0,0
8360,19.656,24883.881326105482,-659.6383232550305,5.0,2.43,3.0,-12965.850881900878,12965.850881900878,3138.0483456800653,15.0,116.83198947648592,14308.219178082192,0,1,0,0,0,0
8361,19.4516,25018.711399378808,-659.6383232550305,5.0,2.43,3.0,-12831.02080862755,12831.02080862755,3138.0483456800653,15.0,116.83198947648592,14308.219178082192,0,1,0,0,0,0
8362,19.2985,25119.702026669154,-659.6383232550305,5.0,2.43,3.0,-12730.030181337206,12730.030181337206,3138.0483456800653,15.0,116.83198947648592,14308.219178082192,0,1,0,0,0,0
8363,18.8563,25411.394093212526,-659.6383232550305,5.0,2.43,3.0,-12438.338114793833,12438.338114793833,3138.0483456800653,15.0,116.83198947648592,14308.219178082192,0,1,0,0,0,0
8364,18.5408,25619.50998419949,-659.6383232550305,5.0,2.43,3.0,-12230.22222380687,12230.22222380687,3138.0483456800653,15.0,116.83198947648592,14308.219178082192,0,1,0,0,0,0
8365,18.3305,25758.231923580024,-659.6383232550305,5.0,2.43,3.0,-12091.500284426338,12091.500284426338,3138.0483456800653,15.0,116.83198947648592,14308.219178082192,0,1,0,0,0,0
8366,18.103,25908.299642120543,-659.6383232550305,5.0,2.43,3.0,-11941.432565885818,11941.432565885818,3138.0483456800653,15.0,116.83198947648592,14308.219178082192,0,1,0,0,0,0
8367,18.9436,25353.807667592366,-659.6383232550305,5.0,2.43,3.0,-12495.924540413997,12495.924540413997,3138.0483456800653,15.0,116.83198947648592,14308.219178082192,0,1,0,0,0,0
8368,21.6873,23543.95800007754,-659.6383232550305,5.0,2.43,3.0,-14305.774207928824,14305.774207928824,3138.0483456800653,15.0,116.83198947648592,14308.219178082192,0,1,0,0,0,0
8369,30.286,17871.925949904504,-659.6383232550305,5.0,2.43,3.0,-19977.806258101857,19977.806258101857,3138.0483456800653,15.0,116.83198947648592,14308.219178082192,0,1,0,0,0,0
8370,23.7773,22165.313904474522,-659.6383232550305,5.0,2.43,3.0,-15684.418303531837,15684.418303531837,3138.0483456800653,15.0,116.83198947648592,14308.219178082192,0,1,0,0,0,0
8371,27.1302,19953.612570432735,-659.6383232550305,5.0,2.43,3.0,-17896.11963757363,17896.11963757363,3138.0483456800653,15.0,116.83198947648592,14308.219178082192,0,1,0,0,0,0
8372,27.6073,19638.899126407756,-659.6383232550305,5.0,2.43,3.0,-18210.833081598605,18210.833081598605,3138.0483456800653,15.0,116.83198947648592,14308.219178082192,0,1,0,0,0,0
8373,23.8088,22144.53529729199,-659.6383232550305,5.0,2.43,3.0,-15705.196910714372,15705.196910714372,3138.0483456800653,15.0,116.83198947648592,14308.219178082192,0,1,0,0,0,0
8374,21.19,23871.996138232265,-659.6383232550305,5.0,2.43,3.0,-13977.736069774097,13977.736069774097,3138.0483456800653,15.0,116.83198947648592,14308.219178082192,0,1,0,0,0,0
8375,20.6909,24201.221625368853,-659.6383232550305,5.0,2.43,3.0,-13648.510582637511,13648.510582637511,3138.0483456800653,15.0,116.83198947648592,14308.219178082192,0,1,0,0,0,0
8376,20.5129,24318.63724690825,-659.6383232550305,5.0,2.43,3.0,-13531.094961098115,13531.094961098115,3138.0483456800653,15.0,116.83198947648592,14308.219178082192,0,1,0,0,0,0
8377,19.5428,24958.552384297953,-659.6383232550305,5.0,2.43,3.0,-12891.17982370841,12891.17982370841,3138.0483456800653,15.0,116.83198947648592,14308.219178082192,0,1,0,0,0,0
8378,19.3264,25101.29811745034,-659.6383232550305,5.0,2.43,3.0,-12748.434090556022,12748.434090556022,3138.0483456800653,15.0,116.83198947648592,14308.219178082192,0,1,0,0,0,0
8379,19.1651,25207.697778991376,-659.6383232550305,5.0,2.43,3.0,-12642.034429014984,12642.034429014984,3138.0483456800653,15.0,116.83198947648592,14308.219178082192,0,1,0,0,0,0
8380,19.6621,24879.857532333626,-659.6383232550305,5.0,2.43,3.0,-12969.874675672734,12969.874675672734,3138.0483456800653,15.0,116.83198947648592,14308.219178082192,0,1,0,0,0,0
8381,23.6563,22245.13014158838,-659.6383232550305,5.0,2.43,3.0,-15604.60206641798,15604.60206641798,3138.0483456800653,15.0,116.83198947648592,14308.219178082192,0,1,0,0,0,0
8382,23.3803,22427.190318806774,-659.6383232550305,5.0,2.43,3.0,-15422.541889199589,15422.541889199589,3138.0483456800653,15.0,116.83198947648592,14308.219178082192,0,1,0,0,0,0
8383,24.166,21908.912488225295,-659.6383232550305,5.0,2.43,3.0,-15940.819719781068,15940.819719781068,3138.0483456800653,15.0,116.83198947648592,14308.219178082192,0,1,0,0,0,0
8384,25.2849,21170.84316833524,-659.6383232550305,5.0,2.43,3.0,-16678.88903967112,16678.88903967112,3138.0483456800653,15.0,116.83198947648592,14308.219178082192,0,1,0,0,0,0
8385,24.6192,21609.964400126115,-659.6383232550305,5.0,2.43,3.0,-16239.767807880247,16239.767807880247,3138.0483456800653,15.0,116.83198947648592,14308.219178082192,0,1,0,0,0,0
8386,26.9853,20049.194163472388,-659.6383232550305,5.0,2.43,3.0,-17800.538044533972,17800.538044533972,3138.0483456800653,15.0,116.83198947648592,14308.219178082192,0,1,0,0,0,0
8387,25.9423,20737.196934627384,-659.6383232550305,5.0,2.43,3.0,-17112.535273378977,17112.535273378977,3138.0483456800653,15.0,116.83198947648592,14308.219178082192,0,1,0,0,0,0
8388,26.1492,20600.717765545916,-659.6383232550305,5.0,2.43,3.0,-17249.014442460444,17249.014442460444,3138.0483456800653,15.0,116.83198947648592,14308.219178082192,0,1,0,0,0,0
8389,25.1505,21259.498558980715,-659.6383232550305,5.0,2.43,3.0,-16590.233649025646,16590.233649025646,3138.0483456800653,15.0,116.83198947648592,14308.219178082192,0,1,0,0,0,0
8390,23.6499,22249.351826857215,-659.6383232550305,5.0,2.43,3.0,-15600.380381149145,15600.380381149145,3138.0483456800653,15.0,116.83198947648592,14308.219178082192,0,1,0,0,0,0
8391,23.188,22554.038768368715,-659.6383232550305,5.0,2.43,3.0,-15295.693439637647,15295.693439637647,3138.0483456800653,15.0,116.83198947648592,14308.219178082192,0,1,0,0,0,0
8392,32.282,16555.287856687468,-659.6383232550305,5.0,2.43,3.0,-21294.444351318893,21294.444351318893,3138.0483456800653,15.0,116.83198947648592,14308.219178082192,0,1,0,0,0,0
8393,29.939,18100.820448074002,-659.6383232550305,5.0,2.43,3.0,-19748.911759932358,19748.911759932358,3138.0483456800653,15.0,116.83198947648592,14308.219178082192,0,1,0,0,0,0
8394,59.9307,15803.665744269025,650.0,0,2.43,3.0,38954.955,-38954.955,15071.972825128516,0,556.8949724310688,14308.219178082192,1,0,0,0,0,0
8395,70.6571,22775.82574426902,650.0,0,2.43,3.0,45927.115,-45927.115,15071.972825128516,0,556.8949724310688,14308.219178082192,1,0,0,0,0,0
8396,31.4963,17073.56568726894,-659.6383232550305,5.0,2.43,3.0,-20776.166520737417,20776.166520737417,3138.0483456800653,15.0,116.83198947648592,14308.219178082192,0,1,0,0,0,0
8397,23.6139,22273.098806494396,-659.6383232550305,5.0,2.43,3.0,-15576.633401511966,15576.633401511966,3138.0483456800653,15.0,116.83198947648592,14308.219178082192,0,1,0,0,0,0
8398,20.7491,24162.83067495541,-659.6383232550305,5.0,2.43,3.0,-13686.901533050952,13686.901533050952,3138.0483456800653,15.0,116.83198947648592,14308.219178082192,0,1,0,0,0,0
8399,18.6492,25548.005189958647,-659.6383232550305,5.0,2.43,3.0,-12301.727018047715,12301.727018047715,3138.0483456800653,15.0,116.83198947648592,14308.219178082192,0,1,0,0,0,0
8400,20.0278,24638.627797519264,-659.6383232550305,5.0,2.43,3.0,-13211.1044104871,13211.1044104871,3138.0483456800653,15.0,116.83198947648592,14308.219178082192,0,1,0,0,0,0
8401,18.7943,25452.29166925434,-659.6383232550305,5.0,2.43,3.0,-12397.44053875202,12397.44053875202,3138.0483456800653,15.0,116.83198947648592,14308.219178082192,0,1,0,0,0,0
8402,18.0674,25931.782766428423,-659.6383232550305,5.0,2.43,3.0,-11917.949441577937,11917.949441577937,3138.0483456800653,15.0,116.83198947648592,14308.219178082192,0,1,0,0,0,0
8403,18.4444,25683.099118561273,-659.6383232550305,5.0,2.43,3.0,-12166.633089445086,12166.633089445086,3138.0483456800653,15.0,116.83198947648592,14308.219178082192,0,1,0,0,0,0
8404,19.0586,25277.949260418038,-659.6383232550305,5.0,2.43,3.0,-12571.782947588323,12571.782947588323,3138.0483456800653,15.0,116.83198947648592,14308.219178082192,0,1,0,0,0,0
8405,21.3314,23778.723279324004,-659.6383232550305,5.0,2.43,3.0,-14071.008928682357,14071.008928682357,3138.0483456800653,15.0,116.83198947648592,14308.219178082192,0,1,0,0,0,0
8406,29.8246,18176.283072254377,-659.6383232550305,5.0,2.43,3.0,-19673.449135751984,19673.449135751984,3138.0483456800653,15.0,116.83198947648592,14308.219178082192,0,1,0,0,0,0
8407,173.0675,89342.58574426903,650.0,0,2.43,3.0,112493.875,-112493.875,15071.972825128516,0,556.8949724310688,14308.219178082192,1,0,0,0,0,0
8408,27.964,19403.606136502687,-659.6383232550305,5.0,2.43,3.0,-18446.126071503673,18446.126071503673,3138.0483456800653,15.0,116.83198947648592,14308.219178082192,0,1,0,0,0,0
8409,25.9205,20751.577050074342,-659.6383232550305,5.0,2.43,3.0,-17098.15515793202,17098.15515793202,3138.0483456800653,15.0,116.83198947648592,14308.219178082192,0,1,0,0,0,0
8410,23.8202,22137.015420406882,-659.6383232550305,5.0,2.43,3.0,-15712.716787599478,15712.716787599478,3138.0483456800653,15.0,116.83198947648592,14308.219178082192,0,1,0,0,0,0
8411,23.965,22041.499791199556,-659.6383232550305,5.0,2.43,3.0,-15808.232416806806,15808.232416806806,3138.0483456800653,15.0,116.83198947648592,14308.219178082192,0,1,0,0,0,0
8412,23.6074,22277.386455595555,-659.6383232550305,5.0,2.43,3.0,-15572.345752410807,15572.345752410807,3138.0483456800653,15.0,116.83198947648592,14308.219178082192,0,1,0,0,0,0
8413,23.3591,22441.174651259775,-659.6383232550305,5.0,2.43,3.0,-15408.557556746584,15408.557556746584,3138.0483456800653,15.0,116.83198947648592,14308.219178082192,0,1,0,0,0,0
8414,21.6539,23565.98992007426,-659.6383232550305,5.0,2.43,3.0,-14283.742287932106,14283.742287932106,3138.0483456800653,15.0,116.83198947648592,14308.219178082192,0,1,0,0,0,0
8415,21.9387,23378.12492561122,-659.6383232550305,5.0,2.43,3.0,-14471.607282395138,14471.607282395138,3138.0483456800653,15.0,116.83198947648592,14308.219178082192,0,1,0,0,0,0
8416,23.4885,22355.817452230578,-659.6383232550305,5.0,2.43,3.0,-15493.914755775782,15493.914755775782,3138.0483456800653,15.0,116.83198947648592,14308.219178082192,0,1,0,0,0,0
8417,25.9561,20728.093925766465,-659.6383232550305,5.0,2.43,3.0,-17121.638282239895,17121.638282239895,3138.0483456800653,15.0,116.83198947648592,14308.219178082192,0,1,0,0,0,0
8418,23.5777,22296.97771379623,-659.6383232550305,5.0,2.43,3.0,-15552.754494210132,15552.754494210132,3138.0483456800653,15.0,116.83198947648592,14308.219178082192,0,1,0,0,0,0
8419,23.6581,22243.942792606525,-659.6383232550305,5.0,2.43,3.0,-15605.789415399839,15605.789415399839,3138.0483456800653,15.0,116.83198947648592,14308.219178082192,0,1,0,0,0,0
8420,25.0372,21334.235581005512,-659.6383232550305,5.0,2.43,3.0,-16515.496627000848,16515.496627000848,3138.0483456800653,15.0,116.83198947648592,14308.219178082192,0,1,0,0,0,0
8421,22.6518,22907.73683729806,-659.6383232550305,5.0,2.43,3.0,-14941.9953707083,14941.9953707083,3138.0483456800653,15.0,116.83198947648592,14308.219178082192,0,1,0,0,0,0
8422,20.7067,24190.79933986142,-659.6383232550305,5.0,2.43,3.0,-13658.93286814494,13658.93286814494,3138.0483456800653,15.0,116.83198947648592,14308.219178082192,0,1,0,0,0,0
8423,19.2708,25137.97400822332,-659.6383232550305,5.0,2.43,3.0,-12711.758199783042,12711.758199783042,3138.0483456800653,15.0,116.83198947648592,14308.219178082192,0,1,0,0,0,0
8424,19.156,25213.700487732996,-659.6383232550305,5.0,2.43,3.0,-12636.031720273364,12636.031720273364,3138.0483456800653,15.0,116.83198947648592,14308.219178082192,0,1,0,0,0,0
8425,18.409,25706.450315204507,-659.6383232550305,5.0,2.43,3.0,-12143.281892801857,12143.281892801857,3138.0483456800653,15.0,116.83198947648592,14308.219178082192,0,1,0,0,0,0
8426,18.7406,25487.714247213135,-659.6383232550305,5.0,2.43,3.0,-12362.017960793226,12362.017960793226,3138.0483456800653,15.0,116.83198947648592,14308.219178082192,0,1,0,0,0,0
8427,18.985,25326.498641009606,-659.6383232550305,5.0,2.43,3.0,-12523.233566996754,12523.233566996754,3138.0483456800653,15.0,116.83198947648592,14308.219178082192,0,1,0,0,0,0
8428,20.0738,24608.28443464953,-659.6383232550305,5.0,2.43,3.0,-13241.447773356831,13241.447773356831,3138.0483456800653,15.0,116.83198947648592,14308.219178082192,0,1,0,0,0,0
8429,22.5758,22957.869349865443,-659.6383232550305,5.0,2.43,3.0,-14891.86285814092,14891.86285814092,3138.0483456800653,15.0,116.83198947648592,14308.219178082192,0,1,0,0,0,0
8430,38.7862,12264.868274572098,-659.6383232550305,5.0,2.43,3.0,-25584.863933434266,25584.863933434266,3138.0483456800653,15.0,116.83198947648592,14308.219178082192,0,1,0,0,0,0
8431,30.8897,17473.702294155446,-659.6383232550305,5.0,2.43,3.0,-20376.029913850918,20376.029913850918,3138.0483456800653,15.0,116.83198947648592,14308.219178082192,0,1,0,0,0,0
8432,26.6874,20245.700419970057,-659.6383232550305,5.0,2.43,3.0,-17604.0317880363,17604.0317880363,3138.0483456800653,15.0,116.83198947648592,14308.219178082192,0,1,0,0,0,0
8433,22.4945,23011.497945546078,-659.6383232550305,5.0,2.43,3.0,-14838.234262460282,14838.234262460282,3138.0483456800653,15.0,116.83198947648592,14308.219178082192,0,1,0,0,0,0
8434,44.1381,8734.549932343496,-659.6383232550305,5.0,2.43,3.0,-29115.182275662864,29115.182275662864,3138.0483456800653,15.0,116.83198947648592,14308.219178082192,0,1,0,0,0,0
8435,24.5559,21651.719505988156,-659.6383232550305,5.0,2.43,3.0,-16198.012702018204,16198.012702018204,3138.0483456800653,15.0,116.83198947648592,14308.219178082192,0,1,0,0,0,0
8436,24.4637,21712.538159392272,-659.6383232550305,5.0,2.43,3.0,-16137.19404861409,16137.19404861409,3138.0483456800653,15.0,116.83198947648592,14308.219178082192,0,1,0,0,0,0
8437,26.4723,20387.588623302217,-659.6383232550305,5.0,2.43,3.0,-17462.143584704143,17462.143584704143,3138.0483456800653,15.0,116.83198947648592,14308.219178082192,0,1,0,0,0,0
8438,21.9849,23347.649635076843,-659.6383232550305,5.0,2.43,3.0,-14502.08257292952,14502.08257292952,3138.0483456800653,15.0,116.83198947648592,14308.219178082192,0,1,0,0,0,0
8439,24.1429,21924.150133492483,-659.6383232550305,5.0,2.43,3.0,-15925.582074513877,15925.582074513877,3138.0483456800653,15.0,116.83198947648592,14308.219178082192,0,1,0,0,0,0
8440,26.2886,20508.764183284165,-659.6383232550305,5.0,2.43,3.0,-17340.968024722195,17340.968024722195,3138.0483456800653,15.0,116.83198947648592,14308.219178082192,0,1,0,0,0,0
8441,35.8431,14206.24982374398,-659.6383232550305,5.0,2.43,3.0,-23643.482384262385,23643.482384262385,3138.0483456800653,15.0,116.83198947648592,14308.219178082192,0,1,0,0,0,0
8442,30.2684,17883.535584393794,-659.6383232550305,5.0,2.43,3.0,-19966.196623612566,19966.196623612566,3138.0483456800653,15.0,116.83198947648592,14308.219178082192,0,1,0,0,0,0
8443,30.7488,17566.64533390208,-659.6383232550305,5.0,2.43,3.0,-20283.086874104283,20283.086874104283,3138.0483456800653,15.0,116.83198947648592,14308.219178082192,0,1,0,0,0,0
8444,49.4292,8977.690744269023,650.0,0,2.43,3.0,32128.98,-32128.98,15071.972825128516,0,556.8949724310688,14308.219178082192,1,0,0,0,0,0
8445,32.5211,16397.56833359719,-659.6383232550305,5.0,2.43,3.0,-21452.163874409172,21452.163874409172,3138.0483456800653,15.0,116.83198947648592,14308.219178082192,0,1,0,0,0,0
8446,29.8601,18152.865911778823,-659.6383232550305,5.0,2.43,3.0,-19696.866296227538,19696.866296227538,3138.0483456800653,15.0,116.83198947648592,14308.219178082192,0,1,0,0,0,0
8447,26.6862,20246.491985957964,-659.6383232550305,5.0,2.43,3.0,-17603.240222048396,17603.240222048396,3138.0483456800653,15.0,116.83198947648592,14308.219178082192,0,1,0,0,0,0
8448,25.8949,20768.463791149672,-659.6383232550305,5.0,2.43,3.0,-17081.26841685669,17081.26841685669,3138.0483456800653,15.0,116.83198947648592,14308.219178082192,0,1,0,0,0,0
8449,26.0952,20636.33823500169,-659.6383232550305,5.0,2.43,3.0,-17213.39397300467,17213.39397300467,3138.0483456800653,15.0,116.83198947648592,14308.219178082192,0,1,0,0,0,0
8450,24.8535,21455.41114098746,-659.6383232550305,5.0,2.43,3.0,-16394.3210670189,16394.3210670189,3138.0483456800653,15.0,116.83198947648592,14308.219178082192,0,1,0,0,0,0
8451,24.1307,21932.197721036195,-659.6383232550305,5.0,2.43,3.0,-15917.534486970166,15917.534486970166,3138.0483456800653,15.0,116.83198947648592,14308.219178082192,0,1,0,0,0,0
8452,24.2823,21832.196551230736,-659.6383232550305,5.0,2.43,3.0,-16017.535656775626,16017.535656775626,3138.0483456800653,15.0,116.83198947648592,14308.219178082192,0,1,0,0,0,0
8453,25.7932,20835.54900862471,-659.6383232550305,5.0,2.43,3.0,-17014.183199381652,17014.183199381652,3138.0483456800653,15.0,116.83198947648592,14308.219178082192,0,1,0,0,0,0
8454,31.674,16956.347957226524,-659.6383232550305,5.0,2.43,3.0,-20893.384250779836,20893.384250779836,3138.0483456800653,15.0,116.83198947648592,14308.219178082192,0,1,0,0,0,0
8455,49.7385,9178.735744269025,650.0,0,2.43,3.0,32330.025,-32330.025,15071.972825128516,0,556.8949724310688,14308.219178082192,1,0,0,0,0,0
8456,30.8735,17484.388434992175,-659.6383232550305,5.0,2.43,3.0,-20365.343773014185,20365.343773014185,3138.0483456800653,15.0,116.83198947648592,14308.219178082192,0,1,0,0,0,0
8457,25.6018,20961.80378369572,-659.6383232550305,5.0,2.43,3.0,-16887.92842431064,16887.92842431064,3138.0483456800653,15.0,116.83198947648592,14308.219178082192,0,1,0,0,0,0
8458,26.2264,20549.793686990626,-659.6383232550305,5.0,2.43,3.0,-17299.938521015734,17299.938521015734,3138.0483456800653,15.0,116.83198947648592,14308.219178082192,0,1,0,0,0,0
8459,24.9332,21402.837966624033,-659.6383232550305,5.0,2.43,3.0,-16446.894241382328,16446.894241382328,3138.0483456800653,15.0,116.83198947648592,14308.219178082192,0,1,0,0,0,0
8460,24.3021,21819.135712430285,-659.6383232550305,5.0,2.43,3.0,-16030.596495576077,16030.596495576077,3138.0483456800653,15.0,116.83198947648592,14308.219178082192,0,1,0,0,0,0
8461,23.8157,22139.98379286153,-659.6383232550305,5.0,2.43,3.0,-15709.74841514483,15709.74841514483,3138.0483456800653,15.0,116.83198947648592,14308.219178082192,0,1,0,0,0,0
8462,21.8204,23456.160139252293,-659.6383232550305,5.0,2.43,3.0,-14393.572068754067,14393.572068754067,3138.0483456800653,15.0,116.83198947648592,14308.219178082192,0,1,0,0,0,0
8463,24.2391,21860.692926795353,-659.6383232550305,5.0,2.43,3.0,-15989.039281211011,15989.039281211011,3138.0483456800653,15.0,116.83198947648592,14308.219178082192,0,1,0,0,0,0
8464,26.2156,20556.917780881784,-659.6383232550305,5.0,2.43,3.0,-17292.814427124576,17292.814427124576,3138.0483456800653,15.0,116.83198947648592,14308.219178082192,0,1,0,0,0,0
8465,35.3499,14531.583444773361,-659.6383232550305,5.0,2.43,3.0,-23318.148763233003,23318.148763233003,3138.0483456800653,15.0,116.83198947648592,14308.219178082192,0,1,0,0,0,0
8466,26.6688,20257.969692782604,-659.6383232550305,5.0,2.43,3.0,-17591.76251522376,17591.76251522376,3138.0483456800653,15.0,116.83198947648592,14308.219178082192,0,1,0,0,0,0
8467,29.1799,18601.551899256898,-659.6383232550305,5.0,2.43,3.0,-19248.180308749466,19248.180308749466,3138.0483456800653,15.0,116.83198947648592,14308.219178082192,0,1,0,0,0,0
8468,28.309,19176.030914979703,-659.6383232550305,5.0,2.43,3.0,-18673.70129302666,18673.70129302666,3138.0483456800653,15.0,116.83198947648592,14308.219178082192,0,1,0,0,0,0
8469,30.2946,17866.253060324514,-659.6383232550305,5.0,2.43,3.0,-19983.479147681846,19983.479147681846,3138.0483456800653,15.0,116.83198947648592,14308.219178082192,0,1,0,0,0,0
8470,26.5644,20326.83593373043,-659.6383232550305,5.0,2.43,3.0,-17522.896274275932,17522.896274275932,3138.0483456800653,15.0,116.83198947648592,14308.219178082192,0,1,0,0,0,0
8471,23.9495,22051.724185210005,-659.6383232550305,5.0,2.43,3.0,-15798.008022796354,15798.008022796354,3138.0483456800653,15.0,116.83198947648592,14308.219178082192,0,1,0,0,0,0
8472,26.1882,20574.99187093897,-659.6383232550305,5.0,2.43,3.0,-17274.74033706739,17274.74033706739,3138.0483456800653,15.0,116.83198947648592,14308.219178082192,0,1,0,0,0,0
8473,25.1397,21266.62265287187,-659.6383232550305,5.0,2.43,3.0,-16583.10955513449,16583.10955513449,3138.0483456800653,15.0,116.83198947648592,14308.219178082192,0,1,0,0,0,0
8474,26.5333,20347.35068558366,-659.6383232550305,5.0,2.43,3.0,-17502.3815224227,17502.3815224227,3138.0483456800653,15.0,116.83198947648592,14308.219178082192,0,1,0,0,0,0
8475,25.9029,20763.186684563632,-659.6383232550305,5.0,2.43,3.0,-17086.545523442728,17086.545523442728,3138.0483456800653,15.0,116.83198947648592,14308.219178082192,0,1,0,0,0,0
8476,26.9245,20089.30017352629,-659.6383232550305,5.0,2.43,3.0,-17760.43203448007,17760.43203448007,3138.0483456800653,15.0,116.83198947648592,14308.219178082192,0,1,0,0,0,0
8477,26.4449,20405.662713359405,-659.6383232550305,5.0,2.43,3.0,-17444.069494646956,17444.069494646956,3138.0483456800653,15.0,116.83198947648592,14308.219178082192,0,1,0,0,0,0
8478,74.9089,25539.495744269032,650.0,0,2.43,3.0,48690.785,-48690.785,15071.972825128516,0,556.8949724310688,14308.219178082192,1,0,0,0,0,0
8479,169.6294,87107.82074426903,650.0,0,2.43,3.0,110259.11,-110259.11,15071.972825128516,0,556.8949724310688,14308.219178082192,1,0,0,0,0,0
8480,77.2362,27052.240744269027,650.0,0,2.43,3.0,50203.53,-50203.53,15071.972825128516,0,556.8949724310688,14308.219178082192,1,0,0,0,0,0
8481,40.4738,11151.662640246908,-659.6383232550305,5.0,2.43,3.0,-26698.069567759452,26698.069567759452,3138.0483456800653,15.0,116.83198947648592,14308.219178082192,0,1,0,0,0,0
8482,31.5709,17024.356668354118,-659.6383232550305,5.0,2.43,3.0,-20825.375539652243,20825.375539652243,3138.0483456800653,15.0,116.83198947648592,14308.219178082192,0,1,0,0,0,0
8483,28.1561,19276.8896146054,-659.6383232550305,5.0,2.43,3.0,-18572.842593400965,18572.842593400965,3138.0483456800653,15.0,116.83198947648592,14308.219178082192,0,1,0,0,0,0
8484,21.4278,23715.13414496222,-659.6383232550305,5.0,2.43,3.0,-14134.598063044145,14134.598063044145,3138.0483456800653,15.0,116.83198947648592,14308.219178082192,0,1,0,0,0,0
8485,26.507,20364.699173485267,-659.6383232550305,5.0,2.43,3.0,-17485.033034521093,17485.033034521093,3138.0483456800653,15.0,116.83198947648592,14308.219178082192,0,1,0,0,0,0
8486,20.4431,24364.680001871446,-659.6383232550305,5.0,2.43,3.0,-13485.052206134915,13485.052206134915,3138.0483456800653,15.0,116.83198947648592,14308.219178082192,0,1,0,0,0,0
8487,22.5389,22982.210003993554,-659.6383232550305,5.0,2.43,3.0,-14867.522204012808,14867.522204012808,3138.0483456800653,15.0,116.83198947648592,14308.219178082192,0,1,0,0,0,0
8488,23.7398,22190.050341596587,-659.6383232550305,5.0,2.43,3.0,-15659.681866409772,15659.681866409772,3138.0483456800653,15.0,116.83198947648592,14308.219178082192,0,1,0,0,0,0
8489,28.766,18874.57620125215,-659.6383232550305,5.0,2.43,3.0,-18975.156006754205,18975.156006754205,3138.0483456800653,15.0,116.83198947648592,14308.219178082192,0,1,0,0,0,0
8490,24.2863,21829.557997937714,-659.6383232550305,5.0,2.43,3.0,-16020.174210068648,16020.174210068648,3138.0483456800653,15.0,116.83198947648592,14308.219178082192,0,1,0,0,0,0
8491,32.6592,16306.472281155671,-659.6383232550305,5.0,2.43,3.0,-21543.259926850693,21543.259926850693,3138.0483456800653,15.0,116.83198947648592,14308.219178082192,0,1,0,0,0,0
8492,25.1574,21254.947054550255,-659.6383232550305,5.0,2.43,3.0,-16594.785153456105,16594.785153456105,3138.0483456800653,15.0,116.83198947648592,14308.219178082192,0,1,0,0,0,0
8493,23.3914,22419.86833341864,-659.6383232550305,5.0,2.43,3.0,-15429.863874587722,15429.863874587722,3138.0483456800653,15.0,116.83198947648592,14308.219178082192,0,1,0,0,0,0
8494,23.258,22507.86408574086,-659.6383232550305,5.0,2.43,3.0,-15341.8681222655,15341.8681222655,3138.0483456800653,15.0,116.83198947648592,14308.219178082192,0,1,0,0,0,0
8495,22.1063,23267.56954263368,-659.6383232550305,5.0,2.43,3.0,-14582.162665372682,14582.162665372682,3138.0483456800653,15.0,116.83198947648592,14308.219178082192,0,1,0,0,0,0
8496,25.3694,21115.10373002019,-659.6383232550305,5.0,2.43,3.0,-16734.62847798617,16734.62847798617,3138.0483456800653,15.0,116.83198947648592,14308.219178082192,0,1,0,0,0,0
8497,23.9182,22072.37086472789,-659.6383232550305,5.0,2.43,3.0,-15777.36134327847,15777.36134327847,3138.0483456800653,15.0,116.83198947648592,14308.219178082192,0,1,0,0,0,0
8498,27.9981,19381.11246967969,-659.6383232550305,5.0,2.43,3.0,-18468.61973832667,18468.61973832667,3138.0483456800653,15.0,116.83198947648592,14308.219178082192,0,1,0,0,0,0
8499,25.2474,21195.579605457304,-659.6383232550305,5.0,2.43,3.0,-16654.152602549057,16654.152602549057,3138.0483456800653,15.0,116.83198947648592,14308.219178082192,0,1,0,0,0,0
8500,24.209,21880.548040325328,-659.6383232550305,5.0,2.43,3.0,-15969.184167681033,15969.184167681033,3138.0483456800653,15.0,116.83198947648592,14308.219178082192,0,1,0,0,0,0
8501,24.0226,22003.504623780063,-659.6383232550305,5.0,2.43,3.0,-15846.227584226297,15846.227584226297,3138.0483456800653,15.0,116.83198947648592,14308.219178082192,0,1,0,0,0,0
8502,23.7039,22213.73135740144,-659.6383232550305,5.0,2.43,3.0,-15636.000850604918,15636.000850604918,3138.0483456800653,15.0,116.83198947648592,14308.219178082192,0,1,0,0,0,0
8503,31.3416,17175.6117358765,-659.6383232550305,5.0,2.43,3.0,-20674.120472129864,20674.120472129864,3138.0483456800653,15.0,116.83198947648592,14308.219178082192,0,1,0,0,0,0
8504,40.3312,11245.727065143074,-659.6383232550305,5.0,2.43,3.0,-26604.005142863287,26604.005142863287,3138.0483456800653,15.0,116.83198947648592,14308.219178082192,0,1,0,0,0,0
8505,43.7585,8984.948639851107,-659.6383232550305,5.0,2.43,3.0,-28864.78356815525,28864.78356815525,3138.0483456800653,15.0,116.83198947648592,14308.219178082192,0,1,0,0,0,0
8506,66.7474,20234.52074426902,650.0,0,2.43,3.0,43385.81,-43385.81,15071.972825128516,0,556.8949724310688,14308.219178082192,1,0,0,0,0,0
8507,23.58,22295.460545652742,-659.6383232550305,5.0,2.43,3.0,-15554.271662353618,15554.271662353618,3138.0483456800653,15.0,116.83198947648592,14308.219178082192,0,1,0,0,0,0
8508,21.653,23566.583594565185,-659.6383232550305,5.0,2.43,3.0,-14283.148613441175,14283.148613441175,3138.0483456800653,15.0,116.83198947648592,14308.219178082192,0,1,0,0,0,0
8509,22.1512,23237.951781919528,-659.6383232550305,5.0,2.43,3.0,-14611.78042608683,14611.78042608683,3138.0483456800653,15.0,116.83198947648592,14308.219178082192,0,1,0,0,0,0
8510,20.1316,24570.15733956539,-659.6383232550305,5.0,2.43,3.0,-13279.574868440972,13279.574868440972,3138.0483456800653,15.0,116.83198947648592,14308.219178082192,0,1,0,0,0,0
8511,21.6324,23580.17214402424,-659.6383232550305,5.0,2.43,3.0,-14269.560063982122,14269.560063982122,3138.0483456800653,15.0,116.83198947648592,14308.219178082192,0,1,0,0,0,0
8512,22.2535,23170.470781450542,-659.6383232550305,5.0,2.43,3.0,-14679.26142655582,14679.26142655582,3138.0483456800653,15.0,116.83198947648592,14308.219178082192,0,1,0,0,0,0
8513,25.2195,21213.983514676118,-659.6383232550305,5.0,2.43,3.0,-16635.748693330243,16635.748693330243,3138.0483456800653,15.0,116.83198947648592,14308.219178082192,0,1,0,0,0,0
8514,24.3514,21786.61554309381,-659.6383232550305,5.0,2.43,3.0,-16063.116664912552,16063.116664912552,3138.0483456800653,15.0,116.83198947648592,14308.219178082192,0,1,0,0,0,0
8515,28.7222,18903.468359810726,-659.6383232550305,5.0,2.43,3.0,-18946.26384819564,18946.26384819564,3138.0483456800653,15.0,116.83198947648592,14308.219178082192,0,1,0,0,0,0
8516,50.6978,9802.280744269023,650.0,0,2.43,3.0,32953.57,-32953.57,15071.972825128516,0,556.8949724310688,14308.219178082192,1,0,0,0,0,0
8517,26.267,20523.012371066474,-659.6383232550305,5.0,2.43,3.0,-17326.719836939887,17326.719836939887,3138.0483456800653,15.0,116.83198947648592,14308.219178082192,0,1,0,0,0,0
8518,26.1114,20625.652094164958,-659.6383232550305,5.0,2.43,3.0,-17224.080113841403,17224.080113841403,3138.0483456800653,15.0,116.83198947648592,14308.219178082192,0,1,0,0,0,0
8519,22.6352,22918.686833464097,-659.6383232550305,5.0,2.43,3.0,-14931.045374542267,14931.045374542267,3138.0483456800653,15.0,116.83198947648592,14308.219178082192,0,1,0,0,0,0
8520,23.5209,22334.445170557112,-659.6383232550305,5.0,2.43,3.0,-15515.287037449249,15515.287037449249,3138.0483456800653,15.0,116.83198947648592,14308.219178082192,0,1,0,0,0,0
8521,21.9896,23344.54933495754,-659.6383232550305,5.0,2.43,3.0,-14505.182873048818,14505.182873048818,3138.0483456800653,15.0,116.83198947648592,14308.219178082192,0,1,0,0,0,0
8522,22.8509,22776.402847137986,-659.6383232550305,5.0,2.43,3.0,-15073.329360868376,15073.329360868376,3138.0483456800653,15.0,116.83198947648592,14308.219178082192,0,1,0,0,0,0
8523,22.313,23131.22230121687,-659.6383232550305,5.0,2.43,3.0,-14718.509906789495,14718.509906789495,3138.0483456800653,15.0,116.83198947648592,14308.219178082192,0,1,0,0,0,0
8524,25.8068,20826.57792742844,-659.6383232550305,5.0,2.43,3.0,-17023.15428057792,17023.15428057792,3138.0483456800653,15.0,116.83198947648592,14308.219178082192,0,1,0,0,0,0
8525,22.3879,23081.815390805066,-659.6383232550305,5.0,2.43,3.0,-14767.916817201296,14767.916817201296,3138.0483456800653,15.0,116.83198947648592,14308.219178082192,0,1,0,0,0,0
8526,25.0117,21351.056358248512,-659.6383232550305,5.0,2.43,3.0,-16498.67584975785,16498.67584975785,3138.0483456800653,15.0,116.83198947648592,14308.219178082192,0,1,0,0,0,0
8527,28.7499,18885.196378256558,-659.6383232550305,5.0,2.43,3.0,-18964.535829749802,18964.535829749802,3138.0483456800653,15.0,116.83198947648592,14308.219178082192,0,1,0,0,0,0
8528,26.715,20227.49440224822,-659.6383232550305,5.0,2.43,3.0,-17622.23780575814,17622.23780575814,3138.0483456800653,15.0,116.83198947648592,14308.219178082192,0,1,0,0,0,0
8529,22.1344,23249.03370575021,-659.6383232550305,5.0,2.43,3.0,-14600.698502256148,14600.698502256148,3138.0483456800653,15.0,116.83198947648592,14308.219178082192,0,1,0,0,0,0
8530,20.0961,24593.574500040944,-659.6383232550305,5.0,2.43,3.0,-13256.157707965418,13256.157707965418,3138.0483456800653,15.0,116.83198947648592,14308.219178082192,0,1,0,0,0,0
8531,21.0784,23945.611775107525,-659.6383232550305,5.0,2.43,3.0,-13904.120432898833,13904.120432898833,3138.0483456800653,15.0,116.83198947648592,14308.219178082192,0,1,0,0,0,0
8532,20.2666,24481.106165925958,-659.6383232550305,5.0,2.43,3.0,-13368.626042080401,13368.626042080401,3138.0483456800653,15.0,116.83198947648592,14308.219178082192,0,1,0,0,0,0
8533,19.4778,25001.428875309528,-659.6383232550305,5.0,2.43,3.0,-12848.303332696833,12848.303332696833,3138.0483456800653,15.0,116.83198947648592,14308.219178082192,0,1,0,0,0,0
8534,19.3813,25065.08397350364,-659.6383232550305,5.0,2.43,3.0,-12784.648234502723,12784.648234502723,3138.0483456800653,15.0,116.83198947648592,14308.219178082192,0,1,0,0,0,0
8535,19.0658,25273.199864490598,-659.6383232550305,5.0,2.43,3.0,-12576.53234351576,12576.53234351576,3138.0483456800653,15.0,116.83198947648592,14308.219178082192,0,1,0,0,0,0
8536,20.8139,24120.08611160848,-659.6383232550305,5.0,2.43,3.0,-13729.64609639788,13729.64609639788,3138.0483456800653,15.0,116.83198947648592,14308.219178082192,0,1,0,0,0,0
8537,25.0537,21323.351548671802,-659.6383232550305,5.0,2.43,3.0,-16526.380659334558,16526.380659334558,3138.0483456800653,15.0,116.83198947648592,14308.219178082192,0,1,0,0,0,0
8538,20.9171,24052.01143664856,-659.6383232550305,5.0,2.43,3.0,-13797.7207713578,13797.7207713578,3138.0483456800653,15.0,116.83198947648592,14308.219178082192,0,1,0,0,0,0
8539,20.3731,24410.854684499296,-659.6383232550305,5.0,2.43,3.0,-13438.877523507063,13438.877523507063,3138.0483456800653,15.0,116.83198947648592,14308.219178082192,0,1,0,0,0,0
8540,23.5471,22317.16264648783,-659.6383232550305,5.0,2.43,3.0,-15532.569561518529,15532.569561518529,3138.0483456800653,15.0,116.83198947648592,14308.219178082192,0,1,0,0,0,0
8541,20.9589,24024.438554736502,-659.6383232550305,5.0,2.43,3.0,-13825.293653269859,13825.293653269859,3138.0483456800653,15.0,116.83198947648592,14308.219178082192,0,1,0,0,0,0
8542,19.0784,25264.888421617587,-659.6383232550305,5.0,2.43,3.0,-12584.843786388774,12584.843786388774,3138.0483456800653,15.0,116.83198947648592,14308.219178082192,0,1,0,0,0,0
8543,18.2593,25805.19817219578,-659.6383232550305,5.0,2.43,3.0,-12044.534035810579,12044.534035810579,3138.0483456800653,15.0,116.83198947648592,14308.219178082192,0,1,0,0,0,0
8544,18.7464,25483.888344938256,-659.6383232550305,5.0,2.43,3.0,-12365.843863068105,12365.843863068105,3138.0483456800653,15.0,116.83198947648592,14308.219178082192,0,1,0,0,0,0
8545,18.2917,25783.82589052232,-659.6383232550305,5.0,2.43,3.0,-12065.906317484041,12065.906317484041,3138.0483456800653,15.0,116.83198947648592,14308.219178082192,0,1,0,0,0,0
8546,18.3214,25764.234632321644,-659.6383232550305,5.0,2.43,3.0,-12085.497575684716,12085.497575684716,3138.0483456800653,15.0,116.83198947648592,14308.219178082192,0,1,0,0,0,0
8547,18.1671,25866.016825599894,-659.6383232550305,5.0,2.43,3.0,-11983.715382406466,11983.715382406466,3138.0483456800653,15.0,116.83198947648592,14308.219178082192,0,1,0,0,0,0
8548,19.2915,25124.319494931937,-659.6383232550305,5.0,2.43,3.0,-12725.41271307442,12725.41271307442,3138.0483456800653,15.0,116.83198947648592,14308.219178082192,0,1,0,0,0,0
8549,18.9211,25368.649529865605,-659.6383232550305,5.0,2.43,3.0,-12481.082678140758,12481.082678140758,3138.0483456800653,15.0,116.83198947648592,14308.219178082192,0,1,0,0,0,0
8550,19.4867,24995.558094232558,-659.6383232550305,5.0,2.43,3.0,-12854.174113773803,12854.174113773803,3138.0483456800653,15.0,116.83198947648592,14308.219178082192,0,1,0,0,0,0
8551,28.2624,19206.770060843388,-659.6383232550305,5.0,2.43,3.0,-18642.962147162973,18642.962147162973,3138.0483456800653,15.0,116.83198947648592,14308.219178082192,0,1,0,0,0,0
8552,25.515,21019.060390154256,-659.6383232550305,5.0,2.43,3.0,-16830.671817852104,16830.671817852104,3138.0483456800653,15.0,116.83198947648592,14308.219178082192,0,1,0,0,0,0
8553,22.0719,23290.261100953652,-659.6383232550305,5.0,2.43,3.0,-14559.471107052708,14559.471107052708,3138.0483456800653,15.0,116.83198947648592,14308.219178082192,0,1,0,0,0,0
8554,21.8392,23443.7589387751,-659.6383232550305,5.0,2.43,3.0,-14405.973269231263,14405.973269231263,3138.0483456800653,15.0,116.83198947648592,14308.219178082192,0,1,0,0,0,0
8555,20.3249,24442.64925168019,-659.6383232550305,5.0,2.43,3.0,-13407.082956326169,13407.082956326169,3138.0483456800653,15.0,116.83198947648592,14308.219178082192,0,1,0,0,0,0
8556,18.3762,25728.08645220727,-659.6383232550305,5.0,2.43,3.0,-12121.645755799093,12121.645755799093,3138.0483456800653,15.0,116.83198947648592,14308.219178082192,0,1,0,0,0,0
8557,18.0159,25965.75414007606,-659.6383232550305,5.0,2.43,3.0,-11883.978067930304,11883.978067930304,3138.0483456800653,15.0,116.83198947648592,14308.219178082192,0,1,0,0,0,0
8558,17.615,26230.203143869,-659.6383232550305,5.0,2.43,3.0,-11619.529064137361,11619.529064137361,3138.0483456800653,15.0,116.83198947648592,14308.219178082192,0,1,0,0,0,0
8559,18.1325,25888.84031158452,-659.6383232550305,5.0,2.43,3.0,-11960.891896421841,11960.891896421841,3138.0483456800653,15.0,116.83198947648592,14308.219178082192,0,1,0,0,0,0
8560,18.5121,25638.44160407691,-659.6383232550305,5.0,2.43,3.0,-12211.29060392945,12211.29060392945,3138.0483456800653,15.0,116.83198947648592,14308.219178082192,0,1,0,0,0,0
8561,19.558,24948.525881784473,-659.6383232550305,5.0,2.43,3.0,-12901.206326221887,12901.206326221887,3138.0483456800653,15.0,116.83198947648592,14308.219178082192,0,1,0,0,0,0
8562,18.3156,25768.060534596523,-659.6383232550305,5.0,2.43,3.0,-12081.671673409837,12081.671673409837,3138.0483456800653,15.0,116.83198947648592,14308.219178082192,0,1,0,0,0,0
8563,18.471,25665.55273916269,-659.6383232550305,5.0,2.43,3.0,-12184.17946884367,12184.17946884367,3138.0483456800653,15.0,116.83198947648592,14308.219178082192,0,1,0,0,0,0
8564,19.4861,24995.95387722651,-659.6383232550305,5.0,2.43,3.0,-12853.77833077985,12853.77833077985,3138.0483456800653,15.0,116.83198947648592,14308.219178082192,0,1,0,0,0,0
8565,18.624,25564.628075704673,-659.6383232550305,5.0,2.43,3.0,-12285.104132301687,12285.104132301687,3138.0483456800653,15.0,116.83198947648592,14308.219178082192,0,1,0,0,0,0
8566,18.2984,25779.40631375651,-659.6383232550305,5.0,2.43,3.0,-12070.32589424985,12070.32589424985,3138.0483456800653,15.0,116.83198947648592,14308.219178082192,0,1,0,0,0,0
8567,17.6288,26221.100135008077,-659.6383232550305,5.0,2.43,3.0,-11628.63207299828,11628.63207299828,3138.0483456800653,15.0,116.83198947648592,14308.219178082192,0,1,0,0,0,0
8568,18.0834,25921.22855325634,-659.6383232550305,5.0,2.43,3.0,-11928.50365475002,11928.50365475002,3138.0483456800653,15.0,116.83198947648592,14308.219178082192,0,1,0,0,0,0
8569,17.6675,26195.57213189811,-659.6383232550305,5.0,2.43,3.0,-11654.160076108252,11654.160076108252,3138.0483456800653,15.0,116.83198947648592,14308.219178082192,0,1,0,0,0,0
8570,17.289,26445.245237250136,-659.6383232550305,5.0,2.43,3.0,-11404.486970756223,11404.486970756223,3138.0483456800653,15.0,116.83198947648592,14308.219178082192,0,1,0,0,0,0
8571,17.8745,26059.02699898432,-659.6383232550305,5.0,2.43,3.0,-11790.705209022044,11790.705209022044,3138.0483456800653,15.0,116.83198947648592,14308.219178082192,0,1,0,0,0,0
8572,17.8304,26088.117049039865,-659.6383232550305,5.0,2.43,3.0,-11761.615158966497,11761.615158966497,3138.0483456800653,15.0,116.83198947648592,14308.219178082192,0,1,0,0,0,0
8573,18.6141,25571.158495104897,-659.6383232550305,5.0,2.43,3.0,-12278.573712901463,12278.573712901463,3138.0483456800653,15.0,116.83198947648592,14308.219178082192,0,1,0,0,0,0
8574,19.9917,24662.440740988764,-659.6383232550305,5.0,2.43,3.0,-13187.291467017594,13187.291467017594,3138.0483456800653,15.0,116.83198947648592,14308.219178082192,0,1,0,0,0,0
8575,20.6412,24234.005650034625,-659.6383232550305,5.0,2.43,3.0,-13615.726557971737,13615.726557971737,3138.0483456800653,15.0,116.83198947648592,14308.219178082192,0,1,0,0,0,0
8576,18.6856,25523.99435499216,-659.6383232550305,5.0,2.43,3.0,-12325.7378530142,12325.7378530142,3138.0483456800653,15.0,116.83198947648592,14308.219178082192,0,1,0,0,0,0
8577,18.4483,25680.52652910058,-659.6383232550305,5.0,2.43,3.0,-12169.205678905779,12169.205678905779,3138.0483456800653,15.0,116.83198947648592,14308.219178082192,0,1,0,0,0,0
8578,17.9227,26027.232431803426,-659.6383232550305,5.0,2.43,3.0,-11822.499776202934,11822.499776202934,3138.0483456800653,15.0,116.83198947648592,14308.219178082192,0,1,0,0,0,0
8579,17.8351,26085.016748920563,-659.6383232550305,5.0,2.43,3.0,-11764.715459085795,11764.715459085795,3138.0483456800653,15.0,116.83198947648592,14308.219178082192,0,1,0,0,0,0
8580,15.8208,27413.726223453174,-659.6383232550305,5.0,2.43,3.0,-10436.005984553187,10436.005984553187,3138.0483456800653,15.0,116.83198947648592,14308.219178082192,0,1,0,0,0,0
8581,15.1623,27848.09805931661,-659.6383232550305,5.0,2.43,3.0,-10001.634148689749,10001.634148689749,3138.0483456800653,15.0,116.83198947648592,14308.219178082192,0,1,0,0,0,0
8582,14.5274,28266.90243075123,-659.6383232550305,5.0,2.43,3.0,-9582.82977725513,9582.82977725513,3138.0483456800653,15.0,116.83198947648592,14308.219178082192,0,1,0,0,0,0
8583,14.3533,28381.74546282993,-659.6383232550305,5.0,2.43,3.0,-9467.98674517643,9467.98674517643,3138.0483456800653,15.0,116.83198947648592,14308.219178082192,0,1,0,0,0,0
8584,14.6783,28167.363007772045,-659.6383232550305,5.0,2.43,3.0,-9682.369200234314,9682.369200234314,3138.0483456800653,15.0,116.83198947648592,14308.219178082192,0,1,0,0,0,0
8585,16.8847,26711.937011342146,-659.6383232550305,5.0,2.43,3.0,-11137.795196664212,11137.795196664212,3138.0483456800653,15.0,116.83198947648592,14308.219178082192,0,1,0,0,0,0
8586,15.5157,27614.981875878282,-659.6383232550305,5.0,2.43,3.0,-10234.750332128078,10234.750332128078,3138.0483456800653,15.0,116.83198947648592,14308.219178082192,0,1,0,0,0,0
8587,15.125,27872.702568774024,-659.6383232550305,5.0,2.43,3.0,-9977.029639232336,9977.029639232336,3138.0483456800653,15.0,116.83198947648592,14308.219178082192,0,1,0,0,0,0
8588,15.038,27930.09110289721,-659.6383232550305,5.0,2.43,3.0,-9919.641105109149,9919.641105109149,3138.0483456800653,15.0,116.83198947648592,14308.219178082192,0,1,0,0,0,0
8589,15.2749,27773.822784118096,-659.6383232550305,5.0,2.43,3.0,-10075.909423888266,10075.909423888266,3138.0483456800653,15.0,116.83198947648592,14308.219178082192,0,1,0,0,0,0
8590,16.4814,26977.969147110904,-659.6383232550305,5.0,2.43,3.0,-10871.76306089546,10871.76306089546,3138.0483456800653,15.0,116.83198947648592,14308.219178082192,0,1,0,0,0,0
8591,15.4482,27659.507462698,-659.6383232550305,5.0,2.43,3.0,-10190.224745308362,10190.224745308362,3138.0483456800653,15.0,116.83198947648592,14308.219178082192,0,1,0,0,0,0
8592,14.8938,28025.210949110588,-659.6383232550305,5.0,2.43,3.0,-9824.521258895775,9824.521258895775,3138.0483456800653,15.0,116.83198947648592,14308.219178082192,0,1,0,0,0,0
8593,14.3602,28377.19395839947,-659.6383232550305,5.0,2.43,3.0,-9472.53824960689,9472.53824960689,3138.0483456800653,15.0,116.83198947648592,14308.219178082192,0,1,0,0,0,0
8594,14.3978,28352.39155744508,-659.6383232550305,5.0,2.43,3.0,-9497.340650561278,9497.340650561278,3138.0483456800653,15.0,116.83198947648592,14308.219178082192,0,1,0,0,0,0
8595,14.4448,28321.388556252095,-659.6383232550305,5.0,2.43,3.0,-9528.343651754265,9528.343651754265,3138.0483456800653,15.0,116.83198947648592,14308.219178082192,0,1,0,0,0,0
8596,14.5563,28247.83888320916,-659.6383232550305,5.0,2.43,3.0,-9601.8933247972,9601.8933247972,3138.0483456800653,15.0,116.83198947648592,14308.219178082192,0,1,0,0,0,0
8597,14.5726,28237.086778540102,-659.6383232550305,5.0,2.43,3.0,-9612.645429466258,9612.645429466258,3138.0483456800653,15.0,116.83198947648592,14308.219178082192,0,1,0,0,0,0
8598,15.0693,27909.44442337933,-659.6383232550305,5.0,2.43,3.0,-9940.287784627031,9940.287784627031,3138.0483456800653,15.0,116.83198947648592,14308.219178082192,0,1,0,0,0,0
8599,18.3194,25765.553908968155,-659.6383232550305,5.0,2.43,3.0,-12084.178299038207,12084.178299038207,3138.0483456800653,15.0,116.83198947648592,14308.219178082192,0,1,0,0,0,0
8600,18.285,25788.24546728813,-659.6383232550305,5.0,2.43,3.0,-12061.486740718234,12061.486740718234,3138.0483456800653,15.0,116.83198947648592,14308.219178082192,0,1,0,0,0,0
8601,15.9389,27335.822937476754,-659.6383232550305,5.0,2.43,3.0,-10513.909270529606,10513.909270529606,3138.0483456800653,15.0,116.83198947648592,14308.219178082192,0,1,0,0,0,0
8602,14.3132,28408.19695959246,-659.6383232550305,5.0,2.43,3.0,-9441.535248413902,9441.535248413902,3138.0483456800653,15.0,116.83198947648592,14308.219178082192,0,1,0,0,0,0
8603,14.1989,28483.593619940508,-659.6383232550305,5.0,2.43,3.0,-9366.138588065853,9366.138588065853,3138.0483456800653,15.0,116.83198947648592,14308.219178082192,0,1,0,0,0,0
8604,13.8602,28707.013120026986,-659.6383232550305,5.0,2.43,3.0,-9142.719087979374,9142.719087979374,3138.0483456800653,15.0,116.83198947648592,14308.219178082192,0,1,0,0,0,0
8605,13.5418,28917.041962151387,-659.6383232550305,5.0,2.43,3.0,-8932.690245854972,8932.690245854972,3138.0483456800653,15.0,116.83198947648592,14308.219178082192,0,1,0,0,0,0
8606,13.4882,28952.398576277858,-659.6383232550305,5.0,2.43,3.0,-8897.333631728503,8897.333631728503,3138.0483456800653,15.0,116.83198947648592,14308.219178082192,0,1,0,0,0,0
8607,13.4804,28957.54375519925,-659.6383232550305,5.0,2.43,3.0,-8892.188452807113,8892.188452807113,3138.0483456800653,15.0,116.83198947648592,14308.219178082192,0,1,0,0,0,0
8608,13.3139,29067.37353602121,-659.6383232550305,5.0,2.43,3.0,-8782.35867198515,8782.35867198515,3138.0483456800653,15.0,116.83198947648592,14308.219178082192,0,1,0,0,0,0
8609,13.9468,28649.888441233103,-659.6383232550305,5.0,2.43,3.0,-9199.84376677326,9199.84376677326,3138.0483456800653,15.0,116.83198947648592,14308.219178082192,0,1,0,0,0,0
8610,14.0216,28600.547494653627,-659.6383232550305,5.0,2.43,3.0,-9249.184713352735,9249.184713352735,3138.0483456800653,15.0,116.83198947648592,14308.219178082192,0,1,0,0,0,0
8611,13.9097,28674.361023025864,-659.6383232550305,5.0,2.43,3.0,-9175.371184980499,9175.371184980499,3138.0483456800653,15.0,116.83198947648592,14308.219178082192,0,1,0,0,0,0
8612,13.9168,28669.677590930754,-659.6383232550305,5.0,2.43,3.0,-9180.05461707561,9180.05461707561,3138.0483456800653,15.0,116.83198947648592,14308.219178082192,0,1,0,0,0,0
8613,13.9779,28629.37368937987,-659.6383232550305,5.0,2.43,3.0,-9220.358518626492,9220.358518626492,3138.0483456800653,15.0,116.83198947648592,14308.219178082192,0,1,0,0,0,0
8614,13.7449,28783.069418698295,-659.6383232550305,5.0,2.43,3.0,-9066.662789308068,9066.662789308068,3138.0483456800653,15.0,116.83198947648592,14308.219178082192,0,1,0,0,0,0
8615,13.3597,29037.16210081613,-659.6383232550305,5.0,2.43,3.0,-8812.570107190231,8812.570107190231,3138.0483456800653,15.0,116.83198947648592,14308.219178082192,0,1,0,0,0,0
8616,13.2891,29083.732566437935,-659.6383232550305,5.0,2.43,3.0,-8765.999641568425,8765.999641568425,3138.0483456800653,15.0,116.83198947648592,14308.219178082192,0,1,0,0,0,0
8617,13.3095,29070.27594464353,-659.6383232550305,5.0,2.43,3.0,-8779.456263362828,8779.456263362828,3138.0483456800653,15.0,116.83198947648592,14308.219178082192,0,1,0,0,0,0
8618,13.2459,29112.22894200255,-659.6383232550305,5.0,2.43,3.0,-8737.503266003809,8737.503266003809,3138.0483456800653,15.0,116.83198947648592,14308.219178082192,0,1,0,0,0,0
8619,12.7556,29435.649611894492,-659.6383232550305,5.0,2.43,3.0,-8414.082596111866,8414.082596111866,3138.0483456800653,15.0,116.83198947648592,14308.219178082192,0,1,0,0,0,0
8620,12.498,29605.57244396499,-659.6383232550305,5.0,2.43,3.0,-8244.159764041371,8244.159764041371,3138.0483456800653,15.0,116.83198947648592,14308.219178082192,0,1,0,0,0,0
8621,14.135,28525.744508796502,-659.6383232550305,5.0,2.43,3.0,-9323.987699209856,9323.987699209856,3138.0483456800653,15.0,116.83198947648592,14308.219178082192,0,1,0,0,0,0
8622,14.8158,28076.662738324478,-659.6383232550305,5.0,2.43,3.0,-9773.069469681881,9773.069469681881,3138.0483456800653,15.0,116.83198947648592,14308.219178082192,0,1,0,0,0,0
8623,19.4258,25035.73006811879,-659.6383232550305,5.0,2.43,3.0,-12814.00213988757,12814.00213988757,3138.0483456800653,15.0,116.83198947648592,14308.219178082192,0,1,0,0,0,0
8624,18.2264,25826.90027303087,-659.6383232550305,5.0,2.43,3.0,-12022.83193497549,12022.83193497549,3138.0483456800653,15.0,116.83198947648592,14308.219178082192,0,1,0,0,0,0
8625,18.277,25793.522573874165,-659.6383232550305,5.0,2.43,3.0,-12056.209634132194,12056.209634132194,3138.0483456800653,15.0,116.83198947648592,14308.219178082192,0,1,0,0,0,0
8626,18.3335,25756.25300861026,-659.6383232550305,5.0,2.43,3.0,-12093.479199396103,12093.479199396103,3138.0483456800653,15.0,116.83198947648592,14308.219178082192,0,1,0,0,0,0
8627,17.5343,26283.435956555677,-659.6383232550305,5.0,2.43,3.0,-11566.296251450683,11566.296251450683,3138.0483456800653,15.0,116.83198947648592,14308.219178082192,0,1,0,0,0,0
8628,17.216,26493.398834847754,-659.6383232550305,5.0,2.43,3.0,-11356.333373158606,11356.333373158606,3138.0483456800653,15.0,116.83198947648592,14308.219178082192,0,1,0,0,0,0
8629,15.9978,27296.970240237035,-659.6383232550305,5.0,2.43,3.0,-10552.761967769327,10552.761967769327,3138.0483456800653,15.0,116.83198947648592,14308.219178082192,0,1,0,0,0,0
8630,15.8529,27392.551833276688,-659.6383232550305,5.0,2.43,3.0,-10457.180374729673,10457.180374729673,3138.0483456800653,15.0,116.83198947648592,14308.219178082192,0,1,0,0,0,0
8631,16.052,27261.21784311661,-659.6383232550305,5.0,2.43,3.0,-10588.51436488975,10588.51436488975,3138.0483456800653,15.0,116.83198947648592,14308.219178082192,0,1,0,0,0,0
8632,18.313,25769.775594236988,-659.6383232550305,5.0,2.43,3.0,-12079.956613769373,12079.956613769373,3138.0483456800653,15.0,116.83198947648592,14308.219178082192,0,1,0,0,0,0
8633,18.7561,25477.489853202685,-659.6383232550305,5.0,2.43,3.0,-12372.242354803679,12372.242354803679,3138.0483456800653,15.0,116.83198947648592,14308.219178082192,0,1,0,0,0,0
8634,18.2938,25782.44065004348,-659.6383232550305,5.0,2.43,3.0,-12067.291557962877,12067.291557962877,3138.0483456800653,15.0,116.83198947648592,14308.219178082192,0,1,0,0,0,0
8635,18.5407,25619.575948031816,-659.6383232550305,5.0,2.43,3.0,-12230.156259974545,12230.156259974545,3138.0483456800653,15.0,116.83198947648592,14308.219178082192,0,1,0,0,0,0
8636,19.0213,25302.55376987545,-659.6383232550305,5.0,2.43,3.0,-12547.178438130912,12547.178438130912,3138.0483456800653,15.0,116.83198947648592,14308.219178082192,0,1,0,0,0,0
8637,18.3452,25748.535240228175,-659.6383232550305,5.0,2.43,3.0,-12101.196967778185,12101.196967778185,3138.0483456800653,15.0,116.83198947648592,14308.219178082192,0,1,0,0,0,0
8638,16.3743,27048.61641153151,-659.6383232550305,5.0,2.43,3.0,-10801.115796474847,10801.115796474847,3138.0483456800653,15.0,116.83198947648592,14308.219178082192,0,1,0,0,0,0
8639,15.7485,27461.41807422451,-659.6383232550305,5.0,2.43,3.0,-10388.314133781849,10388.314133781849,3138.0483456800653,15.0,116.83198947648592,14308.219178082192,0,1,0,0,0,0
8640,15.499,27625.997835876642,-659.6383232550305,5.0,2.43,3.0,-10223.734372129718,10223.734372129718,3138.0483456800653,15.0,116.83198947648592,14308.219178082192,0,1,0,0,0,0
8641,15.4281,27672.766192995427,-659.6383232550305,5.0,2.43,3.0,-10176.966015010938,10176.966015010938,3138.0483456800653,15.0,116.83198947648592,14308.219178082192,0,1,0,0,0,0
8642,14.9049,28017.888963722457,-659.6383232550305,5.0,2.43,3.0,-9831.843244283904,9831.843244283904,3138.0483456800653,15.0,116.83198947648592,14308.219178082192,0,1,0,0,0,0
8643,14.3407,28390.056905702942,-659.6383232550305,5.0,2.43,3.0,-9459.675302303416,9459.675302303416,3138.0483456800653,15.0,116.83198947648592,14308.219178082192,0,1,0,0,0,0
8644,14.3345,28394.146663307125,-659.6383232550305,5.0,2.43,3.0,-9455.585544699235,9455.585544699235,3138.0483456800653,15.0,116.83198947648592,14308.219178082192,0,1,0,0,0,0
8645,14.5466,28254.237374944736,-659.6383232550305,5.0,2.43,3.0,-9595.494833061626,9595.494833061626,3138.0483456800653,15.0,116.83198947648592,14308.219178082192,0,1,0,0,0,0
8646,15.675,27509.901490983757,-659.6383232550305,5.0,2.43,3.0,-10339.830717022603,10339.830717022603,3138.0483456800653,15.0,116.83198947648592,14308.219178082192,0,1,0,0,0,0
8647,19.118,25238.766744016688,-659.6383232550305,5.0,2.43,3.0,-12610.965463989673,12610.965463989673,3138.0483456800653,15.0,116.83198947648592,14308.219178082192,0,1,0,0,0,0
8648,19.0578,25278.47697107664,-659.6383232550305,5.0,2.43,3.0,-12571.255236929721,12571.255236929721,3138.0483456800653,15.0,116.83198947648592,14308.219178082192,0,1,0,0,0,0
8649,19.2129,25176.167067139784,-659.6383232550305,5.0,2.43,3.0,-12673.565140866576,12673.565140866576,3138.0483456800653,15.0,116.83198947648592,14308.219178082192,0,1,0,0,0,0
8650,19.1912,25190.48121875442,-659.6383232550305,5.0,2.43,3.0,-12659.250989251941,12659.250989251941,3138.0483456800653,15.0,116.83198947648592,14308.219178082192,0,1,0,0,0,0
8651,19.7454,24824.90966000648,-659.6383232550305,5.0,2.43,3.0,-13024.82254799988,13024.82254799988,3138.0483456800653,15.0,116.83198947648592,14308.219178082192,0,1,0,0,0,0
8652,19.6927,24859.67259964202,-659.6383232550305,5.0,2.43,3.0,-12990.059608364338,12990.059608364338,3138.0483456800653,15.0,116.83198947648592,14308.219178082192,0,1,0,0,0,0
8653,19.6345,24898.063550055464,-659.6383232550305,5.0,2.43,3.0,-12951.668657950897,12951.668657950897,3138.0483456800653,15.0,116.83198947648592,14308.219178082192,0,1,0,0,0,0
8654,18.57,25600.248545160444,-659.6383232550305,5.0,2.43,3.0,-12249.483662845916,12249.483662845916,3138.0483456800653,15.0,116.83198947648592,14308.219178082192,0,1,0,0,0,0
8655,18.6328,25558.82325846003,-659.6383232550305,5.0,2.43,3.0,-12290.908949546332,12290.908949546332,3138.0483456800653,15.0,116.83198947648592,14308.219178082192,0,1,0,0,0,0
8656,19.6184,24908.68372705987,-659.6383232550305,5.0,2.43,3.0,-12941.04848094649,12941.04848094649,3138.0483456800653,15.0,116.83198947648592,14308.219178082192,0,1,0,0,0,0
8657,22.2097,23199.36294000911,-659.6383232550305,5.0,2.43,3.0,-14650.369267997252,14650.369267997252,3138.0483456800653,15.0,116.83198947648592,14308.219178082192,0,1,0,0,0,0
8658,20.2119,24517.188382208013,-659.6383232550305,5.0,2.43,3.0,-13332.543825798351,13332.543825798351,3138.0483456800653,15.0,116.83198947648592,14308.219178082192,0,1,0,0,0,0
8659,19.3057,25114.952630741718,-659.6383232550305,5.0,2.43,3.0,-12734.779577264644,12734.779577264644,3138.0483456800653,15.0,116.83198947648592,14308.219178082192,0,1,0,0,0,0
8660,20.1246,24574.774807828173,-659.6383232550305,5.0,2.43,3.0,-13274.957400178188,13274.957400178188,3138.0483456800653,15.0,116.83198947648592,14308.219178082192,0,1,0,0,0,0
8661,19.3041,25116.008052058925,-659.6383232550305,5.0,2.43,3.0,-12733.724155947433,12733.724155947433,3138.0483456800653,15.0,116.83198947648592,14308.219178082192,0,1,0,0,0,0
8662,19.2251,25168.119479596073,-659.6383232550305,5.0,2.43,3.0,-12681.612728410288,12681.612728410288,3138.0483456800653,15.0,116.83198947648592,14308.219178082192,0,1,0,0,0,0
8663,19.3512,25084.939087033614,-659.6383232550305,5.0,2.43,3.0,-12764.793120972745,12764.793120972745,3138.0483456800653,15.0,116.83198947648592,14308.219178082192,0,1,0,0,0,0
8664,18.4566,25675.05153101756,-659.6383232550305,5.0,2.43,3.0,-12174.680676988797,12174.680676988797,3138.0483456800653,15.0,116.83198947648592,14308.219178082192,0,1,0,0,0,0
8665,17.593,26244.715186980608,-659.6383232550305,5.0,2.43,3.0,-11605.017021025751,11605.017021025751,3138.0483456800653,15.0,116.83198947648592,14308.219178082192,0,1,0,0,0,0
8666,16.2192,27150.926315468372,-659.6383232550305,5.0,2.43,3.0,-10698.805892537992,10698.805892537992,3138.0483456800653,15.0,116.83198947648592,14308.219178082192,0,1,0,0,0,0
8667,15.4074,27686.4207062868,-659.6383232550305,5.0,2.43,3.0,-10163.311501719558,10163.311501719558,3138.0483456800653,15.0,116.83198947648592,14308.219178082192,0,1,0,0,0,0
8668,16.9036,26699.469847032626,-659.6383232550305,5.0,2.43,3.0,-11150.262360973735,11150.262360973735,3138.0483456800653,15.0,116.83198947648592,14308.219178082192,0,1,0,0,0,0
8669,15.1065,27884.90587775424,-659.6383232550305,5.0,2.43,3.0,-9964.826330252119,9964.826330252119,3138.0483456800653,15.0,116.83198947648592,14308.219178082192,0,1,0,0,0,0
8670,17.4017,26370.903998219295,-659.6383232550305,5.0,2.43,3.0,-11478.828209787065,11478.828209787065,3138.0483456800653,15.0,116.83198947648592,14308.219178082192,0,1,0,0,0,0
8671,18.8272,25430.58956841925,-659.6383232550305,5.0,2.43,3.0,-12419.142639587111,12419.142639587111,3138.0483456800653,15.0,116.83198947648592,14308.219178082192,0,1,0,0,0,0
8672,18.6081,25575.11632504443,-659.6383232550305,5.0,2.43,3.0,-12274.615882961934,12274.615882961934,3138.0483456800653,15.0,116.83198947648592,14308.219178082192,0,1,0,0,0,0
8673,18.2339,25821.952985606462,-659.6383232550305,5.0,2.43,3.0,-12027.7792223999,12027.7792223999,3138.0483456800653,15.0,116.83198947648592,14308.219178082192,0,1,0,0,0,0
8674,18.6937,25518.651284573796,-659.6383232550305,5.0,2.43,3.0,-12331.080923432564,12331.080923432564,3138.0483456800653,15.0,116.83198947648592,14308.219178082192,0,1,0,0,0,0
8675,17.9675,25997.6806349216,-659.6383232550305,5.0,2.43,3.0,-11852.051573084762,11852.051573084762,3138.0483456800653,15.0,116.83198947648592,14308.219178082192,0,1,0,0,0,0
8676,17.4236,26356.45791894001,-659.6383232550305,5.0,2.43,3.0,-11493.27428906635,11493.27428906635,3138.0483456800653,15.0,116.83198947648592,14308.219178082192,0,1,0,0,0,0
8677,15.4599,27651.789694315914,-659.6383232550305,5.0,2.43,3.0,-10197.942513690447,10197.942513690447,3138.0483456800653,15.0,116.83198947648592,14308.219178082192,0,1,0,0,0,0
8678,16.2503,27130.41156361514,-659.6383232550305,5.0,2.43,3.0,-10719.320644391222,10719.320644391222,3138.0483456800653,15.0,116.83198947648592,14308.219178082192,0,1,0,0,0,0
8679,16.3462,27067.152248414983,-659.6383232550305,5.0,2.43,3.0,-10782.57995959138,10782.57995959138,3138.0483456800653,15.0,116.83198947648592,14308.219178082192,0,1,0,0,0,0
8680,17.6907,26180.268522798593,-659.6383232550305,5.0,2.43,3.0,-11669.463685207767,11669.463685207767,3138.0483456800653,15.0,116.83198947648592,14308.219178082192,0,1,0,0,0,0
8681,29.9868,18069.289736222414,-659.6383232550305,5.0,2.43,3.0,-19780.442471783947,19780.442471783947,3138.0483456800653,15.0,116.83198947648592,14308.219178082192,0,1,0,0,0,0
8682,17.7838,26118.85619490355,-659.6383232550305,5.0,2.43,3.0,-11730.876013102812,11730.876013102812,3138.0483456800653,15.0,116.83198947648592,14308.219178082192,0,1,0,0,0,0
8683,17.7662,26130.465829392837,-659.6383232550305,5.0,2.43,3.0,-11719.266378613524,11719.266378613524,3138.0483456800653,15.0,116.83198947648592,14308.219178082192,0,1,0,0,0,0
8684,17.7612,26133.764021009112,-659.6383232550305,5.0,2.43,3.0,-11715.968186997246,11715.968186997246,3138.0483456800653,15.0,116.83198947648592,14308.219178082192,0,1,0,0,0,0
8685,17.4653,26328.951000860274,-659.6383232550305,5.0,2.43,3.0,-11520.781207146083,11520.781207146083,3138.0483456800653,15.0,116.83198947648592,14308.219178082192,0,1,0,0,0,0
8686,16.9094,26695.643944757747,-659.6383232550305,5.0,2.43,3.0,-11154.088263248614,11154.088263248614,3138.0483456800653,15.0,116.83198947648592,14308.219178082192,0,1,0,0,0,0
8687,14.7543,28117.23049520466,-659.6383232550305,5.0,2.43,3.0,-9732.501712801697,9732.501712801697,3138.0483456800653,15.0,116.83198947648592,14308.219178082192,0,1,0,0,0,0
8688,14.8675,28042.559437012194,-659.6383232550305,5.0,2.43,3.0,-9807.172770994166,9807.172770994166,3138.0483456800653,15.0,116.83198947648592,14308.219178082192,0,1,0,0,0,0
8689,13.6908,28818.75585198639,-659.6383232550305,5.0,2.43,3.0,-9030.976356019972,9030.976356019972,3138.0483456800653,15.0,116.83198947648592,14308.219178082192,0,1,0,0,0,0
8690,13.5761,28894.41636766374,-659.6383232550305,5.0,2.43,3.0,-8955.31584034262,8955.31584034262,3138.0483456800653,15.0,116.83198947648592,14308.219178082192,0,1,0,0,0,0
8691,13.4354,28987.22747974572,-659.6383232550305,5.0,2.43,3.0,-8862.504728260637,8862.504728260637,3138.0483456800653,15.0,116.83198947648592,14308.219178082192,0,1,0,0,0,0
8692,13.3497,29043.75848404868,-659.6383232550305,5.0,2.43,3.0,-8805.97372395768,8805.97372395768,3138.0483456800653,15.0,116.83198947648592,14308.219178082192,0,1,0,0,0,0
8693,13.6388,28853.05704479565,-659.6383232550305,5.0,2.43,3.0,-8996.67516321071,8996.67516321071,3138.0483456800653,15.0,116.83198947648592,14308.219178082192,0,1,0,0,0,0
8694,13.4702,28964.272066096448,-659.6383232550305,5.0,2.43,3.0,-8885.460141909913,8885.460141909913,3138.0483456800653,15.0,116.83198947648592,14308.219178082192,0,1,0,0,0,0
8695,13.4713,28963.546463940867,-659.6383232550305,5.0,2.43,3.0,-8886.185744065493,8886.185744065493,3138.0483456800653,15.0,116.83198947648592,14308.219178082192,0,1,0,0,0,0
8696,13.569,28899.09979975885,-659.6383232550305,5.0,2.43,3.0,-8950.63240824751,8950.63240824751,3138.0483456800653,15.0,116.83198947648592,14308.219178082192,0,1,0,0,0,0
8697,14.5467,28254.17141111241,-659.6383232550305,5.0,2.43,3.0,-9595.560796893951,9595.560796893951,3138.0483456800653,15.0,116.83198947648592,14308.219178082192,0,1,0,0,0,0
8698,16.4849,26975.66041297951,-659.6383232550305,5.0,2.43,3.0,-10874.071795026852,10874.071795026852,3138.0483456800653,15.0,116.83198947648592,14308.219178082192,0,1,0,0,0,0
8699,18.4168,25701.305136283117,-659.6383232550305,5.0,2.43,3.0,-12148.427071723245,12148.427071723245,3138.0483456800653,15.0,116.83198947648592,14308.219178082192,0,1,0,0,0,0
8700,17.476,26321.892870801446,-659.6383232550305,5.0,2.43,3.0,-11527.839337204912,11527.839337204912,3138.0483456800653,15.0,116.83198947648592,14308.219178082192,0,1,0,0,0,0
8701,18.974,25333.754662565414,-659.6383232550305,5.0,2.43,3.0,-12515.977545440948,12515.977545440948,3138.0483456800653,15.0,116.83198947648592,14308.219178082192,0,1,0,0,0,0
8702,18.0141,25966.941489057914,-659.6383232550305,5.0,2.43,3.0,-11882.790718948445,11882.790718948445,3138.0483456800653,15.0,116.83198947648592,14308.219178082192,0,1,0,0,0,0
8703,18.4981,25647.67654060248,-659.6383232550305,5.0,2.43,3.0,-12202.05566740388,12202.05566740388,3138.0483456800653,15.0,116.83198947648592,14308.219178082192,0,1,0,0,0,0
8704,20.3553,24422.596246653236,-659.6383232550305,5.0,2.43,3.0,-13427.135961353122,13427.135961353122,3138.0483456800653,15.0,116.83198947648592,14308.219178082192,0,1,0,0,0,0
8705,19.2139,25175.50742881653,-659.6383232550305,5.0,2.43,3.0,-12674.22477918983,12674.22477918983,3138.0483456800653,15.0,116.83198947648592,14308.219178082192,0,1,0,0,0,0
8706,19.3325,25097.274323678485,-659.6383232550305,5.0,2.43,3.0,-12752.457884327878,12752.457884327878,3138.0483456800653,15.0,116.83198947648592,14308.219178082192,0,1,0,0,0,0
8707,18.2624,25803.15329339369,-659.6383232550305,5.0,2.43,3.0,-12046.578914612668,12046.578914612668,3138.0483456800653,15.0,116.83198947648592,14308.219178082192,0,1,0,0,0,0
8708,18.032,25955.13396307165,-659.6383232550305,5.0,2.43,3.0,-11894.59824493471,11894.59824493471,3138.0483456800653,15.0,116.83198947648592,14308.219178082192,0,1,0,0,0,0
8709,18.0679,25931.452947266793,-659.6383232550305,5.0,2.43,3.0,-11918.279260739568,11918.279260739568,3138.0483456800653,15.0,116.83198947648592,14308.219178082192,0,1,0,0,0,0
8710,17.6765,26189.63538698881,-659.6383232550305,5.0,2.43,3.0,-11660.096821017547,11660.096821017547,3138.0483456800653,15.0,116.83198947648592,14308.219178082192,0,1,0,0,0,0
8711,15.4999,27625.40416138571,-659.6383232550305,5.0,2.43,3.0,-10224.328046620647,10224.328046620647,3138.0483456800653,15.0,116.83198947648592,14308.219178082192,0,1,0,0,0,0
8712,13.0465,29243.760823659606,-659.6383232550305,5.0,2.43,3.0,-8605.971384346756,8605.971384346756,3138.0483456800653,15.0,116.83198947648592,14308.219178082192,0,1,0,0,0,0
8713,12.9166,29329.447841850433,-659.6383232550305,5.0,2.43,3.0,-8520.284366155927,8520.284366155927,3138.0483456800653,15.0,116.83198947648592,14308.219178082192,0,1,0,0,0,0
8714,12.6368,29514.014644697192,-659.6383232550305,5.0,2.43,3.0,-8335.717563309168,8335.717563309168,3138.0483456800653,15.0,116.83198947648592,14308.219178082192,0,1,0,0,0,0
8715,12.3709,29689.412474850702,-659.6383232550305,5.0,2.43,3.0,-8160.319733155658,8160.319733155658,3138.0483456800653,15.0,116.83198947648592,14308.219178082192,0,1,0,0,0,0
8716,12.3035,29733.872097838095,-659.6383232550305,5.0,2.43,3.0,-8115.860110168268,8115.860110168268,3138.0483456800653,15.0,116.83198947648592,14308.219178082192,0,1,0,0,0,0
8717,12.0984,29869.1639179377,-659.6383232550305,5.0,2.43,3.0,-7980.568290068661,7980.568290068661,3138.0483456800653,15.0,116.83198947648592,14308.219178082192,0,1,0,0,0,0
8718,12.6633,29496.534229130935,-659.6383232550305,5.0,2.43,3.0,-8353.197978875427,8353.197978875427,3138.0483456800653,15.0,116.83198947648592,14308.219178082192,0,1,0,0,0,0
8719,13.7477,28781.22243139318,-659.6383232550305,5.0,2.43,3.0,-9068.509776613182,9068.509776613182,3138.0483456800653,15.0,116.83198947648592,14308.219178082192,0,1,0,0,0,0
8720,15.6527,27524.611425592346,-659.6383232550305,5.0,2.43,3.0,-10325.120782414017,10325.120782414017,3138.0483456800653,15.0,116.83198947648592,14308.219178082192,0,1,0,0,0,0
8721,18.2659,25800.8445592623,-659.6383232550305,5.0,2.43,3.0,-12048.887648744061,12048.887648744061,3138.0483456800653,15.0,116.83198947648592,14308.219178082192,0,1,0,0,0,0
8722,18.7605,25474.587444580364,-659.6383232550305,5.0,2.43,3.0,-12375.144763426,12375.144763426,3138.0483456800653,15.0,116.83198947648592,14308.219178082192,0,1,0,0,0,0
8723,18.7469,25483.55852577663,-659.6383232550305,5.0,2.43,3.0,-12366.173682229732,12366.173682229732,3138.0483456800653,15.0,116.83198947648592,14308.219178082192,0,1,0,0,0,0
8724,18.9378,25357.633569867245,-659.6383232550305,5.0,2.43,3.0,-12492.098638139116,12492.098638139116,3138.0483456800653,15.0,116.83198947648592,14308.219178082192,0,1,0,0,0,0
8725,21.0805,23944.226534628688,-659.6383232550305,5.0,2.43,3.0,-13905.505673377671,13905.505673377671,3138.0483456800653,15.0,116.83198947648592,14308.219178082192,0,1,0,0,0,0
8726,22.0676,23293.09754574365,-659.6383232550305,5.0,2.43,3.0,-14556.63466226271,14556.63466226271,3138.0483456800653,15.0,116.83198947648592,14308.219178082192,0,1,0,0,0,0
8727,17.3164,26427.171147192952,-659.6383232550305,5.0,2.43,3.0,-11422.561060813412,11422.561060813412,3138.0483456800653,15.0,116.83198947648592,14308.219178082192,0,1,0,0,0,0
8728,18.6238,25564.760003369323,-659.6383232550305,5.0,2.43,3.0,-12284.972204637037,12284.972204637037,3138.0483456800653,15.0,116.83198947648592,14308.219178082192,0,1,0,0,0,0
8729,21.3242,23783.47267525144,-659.6383232550305,5.0,2.43,3.0,-14066.259532754922,14066.259532754922,3138.0483456800653,15.0,116.83198947648592,14308.219178082192,0,1,0,0,0,0
8730,20.7015,24194.22945914235,-659.6383232550305,5.0,2.43,3.0,-13655.502748864013,13655.502748864013,3138.0483456800653,15.0,116.83198947648592,14308.219178082192,0,1,0,0,0,0
8731,18.9306,25362.38296579468,-659.6383232550305,5.0,2.43,3.0,-12487.34924221168,12487.34924221168,3138.0483456800653,15.0,116.83198947648592,14308.219178082192,0,1,0,0,0,0
8732,18.7062,25510.40580553311,-659.6383232550305,5.0,2.43,3.0,-12339.32640247325,12339.32640247325,3138.0483456800653,15.0,116.83198947648592,14308.219178082192,0,1,0,0,0,0
8733,18.622,25565.947352351184,-659.6383232550305,5.0,2.43,3.0,-12283.784855655178,12283.784855655178,3138.0483456800653,15.0,116.83198947648592,14308.219178082192,0,1,0,0,0,0
8734,17.6944,26177.827861002545,-659.6383232550305,5.0,2.43,3.0,-11671.904347003812,11671.904347003812,3138.0483456800653,15.0,116.83198947648592,14308.219178082192,0,1,0,0,0,0
8735,17.5704,26259.623013086173,-659.6383232550305,5.0,2.43,3.0,-11590.109194920187,11590.109194920187,3138.0483456800653,15.0,116.83198947648592,14308.219178082192,0,1,0,0,0,0
8736,17.514,26296.826614517755,-659.6383232550305,5.0,2.43,3.0,-11552.905593488604,11552.905593488604,3138.0483456800653,15.0,116.83198947648592,14308.219178082192,0,1,0,0,0,0
8737,16.9811,26648.347876980362,-659.6383232550305,5.0,2.43,3.0,-11201.384331026,11201.384331026,3138.0483456800653,15.0,116.83198947648592,14308.219178082192,0,1,0,0,0,0
8738,16.3709,27050.859181830583,-659.6383232550305,5.0,2.43,3.0,-10798.87302617578,10798.87302617578,3138.0483456800653,15.0,116.83198947648592,14308.219178082192,0,1,0,0,0,0
8739,17.2221,26489.3750410759,-659.6383232550305,5.0,2.43,3.0,-11360.357166930462,11360.357166930462,3138.0483456800653,15.0,116.83198947648592,14308.219178082192,0,1,0,0,0,0
8740,15.8128,27419.003330039217,-659.6383232550305,5.0,2.43,3.0,-10430.728877967145,10430.728877967145,3138.0483456800653,15.0,116.83198947648592,14308.219178082192,0,1,0,0,0,0
8741,16.9387,26676.316541886372,-659.6383232550305,5.0,2.43,3.0,-11173.415666119985,11173.415666119985,3138.0483456800653,15.0,116.83198947648592,14308.219178082192,0,1,0,0,0,0
8742,18.0608,25936.136379361902,-659.6383232550305,5.0,2.43,3.0,-11913.595828644455,11913.595828644455,3138.0483456800653,15.0,116.83198947648592,14308.219178082192,0,1,0,0,0,0
8743,19.1181,25238.700780184365,-659.6383232550305,5.0,2.43,3.0,-12611.031427821998,12611.031427821998,3138.0483456800653,15.0,116.83198947648592,14308.219178082192,0,1,0,0,0,0
8744,18.4156,25702.096702271017,-659.6383232550305,5.0,2.43,3.0,-12147.635505735341,12147.635505735341,3138.0483456800653,15.0,116.83198947648592,14308.219178082192,0,1,0,0,0,0
8745,19.942,24695.224765654544,-659.6383232550305,5.0,2.43,3.0,-13154.507442351818,13154.507442351818,3138.0483456800653,15.0,116.83198947648592,14308.219178082192,0,1,0,0,0,0
8746,28.7008,18917.58461992838,-659.6383232550305,5.0,2.43,3.0,-18932.14758807798,18932.14758807798,3138.0483456800653,15.0,116.83198947648592,14308.219178082192,0,1,0,0,0,0
8747,20.4049,24389.87818581979,-659.6383232550305,5.0,2.43,3.0,-13459.854022186573,13459.854022186573,3138.0483456800653,15.0,116.83198947648592,14308.219178082192,0,1,0,0,0,0
8748,19.4434,25024.1204336295,-659.6383232550305,5.0,2.43,3.0,-12825.611774376861,12825.611774376861,3138.0483456800653,15.0,116.83198947648592,14308.219178082192,0,1,0,0,0,0
8749,17.9332,26020.30622940925,-659.6383232550305,5.0,2.43,3.0,-11829.425978597113,11829.425978597113,3138.0483456800653,15.0,116.83198947648592,14308.219178082192,0,1,0,0,0,0
8750,18.0877,25918.392108466345,-659.6383232550305,5.0,2.43,3.0,-11931.340099540017,11931.340099540017,3138.0483456800653,15.0,116.83198947648592,14308.219178082192,0,1,0,0,0,0
8751,17.9911,25982.113170492783,-659.6383232550305,5.0,2.43,3.0,-11867.61903751358,11867.61903751358,3138.0483456800653,15.0,116.83198947648592,14308.219178082192,0,1,0,0,0,0
8752,18.8998,25382.699826150936,-659.6383232550305,5.0,2.43,3.0,-12467.032381855424,12467.032381855424,3138.0483456800653,15.0,116.83198947648592,14308.219178082192,0,1,0,0,0,0
8753,24.1508,21918.93899073877,-659.6383232550305,5.0,2.43,3.0,-15930.793217267592,15930.793217267592,3138.0483456800653,15.0,116.83198947648592,14308.219178082192,0,1,0,0,0,0
8754,29.2922,18527.474515555357,-659.6383232550305,5.0,2.43,3.0,-19322.257692451007,19322.257692451007,3138.0483456800653,15.0,116.83198947648592,14308.219178082192,0,1,0,0,0,0
8755,18.3102,25771.622581542106,-659.6383232550305,5.0,2.43,3.0,-12078.109626464258,12078.109626464258,3138.0483456800653,15.0,116.83198947648592,14308.219178082192,0,1,0,0,0,0
8756,18.5154,25636.26479761017,-659.6383232550305,5.0,2.43,3.0,-12213.467410396192,12213.467410396192,3138.0483456800653,15.0,116.83198947648592,14308.219178082192,0,1,0,0,0,0
8757,18.208,25839.037618178765,-659.6383232550305,5.0,2.43,3.0,-12010.694589827595,12010.694589827595,3138.0483456800653,15.0,116.83198947648592,14308.219178082192,0,1,0,0,0,0
8758,17.7662,26130.465829392837,-659.6383232550305,5.0,2.43,3.0,-11719.266378613524,11719.266378613524,3138.0483456800653,15.0,116.83198947648592,14308.219178082192,0,1,0,0,0,0
8759,16.893,26706.46201325913,-659.6383232550305,5.0,2.43,3.0,-11143.27019474723,11143.27019474723,3138.0483456800653,15.0,116.83198947648592,14308.219178082192,0,1,0,0,0,0
